Name: Dickite Al_2Si_2O_5(OH)_4
Type: Mineral
Class: Silicate
Subclass: Phyllosilicate
Particle Size: Fine
Sample No.: PS-3A
Owner: JPL
Wavelength Range: VSWIR
Origin: Mexico, San Juanito
Collection Date: N/A
Description: Particle size was 0-45um.Collected by Ward's Original ASTER Spectral Library name was jpl.beckman.mineral.silicate.phyllosilicate.fine.ps03a.spectrum.txt
Measurement: Hemispherical reflectance
First Column: X
Second Column: Y
X Units: Wavelength (micrometers)
Y Units:Reflectance (percent)
First X Value:  0.4000
Last X Value:  2.5000
Number of X Values: 826
Additional Information: mineral.silicate.phyllosilicate.fine.vswir.ps-3a.jpl.beckman.ancillary.txt

 0.4000	60.5500
 0.4010	60.8900
 0.4020	60.8900
 0.4030	61.0900
 0.4040	61.1700
 0.4050	61.2700
 0.4060	61.5300
 0.4070	61.5100
 0.4080	61.6900
 0.4090	61.7200
 0.4100	61.8000
 0.4110	62.0200
 0.4120	62.0600
 0.4130	62.1400
 0.4140	62.1600
 0.4150	62.3200
 0.4160	62.6100
 0.4170	62.6300
 0.4180	62.7500
 0.4190	62.7500
 0.4200	62.8700
 0.4210	63.1400
 0.4220	63.0700
 0.4230	63.2400
 0.4240	63.1800
 0.4250	63.5000
 0.4260	63.6800
 0.4270	63.6800
 0.4280	63.8800
 0.4290	63.8500
 0.4300	64.0700
 0.4310	64.2200
 0.4320	64.3200
 0.4330	64.5700
 0.4340	64.6100
 0.4350	64.7300
 0.4360	64.8300
 0.4370	64.8900
 0.4380	65.3100
 0.4390	65.2900
 0.4400	65.3700
 0.4410	65.5000
 0.4420	65.4900
 0.4430	65.7900
 0.4440	65.8900
 0.4450	65.9800
 0.4460	65.9800
 0.4470	66.0000
 0.4480	66.2000
 0.4490	66.2300
 0.4500	66.4300
 0.4510	66.3800
 0.4520	66.4000
 0.4530	66.6800
 0.4540	66.6300
 0.4550	66.6200
 0.4560	66.6900
 0.4570	66.8800
 0.4580	67.0900
 0.4590	67.0800
 0.4600	67.1100
 0.4610	67.2800
 0.4620	67.3100
 0.4630	67.2800
 0.4640	67.4100
 0.4650	67.3600
 0.4660	67.4700
 0.4670	67.6000
 0.4680	67.6500
 0.4690	67.7400
 0.4700	67.7400
 0.4710	67.8400
 0.4720	68.0000
 0.4730	67.9900
 0.4740	68.0400
 0.4750	68.1900
 0.4760	68.2600
 0.4770	68.3000
 0.4780	68.4100
 0.4790	68.4500
 0.4800	68.4300
 0.4810	68.6100
 0.4820	68.7000
 0.4830	68.7200
 0.4840	68.7200
 0.4850	68.8000
 0.4860	68.9800
 0.4870	69.0700
 0.4880	69.0900
 0.4890	69.1900
 0.4900	69.1900
 0.4910	69.3700
 0.4920	69.4900
 0.4930	69.4200
 0.4940	69.5800
 0.4950	69.6900
 0.4960	69.8300
 0.4970	70.0400
 0.4980	70.0800
 0.4990	70.2300
 0.5000	70.2000
 0.5010	70.3900
 0.5020	70.6300
 0.5030	70.5700
 0.5040	70.7600
 0.5050	70.7600
 0.5060	70.9300
 0.5070	71.1500
 0.5080	71.2000
 0.5090	71.3600
 0.5100	71.3600
 0.5110	71.5800
 0.5120	71.7700
 0.5130	71.8100
 0.5140	71.9600
 0.5150	72.0100
 0.5160	72.1700
 0.5170	72.3700
 0.5180	72.3800
 0.5190	72.5600
 0.5200	72.6700
 0.5210	72.8000
 0.5220	73.0000
 0.5230	73.0200
 0.5240	73.2900
 0.5250	73.3100
 0.5260	73.3900
 0.5270	73.6200
 0.5280	73.5600
 0.5290	73.8100
 0.5300	73.8600
 0.5310	74.0100
 0.5320	74.2400
 0.5330	74.2800
 0.5340	74.4800
 0.5350	74.4900
 0.5360	74.7100
 0.5370	75.0000
 0.5380	75.0000
 0.5390	75.1800
 0.5400	75.2000
 0.5410	75.4400
 0.5420	75.5600
 0.5430	75.6100
 0.5440	75.8000
 0.5450	75.8900
 0.5460	76.0600
 0.5470	76.1600
 0.5480	76.2100
 0.5490	76.3900
 0.5500	76.5400
 0.5510	76.7300
 0.5520	76.7400
 0.5530	76.7400
 0.5540	77.0100
 0.5550	77.0000
 0.5560	77.2800
 0.5570	77.3100
 0.5580	77.3400
 0.5590	77.3100
 0.5600	77.4900
 0.5610	78.1300
 0.5620	78.1100
 0.5630	78.3000
 0.5640	78.3700
 0.5650	78.5500
 0.5660	78.6800
 0.5670	78.6500
 0.5680	78.7800
 0.5690	78.7000
 0.5700	78.9400
 0.5710	78.8800
 0.5720	78.8900
 0.5730	79.0900
 0.5740	79.0600
 0.5750	79.1200
 0.5760	79.2200
 0.5770	79.3100
 0.5780	79.5400
 0.5790	79.6000
 0.5800	79.6700
 0.5810	79.5800
 0.5820	79.5300
 0.5830	79.7600
 0.5840	79.8500
 0.5850	80.0600
 0.5860	80.0000
 0.5870	80.0000
 0.5880	80.2200
 0.5890	80.2100
 0.5900	80.3100
 0.5910	80.4100
 0.5920	80.3800
 0.5930	80.5900
 0.5940	80.6400
 0.5950	80.6800
 0.5960	80.7300
 0.5970	80.7100
 0.5980	80.8400
 0.5990	80.8100
 0.6000	80.9800
 0.6010	81.0600
 0.6020	81.0600
 0.6030	81.2500
 0.6040	81.2000
 0.6050	81.3600
 0.6060	81.2800
 0.6070	81.3600
 0.6080	81.5100
 0.6090	81.5500
 0.6100	81.7200
 0.6110	81.6800
 0.6120	81.7400
 0.6130	81.9200
 0.6140	81.6800
 0.6150	81.8400
 0.6160	81.7700
 0.6170	81.9400
 0.6180	82.0700
 0.6190	81.9200
 0.6200	82.0200
 0.6210	81.9900
 0.6220	82.1300
 0.6230	82.2000
 0.6240	82.1500
 0.6250	82.2000
 0.6260	82.2500
 0.6270	82.3400
 0.6280	82.4500
 0.6290	82.3600
 0.6300	82.4300
 0.6310	82.3900
 0.6320	82.5900
 0.6330	82.5900
 0.6340	82.5900
 0.6350	82.7100
 0.6360	82.6600
 0.6370	82.8300
 0.6380	82.8000
 0.6390	82.6700
 0.6400	82.8900
 0.6410	82.8000
 0.6420	82.9300
 0.6430	82.9600
 0.6440	82.8900
 0.6450	83.0600
 0.6460	82.9900
 0.6470	83.1700
 0.6480	83.1200
 0.6490	83.1700
 0.6500	83.2300
 0.6510	83.3200
 0.6520	83.3700
 0.6530	83.3700
 0.6540	83.4400
 0.6550	83.6300
 0.6560	83.5300
 0.6570	83.6700
 0.6580	83.6200
 0.6590	83.7100
 0.6600	83.9000
 0.6610	83.7500
 0.6620	83.9000
 0.6630	83.8500
 0.6640	84.0100
 0.6650	84.0500
 0.6660	84.0000
 0.6670	84.1200
 0.6680	84.0900
 0.6690	84.2100
 0.6700	84.3700
 0.6710	84.2500
 0.6720	84.4900
 0.6730	84.3200
 0.6740	84.4400
 0.6750	84.5500
 0.6760	84.4800
 0.6770	84.5800
 0.6780	84.4600
 0.6790	84.6900
 0.6800	84.7600
 0.6810	84.6200
 0.6820	84.8300
 0.6830	84.8400
 0.6840	84.9600
 0.6850	85.0200
 0.6860	84.9700
 0.6870	85.1400
 0.6880	85.1400
 0.6890	85.2900
 0.6900	85.2800
 0.6910	85.3200
 0.6920	85.5200
 0.6930	85.4700
 0.6940	85.4700
 0.6950	85.5300
 0.6960	85.6200
 0.6970	85.8000
 0.6980	85.7400
 0.6990	85.7000
 0.7000	85.6400
 0.7010	85.6400
 0.7020	85.8200
 0.7030	85.8100
 0.7040	85.7700
 0.7050	85.9400
 0.7060	85.8900
 0.7070	86.0600
 0.7080	86.0500
 0.7090	85.9800
 0.7100	86.1600
 0.7110	86.1700
 0.7120	86.3500
 0.7130	86.3000
 0.7140	86.3900
 0.7150	86.5100
 0.7160	86.4700
 0.7170	86.5300
 0.7180	86.5800
 0.7190	86.5100
 0.7200	86.6200
 0.7210	86.6200
 0.7220	86.6900
 0.7230	86.6400
 0.7240	86.7600
 0.7250	86.8100
 0.7260	86.8700
 0.7270	86.8300
 0.7280	86.7600
 0.7290	86.9700
 0.7300	87.1300
 0.7310	87.0200
 0.7320	87.0300
 0.7330	86.9400
 0.7340	87.0400
 0.7350	87.2000
 0.7360	87.1500
 0.7370	87.1500
 0.7380	87.0900
 0.7390	87.0900
 0.7400	87.2000
 0.7410	87.0300
 0.7420	87.1100
 0.7430	87.0600
 0.7440	87.1600
 0.7450	87.2700
 0.7460	87.1600
 0.7470	87.2800
 0.7480	87.2200
 0.7490	87.3200
 0.7500	87.2600
 0.7510	87.2700
 0.7520	87.3900
 0.7530	87.2800
 0.7540	87.3800
 0.7550	87.3300
 0.7560	87.2200
 0.7570	87.3900
 0.7580	87.2700
 0.7590	87.3700
 0.7600	87.2700
 0.7610	87.2800
 0.7620	87.4000
 0.7630	87.3900
 0.7640	87.4500
 0.7650	87.2800
 0.7660	87.3400
 0.7670	87.3300
 0.7680	87.3800
 0.7690	87.3400
 0.7700	87.2300
 0.7710	87.2800
 0.7720	87.5000
 0.7730	87.3400
 0.7740	87.4000
 0.7750	87.2200
 0.7760	87.3900
 0.7770	87.4900
 0.7780	87.3300
 0.7790	87.3400
 0.7800	87.1800
 0.7810	87.2800
 0.7820	87.2800
 0.7830	87.1800
 0.7840	87.2900
 0.7850	87.2200
 0.7860	87.2700
 0.7870	87.3400
 0.7880	87.1300
 0.7890	87.2400
 0.7900	87.1800
 0.7910	87.3500
 0.7920	87.3500
 0.7930	87.1800
 0.7940	87.2200
 0.7950	87.2100
 0.7960	87.3300
 0.7970	87.2700
 0.7980	87.2700
 0.7990	87.1800
 0.8000	87.2200
 0.8040	87.1500
 0.8080	87.0600
 0.8120	87.1400
 0.8160	87.1400
 0.8200	87.0800
 0.8240	87.0400
 0.8280	87.1400
 0.8320	87.0600
 0.8360	86.9900
 0.8400	87.0000
 0.8440	87.0000
 0.8480	87.0100
 0.8520	87.0400
 0.8560	87.0500
 0.8600	87.1000
 0.8640	87.0500
 0.8680	87.0900
 0.8720	87.0300
 0.8760	87.1100
 0.8800	87.0200
 0.8840	86.9200
 0.8880	86.9800
 0.8920	87.0900
 0.8960	86.9700
 0.9000	86.9800
 0.9040	87.0200
 0.9080	87.0300
 0.9120	87.0200
 0.9160	87.0300
 0.9200	87.2500
 0.9240	87.1500
 0.9280	87.2600
 0.9320	87.1500
 0.9360	87.0800
 0.9400	87.0100
 0.9440	87.0800
 0.9480	87.3700
 0.9520	87.5000
 0.9560	87.3900
 0.9600	86.9000
 0.9640	86.9600
 0.9680	87.6300
 0.9720	88.1000
 0.9760	88.3500
 0.9800	88.6500
 0.9840	88.8300
 0.9880	89.0000
 0.9920	89.0600
 0.9960	89.1500
 1.0000	89.2700
 1.0040	89.4800
 1.0080	89.6000
 1.0120	89.7700
 1.0160	89.7700
 1.0200	89.8900
 1.0240	89.9600
 1.0280	89.9700
 1.0320	90.0800
 1.0360	90.2100
 1.0400	90.3100
 1.0440	90.3600
 1.0480	90.3000
 1.0520	90.3600
 1.0560	90.5500
 1.0600	90.7300
 1.0640	90.6800
 1.0680	90.7300
 1.0720	90.8600
 1.0760	90.9900
 1.0800	91.1200
 1.0840	91.1900
 1.0880	91.2000
 1.0920	91.2600
 1.0960	91.3200
 1.1000	91.3200
 1.1040	91.3300
 1.1080	91.4400
 1.1120	91.4500
 1.1160	91.6200
 1.1200	91.6200
 1.1240	91.7400
 1.1280	91.8500
 1.1320	91.8900
 1.1360	91.8400
 1.1400	91.9400
 1.1440	91.9900
 1.1480	92.0500
 1.1520	92.1700
 1.1560	92.0500
 1.1600	92.1000
 1.1640	92.1500
 1.1680	92.1400
 1.1720	92.1400
 1.1760	92.1300
 1.1800	92.1100
 1.1840	92.1500
 1.1880	92.0300
 1.1920	92.0300
 1.1960	91.9600
 1.2000	92.0100
 1.2040	91.9500
 1.2080	91.7700
 1.2120	91.6000
 1.2160	91.5300
 1.2200	91.3600
 1.2240	91.1900
 1.2280	90.9000
 1.2320	90.7200
 1.2360	90.4900
 1.2400	90.2600
 1.2440	90.3300
 1.2480	90.5200
 1.2520	90.7000
 1.2560	90.9300
 1.2600	90.9800
 1.2640	90.9700
 1.2680	90.7300
 1.2720	90.5000
 1.2760	90.2500
 1.2800	89.8800
 1.2840	89.4600
 1.2880	89.0700
 1.2920	88.4300
 1.2960	87.6800
 1.3000	86.8100
 1.3040	86.5300
 1.3080	86.7600
 1.3120	86.7700
 1.3160	86.5800
 1.3200	86.4400
 1.3240	86.3700
 1.3280	86.3100
 1.3320	86.1500
 1.3360	85.8500
 1.3400	85.4900
 1.3440	84.7200
 1.3480	83.8900
 1.3520	82.3900
 1.3560	81.0700
 1.3600	80.5100
 1.3640	79.6300
 1.3680	77.1000
 1.3720	72.7900
 1.3760	68.1300
 1.3800	66.6000
 1.3840	70.2700
 1.3880	74.8700
 1.3920	77.6600
 1.3960	78.4400
 1.4000	76.4400
 1.4040	69.3300
 1.4080	60.8500
 1.4120	60.8800
 1.4160	67.8500
 1.4200	76.4000
 1.4240	82.5100
 1.4280	85.7900
 1.4320	87.6400
 1.4360	88.4500
 1.4400	88.9200
 1.4440	89.5200
 1.4480	90.0000
 1.4520	90.4600
 1.4560	90.7000
 1.4600	90.8800
 1.4640	91.1000
 1.4680	91.1500
 1.4720	91.3800
 1.4760	91.4400
 1.4800	91.5000
 1.4840	91.4900
 1.4880	91.5500
 1.4920	91.5000
 1.4960	91.5000
 1.5000	91.5600
 1.5040	91.5500
 1.5080	91.5600
 1.5120	91.6200
 1.5160	91.6700
 1.5200	91.7300
 1.5240	91.7900
 1.5280	91.8400
 1.5320	91.7900
 1.5360	91.7300
 1.5400	91.8400
 1.5440	91.7900
 1.5480	91.7900
 1.5520	91.7400
 1.5560	91.6900
 1.5600	91.7900
 1.5640	91.7400
 1.5680	91.6800
 1.5720	91.7400
 1.5760	91.6700
 1.5800	91.7400
 1.5840	91.7400
 1.5880	91.6700
 1.5920	91.6800
 1.5960	91.7400
 1.6000	91.7900
 1.6040	91.7200
 1.6080	91.7100
 1.6120	91.7100
 1.6160	91.6400
 1.6200	91.5700
 1.6240	91.5100
 1.6280	91.5100
 1.6320	91.5100
 1.6360	91.4400
 1.6400	91.3800
 1.6440	91.3700
 1.6480	91.2500
 1.6520	91.2400
 1.6560	91.2800
 1.6600	91.2800
 1.6640	91.2700
 1.6680	91.2000
 1.6720	91.0400
 1.6760	91.0900
 1.6800	91.1300
 1.6840	90.9400
 1.6880	90.9300
 1.6920	90.8800
 1.6960	90.7000
 1.7000	90.6900
 1.7040	90.5800
 1.7080	90.4700
 1.7120	90.3600
 1.7160	90.1200
 1.7200	90.0100
 1.7240	89.8800
 1.7280	89.7000
 1.7320	89.4800
 1.7360	89.4200
 1.7400	89.2100
 1.7440	89.2100
 1.7480	89.1000
 1.7520	89.0400
 1.7560	88.9100
 1.7600	88.7200
 1.7640	88.6200
 1.7680	88.2100
 1.7720	88.0000
 1.7760	87.6000
 1.7800	87.3100
 1.7840	86.9700
 1.7880	86.6800
 1.7920	86.4600
 1.7960	86.3300
 1.8000	86.3800
 1.8040	86.3600
 1.8080	86.3500
 1.8120	86.2800
 1.8160	86.2300
 1.8200	86.1400
 1.8240	86.1800
 1.8280	86.1500
 1.8320	86.4000
 1.8360	86.6400
 1.8400	87.0000
 1.8440	87.4100
 1.8480	87.7600
 1.8520	87.9800
 1.8560	88.0500
 1.8600	88.0500
 1.8640	87.9600
 1.8680	87.8900
 1.8720	87.8200
 1.8760	87.6200
 1.8800	87.4300
 1.8840	87.3200
 1.8880	87.1300
 1.8920	86.9100
 1.8960	86.6300
 1.9000	86.3600
 1.9040	86.2100
 1.9080	85.9000
 1.9120	85.7000
 1.9160	85.5600
 1.9200	85.3900
 1.9240	85.3600
 1.9280	85.1800
 1.9320	85.0000
 1.9360	84.8700
 1.9400	84.7800
 1.9440	84.6700
 1.9480	84.5800
 1.9520	84.6100
 1.9560	84.6600
 1.9600	84.6200
 1.9640	84.6800
 1.9680	84.6200
 1.9720	84.7400
 1.9760	84.6100
 1.9800	84.6100
 1.9840	84.5900
 1.9880	84.4600
 1.9920	84.4300
 1.9960	84.4600
 2.0000	84.4900
 2.0040	84.3000
 2.0080	84.2600
 2.0120	84.0300
 2.0160	83.9000
 2.0200	83.6700
 2.0240	83.4800
 2.0280	83.3000
 2.0320	83.0900
 2.0360	82.7200
 2.0400	82.3300
 2.0440	81.9500
 2.0480	81.5400
 2.0520	81.1100
 2.0560	80.7600
 2.0600	80.4200
 2.0640	80.1100
 2.0680	79.7500
 2.0720	79.2900
 2.0760	78.8400
 2.0800	78.3800
 2.0840	77.9500
 2.0880	77.5500
 2.0920	76.9600
 2.0960	76.5300
 2.1000	75.9500
 2.1040	75.4600
 2.1080	75.1400
 2.1120	74.7400
 2.1160	74.4300
 2.1200	73.9900
 2.1240	73.0600
 2.1280	71.9000
 2.1320	70.4000
 2.1360	68.8200
 2.1400	67.1200
 2.1440	65.4500
 2.1480	63.6000
 2.1520	61.6900
 2.1560	59.6300
 2.1600	57.3400
 2.1640	55.0900
 2.1680	53.2200
 2.1720	52.0000
 2.1760	51.7400
 2.1800	52.1200
 2.1840	52.6200
 2.1880	52.6600
 2.1920	52.5100
 2.1960	52.0800
 2.2000	52.0900
 2.2040	53.2500
 2.2080	55.5000
 2.2120	58.4400
 2.2160	61.6500
 2.2200	64.7500
 2.2240	66.9500
 2.2280	68.4500
 2.2320	69.2500
 2.2360	69.3400
 2.2400	69.1500
 2.2440	68.6800
 2.2480	68.2900
 2.2520	67.9000
 2.2560	67.6900
 2.2600	67.4300
 2.2640	67.3300
 2.2680	67.0000
 2.2720	66.4800
 2.2760	65.9100
 2.2800	65.0600
 2.2840	64.2700
 2.2880	63.2900
 2.2920	62.3400
 2.2960	61.6200
 2.3000	60.9900
 2.3040	60.7400
 2.3080	60.2200
 2.3120	60.1400
 2.3160	60.1400
 2.3200	60.0300
 2.3240	59.8100
 2.3280	59.4600
 2.3320	58.9800
 2.3360	58.2500
 2.3400	57.5600
 2.3440	56.8700
 2.3480	56.4600
 2.3520	56.0500
 2.3560	55.6800
 2.3600	55.2000
 2.3640	54.6400
 2.3680	53.8300
 2.3720	53.1500
 2.3760	52.6000
 2.3800	52.4200
 2.3840	52.3800
 2.3880	52.7300
 2.3920	53.2100
 2.3960	53.7900
 2.4000	54.2500
 2.4040	54.6700
 2.4080	54.8000
 2.4120	54.8500
 2.4160	54.6700
 2.4200	54.3000
 2.4240	53.9200
 2.4280	53.4400
 2.4320	53.0400
 2.4360	52.5400
 2.4400	52.2500
 2.4440	52.0300
 2.4480	51.7600
 2.4520	51.4400
 2.4560	51.2300
 2.4600	50.8100
 2.4640	50.4300
 2.4680	50.1200
 2.4720	49.7200
 2.4760	49.1800
 2.4800	48.8100
 2.4840	48.3500
 2.4880	47.9600
 2.4920	47.5800
 2.4960	47.1600
 2.5000	46.7400
