Name: Rhodonite (Mn+2,Fe+2,Mg,Ca)SiO3
Type: Mineral
Class: Silicate
Subclass: Inosilicate
Particle Size: Fine
Sample No.: rhodon_1
Owner: JHU
Wavelength Range: TIR
Origin: Franklin, New Jersey via the Smithsonian (sample no. NMNHC6148)
Collection Date: N/A
Description:  The hand sample was composed of two fragments, each about 2 cm x 2 cm x 1 cm. Pink rhodonite crystals were removed from host rock by sawing to free pure rhodonite. Under the petrographic microscope, many of the grains show a small degree of unidentified alteration, likely accounting for the strong hydroxyl bands near 2.7 micrometers. Particle size was Less than 2 Micrometers. (chain silicates); (Pyroxenoid Group) Original ASTER Spectral Library name was jhu.nicolet.mineral.silicate.inosilicate.powder.rhodon1.spectrum.txt
Measurement: Transmission
First Column: X
Second Column: Y
X Units: Wavelength (micrometers)
Y Units:Transmittance (percent)
First X Value: 25.0442
Last X Value:  2.0795
Number of X Values: 2287
Additional Information: mineral.silicate.inosilicate.fine.tir.rhodon_1.jhu.nicolet.ancillary.txt

25.0442	84.6638
24.9238	83.2654
24.8045	81.9920
24.6864	81.1951
24.5694	79.3904
24.4536	77.0037
24.3388	74.7381
24.2250	73.6248
24.1124	73.8904
24.0007	74.6443
23.8901	75.3162
23.7805	75.7029
23.6719	75.5154
23.5643	74.2225
23.4577	72.0467
23.3520	69.5662
23.2473	66.8123
23.1435	64.2909
23.0407	61.8436
22.9387	59.2596
22.8377	56.4061
22.7375	53.0077
22.6382	49.5389
22.5398	45.9960
22.4422	43.1405
22.3455	41.0018
22.2496	39.4237
22.1545	38.3144
22.0602	37.7538
21.9668	37.6425
21.8741	38.1210
21.7822	39.1874
21.6910	41.0331
21.6007	43.5097
21.5110	46.4374
21.4221	49.7206
21.3340	53.0116
21.2465	56.3924
21.1598	59.5428
21.0738	62.4256
20.9885	64.5741
20.9038	65.6951
20.8199	65.5467
20.7366	64.3475
20.6540	62.1248
20.5720	59.4081
20.4907	56.9862
20.4100	55.3592
20.3300	54.5311
20.2506	54.6014
20.1718	55.0702
20.0936	55.3924
20.0160	55.4295
19.9391	55.3924
19.8627	55.3553
19.7869	55.5487
19.7116	56.2030
19.6370	56.9706
19.5628	57.1913
19.4893	57.2616
19.4163	57.1756
19.3439	57.5819
19.2719	59.3006
19.2006	62.3055
19.1297	65.8475
19.0594	69.2459
18.9896	71.9461
18.9203	73.4149
18.8515	73.7264
18.7832	73.2127
18.7153	72.2068
18.6480	71.9295
18.5812	73.3924
18.5148	75.8055
18.4489	78.1219
18.3835	80.0945
18.3185	81.4236
18.2541	81.8514
18.1900	81.4920
18.1264	80.2273
18.0633	78.0437
18.0005	75.3211
17.9382	72.9979
17.8764	71.5818
17.8150	71.7313
17.7539	73.1375
17.6934	74.7547
17.6332	75.7303
17.5734	75.9461
17.5140	75.1561
17.4551	73.3289
17.3965	71.0945
17.3383	69.6912
17.2805	69.7440
17.2231	71.7088
17.1661	75.0252
17.1094	78.6248
17.0531	81.7849
16.9972	84.2869
16.9417	86.0720
16.8865	87.3728
16.8317	88.3728
16.7772	89.2752
16.7231	89.8523
16.6693	90.3142
16.6159	90.7156
16.5628	90.8923
16.5100	91.1541
16.4576	91.2400
16.4055	91.4539
16.3538	91.6130
16.3024	91.7849
16.2513	91.9587
16.2005	92.0886
16.1500	92.0164
16.0998	92.1384
16.0500	92.0115
16.0005	91.6677
15.9513	91.4685
15.9023	91.2273
15.8537	90.8982
15.8054	90.6023
15.7573	90.0974
15.7096	89.5369
15.6621	88.7869
15.6149	88.0584
15.5680	87.6609
15.5214	87.6990
15.4751	87.8445
15.4290	87.9607
15.3832	87.7703
15.3377	87.1668
15.2925	86.1140
15.2475	84.5535
15.2028	82.5926
15.1583	80.2117
15.1141	77.5076
15.0702	75.2889
15.0265	74.2127
14.9831	74.7352
14.9399	76.7518
14.8970	79.6473
14.8543	82.6092
14.8119	85.1326
14.7697	87.1150
14.7277	88.5476
14.6860	89.2732
14.6445	89.4929
14.6033	89.3357
14.5622	88.8650
14.5214	88.2429
14.4809	87.7693
14.4405	87.6785
14.4004	87.9890
14.3605	88.4666
14.3209	88.7664
14.2814	88.7468
14.2422	88.5613
14.2032	88.6238
14.1643	88.7986
14.1258	88.8621
14.0874	88.5857
14.0492	87.8025
14.0112	86.4500
13.9734	84.4285
13.9359	82.1892
13.8985	80.6756
13.8614	80.4851
13.8244	81.8260
13.7876	83.9978
13.7511	86.2464
13.7147	88.2737
13.6785	89.8499
13.6425	90.8948
13.6067	91.5798
13.5711	92.0935
13.5356	92.4924
13.5004	92.6917
13.4653	92.8577
13.4304	92.9158
13.3957	92.7307
13.3612	92.6292
13.3269	92.4744
13.2927	92.3845
13.2587	92.3401
13.2249	92.2439
13.1912	92.0452
13.1577	91.8577
13.1244	91.7380
13.0913	91.6365
13.0583	91.4846
13.0255	91.2522
12.9929	91.1389
12.9604	90.7927
12.9281	90.2913
12.8959	90.0647
12.8639	89.9866
12.8321	89.7307
12.8004	89.3264
12.7688	89.0623
12.7375	89.0042
12.7063	88.7810
12.6752	88.5393
12.6443	88.3674
12.6135	88.1287
12.5829	87.7693
12.5524	87.3943
12.5221	86.9822
12.4919	86.5784
12.4619	86.1800
12.4320	85.8523
12.4023	85.5027
12.3727	85.0843
12.3432	84.5554
12.3139	84.0276
12.2847	83.4846
12.2557	82.8128
12.2268	82.3089
12.1980	81.8240
12.1694	81.2830
12.1409	80.5389
12.1125	79.8328
12.0843	79.1111
12.0562	78.2913
12.0282	77.5257
12.0004	76.5706
11.9726	75.6561
11.9450	74.6238
11.9176	73.5428
11.8903	72.5164
11.8631	71.3904
11.8360	70.1248
11.8090	68.7645
11.7822	67.4320
11.7555	65.9471
11.7289	64.3421
11.7024	62.5238
11.6760	60.5370
11.6498	58.4178
11.6237	56.1268
11.5977	53.7860
11.5718	51.4335
11.5460	49.2640
11.5203	47.4554
11.4948	45.9481
11.4694	44.8129
11.4440	44.0653
11.4188	43.7089
11.3937	43.5585
11.3688	43.3344
11.3439	42.6918
11.3191	41.3969
11.2944	39.6488
11.2699	37.6210
11.2455	35.4765
11.2211	33.4403
11.1969	31.7392
11.1727	30.5263
11.1487	30.0551
11.1248	30.3539
11.1010	31.2001
11.0773	32.4457
11.0536	33.7382
11.0301	34.7890
11.0067	35.3671
10.9834	35.6210
10.9602	35.6098
10.9370	35.4984
10.9140	35.6151
10.8911	36.0336
10.8682	36.8168
10.8455	38.0102
10.8229	39.4789
10.8003	41.0380
10.7779	42.5297
10.7555	43.5238
10.7332	43.8280
10.7111	43.3739
10.6890	42.1933
10.6670	40.6742
10.6451	38.5985
10.6233	36.2782
10.6015	34.4633
10.5799	33.3476
10.5584	33.0902
10.5369	33.5155
10.5155	34.3134
10.4942	35.1996
10.4730	36.0517
10.4519	36.9550
10.4309	38.0746
10.4099	39.6347
10.3891	41.7206
10.3683	44.3095
10.3476	47.1727
10.3270	50.0394
10.3065	52.6405
10.2860	54.8622
10.2656	56.5492
10.2454	57.6800
10.2251	58.1932
10.2050	58.0941
10.1850	57.4417
10.1650	56.3495
10.1451	55.0282
10.1253	53.6869
10.1056	52.2186
10.0859	50.5624
10.0663	48.9637
10.0468	47.6825
10.0274	46.9843
10.0080	46.9554
 9.9887	47.5136
 9.9695	48.2743
 9.9504	48.8143
 9.9313	48.7718
 9.9123	48.0707
 9.8934	46.8778
 9.8746	45.4105
 9.8558	43.9008
 9.8371	42.5277
 9.8185	41.3226
 9.7999	40.3622
 9.7814	39.6742
 9.7630	39.2763
 9.7447	39.1210
 9.7264	39.2186
 9.7082	39.5180
 9.6900	39.9516
 9.6719	40.5448
 9.6539	41.2548
 9.6360	42.1098
 9.6181	42.9672
 9.6003	43.6058
 9.5825	43.7894
 9.5649	43.3095
 9.5472	42.1229
 9.5297	40.3578
 9.5122	38.3690
 9.4948	36.5395
 9.4774	35.1191
 9.4601	34.2841
 9.4429	33.9672
 9.4257	33.9931
 9.4086	34.1884
 9.3916	34.4198
 9.3746	34.6679
 9.3577	34.8935
 9.3408	35.0907
 9.3240	35.3183
 9.3073	35.5277
 9.2906	35.7460
 9.2740	36.0219
 9.2574	36.2973
 9.2409	36.6181
 9.2245	37.0321
 9.2081	37.5312
 9.1918	38.1488
 9.1755	38.8227
 9.1593	39.4862
 9.1431	40.0082
 9.1270	40.5165
 9.1110	41.1474
 9.0950	42.0770
 9.0791	43.4374
 9.0632	45.2675
 9.0474	47.4418
 9.0316	49.7953
 9.0159	52.1698
 9.0003	54.4437
 8.9847	56.4398
 8.9691	58.2840
 8.9536	60.0370
 8.9382	61.5877
 8.9228	63.0667
 8.9075	64.5472
 8.8922	65.9256
 8.8770	67.2484
 8.8618	68.5916
 8.8467	69.8675
 8.8316	70.9197
 8.8166	71.8690
 8.8016	72.8680
 8.7867	73.7269
 8.7718	74.4686
 8.7570	75.2356
 8.7422	75.9656
 8.7275	76.6180
 8.7129	77.3211
 8.6982	77.9578
 8.6837	78.4842
 8.6692	78.9373
 8.6547	79.4637
 8.6403	79.9402
 8.6259	80.3260
 8.6116	80.7635
 8.5973	81.2683
 8.5830	81.7513
 8.5688	82.1438
 8.5547	82.5603
 8.5406	82.9207
 8.5266	83.2288
 8.5126	83.5794
 8.4986	83.9446
 8.4847	84.2737
 8.4708	84.6136
 8.4570	84.9793
 8.4432	85.2747
 8.4295	85.5945
 8.4158	86.0154
 8.4022	86.3914
 8.3886	86.7168
 8.3750	87.1404
 8.3615	87.5098
 8.3481	87.8230
 8.3347	88.1494
 8.3213	88.5012
 8.3079	88.7986
 8.2946	89.0916
 8.2814	89.4151
 8.2682	89.7283
 8.2550	90.0300
 8.2419	90.3191
 8.2288	90.6350
 8.2158	90.8777
 8.2028	91.1130
 8.1898	91.3740
 8.1769	91.6143
 8.1640	91.8113
 8.1512	92.0173
 8.1384	92.2109
 8.1256	92.3396
 8.1129	92.4705
 8.1002	92.6433
 8.0876	92.8115
 8.0750	92.9492
 8.0624	93.0811
 8.0499	93.2012
 8.0374	93.2976
 8.0250	93.3516
 8.0126	93.4541
 8.0002	93.5759
 7.9879	93.6719
 7.9756	93.7439
 7.9634	93.8220
 7.9512	93.8879
 7.9390	93.9441
 7.9268	93.9656
 7.9147	94.0195
 7.9027	94.0544
 7.8906	94.0300
 7.8786	94.0271
 7.8667	94.0564
 7.8548	94.1035
 7.8429	94.1511
 7.8310	94.2158
 7.8192	94.3298
 7.8075	94.4795
 7.7957	94.6133
 7.7840	94.6648
 7.7723	94.7498
 7.7607	94.8750
 7.7491	94.9758
 7.7375	95.0696
 7.7260	95.1589
 7.7145	95.2666
 7.7031	95.3523
 7.6916	95.4717
 7.6802	95.5449
 7.6689	95.6130
 7.6575	95.7000
 7.6462	95.7971
 7.6350	95.8691
 7.6238	95.9255
 7.6126	95.9922
 7.6014	96.0227
 7.5903	96.0840
 7.5792	96.1436
 7.5681	96.2139
 7.5571	96.2998
 7.5461	96.3806
 7.5351	96.4287
 7.5242	96.4980
 7.5133	96.5564
 7.5024	96.6523
 7.4916	96.7082
 7.4807	96.7722
 7.4700	96.8611
 7.4592	96.9412
 7.4485	96.9626
 7.4378	97.0107
 7.4272	97.0886
 7.4165	97.1697
 7.4059	97.2117
 7.3954	97.2656
 7.3848	97.3542
 7.3743	97.4163
 7.3639	97.4968
 7.3534	97.5752
 7.3430	97.6387
 7.3326	97.6853
 7.3223	97.7324
 7.3119	97.7861
 7.3016	97.8650
 7.2914	97.9385
 7.2811	98.0183
 7.2709	98.0515
 7.2607	98.0779
 7.2506	98.1396
 7.2404	98.2031
 7.2303	98.2624
 7.2203	98.2996
 7.2102	98.2820
 7.2002	98.2244
 7.1902	98.2158
 7.1803	98.2595
 7.1703	98.2805
 7.1604	98.2976
 7.1506	98.3523
 7.1407	98.3826
 7.1309	98.3611
 7.1211	98.4392
 7.1113	98.5127
 7.1016	98.5300
 7.0919	98.5476
 7.0822	98.6091
 7.0725	98.6338
 7.0629	98.6160
 7.0533	98.6912
 7.0437	98.7148
 7.0341	98.7175
 7.0246	98.7617
 7.0151	98.7839
 7.0056	98.7519
 6.9962	98.7617
 6.9867	98.8367
 6.9773	98.8076
 6.9679	98.8201
 6.9586	98.8830
 6.9493	98.8789
 6.9400	98.8672
 6.9307	98.8757
 6.9214	98.9470
 6.9122	98.9773
 6.9030	98.9914
 6.8938	99.0408
 6.8847	99.0735
 6.8755	99.1047
 6.8664	99.2051
 6.8573	99.2961
 6.8483	99.2822
 6.8393	99.3074
 6.8302	99.3708
 6.8213	99.4021
 6.8123	99.3642
 6.8034	99.4004
 6.7944	99.4678
 6.7855	99.4805
 6.7767	99.5076
 6.7678	99.5261
 6.7590	99.5242
 6.7502	99.5535
 6.7414	99.5476
 6.7327	99.5332
 6.7239	99.5364
 6.7152	99.5412
 6.7065	99.5583
 6.6979	99.5976
 6.6892	99.6355
 6.6806	99.6826
 6.6720	99.6829
 6.6634	99.6728
 6.6549	99.6670
 6.6464	99.6745
 6.6378	99.6885
 6.6294	99.6875
 6.6209	99.6506
 6.6124	99.6814
 6.6040	99.7432
 6.5956	99.7595
 6.5872	99.7764
 6.5789	99.7930
 6.5705	99.8193
 6.5622	99.7754
 6.5539	99.7414
 6.5456	99.7529
 6.5374	99.7292
 6.5292	99.6912
 6.5209	99.7322
 6.5128	99.7070
 6.5046	99.6560
 6.4964	99.7410
 6.4883	99.7305
 6.4802	99.6589
 6.4721	99.6514
 6.4640	99.6406
 6.4560	99.6045
 6.4480	99.6247
 6.4399	99.6267
 6.4320	99.6328
 6.4240	99.6081
 6.4160	99.6269
 6.4081	99.5964
 6.4002	99.4744
 6.3923	99.4228
 6.3844	99.4363
 6.3766	99.4277
 6.3687	99.4062
 6.3609	99.3389
 6.3531	99.3008
 6.3454	99.2988
 6.3376	99.2295
 6.3299	99.1555
 6.3221	99.1526
 6.3144	99.1619
 6.3068	99.1902
 6.2991	99.1767
 6.2914	99.1514
 6.2838	99.1406
 6.2762	99.1084
 6.2686	99.0818
 6.2611	99.0574
 6.2535	99.0276
 6.2460	98.9968
 6.2385	98.9578
 6.2310	98.9280
 6.2235	98.9131
 6.2160	98.8933
 6.2086	98.8447
 6.2011	98.7383
 6.1937	98.6435
 6.1863	98.5818
 6.1790	98.5303
 6.1716	98.4480
 6.1643	98.4636
 6.1570	98.5273
 6.1496	98.5788
 6.1424	98.5696
 6.1351	98.5115
 6.1278	98.4685
 6.1206	98.5730
 6.1134	98.7676
 6.1062	98.8601
 6.0990	98.8701
 6.0918	98.9043
 6.0847	98.9580
 6.0776	99.0290
 6.0704	99.0349
 6.0633	99.0098
 6.0563	99.0500
 6.0492	99.1648
 6.0421	99.1650
 6.0351	99.1523
 6.0281	99.2256
 6.0211	99.1804
 6.0141	99.0635
 6.0071	98.9502
 6.0002	98.8769
 5.9932	98.8733
 5.9863	98.9070
 5.9794	98.9336
 5.9725	99.0420
 5.9657	99.1589
 5.9588	99.2119
 5.9520	99.2842
 5.9451	99.3662
 5.9383	99.5019
 5.9315	99.5554
 5.9247	99.5622
 5.9180	99.6047
 5.9112	99.6279
 5.9045	99.6472
 5.8978	99.7744
 5.8911	99.8025
 5.8844	99.8259
 5.8777	99.9023
 5.8711	99.8669
 5.8644	99.8913
 5.8578	99.9128
 5.8512	99.9499
 5.8446	99.9285
 5.8380	99.9363
 5.8314	100.005
 5.8249	100.058
 5.8184	100.048
 5.8118	99.9856
 5.8053	99.9836
 5.7988	99.9870
 5.7924	99.9658
 5.7859	99.9607
 5.7794	99.9783
 5.7730	100.000
 5.7666	100.076
 5.7602	100.055
 5.7538	100.031
 5.7474	100.058
 5.7410	100.098
 5.7347	100.078
 5.7283	100.068
 5.7220	100.098
 5.7157	100.123
 5.7094	100.112
 5.7031	100.101
 5.6969	100.114
 5.6906	100.127
 5.6844	100.123
 5.6782	100.127
 5.6719	100.131
 5.6657	100.115
 5.6596	100.116
 5.6534	100.129
 5.6472	100.120
 5.6411	100.162
 5.6349	100.147
 5.6288	100.118
 5.6227	100.129
 5.6166	100.141
 5.6106	100.149
 5.6045	100.129
 5.5984	100.113
 5.5924	100.091
 5.5864	100.097
 5.5804	100.118
 5.5744	100.121
 5.5684	100.118
 5.5624	100.152
 5.5564	100.175
 5.5505	100.184
 5.5445	100.204
 5.5386	100.208
 5.5327	100.201
 5.5268	100.188
 5.5209	100.198
 5.5151	100.211
 5.5092	100.212
 5.5033	100.225
 5.4975	100.217
 5.4917	100.211
 5.4859	100.221
 5.4801	100.219
 5.4743	100.212
 5.4685	100.236
 5.4628	100.276
 5.4570	100.254
 5.4513	100.235
 5.4455	100.231
 5.4398	100.228
 5.4341	100.198
 5.4284	100.176
 5.4228	100.188
 5.4171	100.178
 5.4114	100.155
 5.4058	100.110
 5.4002	100.109
 5.3945	100.129
 5.3889	100.104
 5.3833	100.051
 5.3778	100.028
 5.3722	100.023
 5.3666	100.012
 5.3611	99.9822
 5.3555	100.002
 5.3500	100.002
 5.3445	99.9912
 5.3390	99.9746
 5.3335	99.9863
 5.3280	99.9704
 5.3225	99.9529
 5.3171	99.9316
 5.3116	99.8769
 5.3062	99.8887
 5.3008	99.8965
 5.2954	99.8801
 5.2900	99.8740
 5.2846	99.8703
 5.2792	99.8513
 5.2738	99.8223
 5.2684	99.8183
 5.2631	99.8308
 5.2578	99.8376
 5.2524	99.8223
 5.2471	99.8083
 5.2418	99.7783
 5.2365	99.7810
 5.2312	99.7859
 5.2260	99.7764
 5.2207	99.7549
 5.2154	99.7497
 5.2102	99.7449
 5.2050	99.7263
 5.1998	99.7380
 5.1945	99.7556
 5.1893	99.7451
 5.1842	99.7517
 5.1790	99.7422
 5.1738	99.7253
 5.1686	99.7117
 5.1635	99.7266
 5.1584	99.7341
 5.1532	99.7370
 5.1481	99.7488
 5.1430	99.7353
 5.1379	99.7344
 5.1328	99.7285
 5.1277	99.7041
 5.1227	99.6863
 5.1176	99.6912
 5.1126	99.7060
 5.1075	99.7080
 5.1025	99.7041
 5.0975	99.6745
 5.0925	99.6785
 5.0875	99.6775
 5.0825	99.7019
 5.0775	99.6931
 5.0726	99.6865
 5.0676	99.6875
 5.0627	99.6836
 5.0577	99.6780
 5.0528	99.6941
 5.0479	99.6980
 5.0430	99.6745
 5.0380	99.6579
 5.0332	99.6511
 5.0283	99.6526
 5.0234	99.6282
 5.0185	99.6550
 5.0137	99.6599
 5.0088	99.6345
 5.0040	99.6125
 4.9992	99.6321
 4.9944	99.6345
 4.9896	99.6164
 4.9848	99.6394
 4.9800	99.6765
 4.9752	99.6833
 4.9704	99.6799
 4.9657	99.6609
 4.9609	99.6511
 4.9562	99.6545
 4.9514	99.6794
 4.9467	99.6780
 4.9420	99.6555
 4.9373	99.6453
 4.9326	99.6306
 4.9279	99.6008
 4.9232	99.5823
 4.9186	99.6096
 4.9139	99.6228
 4.9092	99.6360
 4.9046	99.6687
 4.9000	99.6453
 4.8953	99.6306
 4.8907	99.6379
 4.8861	99.6169
 4.8815	99.5950
 4.8769	99.5803
 4.8723	99.5803
 4.8678	99.5554
 4.8632	99.5525
 4.8586	99.5510
 4.8541	99.5315
 4.8495	99.5417
 4.8450	99.5471
 4.8405	99.5588
 4.8360	99.5188
 4.8315	99.5295
 4.8270	99.5290
 4.8225	99.5256
 4.8180	99.5017
 4.8135	99.5120
 4.8090	99.5120
 4.8046	99.4719
 4.8001	99.4626
 4.7957	99.4914
 4.7913	99.4900
 4.7868	99.4807
 4.7824	99.4812
 4.7780	99.4529
 4.7736	99.4553
 4.7692	99.4436
 4.7648	99.4275
 4.7605	99.4319
 4.7561	99.4348
 4.7517	99.4402
 4.7474	99.4470
 4.7431	99.4704
 4.7387	99.4787
 4.7344	99.4319
 4.7301	99.3933
 4.7258	99.3611
 4.7215	99.3523
 4.7172	99.3621
 4.7129	99.3674
 4.7086	99.3494
 4.7043	99.3513
 4.7000	99.3655
 4.6958	99.3494
 4.6915	99.3425
 4.6873	99.3254
 4.6831	99.3386
 4.6788	99.3254
 4.6746	99.2883
 4.6704	99.2429
 4.6662	99.2327
 4.6620	99.2405
 4.6578	99.2346
 4.6536	99.2585
 4.6495	99.2688
 4.6453	99.2366
 4.6411	99.2366
 4.6370	99.2244
 4.6328	99.1902
 4.6287	99.2087
 4.6246	99.2253
 4.6205	99.2248
 4.6163	99.2204
 4.6122	99.1921
 4.6081	99.1531
 4.6040	99.1623
 4.6000	99.1663
 4.5959	99.1477
 4.5918	99.1062
 4.5877	99.0959
 4.5837	99.0945
 4.5796	99.0681
 4.5756	99.0691
 4.5716	99.0745
 4.5675	99.0735
 4.5635	99.0452
 4.5595	99.0408
 4.5555	99.0251
 4.5515	99.0041
 4.5475	98.9983
 4.5435	99.0124
 4.5395	98.9841
 4.5356	98.9670
 4.5316	98.9651
 4.5276	98.9573
 4.5237	98.9436
 4.5197	98.9451
 4.5158	98.9187
 4.5119	98.8689
 4.5080	98.8611
 4.5040	98.8689
 4.5001	98.8308
 4.4962	98.8220
 4.4923	98.8152
 4.4884	98.8245
 4.4846	98.8132
 4.4807	98.7537
 4.4768	98.7073
 4.4730	98.7048
 4.4691	98.6955
 4.4652	98.6809
 4.4614	98.6501
 4.4576	98.6428
 4.4537	98.6335
 4.4499	98.6057
 4.4461	98.5945
 4.4423	98.6223
 4.4385	98.6247
 4.4347	98.6081
 4.4309	98.6345
 4.4271	98.6316
 4.4233	98.6267
 4.4196	98.6086
 4.4158	98.5662
 4.4120	98.5198
 4.4083	98.5471
 4.4045	98.5574
 4.4008	98.5486
 4.3971	98.5154
 4.3934	98.5061
 4.3896	98.5037
 4.3859	98.4734
 4.3822	98.4534
 4.3785	98.4519
 4.3748	98.4441
 4.3711	98.4431
 4.3674	98.4392
 4.3638	98.4514
 4.3601	98.4558
 4.3564	98.4172
 4.3528	98.3699
 4.3491	98.3484
 4.3455	98.3313
 4.3418	98.3396
 4.3382	98.3225
 4.3346	98.3020
 4.3310	98.2878
 4.3273	98.2717
 4.3237	98.2712
 4.3201	98.2815
 4.3165	98.2893
 4.3129	98.2639
 4.3094	98.2737
 4.3058	98.2556
 4.3022	98.2068
 4.2986	98.2410
 4.2951	98.2307
 4.2915	98.1594
 4.2880	98.1423
 4.2844	98.1677
 4.2809	98.1780
 4.2774	98.1726
 4.2738	98.1780
 4.2703	98.1628
 4.2668	98.1330
 4.2633	98.0964
 4.2598	98.1155
 4.2563	98.1247
 4.2528	98.0832
 4.2493	98.0701
 4.2458	98.0808
 4.2424	98.0662
 4.2389	98.0881
 4.2354	98.0798
 4.2320	98.0764
 4.2285	98.0413
 4.2251	98.0496
 4.2216	98.0359
 4.2182	97.9900
 4.2148	97.9841
 4.2113	97.9714
 4.2079	97.9431
 4.2045	97.9377
 4.2011	97.9343
 4.1977	97.9241
 4.1943	97.8948
 4.1909	97.9148
 4.1875	97.9050
 4.1841	97.8733
 4.1808	97.8367
 4.1774	97.8122
 4.1740	97.8230
 4.1707	97.8332
 4.1673	97.8303
 4.1640	97.8025
 4.1606	97.7712
 4.1573	97.7673
 4.1540	97.7400
 4.1506	97.6736
 4.1473	97.6941
 4.1440	97.7224
 4.1407	97.7068
 4.1374	97.6980
 4.1341	97.6794
 4.1308	97.6189
 4.1275	97.5979
 4.1242	97.5901
 4.1209	97.5681
 4.1177	97.5530
 4.1144	97.5671
 4.1111	97.5671
 4.1079	97.5554
 4.1046	97.5437
 4.1014	97.5466
 4.0981	97.5388
 4.0949	97.5022
 4.0917	97.4910
 4.0884	97.4861
 4.0852	97.4744
 4.0820	97.4802
 4.0788	97.4587
 4.0756	97.4412
 4.0724	97.4084
 4.0692	97.3943
 4.0660	97.4089
 4.0628	97.4402
 4.0596	97.4382
 4.0565	97.4573
 4.0533	97.4363
 4.0501	97.3992
 4.0470	97.3796
 4.0438	97.3689
 4.0406	97.2991
 4.0375	97.3088
 4.0344	97.3850
 4.0312	97.3699
 4.0281	97.3362
 4.0250	97.2947
 4.0218	97.2654
 4.0187	97.2756
 4.0156	97.2839
 4.0125	97.2224
 4.0094	97.2136
 4.0063	97.2117
 4.0032	97.2048
 4.0001	97.1824
 3.9970	97.1428
 3.9940	97.1062
 3.9909	97.0803
 3.9878	97.0984
 3.9847	97.1062
 3.9817	97.0525
 3.9786	97.0447
 3.9756	97.0198
 3.9725	97.0120
 3.9695	96.9885
 3.9665	96.9685
 3.9634	96.9475
 3.9604	96.9246
 3.9574	96.9470
 3.9544	96.9480
 3.9513	96.9280
 3.9483	96.8640
 3.9453	96.8914
 3.9423	96.8767
 3.9393	96.8552
 3.9363	96.8811
 3.9333	96.9045
 3.9304	96.8923
 3.9274	96.8699
 3.9244	96.8752
 3.9214	96.9123
 3.9185	96.9163
 3.9155	96.8884
 3.9126	96.8616
 3.9096	96.8367
 3.9067	96.8093
 3.9037	96.7761
 3.9008	96.7776
 3.8979	96.7776
 3.8949	96.7556
 3.8920	96.7410
 3.8891	96.7288
 3.8862	96.6897
 3.8833	96.6838
 3.8804	96.6467
 3.8775	96.5964
 3.8746	96.5818
 3.8717	96.5691
 3.8688	96.5740
 3.8659	96.5603
 3.8630	96.5710
 3.8601	96.5764
 3.8573	96.6135
 3.8544	96.6394
 3.8515	96.6472
 3.8487	96.6467
 3.8458	96.6077
 3.8430	96.5749
 3.8401	96.5535
 3.8373	96.5471
 3.8344	96.5085
 3.8316	96.5139
 3.8288	96.5203
 3.8259	96.4861
 3.8231	96.4534
 3.8203	96.4490
 3.8175	96.4084
 3.8147	96.3542
 3.8119	96.3948
 3.8091	96.4070
 3.8063	96.4045
 3.8035	96.4187
 3.8007	96.3987
 3.7979	96.3523
 3.7951	96.3030
 3.7924	96.2908
 3.7896	96.2659
 3.7868	96.2585
 3.7841	96.2888
 3.7813	96.2737
 3.7785	96.2385
 3.7758	96.2253
 3.7730	96.2327
 3.7703	96.2244
 3.7676	96.2273
 3.7648	96.1980
 3.7621	96.1707
 3.7594	96.1501
 3.7566	96.1272
 3.7539	96.1252
 3.7512	96.1150
 3.7485	96.1189
 3.7458	96.1208
 3.7431	96.1169
 3.7404	96.0979
 3.7377	96.0359
 3.7350	95.9729
 3.7323	95.9177
 3.7296	95.9280
 3.7269	95.9202
 3.7242	95.9158
 3.7216	95.9177
 3.7189	95.9006
 3.7162	95.9104
 3.7136	95.8669
 3.7109	95.8093
 3.7083	95.7966
 3.7056	95.7527
 3.7030	95.7361
 3.7003	95.7830
 3.6977	95.7991
 3.6950	95.7468
 3.6924	95.7390
 3.6898	95.7385
 3.6872	95.7087
 3.6845	95.7327
 3.6819	95.7263
 3.6793	95.7429
 3.6767	95.7253
 3.6741	95.6931
 3.6715	95.6350
 3.6689	95.6121
 3.6663	95.6213
 3.6637	95.6306
 3.6611	95.6306
 3.6585	95.6135
 3.6560	95.5842
 3.6534	95.5706
 3.6508	95.5486
 3.6482	95.5730
 3.6457	95.5896
 3.6431	95.5627
 3.6406	95.5271
 3.6380	95.5037
 3.6355	95.5056
 3.6329	95.4675
 3.6304	95.4138
 3.6278	95.4001
 3.6253	95.4358
 3.6227	95.4275
 3.6202	95.3787
 3.6177	95.3420
 3.6152	95.3225
 3.6127	95.3147
 3.6101	95.2678
 3.6076	95.2483
 3.6051	95.2463
 3.6026	95.2214
 3.6001	95.2268
 3.5976	95.2268
 3.5951	95.2068
 3.5926	95.2092
 3.5901	95.2107
 3.5876	95.1697
 3.5852	95.1331
 3.5827	95.1213
 3.5802	95.0745
 3.5777	95.0701
 3.5753	95.1287
 3.5728	95.1370
 3.5704	95.1316
 3.5679	95.0901
 3.5654	95.0686
 3.5630	95.0491
 3.5605	95.0183
 3.5581	94.9998
 3.5557	94.9534
 3.5532	94.9631
 3.5508	95.0076
 3.5484	95.0115
 3.5459	94.9949
 3.5435	94.9768
 3.5411	94.9470
 3.5387	94.9294
 3.5363	94.9104
 3.5338	94.9314
 3.5314	94.9319
 3.5290	94.9236
 3.5266	94.8943
 3.5242	94.9006
 3.5218	94.9221
 3.5195	94.9124
 3.5171	94.8557
 3.5147	94.7874
 3.5123	94.8689
 3.5099	94.9124
 3.5075	94.9045
 3.5052	94.9373
 3.5028	94.9514
 3.5004	94.9568
 3.4981	94.9626
 3.4957	94.9182
 3.4934	94.8552
 3.4910	94.8123
 3.4887	94.8616
 3.4863	94.7996
 3.4840	94.7507
 3.4816	94.7639
 3.4793	94.7205
 3.4770	94.6780
 3.4746	94.6506
 3.4723	94.6077
 3.4700	94.5681
 3.4677	94.5530
 3.4653	94.5823
 3.4630	94.5549
 3.4607	94.5491
 3.4584	94.5686
 3.4561	94.5593
 3.4538	94.5569
 3.4515	94.5623
 3.4492	94.6306
 3.4469	94.5837
 3.4446	94.5701
 3.4423	94.5789
 3.4400	94.5452
 3.4378	94.5896
 3.4355	94.6091
 3.4332	94.6433
 3.4309	94.6677
 3.4287	94.6838
 3.4264	94.7209
 3.4241	94.7170
 3.4219	94.7561
 3.4196	94.7419
 3.4174	94.7131
 3.4151	94.6643
 3.4129	94.6267
 3.4106	94.5354
 3.4084	94.4514
 3.4061	94.3557
 3.4039	94.2835
 3.4017	94.2693
 3.3994	94.2419
 3.3972	94.2092
 3.3950	94.2053
 3.3928	94.1897
 3.3906	94.1350
 3.3883	94.0535
 3.3861	94.0413
 3.3839	94.0154
 3.3817	93.9646
 3.3795	93.9241
 3.3773	93.9182
 3.3751	93.9080
 3.3729	93.9021
 3.3707	93.8826
 3.3685	93.8303
 3.3663	93.7712
 3.3641	93.7405
 3.3620	93.6794
 3.3598	93.6209
 3.3576	93.5818
 3.3554	93.5857
 3.3533	93.5564
 3.3511	93.5369
 3.3489	93.5291
 3.3468	93.5134
 3.3446	93.5046
 3.3425	93.4885
 3.3403	93.5173
 3.3382	93.5252
 3.3360	93.5134
 3.3339	93.4924
 3.3317	93.4685
 3.3296	93.4158
 3.3274	93.3713
 3.3253	93.2732
 3.3232	93.2073
 3.3210	93.2268
 3.3189	93.2068
 3.3168	93.1736
 3.3147	93.1663
 3.3126	93.2380
 3.3104	93.2205
 3.3083	93.2034
 3.3062	93.1819
 3.3041	93.1326
 3.3020	93.1072
 3.2999	93.0916
 3.2978	93.0667
 3.2957	93.0061
 3.2936	93.0178
 3.2915	93.0081
 3.2894	92.9744
 3.2874	92.9451
 3.2853	92.8884
 3.2832	92.8928
 3.2811	92.9475
 3.2790	92.9319
 3.2770	92.9041
 3.2749	92.8767
 3.2728	92.8889
 3.2708	92.9241
 3.2687	92.8577
 3.2666	92.8064
 3.2646	92.8152
 3.2625	92.8298
 3.2605	92.7420
 3.2584	92.7078
 3.2564	92.6892
 3.2543	92.6609
 3.2523	92.6043
 3.2503	92.5740
 3.2482	92.5144
 3.2462	92.5300
 3.2442	92.5515
 3.2421	92.5418
 3.2401	92.5681
 3.2381	92.6091
 3.2361	92.6072
 3.2340	92.5242
 3.2320	92.4812
 3.2300	92.4558
 3.2280	92.3992
 3.2260	92.3113
 3.2240	92.2927
 3.2220	92.3318
 3.2200	92.3220
 3.2180	92.3416
 3.2160	92.3865
 3.2140	92.3494
 3.2120	92.3347
 3.2100	92.3318
 3.2080	92.2957
 3.2060	92.2771
 3.2040	92.2283
 3.2021	92.2078
 3.2001	92.2156
 3.1981	92.1550
 3.1961	92.1550
 3.1942	92.0974
 3.1922	92.1267
 3.1902	92.1101
 3.1883	92.0691
 3.1863	92.0779
 3.1844	92.0740
 3.1824	91.9900
 3.1805	91.9920
 3.1785	92.0193
 3.1766	92.0066
 3.1746	91.8816
 3.1727	91.8806
 3.1707	91.8748
 3.1688	91.8865
 3.1669	91.8836
 3.1649	91.9148
 3.1630	91.8591
 3.1611	91.7839
 3.1591	91.7703
 3.1572	91.6892
 3.1553	91.5857
 3.1534	91.5877
 3.1515	91.6013
 3.1495	91.5535
 3.1476	91.5193
 3.1457	91.5310
 3.1438	91.4548
 3.1419	91.4656
 3.1400	91.4441
 3.1381	91.4382
 3.1362	91.4353
 3.1343	91.4343
 3.1324	91.4324
 3.1305	91.4451
 3.1286	91.4607
 3.1268	91.4148
 3.1249	91.3875
 3.1230	91.3240
 3.1211	91.2732
 3.1192	91.2576
 3.1174	91.2615
 3.1155	91.2742
 3.1136	91.3259
 3.1117	91.2947
 3.1099	91.2927
 3.1080	91.3279
 3.1061	91.2537
 3.1043	91.2644
 3.1024	91.2595
 3.1006	91.2293
 3.0987	91.2429
 3.0969	91.2185
 3.0950	91.1882
 3.0932	91.1648
 3.0913	91.1541
 3.0895	91.1677
 3.0876	91.1814
 3.0858	91.1599
 3.0840	91.1336
 3.0821	91.1921
 3.0803	91.1658
 3.0785	91.1853
 3.0766	91.1951
 3.0748	91.1755
 3.0730	91.1619
 3.0712	91.1130
 3.0694	91.0613
 3.0675	90.9783
 3.0657	90.9636
 3.0639	90.9666
 3.0621	91.0076
 3.0603	91.0750
 3.0585	91.0437
 3.0567	91.0388
 3.0549	91.0593
 3.0531	91.0213
 3.0513	91.0115
 3.0495	91.0213
 3.0477	91.0359
 3.0459	91.0086
 3.0441	90.9314
 3.0423	90.9187
 3.0406	90.8904
 3.0388	90.8123
 3.0370	90.7713
 3.0352	90.7517
 3.0334	90.7312
 3.0317	90.7293
 3.0299	90.6892
 3.0281	90.6375
 3.0264	90.6658
 3.0246	90.6765
 3.0228	90.6052
 3.0211	90.5173
 3.0193	90.4314
 3.0176	90.4412
 3.0158	90.4099
 3.0140	90.3504
 3.0123	90.3533
 3.0105	90.2976
 3.0088	90.2693
 3.0070	90.2556
 3.0053	90.2673
 3.0036	90.2107
 3.0018	90.1756
 3.0001	90.1736
 2.9984	90.1023
 2.9966	90.1111
 2.9949	90.0974
 2.9932	90.1257
 2.9914	90.0701
 2.9897	90.0642
 2.9880	90.1033
 2.9863	90.1140
 2.9845	90.0789
 2.9828	90.0506
 2.9811	89.9568
 2.9794	89.9138
 2.9777	89.8220
 2.9760	89.7752
 2.9743	89.7498
 2.9726	89.6873
 2.9709	89.5838
 2.9692	89.4822
 2.9675	89.4343
 2.9658	89.3767
 2.9641	89.3006
 2.9624	89.2576
 2.9607	89.2302
 2.9590	89.1531
 2.9573	89.0672
 2.9556	89.0632
 2.9539	89.0320
 2.9523	88.9968
 2.9506	88.9509
 2.9489	88.9588
 2.9472	88.9226
 2.9455	88.9500
 2.9439	88.9109
 2.9422	88.8826
 2.9405	88.8757
 2.9389	88.8826
 2.9372	88.8640
 2.9355	88.8367
 2.9339	88.7752
 2.9322	88.7351
 2.9306	88.7117
 2.9289	88.7263
 2.9272	88.6599
 2.9256	88.5974
 2.9239	88.5603
 2.9223	88.5506
 2.9207	88.4920
 2.9190	88.4060
 2.9174	88.3865
 2.9157	88.4080
 2.9141	88.3787
 2.9124	88.4031
 2.9108	88.4002
 2.9092	88.4334
 2.9075	88.4109
 2.9059	88.4373
 2.9043	88.4295
 2.9027	88.3826
 2.9010	88.4226
 2.8994	88.4236
 2.8978	88.4295
 2.8962	88.4578
 2.8946	88.5388
 2.8929	88.6072
 2.8913	88.6716
 2.8897	88.6873
 2.8881	88.7224
 2.8865	88.7244
 2.8849	88.7615
 2.8833	88.7849
 2.8817	88.8064
 2.8801	88.7420
 2.8785	88.7537
 2.8769	88.7088
 2.8753	88.7068
 2.8737	88.7634
 2.8721	88.7849
 2.8705	88.8435
 2.8689	88.8601
 2.8673	88.8562
 2.8658	88.9490
 2.8642	88.9851
 2.8626	89.0017
 2.8610	89.0916
 2.8594	89.1453
 2.8579	89.1882
 2.8563	89.2224
 2.8547	89.2283
 2.8531	89.2537
 2.8516	89.2537
 2.8500	89.2820
 2.8484	89.3015
 2.8469	89.3084
 2.8453	89.3172
 2.8437	89.3162
 2.8422	89.3484
 2.8406	89.3250
 2.8391	89.3103
 2.8375	89.3611
 2.8360	89.3162
 2.8344	89.2615
 2.8329	89.2156
 2.8313	89.2009
 2.8298	89.1570
 2.8282	89.2088
 2.8267	89.1873
 2.8252	89.1804
 2.8236	89.2273
 2.8221	89.2146
 2.8205	89.2146
 2.8190	89.2068
 2.8175	89.1716
 2.8159	89.1521
 2.8144	89.1716
 2.8129	89.1228
 2.8114	89.1287
 2.8098	89.0701
 2.8083	89.0281
 2.8068	89.0115
 2.8053	89.0427
 2.8038	89.1218
 2.8022	89.1580
 2.8007	89.1677
 2.7992	89.2586
 2.7977	89.2537
 2.7962	89.2459
 2.7947	89.2634
 2.7932	89.3172
 2.7917	89.3601
 2.7902	89.3367
 2.7887	89.3670
 2.7872	89.4177
 2.7857	89.3709
 2.7842	89.3084
 2.7827	89.3611
 2.7812	89.2888
 2.7797	89.2283
 2.7782	89.2537
 2.7767	89.2791
 2.7752	89.2849
 2.7738	89.2361
 2.7723	89.3367
 2.7708	89.3679
 2.7693	89.3523
 2.7678	89.3142
 2.7664	89.3484
 2.7649	89.3875
 2.7634	89.3709
 2.7619	89.3455
 2.7605	89.3601
 2.7590	89.4295
 2.7575	89.5427
 2.7561	89.5818
 2.7546	89.6052
 2.7531	89.6248
 2.7517	89.6677
 2.7502	89.6951
 2.7488	89.6482
 2.7473	89.6873
 2.7458	89.6423
 2.7444	89.5896
 2.7429	89.6306
 2.7415	89.6765
 2.7400	89.8181
 2.7386	89.8640
 2.7371	89.7664
 2.7357	89.7888
 2.7343	89.8826
 2.7328	89.8640
 2.7314	89.8826
 2.7299	89.9461
 2.7285	89.9724
 2.7271	90.0320
 2.7256	90.0672
 2.7242	90.0935
 2.7228	90.0906
 2.7213	90.0203
 2.7199	90.0427
 2.7185	90.0906
 2.7171	90.0720
 2.7156	90.0476
 2.7142	90.0086
 2.7128	89.9998
 2.7114	90.0047
 2.7100	90.0232
 2.7085	89.9890
 2.7071	89.9959
 2.7057	89.9099
 2.7043	89.9763
 2.7029	90.0271
 2.7015	90.0632
 2.7001	90.0857
 2.6987	90.0466
 2.6973	90.0623
 2.6959	90.0789
 2.6945	90.1843
 2.6931	90.1658
 2.6917	90.1687
 2.6903	90.1140
 2.6889	90.1023
 2.6875	90.1218
 2.6861	90.1599
 2.6847	90.2000
 2.6833	90.2302
 2.6819	90.1482
 2.6805	90.0935
 2.6791	90.0857
 2.6778	90.0974
 2.6764	90.0857
 2.6750	90.0047
 2.6736	89.9695
 2.6722	90.0642
 2.6709	90.1570
 2.6695	90.1297
 2.6681	90.0427
 2.6667	90.0720
 2.6654	90.0711
 2.6640	90.0506
 2.6626	89.9881
 2.6613	89.9461
 2.6599	89.9187
 2.6585	89.9568
 2.6572	89.8357
 2.6558	89.8601
 2.6545	89.8679
 2.6531	89.8015
 2.6517	89.7859
 2.6504	89.8054
 2.6490	89.8679
 2.6477	89.8377
 2.6463	89.8552
 2.6450	89.9334
 2.6436	89.9138
 2.6423	89.9685
 2.6409	89.9060
 2.6396	89.9353
 2.6382	89.8670
 2.6369	89.8670
 2.6356	89.8709
 2.6342	89.7752
 2.6329	89.7302
 2.6315	89.6638
 2.6302	89.6404
 2.6289	89.6795
 2.6275	89.7283
 2.6262	89.7107
 2.6249	89.7244
 2.6236	89.8318
 2.6222	89.8416
 2.6209	89.8103
 2.6196	89.7302
 2.6183	89.6912
 2.6169	89.7322
 2.6156	89.6990
 2.6143	89.6677
 2.6130	89.7556
 2.6117	89.7517
 2.6103	89.7478
 2.6090	89.6443
 2.6077	89.6345
 2.6064	89.5838
 2.6051	89.5877
 2.6038	89.5095
 2.6025	89.4256
 2.6012	89.5173
 2.5999	89.5427
 2.5986	89.6150
 2.5973	89.5506
 2.5960	89.5037
 2.5947	89.5193
 2.5934	89.5506
 2.5921	89.5310
 2.5908	89.6267
 2.5895	89.6658
 2.5882	89.7498
 2.5869	89.7302
 2.5856	89.7068
 2.5843	89.7107
 2.5830	89.6834
 2.5817	89.6365
 2.5805	89.5701
 2.5792	89.5994
 2.5779	89.5759
 2.5766	89.4607
 2.5753	89.4138
 2.5741	89.3689
 2.5728	89.4002
 2.5715	89.3591
 2.5702	89.3084
 2.5690	89.1795
 2.5677	89.1756
 2.5664	89.2127
 2.5651	89.1873
 2.5639	89.1775
 2.5626	89.2029
 2.5613	89.1970
 2.5601	89.2048
 2.5588	89.1736
 2.5575	89.0916
 2.5563	89.0974
 2.5550	89.1404
 2.5538	89.0896
 2.5525	89.0076
 2.5513	88.9939
 2.5500	88.9841
 2.5487	88.9998
 2.5475	89.0076
 2.5462	88.9549
 2.5450	89.0584
 2.5437	89.1697
 2.5425	89.1892
 2.5413	89.2654
 2.5400	89.2283
 2.5388	89.2888
 2.5375	89.2966
 2.5363	89.2595
 2.5350	89.1423
 2.5338	89.1502
 2.5326	89.1033
 2.5313	89.0115
 2.5301	89.0193
 2.5289	88.9080
 2.5276	88.8943
 2.5264	88.9138
 2.5252	88.8845
 2.5239	88.8006
 2.5227	88.8591
 2.5215	88.8474
 2.5202	88.6814
 2.5190	88.6912
 2.5178	88.7693
 2.5166	88.8552
 2.5154	88.8982
 2.5141	88.9256
 2.5129	88.9412
 2.5117	88.9373
 2.5105	88.9607
 2.5093	88.9841
 2.5081	88.8826
 2.5068	89.0545
 2.5056	89.0310
 2.5044	88.8357
 2.5032	88.7439
 2.5020	88.6873
 2.5008	88.6951
 2.4996	88.7361
 2.4984	88.9080
 2.4972	88.8982
 2.4960	88.7517
 2.4948	88.7830
 2.4936	88.8142
 2.4924	88.6912
 2.4912	88.5642
 2.4900	88.6131
 2.4888	88.6209
 2.4876	88.6599
 2.4864	88.7830
 2.4852	88.7107
 2.4840	88.6209
 2.4828	88.7185
 2.4816	88.6834
 2.4805	88.6756
 2.4793	88.7205
 2.4781	88.6326
 2.4769	88.6189
 2.4757	88.6267
 2.4745	88.6170
 2.4734	88.5037
 2.4722	88.4920
 2.4710	88.4920
 2.4698	88.6326
 2.4686	88.6209
 2.4675	88.5037
 2.4663	88.6248
 2.4651	88.7498
 2.4640	88.5037
 2.4628	88.3865
 2.4616	88.3474
 2.4604	88.3357
 2.4593	88.3142
 2.4581	88.3299
 2.4569	88.3904
 2.4558	88.4939
 2.4546	88.5466
 2.4535	88.6970
 2.4523	88.8045
 2.4511	88.7205
 2.4500	88.5642
 2.4488	88.5076
 2.4477	88.4470
 2.4465	88.3435
 2.4454	88.4177
 2.4442	88.2107
 2.4431	88.1287
 2.4419	88.1814
 2.4408	88.1560
 2.4396	88.1482
 2.4385	88.2420
 2.4373	88.2908
 2.4362	88.2361
 2.4350	88.1404
 2.4339	88.1521
 2.4327	88.1502
 2.4316	88.1424
 2.4305	88.2459
 2.4293	88.0252
 2.4282	88.0623
 2.4270	88.0896
 2.4259	88.1443
 2.4248	88.1814
 2.4236	88.1209
 2.4225	88.1052
 2.4214	88.1795
 2.4202	88.1091
 2.4191	87.9881
 2.4180	87.8709
 2.4169	87.7830
 2.4157	87.8552
 2.4146	87.8670
 2.4135	87.8904
 2.4124	88.0115
 2.4112	88.1345
 2.4101	88.2537
 2.4090	88.1326
 2.4079	88.1677
 2.4068	88.2283
 2.4056	88.2263
 2.4045	88.1951
 2.4034	88.0857
 2.4023	88.1580
 2.4012	88.1091
 2.4001	87.9763
 2.3990	87.8904
 2.3979	87.9763
 2.3967	87.9373
 2.3956	87.9529
 2.3945	87.9080
 2.3934	87.9060
 2.3923	87.8377
 2.3912	87.9314
 2.3901	87.8377
 2.3890	87.7927
 2.3879	87.8826
 2.3868	87.7986
 2.3857	87.7263
 2.3846	87.5974
 2.3835	87.5506
 2.3824	87.4861
 2.3813	87.4861
 2.3802	87.5486
 2.3791	87.6209
 2.3781	87.6677
 2.3770	87.7927
 2.3759	87.7185
 2.3748	87.6443
 2.3737	87.7654
 2.3726	87.8299
 2.3715	87.7576
 2.3704	87.7283
 2.3694	87.7420
 2.3683	87.7439
 2.3672	87.7049
 2.3661	87.6560
 2.3650	87.7107
 2.3640	87.6580
 2.3629	87.5799
 2.3618	87.6013
 2.3607	87.6326
 2.3597	87.5955
 2.3586	87.4861
 2.3575	87.5252
 2.3564	87.3904
 2.3554	87.4627
 2.3543	87.4080
 2.3532	87.4021
 2.3522	87.2752
 2.3511	87.2810
 2.3500	87.3435
 2.3490	87.2888
 2.3479	87.4002
 2.3468	87.2732
 2.3458	87.3279
 2.3447	87.4861
 2.3436	87.4998
 2.3426	87.4607
 2.3415	87.3924
 2.3405	87.3924
 2.3394	87.4646
 2.3384	87.3123
 2.3373	87.2283
 2.3363	87.3299
 2.3352	87.3201
 2.3342	87.3826
 2.3331	87.2752
 2.3321	87.4314
 2.3310	87.4217
 2.3300	87.4138
 2.3289	87.1970
 2.3279	87.2595
 2.3268	87.2595
 2.3258	87.3142
 2.3247	87.3220
 2.3237	87.3455
 2.3226	87.3689
 2.3216	87.1580
 2.3206	86.9939
 2.3195	86.9783
 2.3185	86.9158
 2.3175	86.7986
 2.3164	86.9783
 2.3154	87.0232
 2.3144	87.0408
 2.3133	87.0623
 2.3123	87.1092
 2.3113	87.0154
 2.3102	86.8670
 2.3092	86.7888
 2.3082	86.8123
 2.3071	86.9295
 2.3061	87.0232
 2.3051	87.1267
 2.3041	87.0486
 2.3030	86.9412
 2.3020	86.8982
 2.3010	86.8748
 2.3000	87.0408
 2.2990	86.9470
 2.2979	86.8377
 2.2969	86.8377
 2.2959	86.9939
 2.2949	87.0935
 2.2939	87.0877
 2.2929	87.0779
 2.2918	87.1814
 2.2908	87.2107
 2.2898	87.1326
 2.2888	86.9138
 2.2878	86.7049
 2.2868	86.6267
 2.2858	86.6892
 2.2848	86.6658
 2.2838	86.5252
 2.2828	86.5174
 2.2818	86.5076
 2.2808	86.6189
 2.2798	86.6658
 2.2787	86.4529
 2.2777	86.6170
 2.2767	86.7576
 2.2757	86.5017
 2.2747	86.4217
 2.2738	86.5174
 2.2728	86.6580
 2.2718	86.5388
 2.2708	86.4881
 2.2698	86.4881
 2.2688	86.6052
 2.2678	86.6170
 2.2668	86.3045
 2.2658	86.3513
 2.2648	86.3982
 2.2638	86.4334
 2.2628	86.5154
 2.2618	86.5271
 2.2609	86.5076
 2.2599	86.6873
 2.2589	86.6482
 2.2579	86.4334
 2.2569	86.4138
 2.2559	86.4412
 2.2550	86.5896
 2.2540	86.5232
 2.2530	86.5037
 2.2520	86.3943
 2.2510	86.3513
 2.2501	86.4060
 2.2491	86.3748
 2.2481	86.2185
 2.2471	86.0974
 2.2462	86.1990
 2.2452	86.3552
 2.2442	86.2967
 2.2433	86.2693
 2.2423	86.1638
 2.2413	86.2732
 2.2403	86.2185
 2.2394	86.1248
 2.2384	86.0818
 2.2374	86.1443
 2.2365	86.1404
 2.2355	86.2459
 2.2345	86.1443
 2.2336	86.1599
 2.2326	86.1677
 2.2317	86.1990
 2.2307	86.1717
 2.2297	86.1482
 2.2288	86.0779
 2.2278	86.1599
 2.2269	86.0662
 2.2259	85.8748
 2.2250	86.0467
 2.2240	85.9451
 2.2231	85.9490
 2.2221	85.8826
 2.2211	85.8670
 2.2202	85.8787
 2.2192	85.9256
 2.2183	85.7967
 2.2173	85.8357
 2.2164	85.7810
 2.2155	85.8357
 2.2145	85.8943
 2.2136	85.8592
 2.2126	85.6638
 2.2117	85.6443
 2.2107	85.6443
 2.2098	85.7029
 2.2088	85.8670
 2.2079	86.0076
 2.2070	86.1599
 2.2060	86.1131
 2.2051	86.1873
 2.2041	86.0427
 2.2032	86.1170
 2.2023	85.9724
 2.2013	85.8513
 2.2004	85.8279
 2.1995	85.7732
 2.1985	85.7927
 2.1976	85.5857
 2.1967	85.4763
 2.1957	85.4763
 2.1948	85.5349
 2.1939	85.7576
 2.1930	85.7185
 2.1920	85.6756
 2.1911	85.7068
 2.1902	85.5818
 2.1893	85.5271
 2.1883	85.8201
 2.1874	85.8631
 2.1865	85.5623
 2.1856	85.4256
 2.1846	85.4802
 2.1837	85.7498
 2.1828	85.6326
 2.1819	85.3865
 2.1810	85.3787
 2.1800	85.4529
 2.1791	85.4451
 2.1782	85.2029
 2.1773	84.8982
 2.1764	85.1404
 2.1755	85.1951
 2.1746	85.1638
 2.1736	85.2537
 2.1727	85.2146
 2.1718	85.4529
 2.1709	85.4724
 2.1700	85.3748
 2.1691	85.4607
 2.1682	85.5310
 2.1673	85.3084
 2.1664	85.1287
 2.1655	85.1756
 2.1646	85.3709
 2.1637	85.2928
 2.1628	85.2303
 2.1619	85.3592
 2.1610	85.2146
 2.1601	85.2732
 2.1592	85.3592
 2.1583	85.3474
 2.1574	85.0701
 2.1565	85.0506
 2.1556	85.3123
 2.1547	85.2615
 2.1538	85.1326
 2.1529	85.1013
 2.1520	85.4685
 2.1511	85.5388
 2.1502	85.3045
 2.1493	85.3865
 2.1484	85.3435
 2.1475	85.2849
 2.1466	85.0701
 2.1458	84.9217
 2.1449	84.8279
 2.1440	84.7537
 2.1431	84.8592
 2.1422	84.8201
 2.1413	84.9217
 2.1404	85.1404
 2.1396	85.1482
 2.1387	85.0076
 2.1378	84.9529
 2.1369	84.9178
 2.1360	84.8006
 2.1352	84.8123
 2.1343	84.8787
 2.1334	84.6795
 2.1325	84.6326
 2.1316	84.7810
 2.1308	84.5935
 2.1299	84.4920
 2.1290	84.4217
 2.1281	84.4451
 2.1273	84.4998
 2.1264	84.2224
 2.1255	84.2381
 2.1247	84.3592
 2.1238	84.4842
 2.1229	84.6443
 2.1220	84.6795
 2.1212	84.6560
 2.1203	84.7068
 2.1194	84.7537
 2.1186	84.5818
 2.1177	84.4763
 2.1168	84.6717
 2.1160	84.7029
 2.1151	84.4568
 2.1143	84.5974
 2.1134	84.4763
 2.1125	84.6092
 2.1117	84.7537
 2.1108	84.6404
 2.1100	84.5701
 2.1091	84.6912
 2.1082	84.7107
 2.1074	84.8748
 2.1065	84.6912
 2.1057	84.5349
 2.1048	84.5974
 2.1040	84.5388
 2.1031	84.3982
 2.1023	84.1287
 2.1014	84.1717
 2.1005	84.1248
 2.0997	84.3006
 2.0988	84.1404
 2.0980	84.0974
 2.0971	84.1873
 2.0963	84.5037
 2.0955	84.5935
 2.0946	84.6131
 2.0938	84.3982
 2.0929	84.4451
 2.0921	84.5349
 2.0912	84.2849
 2.0904	84.2888
 2.0895	84.2342
 2.0887	84.1404
 2.0879	84.1482
 2.0870	84.1013
 2.0862	84.1951
 2.0853	84.0857
 2.0845	84.2381
 2.0837	84.2263
 2.0828	84.2576
 2.0820	84.3435
 2.0812	84.4373
 2.0803	84.1756
 2.0795	84.0037
