Name: Hypersthene (Mg,Fe+2)2Si2O6
Type: Mineral
Class: Silicate
Subclass: Inosilicate
Particle Size: Solid
Sample No.: hypersth_1
Owner: JHU
Wavelength Range: TIR
Origin: Western Greenland, via the Smithsonian (sample no. NMNHC2368).
Collection Date: N/A
Description: Black in color; a small amount of surface contamination was removed; some mineral inclusions were separated from the remainder of the sample after crushing.  Under the microscope, the sample was green-brown pleochroic, with a high index of refraction.  It appeared mildly altered with some (2%) iron-stained opaque material present. Sample had cleavage face. (Pyroxene Group) Original ASTER Spectral Library name was jhu.nicolet.mineral.silicate.inosilicate.solid.hypers1.spectrum.txt
Measurement: Bidirectional reflectance
First Column: X
Second Column: Y
X Units: Wavelength (micrometers)
Y Units:Reflectance (percent)
First X Value: 25.0442
Last X Value:  2.0795
Number of X Values: 2287
Additional Information: mineral.silicate.inosilicate.solid.tir.hypersth_1.jhu.nicolet.ancillary.txt

25.0442	33.4589
24.9238	33.1796
24.8045	32.7353
24.6864	32.7382
24.5694	32.6601
24.4536	32.5790
24.3388	32.4775
24.2250	32.3915
24.1124	32.2148
24.0007	32.2353
23.8901	32.5761
23.7805	32.7323
23.6719	32.7030
23.5643	32.8808
23.4577	33.1484
23.3520	33.4667
23.2473	34.0976
23.1435	34.9047
23.0407	35.6894
22.9387	36.1527
22.8377	36.6488
22.7375	37.3129
22.6382	37.4169
22.5398	37.4184
22.4422	37.6669
22.3455	37.9726
22.2496	38.1776
22.1545	38.3754
22.0602	38.7470
21.9668	39.1005
21.8741	39.2328
21.7822	39.3036
21.6910	39.2523
21.6007	38.9853
21.5110	38.7797
21.4221	38.5360
21.3340	38.1059
21.2465	37.8891
21.1598	38.1645
21.0738	38.6078
20.9885	39.0888
20.9038	39.7206
20.8199	40.2621
20.7366	40.8617
20.6540	41.6132
20.5720	42.3060
20.4907	42.9330
20.4100	43.7723
20.3300	44.6908
20.2506	45.5248
20.1718	46.4769
20.0936	47.4501
20.0160	48.1014
19.9391	48.5077
19.8627	48.7521
19.7869	48.7538
19.7116	48.6183
19.6370	48.4288
19.5628	48.0897
19.4893	47.4969
19.4163	46.8185
19.3439	46.0365
19.2719	44.9569
19.2006	43.5604
19.1297	42.1620
19.0594	40.6991
18.9896	39.3771
18.9203	38.7323
18.8515	38.7587
18.7832	38.9025
18.7153	38.7016
18.6480	38.3725
18.5812	38.1271
18.5148	38.0832
18.4489	38.3251
18.3835	38.5893
18.3185	38.4962
18.2541	37.9230
18.1900	37.0978
18.1264	36.1410
18.0633	35.1212
18.0005	34.2775
17.9382	33.8957
17.8764	34.0861
17.8150	34.7841
17.7539	35.7968
17.6934	36.8742
17.6332	37.6215
17.5734	37.9562
17.5140	38.0509
17.4551	37.9423
17.3965	37.4379
17.3383	36.7523
17.2805	36.1659
17.2231	35.5356
17.1661	34.8371
17.1094	34.2831
17.0531	33.8207
16.9972	33.2892
16.9417	32.7636
16.8865	32.3066
16.8317	31.7362
16.7772	31.0119
16.7231	30.2980
16.6693	29.5287
16.6159	28.6020
16.5628	27.6874
16.5100	26.7783
16.4576	25.7824
16.4055	24.6906
16.3538	23.6196
16.3024	22.5688
16.2513	21.5949
16.2005	20.8000
16.1500	20.3290
16.0998	20.1293
16.0500	20.2128
16.0005	20.5219
15.9513	20.8779
15.9023	21.2209
15.8537	21.3901
15.8054	21.3071
15.7573	21.0197
15.7096	20.6323
15.6621	20.2651
15.6149	20.0920
15.5680	20.0629
15.5214	20.0097
15.4751	20.0351
15.4290	20.1154
15.3832	20.0937
15.3377	19.9374
15.2925	19.7243
15.2475	19.4062
15.2028	19.0224
15.1583	18.7319
15.1141	18.6809
15.0702	18.7153
15.0265	18.8063
14.9831	18.9931
14.9399	19.1596
14.8970	19.2343
14.8543	19.3393
14.8119	19.4602
14.7697	19.5214
14.7277	19.6071
14.6860	19.7963
14.6445	19.9909
14.6033	20.1948
14.5622	20.3911
14.5214	20.4499
14.4809	20.2314
14.4405	19.7536
14.4004	19.0983
14.3605	18.3791
14.3209	17.6442
14.2814	17.0229
14.2422	16.5876
14.2032	16.3149
14.1643	16.1433
14.1258	16.0583
14.0874	16.0583
14.0492	16.0883
14.0112	16.1269
13.9734	16.1962
13.9359	16.3003
13.8985	16.4003
13.8614	16.5253
13.8244	16.6359
13.7876	16.6020
13.7511	16.4340
13.7147	16.2177
13.6785	16.0278
13.6425	15.8955
13.6067	15.8847
13.5711	15.9834
13.5356	16.0869
13.5004	16.1652
13.4653	16.2324
13.4304	16.2692
13.3957	16.2133
13.3612	16.0615
13.3269	15.9397
13.2927	15.8852
13.2587	15.8930
13.2249	15.9467
13.1912	16.0400
13.1577	16.1347
13.1244	16.2246
13.0913	16.3208
13.0583	16.4702
13.0255	16.6211
12.9929	16.7724
12.9604	16.9707
12.9281	17.1665
12.8959	17.3374
12.8639	17.5327
12.8321	17.7202
12.8004	17.8999
12.7688	18.0517
12.7375	18.2241
12.7063	18.3950
12.6752	18.4980
12.6443	18.6381
12.6135	18.8740
12.5829	19.0605
12.5524	19.1855
12.5221	19.3466
12.4919	19.5639
12.4619	19.7685
12.4320	19.9719
12.4023	20.1845
12.3727	20.3979
12.3432	20.5844
12.3139	20.7958
12.2847	21.0468
12.2557	21.2768
12.2268	21.5053
12.1980	21.7514
12.1694	21.9868
12.1409	22.2065
12.1125	22.4540
12.0843	22.7160
12.0562	22.9575
12.0282	23.1533
12.0004	23.3911
11.9726	23.6494
11.9450	23.9203
11.9176	24.2089
11.8903	24.5283
11.8631	24.8769
11.8360	25.2187
11.8090	25.5400
11.7822	25.8759
11.7555	26.2197
11.7289	26.5307
11.7024	26.8847
11.6760	27.2499
11.6498	27.5907
11.6237	27.9208
11.5977	28.2997
11.5718	28.6723
11.5460	28.9921
11.5203	29.3588
11.4948	29.7612
11.4694	30.0727
11.4440	30.3468
11.4188	30.6759
11.3937	30.9125
11.3688	31.0463
11.3439	31.1713
11.3191	31.2060
11.2944	31.0705
11.2699	30.7900
11.2455	30.4333
11.2211	29.8761
11.1969	29.1379
11.1727	28.3891
11.1487	27.6713
11.1248	26.9850
11.1010	26.3876
11.0773	25.9413
11.0536	25.6657
11.0301	25.6318
11.0067	25.9113
10.9834	26.3954
10.9602	26.9184
10.9370	27.4621
10.9140	27.9931
10.8911	28.5553
10.8682	29.2153
10.8455	29.8991
10.8229	30.4921
10.8003	31.0097
10.7779	31.4501
10.7555	31.7426
10.7332	31.9599
10.7111	32.1835
10.6890	32.3498
10.6670	32.4428
10.6451	32.6117
10.6233	32.7978
10.6015	32.8954
10.5799	33.0121
10.5584	33.1974
10.5369	33.3415
10.5155	33.4848
10.4942	33.7118
10.4730	33.8625
10.4519	33.8305
10.4309	33.7045
10.4099	33.4818
10.3891	33.1332
10.3683	32.9501
10.3476	33.2057
10.3270	33.8144
10.3065	34.5956
10.2860	35.3820
10.2656	35.9782
10.2454	36.2753
10.2251	36.4506
10.2050	36.5658
10.1850	36.5993
10.1650	36.6151
10.1451	36.6000
10.1253	36.4757
10.1056	36.2621
10.0859	36.0898
10.0663	35.9806
10.0468	35.9757
10.0274	36.0795
10.0080	36.1327
 9.9887	36.0348
 9.9695	35.8568
 9.9504	35.6352
 9.9313	35.3263
 9.9123	35.0729
 9.8934	34.9782
 9.8746	34.9757
 9.8558	35.0356
 9.8371	35.2223
 9.8185	35.4423
 9.7999	35.6225
 9.7814	35.8449
 9.7630	36.0763
 9.7447	36.2152
 9.7264	36.3117
 9.7082	36.4040
 9.6900	36.3864
 9.6719	36.2660
 9.6539	36.1757
 9.6360	36.1212
 9.6181	36.0597
 9.6003	36.0641
 9.5825	36.1862
 9.5649	36.3263
 9.5472	36.5038
 9.5297	36.8041
 9.5122	37.1786
 9.4948	37.6537
 9.4774	38.3280
 9.4601	39.1420
 9.4429	39.9992
 9.4257	40.8651
 9.4086	41.5983
 9.3916	42.0731
 9.3746	42.3461
 9.3577	42.4852
 9.3408	42.4948
 9.3240	42.3751
 9.3073	42.2030
 9.2906	41.9340
 9.2740	41.5736
 9.2574	41.2055
 9.2409	40.8173
 9.2245	40.3637
 9.2081	39.9281
 9.1918	39.5414
 9.1755	39.1610
 9.1593	38.7956
 9.1431	38.5065
 9.1270	38.2311
 9.1110	37.8998
 9.0950	37.6015
 9.0791	37.3241
 9.0632	36.9804
 9.0474	36.5849
 9.0316	36.2167
 9.0159	35.7841
 9.0003	35.2914
 8.9847	34.7975
 8.9691	34.2567
 8.9536	33.6581
 8.9382	33.1454
 8.9228	32.7350
 8.9075	32.2934
 8.8922	31.7487
 8.8770	31.0614
 8.8618	30.1308
 8.8467	28.9924
 8.8316	27.7939
 8.8166	26.6386
 8.8016	25.6389
 8.7867	24.8810
 8.7718	24.2646
 8.7570	23.4953
 8.7422	22.4057
 8.7275	21.0583
 8.7129	19.5893
 8.6982	18.1020
 8.6837	16.6962
 8.6692	15.3808
 8.6547	14.1552
 8.6403	13.0542
 8.6259	12.0888
 8.6116	11.2282
 8.5973	10.4548
 8.5830	 9.7871
 8.5688	 9.2148
 8.5547	 8.7231
 8.5406	 8.3183
 8.5266	 8.0119
 8.5126	 7.7849
 8.4986	 7.6611
 8.4847	 7.6504
 8.4708	 7.7336
 8.4570	 7.9055
 8.4432	 8.1653
 8.4295	 8.4726
 8.4158	 8.8125
 8.4022	 9.1975
 8.3886	 9.6013
 8.3750	 9.9868
 8.3615	10.3689
 8.3481	10.7458
 8.3347	11.0866
 8.3213	11.3962
 8.3079	11.6699
 8.2946	11.8896
 8.2814	12.0695
 8.2682	12.2229
 8.2550	12.3408
 8.2419	12.4145
 8.2288	12.4729
 8.2158	12.5122
 8.2028	12.5168
 8.1898	12.5041
 8.1769	12.4687
 8.1640	12.4189
 8.1512	12.3510
 8.1384	12.2773
 8.1256	12.2072
 8.1129	12.1093
 8.1002	12.0031
 8.0876	11.9084
 8.0750	11.8029
 8.0624	11.6941
 8.0499	11.6015
 8.0374	11.5029
 8.0250	11.3960
 8.0126	11.2951
 8.0002	11.2090
 7.9879	11.1355
 7.9756	11.0578
 7.9634	10.9953
 7.9512	10.9377
 7.9390	10.8713
 7.9268	10.8237
 7.9147	10.7988
 7.9027	10.7607
 7.8906	10.7314
 7.8786	10.7326
 7.8667	10.7319
 7.8548	10.7248
 7.8429	10.7412
 7.8310	10.7746
 7.8192	10.8020
 7.8075	10.8261
 7.7957	10.8584
 7.7840	10.9079
 7.7723	10.9543
 7.7607	11.0114
 7.7491	11.0737
 7.7375	11.1372
 7.7260	11.2043
 7.7145	11.2763
 7.7031	11.3357
 7.6916	11.3906
 7.6802	11.4563
 7.6689	11.5232
 7.6575	11.5791
 7.6462	11.6377
 7.6350	11.7097
 7.6238	11.7654
 7.6126	11.8144
 7.6014	11.8706
 7.5903	11.9275
 7.5792	11.9780
 7.5681	12.0285
 7.5571	12.0788
 7.5461	12.1257
 7.5351	12.1770
 7.5242	12.2265
 7.5133	12.2693
 7.5024	12.3169
 7.4916	12.3564
 7.4807	12.3952
 7.4700	12.4431
 7.4592	12.4878
 7.4485	12.5258
 7.4378	12.5588
 7.4272	12.5935
 7.4165	12.6189
 7.4059	12.6484
 7.3954	12.6848
 7.3848	12.7143
 7.3743	12.7292
 7.3639	12.7578
 7.3534	12.8061
 7.3430	12.8398
 7.3326	12.8667
 7.3223	12.9052
 7.3119	12.9336
 7.3016	12.9494
 7.2914	12.9753
 7.2811	13.0105
 7.2709	13.0398
 7.2607	13.0654
 7.2506	13.0852
 7.2404	13.1045
 7.2303	13.1313
 7.2203	13.1582
 7.2102	13.1811
 7.2002	13.1997
 7.1902	13.2285
 7.1803	13.2456
 7.1703	13.2558
 7.1604	13.2783
 7.1506	13.3115
 7.1407	13.3325
 7.1309	13.3503
 7.1211	13.3737
 7.1113	13.3943
 7.1016	13.4152
 7.0919	13.4309
 7.0822	13.4458
 7.0725	13.4602
 7.0629	13.4746
 7.0533	13.4753
 7.0437	13.4953
 7.0341	13.5290
 7.0246	13.5356
 7.0151	13.5442
 7.0056	13.5622
 6.9962	13.5681
 6.9867	13.5608
 6.9773	13.5695
 6.9679	13.5617
 6.9586	13.5554
 6.9493	13.5698
 6.9400	13.5771
 6.9307	13.5827
 6.9214	13.5908
 6.9122	13.5959
 6.9030	13.6140
 6.8938	13.6313
 6.8847	13.6303
 6.8755	13.6218
 6.8664	13.6067
 6.8573	13.6262
 6.8483	13.6616
 6.8393	13.6777
 6.8302	13.6735
 6.8213	13.6804
 6.8123	13.6931
 6.8034	13.6921
 6.7944	13.6655
 6.7855	13.6530
 6.7767	13.6562
 6.7678	13.6667
 6.7590	13.6714
 6.7502	13.6726
 6.7414	13.6728
 6.7327	13.6709
 6.7239	13.6604
 6.7152	13.6582
 6.7065	13.6794
 6.6979	13.6987
 6.6892	13.6958
 6.6806	13.6989
 6.6720	13.7287
 6.6634	13.7575
 6.6549	13.7741
 6.6464	13.7534
 6.6378	13.7431
 6.6294	13.7815
 6.6209	13.8090
 6.6124	13.8230
 6.6040	13.8266
 6.5956	13.8205
 6.5872	13.8247
 6.5789	13.8227
 6.5705	13.8154
 6.5622	13.8354
 6.5539	13.8542
 6.5456	13.8645
 6.5374	13.8689
 6.5292	13.8764
 6.5209	13.8784
 6.5128	13.8828
 6.5046	13.8657
 6.4964	13.8349
 6.4883	13.8381
 6.4802	13.8579
 6.4721	13.8713
 6.4640	13.8747
 6.4560	13.8669
 6.4480	13.8647
 6.4399	13.8645
 6.4320	13.8481
 6.4240	13.8259
 6.4160	13.8025
 6.4081	13.8271
 6.4002	13.8650
 6.3923	13.8755
 6.3844	13.8796
 6.3766	13.8728
 6.3687	13.8720
 6.3609	13.8855
 6.3531	13.8806
 6.3454	13.8728
 6.3376	13.9047
 6.3299	13.9233
 6.3221	13.9309
 6.3144	13.9475
 6.3068	13.9528
 6.2991	13.9687
 6.2914	13.9858
 6.2838	13.9904
 6.2762	13.9919
 6.2686	13.9914
 6.2611	13.9880
 6.2535	13.9834
 6.2460	13.9809
 6.2385	13.9765
 6.2310	13.9643
 6.2235	13.9470
 6.2160	13.9448
 6.2086	13.9448
 6.2011	13.9450
 6.1937	13.9511
 6.1863	13.9450
 6.1790	13.9572
 6.1716	13.9738
 6.1643	13.9834
 6.1570	13.9961
 6.1496	14.0185
 6.1424	14.0315
 6.1351	14.0444
 6.1278	14.0544
 6.1206	14.0527
 6.1134	14.0517
 6.1062	14.0808
 6.0990	14.1035
 6.0918	14.1172
 6.0847	14.1140
 6.0776	14.1047
 6.0704	14.1169
 6.0633	14.1430
 6.0563	14.1193
 6.0492	14.0935
 6.0421	14.1372
 6.0351	14.1604
 6.0281	14.1560
 6.0211	14.1506
 6.0141	14.1403
 6.0071	14.1362
 6.0002	14.1284
 5.9932	14.1079
 5.9863	14.0881
 5.9794	14.0671
 5.9725	14.0117
 5.9657	13.9445
 5.9588	13.8706
 5.9520	13.7744
 5.9451	13.6591
 5.9383	13.5305
 5.9315	13.4922
 5.9247	13.5051
 5.9180	13.5183
 5.9112	13.5537
 5.9045	13.5915
 5.8978	13.6172
 5.8911	13.6706
 5.8844	13.7028
 5.8777	13.7422
 5.8711	13.7954
 5.8644	13.8139
 5.8578	13.8413
 5.8512	13.8674
 5.8446	13.8860
 5.8380	13.8957
 5.8314	13.8908
 5.8249	13.8864
 5.8184	13.9184
 5.8118	13.9609
 5.8053	13.9829
 5.7988	14.0129
 5.7924	14.0583
 5.7859	14.0913
 5.7794	14.1225
 5.7730	14.1460
 5.7666	14.1545
 5.7602	14.2080
 5.7538	14.2580
 5.7474	14.2807
 5.7410	14.3149
 5.7347	14.3354
 5.7283	14.3481
 5.7220	14.3488
 5.7157	14.3391
 5.7094	14.3371
 5.7031	14.3498
 5.6969	14.3464
 5.6906	14.3452
 5.6844	14.3498
 5.6782	14.3425
 5.6719	14.3547
 5.6657	14.3637
 5.6596	14.3576
 5.6534	14.3586
 5.6472	14.3569
 5.6411	14.3579
 5.6349	14.3740
 5.6288	14.3908
 5.6227	14.3928
 5.6166	14.3896
 5.6106	14.4094
 5.6045	14.4253
 5.5984	14.4458
 5.5924	14.4604
 5.5864	14.4638
 5.5804	14.4694
 5.5744	14.4958
 5.5684	14.5256
 5.5624	14.5322
 5.5564	14.5346
 5.5505	14.5490
 5.5445	14.5666
 5.5386	14.5715
 5.5327	14.5810
 5.5268	14.5976
 5.5209	14.6064
 5.5151	14.6132
 5.5092	14.6276
 5.5033	14.6367
 5.4975	14.6401
 5.4917	14.6489
 5.4859	14.6643
 5.4801	14.6716
 5.4743	14.6787
 5.4685	14.6826
 5.4628	14.6882
 5.4570	14.7041
 5.4513	14.7104
 5.4455	14.7048
 5.4398	14.6960
 5.4341	14.6994
 5.4284	14.6972
 5.4228	14.6884
 5.4171	14.6921
 5.4114	14.7028
 5.4058	14.7116
 5.4002	14.7114
 5.3945	14.7136
 5.3889	14.7202
 5.3833	14.7209
 5.3778	14.7194
 5.3722	14.7207
 5.3666	14.7199
 5.3611	14.7270
 5.3555	14.7302
 5.3500	14.7202
 5.3445	14.7263
 5.3390	14.7390
 5.3335	14.7431
 5.3280	14.7338
 5.3225	14.7295
 5.3171	14.7275
 5.3116	14.7246
 5.3062	14.7295
 5.3008	14.7290
 5.2954	14.7158
 5.2900	14.7036
 5.2846	14.6994
 5.2792	14.6894
 5.2738	14.6767
 5.2684	14.6787
 5.2631	14.6753
 5.2578	14.6640
 5.2524	14.6523
 5.2471	14.6462
 5.2418	14.6357
 5.2365	14.6257
 5.2312	14.6189
 5.2260	14.6167
 5.2207	14.6054
 5.2154	14.5947
 5.2102	14.5849
 5.2050	14.5734
 5.1998	14.5681
 5.1945	14.5666
 5.1893	14.5561
 5.1842	14.5427
 5.1790	14.5354
 5.1738	14.5263
 5.1686	14.5153
 5.1635	14.5166
 5.1584	14.5105
 5.1532	14.5075
 5.1481	14.5063
 5.1430	14.5070
 5.1379	14.5090
 5.1328	14.5053
 5.1277	14.5127
 5.1227	14.5185
 5.1176	14.5105
 5.1126	14.5117
 5.1075	14.5109
 5.1025	14.5117
 5.0975	14.5127
 5.0925	14.5107
 5.0875	14.5129
 5.0825	14.5109
 5.0775	14.5175
 5.0726	14.5244
 5.0676	14.5244
 5.0627	14.5337
 5.0577	14.5439
 5.0528	14.5422
 5.0479	14.5437
 5.0430	14.5500
 5.0380	14.5500
 5.0332	14.5466
 5.0283	14.5439
 5.0234	14.5446
 5.0185	14.5400
 5.0137	14.5417
 5.0088	14.5371
 5.0040	14.5273
 4.9992	14.5305
 4.9944	14.5317
 4.9896	14.5280
 4.9848	14.5214
 4.9800	14.5263
 4.9752	14.5249
 4.9704	14.5185
 4.9657	14.5261
 4.9609	14.5376
 4.9562	14.5398
 4.9514	14.5407
 4.9467	14.5437
 4.9420	14.5444
 4.9373	14.5471
 4.9326	14.5522
 4.9279	14.5525
 4.9232	14.5608
 4.9186	14.5693
 4.9139	14.5747
 4.9092	14.5715
 4.9046	14.5727
 4.9000	14.5835
 4.8953	14.5820
 4.8907	14.5791
 4.8861	14.5776
 4.8815	14.5793
 4.8769	14.5869
 4.8723	14.5959
 4.8678	14.6101
 4.8632	14.6103
 4.8586	14.6093
 4.8541	14.6162
 4.8495	14.6150
 4.8450	14.6184
 4.8405	14.6316
 4.8360	14.6364
 4.8315	14.6445
 4.8270	14.6523
 4.8225	14.6670
 4.8180	14.6731
 4.8135	14.6789
 4.8090	14.6887
 4.8046	14.6963
 4.8001	14.7126
 4.7957	14.7287
 4.7913	14.7385
 4.7868	14.7480
 4.7824	14.7609
 4.7780	14.7795
 4.7736	14.7841
 4.7692	14.7910
 4.7648	14.8093
 4.7605	14.8169
 4.7561	14.8161
 4.7517	14.8242
 4.7474	14.8369
 4.7431	14.8413
 4.7387	14.8486
 4.7344	14.8623
 4.7301	14.8711
 4.7258	14.8767
 4.7215	14.8794
 4.7172	14.8857
 4.7129	14.8908
 4.7086	14.8969
 4.7043	14.8991
 4.7000	14.8940
 4.6958	14.9074
 4.6915	14.9179
 4.6873	14.9209
 4.6831	14.9233
 4.6788	14.9389
 4.6746	14.9563
 4.6704	14.9660
 4.6662	14.9863
 4.6620	14.9973
 4.6578	15.0085
 4.6536	15.0280
 4.6495	15.0444
 4.6453	15.0627
 4.6411	15.0822
 4.6370	15.0998
 4.6328	15.1093
 4.6287	15.1142
 4.6246	15.1279
 4.6205	15.1455
 4.6163	15.1565
 4.6122	15.1735
 4.6081	15.1972
 4.6040	15.2014
 4.6000	15.2087
 4.5959	15.2343
 4.5918	15.2407
 4.5877	15.2392
 4.5837	15.2456
 4.5796	15.2558
 4.5756	15.2653
 4.5716	15.2749
 4.5675	15.2717
 4.5635	15.2724
 4.5595	15.2812
 4.5555	15.2883
 4.5515	15.2878
 4.5475	15.2951
 4.5435	15.3046
 4.5395	15.3059
 4.5356	15.3012
 4.5316	15.3086
 4.5276	15.3188
 4.5237	15.3181
 4.5197	15.3156
 4.5158	15.3208
 4.5119	15.3164
 4.5080	15.3117
 4.5040	15.3071
 4.5001	15.3046
 4.4962	15.2942
 4.4923	15.2949
 4.4884	15.2920
 4.4846	15.2841
 4.4807	15.2812
 4.4768	15.2866
 4.4730	15.2790
 4.4691	15.2734
 4.4652	15.2680
 4.4614	15.2463
 4.4576	15.2353
 4.4537	15.2356
 4.4499	15.2312
 4.4461	15.2265
 4.4423	15.2255
 4.4385	15.2153
 4.4347	15.2087
 4.4309	15.2107
 4.4271	15.2072
 4.4233	15.1977
 4.4196	15.1928
 4.4158	15.1870
 4.4120	15.1892
 4.4083	15.1904
 4.4045	15.1928
 4.4008	15.1784
 4.3971	15.1772
 4.3934	15.1809
 4.3896	15.1748
 4.3859	15.1650
 4.3822	15.1621
 4.3785	15.1767
 4.3748	15.1836
 4.3711	15.1767
 4.3674	15.1782
 4.3638	15.1814
 4.3601	15.1775
 4.3564	15.1716
 4.3528	15.1733
 4.3491	15.1784
 4.3455	15.1836
 4.3418	15.1833
 4.3382	15.1811
 4.3346	15.1740
 4.3310	15.1833
 4.3273	15.1938
 4.3237	15.1980
 4.3201	15.1948
 4.3165	15.1992
 4.3129	15.2094
 4.3094	15.2109
 4.3058	15.2138
 4.3022	15.2180
 4.2986	15.2299
 4.2951	15.2382
 4.2915	15.2353
 4.2880	15.2299
 4.2844	15.2414
 4.2809	15.2443
 4.2774	15.2397
 4.2738	15.2429
 4.2703	15.2485
 4.2668	15.2509
 4.2633	15.2468
 4.2598	15.2558
 4.2563	15.2651
 4.2528	15.2595
 4.2493	15.2570
 4.2458	15.2590
 4.2424	15.2631
 4.2389	15.2619
 4.2354	15.2636
 4.2320	15.2729
 4.2285	15.2741
 4.2251	15.2688
 4.2216	15.2754
 4.2182	15.2829
 4.2148	15.2788
 4.2113	15.2775
 4.2079	15.2797
 4.2045	15.2778
 4.2011	15.2817
 4.1977	15.2841
 4.1943	15.2827
 4.1909	15.2861
 4.1875	15.2929
 4.1841	15.2900
 4.1808	15.2905
 4.1774	15.2929
 4.1740	15.2988
 4.1707	15.3000
 4.1673	15.3095
 4.1640	15.3227
 4.1606	15.3142
 4.1573	15.3071
 4.1540	15.3151
 4.1506	15.3193
 4.1473	15.3242
 4.1440	15.3254
 4.1407	15.3330
 4.1374	15.3296
 4.1341	15.3349
 4.1308	15.3379
 4.1275	15.3374
 4.1242	15.3371
 4.1209	15.3444
 4.1177	15.3491
 4.1144	15.3513
 4.1111	15.3530
 4.1079	15.3518
 4.1046	15.3547
 4.1014	15.3554
 4.0981	15.3725
 4.0949	15.3859
 4.0917	15.3877
 4.0884	15.3818
 4.0852	15.3845
 4.0820	15.3957
 4.0788	15.3977
 4.0756	15.3947
 4.0724	15.3994
 4.0692	15.3972
 4.0660	15.3960
 4.0628	15.3967
 4.0596	15.3986
 4.0565	15.3994
 4.0533	15.3945
 4.0501	15.3869
 4.0470	15.3881
 4.0438	15.3913
 4.0406	15.3950
 4.0375	15.3972
 4.0344	15.3879
 4.0312	15.3877
 4.0281	15.3950
 4.0250	15.4008
 4.0218	15.4028
 4.0187	15.4033
 4.0156	15.4018
 4.0125	15.4038
 4.0094	15.4062
 4.0063	15.4123
 4.0032	15.4130
 4.0001	15.4194
 3.9970	15.4160
 3.9940	15.4174
 3.9909	15.4184
 3.9878	15.4170
 3.9847	15.4150
 3.9817	15.4162
 3.9786	15.4172
 3.9756	15.4277
 3.9725	15.4340
 3.9695	15.4394
 3.9665	15.4458
 3.9634	15.4560
 3.9604	15.4577
 3.9574	15.4546
 3.9544	15.4641
 3.9513	15.4731
 3.9483	15.4755
 3.9453	15.4746
 3.9423	15.4787
 3.9393	15.4719
 3.9363	15.4677
 3.9333	15.4829
 3.9304	15.4873
 3.9274	15.4873
 3.9244	15.4900
 3.9214	15.4870
 3.9185	15.4795
 3.9155	15.4931
 3.9126	15.4941
 3.9096	15.4919
 3.9067	15.4921
 3.9037	15.4934
 3.9008	15.4914
 3.8979	15.4926
 3.8949	15.4958
 3.8920	15.4902
 3.8891	15.4848
 3.8862	15.4895
 3.8833	15.4956
 3.8804	15.4965
 3.8775	15.4900
 3.8746	15.4961
 3.8717	15.5014
 3.8688	15.4973
 3.8659	15.4924
 3.8630	15.4961
 3.8601	15.4965
 3.8573	15.5044
 3.8544	15.5127
 3.8515	15.5058
 3.8487	15.5024
 3.8458	15.5026
 3.8430	15.5058
 3.8401	15.5039
 3.8373	15.5036
 3.8344	15.5107
 3.8316	15.5073
 3.8288	15.5009
 3.8259	15.4953
 3.8231	15.5029
 3.8203	15.5087
 3.8175	15.5092
 3.8147	15.5014
 3.8119	15.5017
 3.8091	15.5078
 3.8063	15.5190
 3.8035	15.5210
 3.8007	15.5163
 3.7979	15.5202
 3.7951	15.5158
 3.7924	15.5139
 3.7896	15.5124
 3.7868	15.5105
 3.7841	15.5139
 3.7813	15.5158
 3.7785	15.5156
 3.7758	15.5073
 3.7730	15.5014
 3.7703	15.5002
 3.7676	15.4885
 3.7648	15.4809
 3.7621	15.4873
 3.7594	15.4941
 3.7566	15.4868
 3.7539	15.4824
 3.7512	15.4870
 3.7485	15.4868
 3.7458	15.4873
 3.7431	15.4917
 3.7404	15.4834
 3.7377	15.4814
 3.7350	15.4807
 3.7323	15.4721
 3.7296	15.4658
 3.7269	15.4560
 3.7242	15.4677
 3.7216	15.4668
 3.7189	15.4609
 3.7162	15.4570
 3.7136	15.4509
 3.7109	15.4467
 3.7083	15.4384
 3.7056	15.4360
 3.7030	15.4433
 3.7003	15.4458
 3.6977	15.4443
 3.6950	15.4370
 3.6924	15.4287
 3.6898	15.4209
 3.6872	15.4204
 3.6845	15.4226
 3.6819	15.4248
 3.6793	15.4213
 3.6767	15.4069
 3.6741	15.4028
 3.6715	15.4013
 3.6689	15.3989
 3.6663	15.3881
 3.6637	15.3808
 3.6611	15.3798
 3.6585	15.3725
 3.6560	15.3657
 3.6534	15.3750
 3.6508	15.3711
 3.6482	15.3613
 3.6457	15.3588
 3.6431	15.3613
 3.6406	15.3686
 3.6380	15.3674
 3.6355	15.3469
 3.6329	15.3300
 3.6304	15.3222
 3.6278	15.3305
 3.6253	15.3227
 3.6227	15.3139
 3.6202	15.3137
 3.6177	15.3159
 3.6152	15.3125
 3.6127	15.3125
 3.6101	15.3046
 3.6076	15.2973
 3.6051	15.2944
 3.6026	15.2905
 3.6001	15.2880
 3.5976	15.2893
 3.5951	15.2795
 3.5926	15.2724
 3.5901	15.2712
 3.5876	15.2705
 3.5852	15.2509
 3.5827	15.2504
 3.5802	15.2558
 3.5777	15.2504
 3.5753	15.2465
 3.5728	15.2478
 3.5704	15.2417
 3.5679	15.2397
 3.5654	15.2358
 3.5630	15.2392
 3.5605	15.2461
 3.5581	15.2363
 3.5557	15.2280
 3.5532	15.2285
 3.5508	15.2182
 3.5484	15.2104
 3.5459	15.2011
 3.5435	15.1855
 3.5411	15.1811
 3.5387	15.1816
 3.5363	15.1806
 3.5338	15.1767
 3.5314	15.1655
 3.5290	15.1577
 3.5266	15.1474
 3.5242	15.1484
 3.5218	15.1611
 3.5195	15.1601
 3.5171	15.1587
 3.5147	15.1621
 3.5123	15.1525
 3.5099	15.1450
 3.5075	15.1428
 3.5052	15.1474
 3.5028	15.1513
 3.5004	15.1450
 3.4981	15.1435
 3.4957	15.1547
 3.4934	15.1567
 3.4910	15.1421
 3.4887	15.1254
 3.4863	15.1167
 3.4840	15.1191
 3.4816	15.1128
 3.4793	15.1096
 3.4770	15.1076
 3.4746	15.1069
 3.4723	15.0971
 3.4700	15.0864
 3.4677	15.0786
 3.4653	15.0654
 3.4630	15.0551
 3.4607	15.0488
 3.4584	15.0390
 3.4561	15.0405
 3.4538	15.0385
 3.4515	15.0249
 3.4492	15.0092
 3.4469	15.0061
 3.4446	15.0019
 3.4423	14.9941
 3.4400	14.9907
 3.4378	14.9897
 3.4355	14.9824
 3.4332	14.9838
 3.4309	14.9809
 3.4287	14.9653
 3.4264	14.9658
 3.4241	14.9853
 3.4219	14.9902
 3.4196	14.9936
 3.4174	15.0024
 3.4151	15.0004
 3.4129	14.9868
 3.4106	14.9702
 3.4084	14.9546
 3.4061	14.9585
 3.4039	14.9589
 3.4017	14.9404
 3.3994	14.9194
 3.3972	14.8979
 3.3950	14.8867
 3.3928	14.8667
 3.3906	14.8613
 3.3883	14.8520
 3.3861	14.8471
 3.3839	14.8349
 3.3817	14.8291
 3.3795	14.8266
 3.3773	14.8315
 3.3751	14.8320
 3.3729	14.8403
 3.3707	14.8296
 3.3685	14.8247
 3.3663	14.8086
 3.3641	14.7812
 3.3620	14.7622
 3.3598	14.7480
 3.3576	14.7295
 3.3554	14.7026
 3.3533	14.6855
 3.3511	14.6777
 3.3489	14.6543
 3.3468	14.6320
 3.3446	14.6181
 3.3425	14.5966
 3.3403	14.5903
 3.3382	14.5810
 3.3360	14.5673
 3.3339	14.5444
 3.3317	14.5210
 3.3296	14.5019
 3.3274	14.4878
 3.3253	14.4775
 3.3232	14.4658
 3.3210	14.4477
 3.3189	14.4355
 3.3168	14.4282
 3.3147	14.4140
 3.3126	14.4038
 3.3104	14.3969
 3.3083	14.3689
 3.3062	14.3559
 3.3041	14.3479
 3.3020	14.3376
 3.2999	14.3125
 3.2978	14.3029
 3.2957	14.2983
 3.2936	14.2859
 3.2915	14.2631
 3.2894	14.2448
 3.2874	14.2312
 3.2853	14.2116
 3.2832	14.1975
 3.2811	14.1928
 3.2790	14.1843
 3.2770	14.1552
 3.2749	14.1360
 3.2728	14.1218
 3.2708	14.1091
 3.2687	14.0976
 3.2666	14.0832
 3.2646	14.0695
 3.2625	14.0539
 3.2605	14.0380
 3.2584	14.0136
 3.2564	13.9934
 3.2543	13.9729
 3.2523	13.9594
 3.2503	13.9431
 3.2482	13.9238
 3.2462	13.9087
 3.2442	13.8989
 3.2421	13.8911
 3.2401	13.8762
 3.2381	13.8603
 3.2361	13.8430
 3.2340	13.8232
 3.2320	13.8064
 3.2300	13.7920
 3.2280	13.7756
 3.2260	13.7595
 3.2240	13.7385
 3.2220	13.7268
 3.2200	13.7060
 3.2180	13.6838
 3.2160	13.6757
 3.2140	13.6613
 3.2120	13.6455
 3.2100	13.6289
 3.2080	13.6162
 3.2060	13.6079
 3.2040	13.5866
 3.2021	13.5683
 3.2001	13.5473
 3.1981	13.5344
 3.1961	13.5322
 3.1942	13.5083
 3.1922	13.4926
 3.1902	13.4868
 3.1883	13.4829
 3.1863	13.4653
 3.1844	13.4467
 3.1824	13.4362
 3.1805	13.4245
 3.1785	13.4082
 3.1766	13.3881
 3.1746	13.3745
 3.1727	13.3657
 3.1707	13.3552
 3.1688	13.3354
 3.1669	13.3176
 3.1649	13.3090
 3.1630	13.2968
 3.1611	13.2729
 3.1591	13.2595
 3.1572	13.2524
 3.1553	13.2356
 3.1534	13.2238
 3.1515	13.2170
 3.1495	13.2063
 3.1476	13.1867
 3.1457	13.1740
 3.1438	13.1662
 3.1419	13.1584
 3.1400	13.1582
 3.1381	13.1518
 3.1362	13.1399
 3.1343	13.1091
 3.1324	13.0935
 3.1305	13.0861
 3.1286	13.0791
 3.1268	13.0752
 3.1249	13.0588
 3.1230	13.0356
 3.1211	13.0317
 3.1192	13.0180
 3.1174	13.0053
 3.1155	12.9834
 3.1136	12.9543
 3.1117	12.9538
 3.1099	12.9502
 3.1080	12.9433
 3.1061	12.9406
 3.1043	12.9199
 3.1024	12.9016
 3.1006	12.8947
 3.0987	12.8789
 3.0969	12.8667
 3.0950	12.8637
 3.0932	12.8491
 3.0913	12.8296
 3.0895	12.8176
 3.0876	12.8059
 3.0858	12.7873
 3.0840	12.7751
 3.0821	12.7744
 3.0803	12.7544
 3.0785	12.7339
 3.0766	12.7258
 3.0748	12.7111
 3.0730	12.6933
 3.0712	12.6816
 3.0694	12.6809
 3.0675	12.6682
 3.0657	12.6425
 3.0639	12.6318
 3.0621	12.6225
 3.0603	12.6040
 3.0585	12.6069
 3.0567	12.5864
 3.0549	12.5832
 3.0531	12.5908
 3.0513	12.5793
 3.0495	12.5637
 3.0477	12.5529
 3.0459	12.5366
 3.0441	12.5227
 3.0423	12.5056
 3.0406	12.5078
 3.0388	12.5019
 3.0370	12.4956
 3.0352	12.4978
 3.0334	12.4941
 3.0317	12.4846
 3.0299	12.4780
 3.0281	12.4756
 3.0264	12.4609
 3.0246	12.4611
 3.0228	12.4648
 3.0211	12.4524
 3.0193	12.4414
 3.0176	12.4377
 3.0158	12.4182
 3.0140	12.4140
 3.0123	12.4116
 3.0105	12.4008
 3.0088	12.3947
 3.0070	12.3862
 3.0053	12.3703
 3.0036	12.3520
 3.0018	12.3569
 3.0001	12.3593
 2.9984	12.3332
 2.9966	12.3335
 2.9949	12.3349
 2.9932	12.3213
 2.9914	12.3127
 2.9897	12.3086
 2.9880	12.2961
 2.9863	12.2710
 2.9845	12.2739
 2.9828	12.2641
 2.9811	12.2483
 2.9794	12.2299
 2.9777	12.2036
 2.9760	12.1992
 2.9743	12.1826
 2.9726	12.1701
 2.9709	12.1526
 2.9692	12.1299
 2.9675	12.1113
 2.9658	12.0952
 2.9641	12.0822
 2.9624	12.0686
 2.9607	12.0608
 2.9590	12.0415
 2.9573	12.0276
 2.9556	12.0112
 2.9539	11.9970
 2.9523	11.9956
 2.9506	11.9868
 2.9489	11.9590
 2.9472	11.9467
 2.9455	11.9436
 2.9439	11.9389
 2.9422	11.9184
 2.9405	11.8842
 2.9389	11.8794
 2.9372	11.8759
 2.9355	11.8623
 2.9339	11.8427
 2.9322	11.8457
 2.9306	11.8408
 2.9289	11.8125
 2.9272	11.8076
 2.9256	11.8012
 2.9239	11.7932
 2.9223	11.7783
 2.9207	11.7622
 2.9190	11.7541
 2.9174	11.7549
 2.9157	11.7461
 2.9141	11.7256
 2.9124	11.7002
 2.9108	11.7177
 2.9092	11.7187
 2.9075	11.7102
 2.9059	11.7033
 2.9043	11.6904
 2.9027	11.6867
 2.9010	11.6836
 2.8994	11.6801
 2.8978	11.6653
 2.8962	11.6604
 2.8946	11.6572
 2.8929	11.6474
 2.8913	11.6206
 2.8897	11.6125
 2.8881	11.6152
 2.8865	11.6037
 2.8849	11.5910
 2.8833	11.5840
 2.8817	11.5764
 2.8801	11.5520
 2.8785	11.5356
 2.8769	11.5468
 2.8753	11.5334
 2.8737	11.5139
 2.8721	11.4963
 2.8705	11.5000
 2.8689	11.4995
 2.8673	11.4973
 2.8658	11.4785
 2.8642	11.4795
 2.8626	11.4892
 2.8610	11.4843
 2.8594	11.4633
 2.8579	11.4543
 2.8563	11.4494
 2.8547	11.4416
 2.8531	11.4394
 2.8516	11.4397
 2.8500	11.4338
 2.8484	11.4277
 2.8469	11.4233
 2.8453	11.4121
 2.8437	11.4033
 2.8422	11.4072
 2.8406	11.3955
 2.8391	11.3725
 2.8375	11.3711
 2.8360	11.3857
 2.8344	11.3769
 2.8329	11.3557
 2.8313	11.3510
 2.8298	11.3371
 2.8282	11.3244
 2.8267	11.3252
 2.8252	11.3166
 2.8236	11.3095
 2.8221	11.3061
 2.8205	11.2885
 2.8190	11.2834
 2.8175	11.3000
 2.8159	11.3086
 2.8144	11.2920
 2.8129	11.2861
 2.8114	11.2981
 2.8098	11.2890
 2.8083	11.2802
 2.8068	11.2749
 2.8053	11.2851
 2.8038	11.2832
 2.8022	11.2817
 2.8007	11.2932
 2.7992	11.2932
 2.7977	11.2883
 2.7962	11.2922
 2.7947	11.3144
 2.7932	11.2944
 2.7917	11.2871
 2.7902	11.2832
 2.7887	11.2854
 2.7872	11.2939
 2.7857	11.3059
 2.7842	11.3047
 2.7827	11.3076
 2.7812	11.3203
 2.7797	11.3225
 2.7782	11.3235
 2.7767	11.3254
 2.7752	11.3603
 2.7738	11.3818
 2.7723	11.3940
 2.7708	11.4111
 2.7693	11.4321
 2.7678	11.4560
 2.7664	11.4624
 2.7649	11.4653
 2.7634	11.4751
 2.7619	11.5019
 2.7605	11.5217
 2.7590	11.5405
 2.7575	11.5490
 2.7561	11.5488
 2.7546	11.5842
 2.7531	11.6347
 2.7517	11.6635
 2.7502	11.6914
 2.7488	11.7121
 2.7473	11.7317
 2.7458	11.7607
 2.7444	11.7783
 2.7429	11.8047
 2.7415	11.8349
 2.7400	11.8625
 2.7386	11.9016
 2.7371	11.9231
 2.7357	11.9306
 2.7343	11.9651
 2.7328	12.0215
 2.7314	12.0459
 2.7299	12.0771
 2.7285	12.1076
 2.7271	12.1425
 2.7256	12.1621
 2.7242	12.1977
 2.7228	12.2365
 2.7213	12.2695
 2.7199	12.3164
 2.7185	12.3642
 2.7171	12.4006
 2.7156	12.4182
 2.7142	12.4543
 2.7128	12.4690
 2.7114	12.4817
 2.7100	12.5215
 2.7085	12.5656
 2.7071	12.5764
 2.7057	12.5908
 2.7043	12.6242
 2.7029	12.6523
 2.7015	12.6545
 2.7001	12.6740
 2.6987	12.6965
 2.6973	12.7050
 2.6959	12.7102
 2.6945	12.7109
 2.6931	12.7207
 2.6917	12.7470
 2.6903	12.7541
 2.6889	12.7580
 2.6875	12.7724
 2.6861	12.7793
 2.6847	12.7802
 2.6833	12.7873
 2.6819	12.7890
 2.6805	12.7746
 2.6791	12.7639
 2.6778	12.7734
 2.6764	12.7590
 2.6750	12.7619
 2.6736	12.7783
 2.6722	12.7678
 2.6709	12.7451
 2.6695	12.7461
 2.6681	12.7675
 2.6667	12.7353
 2.6654	12.7080
 2.6640	12.7202
 2.6626	12.7236
 2.6613	12.7114
 2.6599	12.7046
 2.6585	12.7197
 2.6572	12.7041
 2.6558	12.6904
 2.6545	12.6953
 2.6531	12.6777
 2.6517	12.6757
 2.6504	12.6943
 2.6490	12.6743
 2.6477	12.6567
 2.6463	12.6494
 2.6450	12.6528
 2.6436	12.6548
 2.6423	12.6538
 2.6409	12.6377
 2.6396	12.6323
 2.6382	12.6167
 2.6369	12.6235
 2.6356	12.6250
 2.6342	12.6255
 2.6329	12.6113
 2.6315	12.5986
 2.6302	12.5952
 2.6289	12.5830
 2.6275	12.5620
 2.6262	12.5576
 2.6249	12.5727
 2.6236	12.5796
 2.6222	12.5727
 2.6209	12.5488
 2.6196	12.5219
 2.6183	12.5185
 2.6169	12.5166
 2.6156	12.5341
 2.6143	12.5239
 2.6130	12.4961
 2.6117	12.4956
 2.6103	12.5029
 2.6090	12.4775
 2.6077	12.4599
 2.6064	12.4463
 2.6051	12.4384
 2.6038	12.4482
 2.6025	12.4438
 2.6012	12.4355
 2.5999	12.4424
 2.5986	12.4394
 2.5973	12.4160
 2.5960	12.4077
 2.5947	12.3974
 2.5934	12.4052
 2.5921	12.4160
 2.5908	12.4028
 2.5895	12.3916
 2.5882	12.4106
 2.5869	12.3867
 2.5856	12.3642
 2.5843	12.3462
 2.5830	12.3501
 2.5817	12.3628
 2.5805	12.3315
 2.5792	12.3471
 2.5779	12.3584
 2.5766	12.3232
 2.5753	12.3257
 2.5741	12.3257
 2.5728	12.3252
 2.5715	12.3296
 2.5702	12.3174
 2.5690	12.3144
 2.5677	12.3139
 2.5664	12.2964
 2.5651	12.2734
 2.5639	12.2763
 2.5626	12.2807
 2.5613	12.2588
 2.5601	12.2656
 2.5588	12.2837
 2.5575	12.2754
 2.5563	12.2519
 2.5550	12.2431
 2.5538	12.2446
 2.5525	12.2441
 2.5513	12.2412
 2.5500	12.2309
 2.5487	12.2314
 2.5475	12.2456
 2.5462	12.2480
 2.5450	12.2309
 2.5437	12.2226
 2.5425	12.2148
 2.5413	12.2055
 2.5400	12.2070
 2.5388	12.1982
 2.5375	12.1938
 2.5363	12.1797
 2.5350	12.1723
 2.5338	12.1845
 2.5326	12.1787
 2.5313	12.1801
 2.5301	12.1748
 2.5289	12.1650
 2.5276	12.1562
 2.5264	12.1396
 2.5252	12.1396
 2.5239	12.1465
 2.5227	12.1172
 2.5215	12.1172
 2.5202	12.1357
 2.5190	12.1279
 2.5178	12.1455
 2.5166	12.1240
 2.5154	12.1098
 2.5141	12.0898
 2.5129	12.0840
 2.5117	12.0903
 2.5105	12.0947
 2.5093	12.0986
 2.5081	12.0927
 2.5068	12.0864
 2.5056	12.0879
 2.5044	12.0630
 2.5032	12.0566
 2.5020	12.0761
 2.5008	12.0781
 2.4996	12.0644
 2.4984	12.0512
 2.4972	12.0527
 2.4960	12.0400
 2.4948	12.0517
 2.4936	12.0351
 2.4924	12.0317
 2.4912	12.0356
 2.4900	12.0400
 2.4888	12.0180
 2.4876	11.9887
 2.4864	11.9736
 2.4852	11.9668
 2.4840	11.9550
 2.4828	11.9580
 2.4816	11.9712
 2.4805	11.9751
 2.4793	11.9594
 2.4781	11.9365
 2.4769	11.9438
 2.4757	11.9394
 2.4745	11.9306
 2.4734	11.9282
 2.4722	11.9394
 2.4710	11.9228
 2.4698	11.8984
 2.4686	11.8828
 2.4675	11.8813
 2.4663	11.8691
 2.4651	11.8579
 2.4640	11.8359
 2.4628	11.8305
 2.4616	11.8330
 2.4604	11.8466
 2.4593	11.8559
 2.4581	11.8540
 2.4569	11.8691
 2.4558	11.8462
 2.4546	11.8369
 2.4535	11.8579
 2.4523	11.8554
 2.4511	11.8423
 2.4500	11.8442
 2.4488	11.8369
 2.4477	11.8164
 2.4465	11.8149
 2.4454	11.8115
 2.4442	11.7837
 2.4431	11.7783
 2.4419	11.7798
 2.4408	11.7822
 2.4396	11.7641
 2.4385	11.7466
 2.4373	11.7236
 2.4362	11.7422
 2.4350	11.7851
 2.4339	11.7705
 2.4327	11.7158
 2.4316	11.7275
 2.4305	11.7666
 2.4293	11.7485
 2.4282	11.7212
 2.4270	11.7187
 2.4259	11.7212
 2.4248	11.7207
 2.4236	11.7002
 2.4225	11.6679
 2.4214	11.6904
 2.4202	11.7197
 2.4191	11.6977
 2.4180	11.6982
 2.4169	11.7192
 2.4157	11.7016
 2.4146	11.7011
 2.4135	11.6977
 2.4124	11.6860
 2.4112	11.6953
 2.4101	11.7129
 2.4090	11.7109
 2.4079	11.6855
 2.4068	11.6758
 2.4056	11.6880
 2.4045	11.6963
 2.4034	11.7119
 2.4023	11.7055
 2.4012	11.6718
 2.4001	11.6880
 2.3990	11.7016
 2.3979	11.6821
 2.3967	11.6640
 2.3956	11.6684
 2.3945	11.6450
 2.3934	11.6294
 2.3923	11.6430
 2.3912	11.6391
 2.3901	11.6455
 2.3890	11.6484
 2.3879	11.6465
 2.3868	11.6435
 2.3857	11.6450
 2.3846	11.6406
 2.3835	11.6626
 2.3824	11.6826
 2.3813	11.6631
 2.3802	11.6762
 2.3791	11.6723
 2.3781	11.6640
 2.3770	11.6543
 2.3759	11.6406
 2.3748	11.6289
 2.3737	11.6626
 2.3726	11.6562
 2.3715	11.6587
 2.3704	11.6606
 2.3694	11.6533
 2.3683	11.6377
 2.3672	11.6196
 2.3661	11.6367
 2.3650	11.6411
 2.3640	11.6035
 2.3629	11.6137
 2.3618	11.6020
 2.3607	11.5981
 2.3597	11.6216
 2.3586	11.6469
 2.3575	11.6465
 2.3564	11.6587
 2.3554	11.6489
 2.3543	11.6328
 2.3532	11.6255
 2.3522	11.6250
 2.3511	11.6445
 2.3500	11.6430
 2.3490	11.6313
 2.3479	11.6469
 2.3468	11.6450
 2.3458	11.6313
 2.3447	11.6216
 2.3436	11.6255
 2.3426	11.6352
 2.3415	11.6176
 2.3405	11.6313
 2.3394	11.6328
 2.3384	11.6274
 2.3373	11.6347
 2.3363	11.6098
 2.3352	11.6020
 2.3342	11.6133
 2.3331	11.6269
 2.3321	11.5967
 2.3310	11.6333
 2.3300	11.6411
 2.3289	11.6455
 2.3279	11.6064
 2.3268	11.6333
 2.3258	11.6391
 2.3247	11.6269
 2.3237	11.6059
 2.3226	11.6040
 2.3216	11.6074
 2.3206	11.6113
 2.3195	11.6157
 2.3185	11.6333
 2.3175	11.6133
 2.3164	11.6216
 2.3154	11.6269
 2.3144	11.6216
 2.3133	11.6406
 2.3123	11.6484
 2.3113	11.6294
 2.3102	11.6411
 2.3092	11.6176
 2.3082	11.5962
 2.3071	11.6113
 2.3061	11.6328
 2.3051	11.6567
 2.3041	11.6704
 2.3030	11.6548
 2.3020	11.6269
 2.3010	11.6465
 2.3000	11.6718
 2.2990	11.6704
 2.2979	11.6504
 2.2969	11.6528
 2.2959	11.6386
 2.2949	11.6035
 2.2939	11.6079
 2.2929	11.6133
 2.2918	11.6255
 2.2908	11.6352
 2.2898	11.6508
 2.2888	11.6465
 2.2878	11.6411
 2.2868	11.5996
 2.2858	11.6113
 2.2848	11.6093
 2.2838	11.6469
 2.2828	11.6465
 2.2818	11.6455
 2.2808	11.6220
 2.2798	11.6054
 2.2787	11.6250
 2.2777	11.6494
 2.2767	11.6601
 2.2757	11.6591
 2.2747	11.6308
 2.2738	11.6377
 2.2728	11.6289
 2.2718	11.6172
 2.2708	11.6093
 2.2698	11.6211
 2.2688	11.6504
 2.2678	11.6318
 2.2668	11.6015
 2.2658	11.6201
 2.2648	11.6338
 2.2638	11.6230
 2.2628	11.6162
 2.2618	11.6220
 2.2609	11.6445
 2.2599	11.6494
 2.2589	11.6513
 2.2579	11.6123
 2.2569	11.6045
 2.2559	11.6172
 2.2550	11.6279
 2.2540	11.6279
 2.2530	11.6347
 2.2520	11.6191
 2.2510	11.5830
 2.2501	11.5752
 2.2491	11.5713
 2.2481	11.5742
 2.2471	11.5898
 2.2462	11.6035
 2.2452	11.5986
 2.2442	11.5781
 2.2433	11.5566
 2.2423	11.5488
 2.2413	11.5595
 2.2403	11.5722
 2.2394	11.5820
 2.2384	11.5752
 2.2374	11.5869
 2.2365	11.5683
 2.2355	11.5586
 2.2345	11.6103
 2.2336	11.6367
 2.2326	11.6093
 2.2317	11.5898
 2.2307	11.5918
 2.2297	11.5908
 2.2288	11.5576
 2.2278	11.5390
 2.2269	11.5586
 2.2259	11.6113
 2.2250	11.6123
 2.2240	11.5713
 2.2231	11.5674
 2.2221	11.5918
 2.2211	11.5947
 2.2202	11.5683
 2.2192	11.5595
 2.2183	11.5674
 2.2173	11.5752
 2.2164	11.5957
 2.2155	11.5879
 2.2145	11.5781
 2.2136	11.5605
 2.2126	11.5332
 2.2117	11.5634
 2.2107	11.5537
 2.2098	11.5078
 2.2088	11.5410
 2.2079	11.5459
 2.2070	11.5429
 2.2060	11.5625
 2.2051	11.5722
 2.2041	11.5293
 2.2032	11.5449
 2.2023	11.5654
 2.2013	11.5537
 2.2004	11.5644
 2.1995	11.5595
 2.1985	11.5332
 2.1976	11.5322
 2.1967	11.5498
 2.1957	11.5420
 2.1948	11.5605
 2.1939	11.5390
 2.1930	11.5175
 2.1920	11.5361
 2.1911	11.5732
 2.1902	11.5517
 2.1893	11.5400
 2.1883	11.5420
 2.1874	11.5312
 2.1865	11.5263
 2.1856	11.5449
 2.1846	11.5820
 2.1837	11.5752
 2.1828	11.5322
 2.1819	11.5215
 2.1810	11.5175
 2.1800	11.5263
 2.1791	11.5195
 2.1782	11.5127
 2.1773	11.5439
 2.1764	11.5351
 2.1755	11.5273
 2.1746	11.5429
 2.1736	11.5556
 2.1727	11.5361
 2.1718	11.5215
 2.1709	11.5371
 2.1700	11.5742
 2.1691	11.5918
 2.1682	11.5400
 2.1673	11.5175
 2.1664	11.5488
 2.1655	11.5586
 2.1646	11.5468
 2.1637	11.5175
 2.1628	11.4736
 2.1619	11.4931
 2.1610	11.5127
 2.1601	11.5117
 2.1592	11.5117
 2.1583	11.5283
 2.1574	11.5205
 2.1565	11.5283
 2.1556	11.5175
 2.1547	11.5175
 2.1538	11.5312
 2.1529	11.5088
 2.1520	11.4756
 2.1511	11.5097
 2.1502	11.5166
 2.1493	11.5019
 2.1484	11.4970
 2.1475	11.5088
 2.1466	11.4785
 2.1458	11.4707
 2.1449	11.5009
 2.1440	11.5117
 2.1431	11.5136
 2.1422	11.4961
 2.1413	11.5009
 2.1404	11.4853
 2.1396	11.4511
 2.1387	11.4629
 2.1378	11.4824
 2.1369	11.5058
 2.1360	11.5117
 2.1352	11.5127
 2.1343	11.5058
 2.1334	11.5312
 2.1325	11.5254
 2.1316	11.4892
 2.1308	11.4941
 2.1299	11.5000
 2.1290	11.5039
 2.1281	11.5136
 2.1273	11.4765
 2.1264	11.4892
 2.1255	11.4902
 2.1247	11.4804
 2.1238	11.4922
 2.1229	11.5312
 2.1220	11.5205
 2.1212	11.5215
 2.1203	11.5322
 2.1194	11.5459
 2.1186	11.5410
 2.1177	11.5234
 2.1168	11.5127
 2.1160	11.5371
 2.1151	11.5488
 2.1143	11.5586
 2.1134	11.5254
 2.1125	11.5009
 2.1117	11.4980
 2.1108	11.5244
 2.1100	11.4941
 2.1091	11.5009
 2.1082	11.4883
 2.1074	11.4736
 2.1065	11.4941
 2.1057	11.4765
 2.1048	11.4863
 2.1040	11.4629
 2.1031	11.4775
 2.1023	11.4824
 2.1014	11.4892
 2.1005	11.4648
 2.0997	11.4140
 2.0988	11.4101
 2.0980	11.4453
 2.0971	11.4648
 2.0963	11.4629
 2.0955	11.4531
 2.0946	11.4648
 2.0938	11.4746
 2.0929	11.4570
 2.0921	11.4590
 2.0912	11.4687
 2.0904	11.4961
 2.0895	11.4658
 2.0887	11.4590
 2.0879	11.4902
 2.0870	11.4814
 2.0862	11.4804
 2.0853	11.4687
 2.0845	11.4531
 2.0837	11.4902
 2.0828	11.4853
 2.0820	11.4609
 2.0812	11.4472
 2.0803	11.4648
 2.0795	11.4238
