Name: Erionite (K2,Ca,Na2)2Al4Si14O36.15H2O
Type: Mineral
Class: Silicate
Subclass: Tectosilicate
Particle Size: Solid
Sample No.: erionite_1
Owner: JHU
Wavelength Range: TIR
Origin: Donated by W. J. Ehmann;  Sample #15 from Rome, Oregon.
Collection Date: N/A
Description: The hand sample was a cream-colored, earthy mass.  As a result, the "solid" sample had very weak reststrahlen bands.  Petrographically the sample appeared to be pure.Sample was earthy surface.(Zeolite Group) Original ASTER Spectral Library name was jhu.nicolet.mineral.silicate.tectosilicate.solid.erioni1.spectrum.txt
Measurement: Bidirectional reflectance
First Column: X
Second Column: Y
X Units: Wavelength (micrometers)
Y Units:Reflectance (percent)
First X Value: 25.0442
Last X Value:  2.0795
Number of X Values: 2287
Additional Information: mineral.silicate.tectosilicate.solid.tir.erionite_1.jhu.nicolet.ancillary.txt

25.0442	 2.3887
24.9238	 2.3420
24.8045	 2.1223
24.6864	 2.1313
24.5694	 2.1924
24.4536	 2.1694
24.3388	 2.1792
24.2250	 2.2456
24.1124	 2.2344
24.0007	 2.1865
23.8901	 2.1926
23.7805	 2.2058
23.6719	 2.3894
23.5643	 2.6182
23.4577	 2.6309
23.3520	 2.5254
23.2473	 2.4946
23.1435	 2.5518
23.0407	 2.5801
22.9387	 2.6443
22.8377	 2.6704
22.7375	 2.7117
22.6382	 2.7456
22.5398	 2.7314
22.4422	 2.5644
22.3455	 2.4673
22.2496	 2.5437
22.1545	 2.5713
22.0602	 2.5190
21.9668	 2.4971
21.8741	 2.4678
21.7822	 2.4585
21.6910	 2.5464
21.6007	 2.5979
21.5110	 2.6167
21.4221	 2.6562
21.3340	 2.6916
21.2465	 2.7046
21.1598	 2.7339
21.0738	 2.6699
20.9885	 2.5764
20.9038	 2.5171
20.8199	 2.4536
20.7366	 2.3557
20.6540	 2.2578
20.5720	 2.1760
20.4907	 2.0974
20.4100	 1.9648
20.3300	 1.8542
20.2506	 1.7847
20.1718	 1.7290
20.0936	 1.6863
20.0160	 1.6726
19.9391	 1.5784
19.8627	 1.4673
19.7869	 1.4412
19.7116	 1.4399
19.6370	 1.4214
19.5628	 1.4204
19.4893	 1.3716
19.4163	 1.3188
19.3439	 1.2920
19.2719	 1.2703
19.2006	 1.2285
19.1297	 1.2100
19.0594	 1.2400
18.9896	 1.2808
18.9203	 1.2644
18.8515	 1.2297
18.7832	 1.2131
18.7153	 1.1816
18.6480	 1.1631
18.5812	 1.1638
18.5148	 1.1802
18.4489	 1.1860
18.3835	 1.1682
18.3185	 1.1360
18.2541	 1.1060
18.1900	 1.0923
18.1264	 1.1045
18.0633	 1.1223
18.0005	 1.1433
17.9382	 1.1121
17.8764	 1.0720
17.8150	 1.0662
17.7539	 1.0615
17.6934	 1.0701
17.6332	 1.0979
17.5734	 1.1260
17.5140	 1.0915
17.4551	 1.1077
17.3965	 1.1453
17.3383	 1.1138
17.2805	 1.0793
17.2231	 1.0798
17.1661	 1.0867
17.1094	 1.0388
17.0531	 1.0154
16.9972	 1.0378
16.9417	 1.0325
16.8865	 1.0217
16.8317	 1.0188
16.7772	 1.0193
16.7231	 1.0339
16.6693	 1.0288
16.6159	 1.0159
16.5628	 1.0159
16.5100	 1.0190
16.4576	 1.0225
16.4055	 1.0439
16.3538	 1.0688
16.3024	 1.0425
16.2513	 1.0444
16.2005	 1.0674
16.1500	 1.0398
16.0998	 1.0271
16.0500	 1.0625
16.0005	 1.0586
15.9513	 1.0693
15.9023	 1.0952
15.8537	 1.0635
15.8054	 1.0295
15.7573	 1.0212
15.7096	 1.0134
15.6621	 1.0078
15.6149	 0.9983
15.5680	 0.9890
15.5214	 0.9778
15.4751	 0.9939
15.4290	 0.9817
15.3832	 0.9529
15.3377	 0.9675
15.2925	 0.9629
15.2475	 0.9678
15.2028	 0.9885
15.1583	 1.0012
15.1141	 1.0164
15.0702	 1.0532
15.0265	 1.0496
14.9831	 1.0496
14.9399	 1.0603
14.8970	 1.0642
14.8543	 1.0649
14.8119	 1.0757
14.7697	 1.0881
14.7277	 1.0847
14.6860	 1.0747
14.6445	 1.1006
14.6033	 1.1074
14.5622	 1.1011
14.5214	 1.1235
14.4809	 1.1431
14.4405	 1.1467
14.4004	 1.1313
14.3605	 1.1396
14.3209	 1.1487
14.2814	 1.1501
14.2422	 1.1470
14.2032	 1.1431
14.1643	 1.1560
14.1258	 1.1616
14.0874	 1.1572
14.0492	 1.1758
14.0112	 1.1694
13.9734	 1.1396
13.9359	 1.1445
13.8985	 1.1465
13.8614	 1.1399
13.8244	 1.1455
13.7876	 1.1631
13.7511	 1.1536
13.7147	 1.1523
13.6785	 1.1592
13.6425	 1.1428
13.6067	 1.1316
13.5711	 1.1287
13.5356	 1.1531
13.5004	 1.1975
13.4653	 1.2097
13.4304	 1.2046
13.3957	 1.2117
13.3612	 1.2241
13.3269	 1.2095
13.2927	 1.2263
13.2587	 1.2659
13.2249	 1.2773
13.1912	 1.2527
13.1577	 1.2605
13.1244	 1.2676
13.0913	 1.2563
13.0583	 1.2444
13.0255	 1.2546
12.9929	 1.2546
12.9604	 1.2375
12.9281	 1.2314
12.8959	 1.2295
12.8639	 1.2136
12.8321	 1.2080
12.8004	 1.2017
12.7688	 1.1863
12.7375	 1.1709
12.7063	 1.1497
12.6752	 1.1453
12.6443	 1.1296
12.6135	 1.1235
12.5829	 1.1140
12.5524	 1.1135
12.5221	 1.1362
12.4919	 1.1724
12.4619	 1.2036
12.4320	 1.2519
12.4023	 1.3003
12.3727	 1.3518
12.3432	 1.4106
12.3139	 1.4897
12.2847	 1.5654
12.2557	 1.6255
12.2268	 1.6821
12.1980	 1.7275
12.1694	 1.8052
12.1409	 1.8992
12.1125	 1.9363
12.0843	 1.9692
12.0562	 2.0308
12.0282	 2.0937
12.0004	 2.1455
11.9726	 2.1960
11.9450	 2.2554
11.9176	 2.3086
11.8903	 2.3315
11.8631	 2.3701
11.8360	 2.4231
11.8090	 2.4504
11.7822	 2.4856
11.7555	 2.5278
11.7289	 2.5571
11.7024	 2.5818
11.6760	 2.5976
11.6498	 2.5974
11.6237	 2.6052
11.5977	 2.6304
11.5718	 2.6418
11.5460	 2.6345
11.5203	 2.6577
11.4948	 2.6821
11.4694	 2.6990
11.4440	 2.7241
11.4188	 2.7158
11.3937	 2.7200
11.3688	 2.7505
11.3439	 2.7893
11.3191	 2.8132
11.2944	 2.8337
11.2699	 2.8608
11.2455	 2.8909
11.2211	 2.9231
11.1969	 2.9548
11.1727	 2.9780
11.1487	 2.9785
11.1248	 2.9976
11.1010	 3.0308
11.0773	 3.0229
11.0536	 3.0151
11.0301	 3.0432
11.0067	 3.0427
10.9834	 3.0220
10.9602	 3.0281
10.9370	 3.0395
10.9140	 3.0288
10.8911	 3.0303
10.8682	 3.0356
10.8455	 3.0203
10.8229	 3.0129
10.8003	 3.0068
10.7779	 2.9785
10.7555	 2.9502
10.7332	 2.9487
10.7111	 2.9441
10.6890	 2.9087
10.6670	 2.8796
10.6451	 2.8596
10.6233	 2.8166
10.6015	 2.7759
10.5799	 2.7617
10.5584	 2.7441
10.5369	 2.7192
10.5155	 2.6929
10.4942	 2.6665
10.4730	 2.6392
10.4519	 2.6143
10.4309	 2.5915
10.4099	 2.5813
10.3891	 2.5835
10.3683	 2.5659
10.3476	 2.5366
10.3270	 2.5351
10.3065	 2.5293
10.2860	 2.5083
10.2656	 2.4932
10.2454	 2.4810
10.2251	 2.4546
10.2050	 2.4206
10.1850	 2.4141
10.1650	 2.4131
10.1451	 2.3916
10.1253	 2.3767
10.1056	 2.3777
10.0859	 2.3730
10.0663	 2.3735
10.0468	 2.3831
10.0274	 2.3901
10.0080	 2.3877
 9.9887	 2.4045
 9.9695	 2.4314
 9.9504	 2.4460
 9.9313	 2.4631
 9.9123	 2.4878
 9.8934	 2.5046
 9.8746	 2.5254
 9.8558	 2.5557
 9.8371	 2.5850
 9.8185	 2.6155
 9.7999	 2.6533
 9.7814	 2.6919
 9.7630	 2.7173
 9.7447	 2.7466
 9.7264	 2.7915
 9.7082	 2.8298
 9.6900	 2.8528
 9.6719	 2.8923
 9.6539	 2.9346
 9.6360	 2.9514
 9.6181	 2.9790
 9.6003	 3.0149
 9.5825	 3.0400
 9.5649	 3.0659
 9.5472	 3.0911
 9.5297	 3.1059
 9.5122	 3.1235
 9.4948	 3.1443
 9.4774	 3.1450
 9.4601	 3.1506
 9.4429	 3.1638
 9.4257	 3.1719
 9.4086	 3.1572
 9.3916	 3.1504
 9.3746	 3.1506
 9.3577	 3.1421
 9.3408	 3.1140
 9.3240	 3.0862
 9.3073	 3.0688
 9.2906	 3.0456
 9.2740	 3.0195
 9.2574	 2.9912
 9.2409	 2.9560
 9.2245	 2.9167
 9.2081	 2.8779
 9.1918	 2.8340
 9.1755	 2.7900
 9.1593	 2.7554
 9.1431	 2.7141
 9.1270	 2.6623
 9.1110	 2.6182
 9.0950	 2.5801
 9.0791	 2.5251
 9.0632	 2.4810
 9.0474	 2.4490
 9.0316	 2.3989
 9.0159	 2.3474
 9.0003	 2.3191
 8.9847	 2.2881
 8.9691	 2.2458
 8.9536	 2.2190
 8.9382	 2.1965
 8.9228	 2.1562
 8.9075	 2.1184
 8.8922	 2.0906
 8.8770	 2.0674
 8.8618	 2.0315
 8.8467	 2.0146
 8.8316	 1.9954
 8.8166	 1.9705
 8.8016	 1.9565
 8.7867	 1.9387
 8.7718	 1.9145
 8.7570	 1.9040
 8.7422	 1.8994
 8.7275	 1.8867
 8.7129	 1.8750
 8.6982	 1.8774
 8.6837	 1.8665
 8.6692	 1.8528
 8.6547	 1.8542
 8.6403	 1.8638
 8.6259	 1.8572
 8.6116	 1.8611
 8.5973	 1.8706
 8.5830	 1.8701
 8.5688	 1.8711
 8.5547	 1.8826
 8.5406	 1.9016
 8.5266	 1.9016
 8.5126	 1.9065
 8.4986	 1.9228
 8.4847	 1.9316
 8.4708	 1.9399
 8.4570	 1.9429
 8.4432	 1.9438
 8.4295	 1.9446
 8.4158	 1.9470
 8.4022	 1.9373
 8.3886	 1.9175
 8.3750	 1.9153
 8.3615	 1.8970
 8.3481	 1.8572
 8.3347	 1.8267
 8.3213	 1.8061
 8.3079	 1.7742
 8.2946	 1.7349
 8.2814	 1.6968
 8.2682	 1.6528
 8.2550	 1.6096
 8.2419	 1.5723
 8.2288	 1.5295
 8.2158	 1.4929
 8.2028	 1.4578
 8.1898	 1.4094
 8.1769	 1.3574
 8.1640	 1.3176
 8.1512	 1.2788
 8.1384	 1.2400
 8.1256	 1.1938
 8.1129	 1.1394
 8.1002	 1.0872
 8.0876	 1.0420
 8.0750	 0.9932
 8.0624	 0.9419
 8.0499	 0.8901
 8.0374	 0.8372
 8.0250	 0.7869
 8.0126	 0.7332
 8.0002	 0.6863
 7.9879	 0.6450
 7.9756	 0.5942
 7.9634	 0.5461
 7.9512	 0.5203
 7.9390	 0.4980
 7.9268	 0.4700
 7.9147	 0.4465
 7.9027	 0.4321
 7.8906	 0.4138
 7.8786	 0.3928
 7.8667	 0.3872
 7.8548	 0.3809
 7.8429	 0.3748
 7.8310	 0.3791
 7.8192	 0.3787
 7.8075	 0.3779
 7.7957	 0.3896
 7.7840	 0.4041
 7.7723	 0.4053
 7.7607	 0.4116
 7.7491	 0.4260
 7.7375	 0.4385
 7.7260	 0.4512
 7.7145	 0.4734
 7.7031	 0.4939
 7.6916	 0.5127
 7.6802	 0.5278
 7.6689	 0.5439
 7.6575	 0.5674
 7.6462	 0.5862
 7.6350	 0.5999
 7.6238	 0.6204
 7.6126	 0.6416
 7.6014	 0.6645
 7.5903	 0.6843
 7.5792	 0.7129
 7.5681	 0.7424
 7.5571	 0.7666
 7.5461	 0.7852
 7.5351	 0.8091
 7.5242	 0.8320
 7.5133	 0.8584
 7.5024	 0.8845
 7.4916	 0.9148
 7.4807	 0.9414
 7.4700	 0.9668
 7.4592	 0.9883
 7.4485	 1.0149
 7.4378	 1.0420
 7.4272	 1.0649
 7.4165	 1.0854
 7.4059	 1.1160
 7.3954	 1.1433
 7.3848	 1.1670
 7.3743	 1.1924
 7.3639	 1.2178
 7.3534	 1.2436
 7.3430	 1.2759
 7.3326	 1.3066
 7.3223	 1.3289
 7.3119	 1.3501
 7.3016	 1.3787
 7.2914	 1.4080
 7.2811	 1.4329
 7.2709	 1.4582
 7.2607	 1.4880
 7.2506	 1.5161
 7.2404	 1.5442
 7.2303	 1.5706
 7.2203	 1.5920
 7.2102	 1.6135
 7.2002	 1.6331
 7.1902	 1.6577
 7.1803	 1.6912
 7.1703	 1.7180
 7.1604	 1.7439
 7.1506	 1.7678
 7.1407	 1.7932
 7.1309	 1.8115
 7.1211	 1.8254
 7.1113	 1.8538
 7.1016	 1.8789
 7.0919	 1.9004
 7.0822	 1.9219
 7.0725	 1.9458
 7.0629	 1.9639
 7.0533	 1.9751
 7.0437	 1.9946
 7.0341	 2.0185
 7.0246	 2.0391
 7.0151	 2.0644
 7.0056	 2.0801
 6.9962	 2.0908
 6.9867	 2.1138
 6.9773	 2.1453
 6.9679	 2.1616
 6.9586	 2.1750
 6.9493	 2.2041
 6.9400	 2.2319
 6.9307	 2.2541
 6.9214	 2.2754
 6.9122	 2.2915
 6.9030	 2.3147
 6.8938	 2.3372
 6.8847	 2.3572
 6.8755	 2.3704
 6.8664	 2.3769
 6.8573	 2.4080
 6.8483	 2.4397
 6.8393	 2.4602
 6.8302	 2.4763
 6.8213	 2.4946
 6.8123	 2.5102
 6.8034	 2.5217
 6.7944	 2.5315
 6.7855	 2.5474
 6.7767	 2.5703
 6.7678	 2.5901
 6.7590	 2.6062
 6.7502	 2.6216
 6.7414	 2.6389
 6.7327	 2.6457
 6.7239	 2.6540
 6.7152	 2.6687
 6.7065	 2.6787
 6.6979	 2.6914
 6.6892	 2.7065
 6.6806	 2.7263
 6.6720	 2.7422
 6.6634	 2.7563
 6.6549	 2.7722
 6.6464	 2.7732
 6.6378	 2.7761
 6.6294	 2.7974
 6.6209	 2.8225
 6.6124	 2.8450
 6.6040	 2.8591
 6.5956	 2.8684
 6.5872	 2.8799
 6.5789	 2.8855
 6.5705	 2.8965
 6.5622	 2.9192
 6.5539	 2.9248
 6.5456	 2.9397
 6.5374	 2.9600
 6.5292	 2.9656
 6.5209	 2.9700
 6.5128	 2.9829
 6.5046	 2.9839
 6.4964	 2.9717
 6.4883	 2.9783
 6.4802	 2.9846
 6.4721	 2.9883
 6.4640	 2.9985
 6.4560	 3.0000
 6.4480	 2.9944
 6.4399	 2.9849
 6.4320	 2.9736
 6.4240	 2.9531
 6.4160	 2.9194
 6.4081	 2.9163
 6.4002	 2.9282
 6.3923	 2.9141
 6.3844	 2.8970
 6.3766	 2.8760
 6.3687	 2.8413
 6.3609	 2.8188
 6.3531	 2.7898
 6.3454	 2.7397
 6.3376	 2.7056
 6.3299	 2.6787
 6.3221	 2.6326
 6.3144	 2.5806
 6.3068	 2.5317
 6.2991	 2.4817
 6.2914	 2.4214
 6.2838	 2.3547
 6.2762	 2.2891
 6.2686	 2.2200
 6.2611	 2.1484
 6.2535	 2.0720
 6.2460	 1.9849
 6.2385	 1.8953
 6.2310	 1.8037
 6.2235	 1.7151
 6.2160	 1.6272
 6.2086	 1.5408
 6.2011	 1.4590
 6.1937	 1.3782
 6.1863	 1.3003
 6.1790	 1.2351
 6.1716	 1.1792
 6.1643	 1.1309
 6.1570	 1.0857
 6.1496	 1.0481
 6.1424	 1.0234
 6.1351	 1.0068
 6.1278	 0.9936
 6.1206	 0.9763
 6.1134	 0.9641
 6.1062	 0.9648
 6.0990	 0.9661
 6.0918	 0.9680
 6.0847	 0.9678
 6.0776	 0.9705
 6.0704	 0.9780
 6.0633	 0.9878
 6.0563	 0.9917
 6.0492	 1.0029
 6.0421	 1.0286
 6.0351	 1.0503
 6.0281	 1.0779
 6.0211	 1.1003
 6.0141	 1.1243
 6.0071	 1.1614
 6.0002	 1.1992
 5.9932	 1.2283
 5.9863	 1.2607
 5.9794	 1.3083
 5.9725	 1.3621
 5.9657	 1.4097
 5.9588	 1.4678
 5.9520	 1.5310
 5.9451	 1.5940
 5.9383	 1.6587
 5.9315	 1.7368
 5.9247	 1.8186
 5.9180	 1.9050
 5.9112	 1.9893
 5.9045	 2.0693
 5.8978	 2.1526
 5.8911	 2.2515
 5.8844	 2.3362
 5.8777	 2.4270
 5.8711	 2.5444
 5.8644	 2.6492
 5.8578	 2.7424
 5.8512	 2.8386
 5.8446	 2.9404
 5.8380	 3.0278
 5.8314	 3.1079
 5.8249	 3.1829
 5.8184	 3.2649
 5.8118	 3.3557
 5.8053	 3.4316
 5.7988	 3.4961
 5.7924	 3.5549
 5.7859	 3.6133
 5.7794	 3.6697
 5.7730	 3.7075
 5.7666	 3.7412
 5.7602	 3.8025
 5.7538	 3.8530
 5.7474	 3.8877
 5.7410	 3.9319
 5.7347	 3.9685
 5.7283	 3.9951
 5.7220	 4.0185
 5.7157	 4.0361
 5.7094	 4.0610
 5.7031	 4.0979
 5.6969	 4.1196
 5.6906	 4.1316
 5.6844	 4.1555
 5.6782	 4.1680
 5.6719	 4.1738
 5.6657	 4.1863
 5.6596	 4.1992
 5.6534	 4.2087
 5.6472	 4.2119
 5.6411	 4.2178
 5.6349	 4.2397
 5.6288	 4.2517
 5.6227	 4.2634
 5.6166	 4.2724
 5.6106	 4.2749
 5.6045	 4.2864
 5.5984	 4.3081
 5.5924	 4.3208
 5.5864	 4.3235
 5.5804	 4.3306
 5.5744	 4.3494
 5.5684	 4.3645
 5.5624	 4.3845
 5.5564	 4.4067
 5.5505	 4.4224
 5.5445	 4.4436
 5.5386	 4.4661
 5.5327	 4.4873
 5.5268	 4.5044
 5.5209	 4.5342
 5.5151	 4.5652
 5.5092	 4.5845
 5.5033	 4.6094
 5.4975	 4.6365
 5.4917	 4.6594
 5.4859	 4.6877
 5.4801	 4.7187
 5.4743	 4.7497
 5.4685	 4.7793
 5.4628	 4.8105
 5.4570	 4.8442
 5.4513	 4.8765
 5.4455	 4.9072
 5.4398	 4.9370
 5.4341	 4.9697
 5.4284	 4.9949
 5.4228	 5.0232
 5.4171	 5.0622
 5.4114	 5.0935
 5.4058	 5.1216
 5.4002	 5.1570
 5.3945	 5.1809
 5.3889	 5.2036
 5.3833	 5.2275
 5.3778	 5.2490
 5.3722	 5.2715
 5.3666	 5.2942
 5.3611	 5.3130
 5.3555	 5.3223
 5.3500	 5.3393
 5.3445	 5.3650
 5.3390	 5.3867
 5.3335	 5.4048
 5.3280	 5.4211
 5.3225	 5.4275
 5.3171	 5.4360
 5.3116	 5.4509
 5.3062	 5.4595
 5.3008	 5.4658
 5.2954	 5.4765
 5.2900	 5.4792
 5.2846	 5.4819
 5.2792	 5.4941
 5.2738	 5.5078
 5.2684	 5.5098
 5.2631	 5.5117
 5.2578	 5.5198
 5.2524	 5.5300
 5.2471	 5.5347
 5.2418	 5.5381
 5.2365	 5.5444
 5.2312	 5.5452
 5.2260	 5.5578
 5.2207	 5.5725
 5.2154	 5.5766
 5.2102	 5.5769
 5.2050	 5.5906
 5.1998	 5.6037
 5.1945	 5.6138
 5.1893	 5.6274
 5.1842	 5.6379
 5.1790	 5.6484
 5.1738	 5.6645
 5.1686	 5.6780
 5.1635	 5.6872
 5.1584	 5.6992
 5.1532	 5.7180
 5.1481	 5.7280
 5.1430	 5.7380
 5.1379	 5.7595
 5.1328	 5.7768
 5.1277	 5.7871
 5.1227	 5.8039
 5.1176	 5.8266
 5.1126	 5.8457
 5.1075	 5.8664
 5.1025	 5.8899
 5.0975	 5.9057
 5.0925	 5.9177
 5.0875	 5.9355
 5.0825	 5.9590
 5.0775	 5.9807
 5.0726	 6.0041
 5.0676	 6.0244
 5.0627	 6.0378
 5.0577	 6.0564
 5.0528	 6.0832
 5.0479	 6.1064
 5.0430	 6.1269
 5.0380	 6.1506
 5.0332	 6.1716
 5.0283	 6.1911
 5.0234	 6.2112
 5.0185	 6.2383
 5.0137	 6.2651
 5.0088	 6.2839
 5.0040	 6.3020
 4.9992	 6.3215
 4.9944	 6.3440
 4.9896	 6.3667
 4.9848	 6.3833
 4.9800	 6.4009
 4.9752	 6.4267
 4.9704	 6.4497
 4.9657	 6.4692
 4.9609	 6.4856
 4.9562	 6.5039
 4.9514	 6.5234
 4.9467	 6.5342
 4.9420	 6.5493
 4.9373	 6.5652
 4.9326	 6.5725
 4.9279	 6.5879
 4.9232	 6.6089
 4.9186	 6.6172
 4.9139	 6.6245
 4.9092	 6.6428
 4.9046	 6.6550
 4.9000	 6.6562
 4.8953	 6.6687
 4.8907	 6.6843
 4.8861	 6.6899
 4.8815	 6.6968
 4.8769	 6.7139
 4.8723	 6.7195
 4.8678	 6.7270
 4.8632	 6.7434
 4.8586	 6.7532
 4.8541	 6.7602
 4.8495	 6.7673
 4.8450	 6.7766
 4.8405	 6.7849
 4.8360	 6.7898
 4.8315	 6.8015
 4.8270	 6.8122
 4.8225	 6.8174
 4.8180	 6.8310
 4.8135	 6.8435
 4.8090	 6.8537
 4.8046	 6.8625
 4.8001	 6.8740
 4.7957	 6.8850
 4.7913	 6.8930
 4.7868	 6.9048
 4.7824	 6.9131
 4.7780	 6.9160
 4.7736	 6.9275
 4.7692	 6.9414
 4.7648	 6.9531
 4.7605	 6.9646
 4.7561	 6.9734
 4.7517	 6.9770
 4.7474	 6.9807
 4.7431	 6.9946
 4.7387	 7.0068
 4.7344	 7.0146
 4.7301	 7.0273
 4.7258	 7.0351
 4.7215	 7.0403
 4.7172	 7.0559
 4.7129	 7.0674
 4.7086	 7.0696
 4.7043	 7.0776
 4.7000	 7.0842
 4.6958	 7.0857
 4.6915	 7.0918
 4.6873	 7.1064
 4.6831	 7.1145
 4.6788	 7.1140
 4.6746	 7.1250
 4.6704	 7.1379
 4.6662	 7.1389
 4.6620	 7.1428
 4.6578	 7.1587
 4.6536	 7.1714
 4.6495	 7.1726
 4.6453	 7.1841
 4.6411	 7.1965
 4.6370	 7.2063
 4.6328	 7.2195
 4.6287	 7.2258
 4.6246	 7.2275
 4.6205	 7.2375
 4.6163	 7.2541
 4.6122	 7.2632
 4.6081	 7.2668
 4.6040	 7.2822
 4.6000	 7.3003
 4.5959	 7.3078
 4.5918	 7.3144
 4.5877	 7.3320
 4.5837	 7.3420
 4.5796	 7.3469
 4.5756	 7.3591
 4.5716	 7.3689
 4.5675	 7.3801
 4.5635	 7.3977
 4.5595	 7.4089
 4.5555	 7.4233
 4.5515	 7.4370
 4.5475	 7.4529
 4.5435	 7.4587
 4.5395	 7.4651
 4.5356	 7.4846
 4.5316	 7.4975
 4.5276	 7.5127
 4.5237	 7.5263
 4.5197	 7.5408
 4.5158	 7.5549
 4.5119	 7.5644
 4.5080	 7.5791
 4.5040	 7.5950
 4.5001	 7.6108
 4.4962	 7.6274
 4.4923	 7.6374
 4.4884	 7.6511
 4.4846	 7.6679
 4.4807	 7.6833
 4.4768	 7.6994
 4.4730	 7.7163
 4.4691	 7.7312
 4.4652	 7.7373
 4.4614	 7.7536
 4.4576	 7.7761
 4.4537	 7.7876
 4.4499	 7.7978
 4.4461	 7.8130
 4.4423	 7.8388
 4.4385	 7.8530
 4.4347	 7.8701
 4.4309	 7.8918
 4.4271	 7.9028
 4.4233	 7.9201
 4.4196	 7.9404
 4.4158	 7.9516
 4.4120	 7.9692
 4.4083	 7.9946
 4.4045	 8.0137
 4.4008	 8.0224
 4.3971	 8.0371
 4.3934	 8.0617
 4.3896	 8.0779
 4.3859	 8.0954
 4.3822	 8.1211
 4.3785	 8.1443
 4.3748	 8.1528
 4.3711	 8.1716
 4.3674	 8.1955
 4.3638	 8.2116
 4.3601	 8.2326
 4.3564	 8.2585
 4.3528	 8.2776
 4.3491	 8.2937
 4.3455	 8.3171
 4.3418	 8.3401
 4.3382	 8.3603
 4.3346	 8.3779
 4.3310	 8.4040
 4.3273	 8.4216
 4.3237	 8.4409
 4.3201	 8.4648
 4.3165	 8.4773
 4.3129	 8.5012
 4.3094	 8.5283
 4.3058	 8.5466
 4.3022	 8.5620
 4.2986	 8.5920
 4.2951	 8.6135
 4.2915	 8.6211
 4.2880	 8.6440
 4.2844	 8.6711
 4.2809	 8.6828
 4.2774	 8.6863
 4.2738	 8.6982
 4.2703	 8.7065
 4.2668	 8.7129
 4.2633	 8.7412
 4.2598	 8.7751
 4.2563	 8.8071
 4.2528	 8.8447
 4.2493	 8.8867
 4.2458	 8.9243
 4.2424	 8.9551
 4.2389	 8.9902
 4.2354	 9.0180
 4.2320	 9.0371
 4.2285	 9.0703
 4.2251	 9.0947
 4.2216	 9.1145
 4.2182	 9.1457
 4.2148	 9.1782
 4.2113	 9.1965
 4.2079	 9.2239
 4.2045	 9.2605
 4.2011	 9.2812
 4.1977	 9.3008
 4.1943	 9.3332
 4.1909	 9.3623
 4.1875	 9.3833
 4.1841	 9.4006
 4.1808	 9.4311
 4.1774	 9.4551
 4.1740	 9.4765
 4.1707	 9.5041
 4.1673	 9.5261
 4.1640	 9.5439
 4.1606	 9.5703
 4.1573	 9.6030
 4.1540	 9.6279
 4.1506	 9.6572
 4.1473	 9.6850
 4.1440	 9.7004
 4.1407	 9.7229
 4.1374	 9.7512
 4.1341	 9.7766
 4.1308	 9.7925
 4.1275	 9.8227
 4.1242	 9.8562
 4.1209	 9.8740
 4.1177	 9.8952
 4.1144	 9.9221
 4.1111	 9.9428
 4.1079	 9.9690
 4.1046	10.0010
 4.1014	10.0212
 4.0981	10.0398
 4.0949	10.0639
 4.0917	10.0915
 4.0884	10.1155
 4.0852	10.1369
 4.0820	10.1599
 4.0788	10.1797
 4.0756	10.1999
 4.0724	10.2221
 4.0692	10.2402
 4.0660	10.2583
 4.0628	10.2844
 4.0596	10.3095
 4.0565	10.3254
 4.0533	10.3454
 4.0501	10.3730
 4.0470	10.3882
 4.0438	10.4123
 4.0406	10.4367
 4.0375	10.4489
 4.0344	10.4658
 4.0312	10.4836
 4.0281	10.5036
 4.0250	10.5190
 4.0218	10.5332
 4.0187	10.5559
 4.0156	10.5715
 4.0125	10.5798
 4.0094	10.6003
 4.0063	10.6150
 4.0032	10.6250
 4.0001	10.6396
 3.9970	10.6528
 3.9940	10.6601
 3.9909	10.6748
 3.9878	10.6936
 3.9847	10.6953
 3.9817	10.6999
 3.9786	10.7190
 3.9756	10.7331
 3.9725	10.7363
 3.9695	10.7483
 3.9665	10.7634
 3.9634	10.7641
 3.9604	10.7702
 3.9574	10.7810
 3.9544	10.7846
 3.9513	10.7917
 3.9483	10.8093
 3.9453	10.8166
 3.9423	10.8176
 3.9393	10.8276
 3.9363	10.8408
 3.9333	10.8349
 3.9304	10.8386
 3.9274	10.8554
 3.9244	10.8540
 3.9214	10.8550
 3.9185	10.8662
 3.9155	10.8657
 3.9126	10.8655
 3.9096	10.8740
 3.9067	10.8796
 3.9037	10.8767
 3.9008	10.8777
 3.8979	10.8823
 3.8949	10.8835
 3.8920	10.8801
 3.8891	10.8894
 3.8862	10.8972
 3.8833	10.8857
 3.8804	10.8821
 3.8775	10.8867
 3.8746	10.8852
 3.8717	10.8816
 3.8688	10.8811
 3.8659	10.8757
 3.8630	10.8667
 3.8601	10.8716
 3.8573	10.8755
 3.8544	10.8711
 3.8515	10.8681
 3.8487	10.8637
 3.8458	10.8596
 3.8430	10.8581
 3.8401	10.8513
 3.8373	10.8420
 3.8344	10.8408
 3.8316	10.8388
 3.8288	10.8288
 3.8259	10.8200
 3.8231	10.8183
 3.8203	10.8161
 3.8175	10.8076
 3.8147	10.8051
 3.8119	10.8037
 3.8091	10.7878
 3.8063	10.7729
 3.8035	10.7712
 3.8007	10.7719
 3.7979	10.7590
 3.7951	10.7497
 3.7924	10.7468
 3.7896	10.7280
 3.7868	10.7190
 3.7841	10.7209
 3.7813	10.7004
 3.7785	10.6814
 3.7758	10.6784
 3.7730	10.6753
 3.7703	10.6657
 3.7676	10.6555
 3.7648	10.6435
 3.7621	10.6306
 3.7594	10.6225
 3.7566	10.6120
 3.7539	10.5925
 3.7512	10.5766
 3.7485	10.5759
 3.7458	10.5647
 3.7431	10.5517
 3.7404	10.5417
 3.7377	10.5280
 3.7350	10.5083
 3.7323	10.5019
 3.7296	10.4961
 3.7269	10.4736
 3.7242	10.4499
 3.7216	10.4355
 3.7189	10.4199
 3.7162	10.4067
 3.7136	10.3994
 3.7109	10.3857
 3.7083	10.3620
 3.7056	10.3454
 3.7030	10.3332
 3.7003	10.3110
 3.6977	10.2937
 3.6950	10.2890
 3.6924	10.2666
 3.6898	10.2426
 3.6872	10.2285
 3.6845	10.2112
 3.6819	10.1933
 3.6793	10.1755
 3.6767	10.1574
 3.6741	10.1386
 3.6715	10.1230
 3.6689	10.1059
 3.6663	10.0835
 3.6637	10.0598
 3.6611	10.0447
 3.6585	10.0298
 3.6560	10.0058
 3.6534	 9.9895
 3.6508	 9.9804
 3.6482	 9.9565
 3.6457	 9.9250
 3.6431	 9.9104
 3.6406	 9.8904
 3.6380	 9.8657
 3.6355	 9.8462
 3.6329	 9.8276
 3.6304	 9.8000
 3.6278	 9.7771
 3.6253	 9.7605
 3.6227	 9.7395
 3.6202	 9.7165
 3.6177	 9.6946
 3.6152	 9.6670
 3.6127	 9.6377
 3.6101	 9.6150
 3.6076	 9.5962
 3.6051	 9.5674
 3.6026	 9.5405
 3.6001	 9.5176
 3.5976	 9.4944
 3.5951	 9.4726
 3.5926	 9.4502
 3.5901	 9.4201
 3.5876	 9.3874
 3.5852	 9.3625
 3.5827	 9.3425
 3.5802	 9.3115
 3.5777	 9.2837
 3.5753	 9.2578
 3.5728	 9.2275
 3.5704	 9.1990
 3.5679	 9.1760
 3.5654	 9.1448
 3.5630	 9.1094
 3.5605	 9.0830
 3.5581	 9.0552
 3.5557	 9.0224
 3.5532	 8.9958
 3.5508	 8.9717
 3.5484	 8.9433
 3.5459	 8.9074
 3.5435	 8.8811
 3.5411	 8.8471
 3.5387	 8.8125
 3.5363	 8.7824
 3.5338	 8.7473
 3.5314	 8.7051
 3.5290	 8.6689
 3.5266	 8.6382
 3.5242	 8.6018
 3.5218	 8.5625
 3.5195	 8.5298
 3.5171	 8.4956
 3.5147	 8.4497
 3.5123	 8.4062
 3.5099	 8.3708
 3.5075	 8.3288
 3.5052	 8.2927
 3.5028	 8.2651
 3.5004	 8.2261
 3.4981	 8.1875
 3.4957	 8.1653
 3.4934	 8.1448
 3.4910	 8.1167
 3.4887	 8.0879
 3.4863	 8.0652
 3.4840	 8.0344
 3.4816	 7.9980
 3.4793	 7.9695
 3.4770	 7.9370
 3.4746	 7.8999
 3.4723	 7.8821
 3.4700	 7.8584
 3.4677	 7.8210
 3.4653	 7.7842
 3.4630	 7.7529
 3.4607	 7.7192
 3.4584	 7.6824
 3.4561	 7.6545
 3.4538	 7.6172
 3.4515	 7.5710
 3.4492	 7.5327
 3.4469	 7.4971
 3.4446	 7.4507
 3.4423	 7.4070
 3.4400	 7.3708
 3.4378	 7.3357
 3.4355	 7.3005
 3.4332	 7.2551
 3.4309	 7.2085
 3.4287	 7.1592
 3.4264	 7.1159
 3.4241	 7.0759
 3.4219	 7.0317
 3.4196	 6.9909
 3.4174	 6.9504
 3.4151	 6.9048
 3.4129	 6.8681
 3.4106	 6.8386
 3.4084	 6.8015
 3.4061	 6.7678
 3.4039	 6.7366
 3.4017	 6.7029
 3.3994	 6.6672
 3.3972	 6.6374
 3.3950	 6.6062
 3.3928	 6.5720
 3.3906	 6.5344
 3.3883	 6.4968
 3.3861	 6.4595
 3.3839	 6.4167
 3.3817	 6.3738
 3.3795	 6.3432
 3.3773	 6.3061
 3.3751	 6.2685
 3.3729	 6.2422
 3.3707	 6.2056
 3.3685	 6.1592
 3.3663	 6.1340
 3.3641	 6.1133
 3.3620	 6.0732
 3.3598	 6.0322
 3.3576	 6.0022
 3.3554	 5.9692
 3.3533	 5.9299
 3.3511	 5.8918
 3.3489	 5.8564
 3.3468	 5.8218
 3.3446	 5.7866
 3.3425	 5.7466
 3.3403	 5.7024
 3.3382	 5.6638
 3.3360	 5.6311
 3.3339	 5.5906
 3.3317	 5.5535
 3.3296	 5.5159
 3.3274	 5.4770
 3.3253	 5.4446
 3.3232	 5.4028
 3.3210	 5.3540
 3.3189	 5.3183
 3.3168	 5.2878
 3.3147	 5.2473
 3.3126	 5.2060
 3.3104	 5.1726
 3.3083	 5.1301
 3.3062	 5.0847
 3.3041	 5.0476
 3.3020	 5.0168
 3.2999	 4.9780
 3.2978	 4.9390
 3.2957	 4.9050
 3.2936	 4.8630
 3.2915	 4.8230
 3.2894	 4.7900
 3.2874	 4.7554
 3.2853	 4.7187
 3.2832	 4.6814
 3.2811	 4.6455
 3.2790	 4.6045
 3.2770	 4.5657
 3.2749	 4.5337
 3.2728	 4.4956
 3.2708	 4.4575
 3.2687	 4.4180
 3.2666	 4.3830
 3.2646	 4.3496
 3.2625	 4.3149
 3.2605	 4.2739
 3.2584	 4.2344
 3.2564	 4.2048
 3.2543	 4.1733
 3.2523	 4.1362
 3.2503	 4.1025
 3.2482	 4.0669
 3.2462	 4.0347
 3.2442	 4.0041
 3.2421	 3.9673
 3.2401	 3.9277
 3.2381	 3.8965
 3.2361	 3.8645
 3.2340	 3.8330
 3.2320	 3.8052
 3.2300	 3.7663
 3.2280	 3.7371
 3.2260	 3.7031
 3.2240	 3.6663
 3.2220	 3.6330
 3.2200	 3.6018
 3.2180	 3.5620
 3.2160	 3.5337
 3.2140	 3.5102
 3.2120	 3.4753
 3.2100	 3.4421
 3.2080	 3.4104
 3.2060	 3.3811
 3.2040	 3.3498
 3.2021	 3.3144
 3.2001	 3.2844
 3.1981	 3.2556
 3.1961	 3.2246
 3.1942	 3.1958
 3.1922	 3.1697
 3.1902	 3.1460
 3.1883	 3.1145
 3.1863	 3.0842
 3.1844	 3.0554
 3.1824	 3.0185
 3.1805	 2.9907
 3.1785	 2.9726
 3.1766	 2.9480
 3.1746	 2.9177
 3.1727	 2.8799
 3.1707	 2.8520
 3.1688	 2.8347
 3.1669	 2.8130
 3.1649	 2.7837
 3.1630	 2.7488
 3.1611	 2.7212
 3.1591	 2.6919
 3.1572	 2.6660
 3.1553	 2.6426
 3.1534	 2.6223
 3.1515	 2.5979
 3.1495	 2.5684
 3.1476	 2.5413
 3.1457	 2.5183
 3.1438	 2.4961
 3.1419	 2.4763
 3.1400	 2.4548
 3.1381	 2.4228
 3.1362	 2.3979
 3.1343	 2.3823
 3.1324	 2.3601
 3.1305	 2.3347
 3.1286	 2.3149
 3.1268	 2.2956
 3.1249	 2.2722
 3.1230	 2.2498
 3.1211	 2.2300
 3.1192	 2.2109
 3.1174	 2.1965
 3.1155	 2.1792
 3.1136	 2.1609
 3.1117	 2.1355
 3.1099	 2.1074
 3.1080	 2.0981
 3.1061	 2.0935
 3.1043	 2.0737
 3.1024	 2.0591
 3.1006	 2.0471
 3.0987	 2.0298
 3.0969	 2.0146
 3.0950	 2.0005
 3.0932	 1.9841
 3.0913	 1.9756
 3.0895	 1.9665
 3.0876	 1.9546
 3.0858	 1.9558
 3.0840	 1.9438
 3.0821	 1.9206
 3.0803	 1.9128
 3.0785	 1.9036
 3.0766	 1.8989
 3.0748	 1.8965
 3.0730	 1.8892
 3.0712	 1.8857
 3.0694	 1.8765
 3.0675	 1.8701
 3.0657	 1.8630
 3.0639	 1.8594
 3.0621	 1.8638
 3.0603	 1.8523
 3.0585	 1.8381
 3.0567	 1.8315
 3.0549	 1.8269
 3.0531	 1.8254
 3.0513	 1.8296
 3.0495	 1.8227
 3.0477	 1.8166
 3.0459	 1.8142
 3.0441	 1.8091
 3.0423	 1.8064
 3.0406	 1.8057
 3.0388	 1.7974
 3.0370	 1.7913
 3.0352	 1.7891
 3.0334	 1.7859
 3.0317	 1.7805
 3.0299	 1.7678
 3.0281	 1.7527
 3.0264	 1.7500
 3.0246	 1.7483
 3.0228	 1.7373
 3.0211	 1.7253
 3.0193	 1.7280
 3.0176	 1.7219
 3.0158	 1.7148
 3.0140	 1.7097
 3.0123	 1.7026
 3.0105	 1.6958
 3.0088	 1.6885
 3.0070	 1.6838
 3.0053	 1.6692
 3.0036	 1.6626
 3.0018	 1.6609
 3.0001	 1.6526
 2.9984	 1.6350
 2.9966	 1.6179
 2.9949	 1.6121
 2.9932	 1.6125
 2.9914	 1.6084
 2.9897	 1.6011
 2.9880	 1.5908
 2.9863	 1.5803
 2.9845	 1.5632
 2.9828	 1.5525
 2.9811	 1.5535
 2.9794	 1.5430
 2.9777	 1.5286
 2.9760	 1.5173
 2.9743	 1.5083
 2.9726	 1.5051
 2.9709	 1.5012
 2.9692	 1.4841
 2.9675	 1.4724
 2.9658	 1.4741
 2.9641	 1.4648
 2.9624	 1.4563
 2.9607	 1.4534
 2.9590	 1.4429
 2.9573	 1.4426
 2.9556	 1.4407
 2.9539	 1.4248
 2.9523	 1.4199
 2.9506	 1.4187
 2.9489	 1.4072
 2.9472	 1.3955
 2.9455	 1.4006
 2.9439	 1.3982
 2.9422	 1.3901
 2.9405	 1.3826
 2.9389	 1.3804
 2.9372	 1.3748
 2.9355	 1.3686
 2.9339	 1.3667
 2.9322	 1.3582
 2.9306	 1.3496
 2.9289	 1.3423
 2.9272	 1.3440
 2.9256	 1.3433
 2.9239	 1.3328
 2.9223	 1.3320
 2.9207	 1.3311
 2.9190	 1.3257
 2.9174	 1.3257
 2.9157	 1.3252
 2.9141	 1.3259
 2.9124	 1.3274
 2.9108	 1.3286
 2.9092	 1.3252
 2.9075	 1.3213
 2.9059	 1.3223
 2.9043	 1.3125
 2.9027	 1.3059
 2.9010	 1.3118
 2.8994	 1.3132
 2.8978	 1.3130
 2.8962	 1.3076
 2.8946	 1.3118
 2.8929	 1.3083
 2.8913	 1.3005
 2.8897	 1.3030
 2.8881	 1.3003
 2.8865	 1.3059
 2.8849	 1.3074
 2.8833	 1.2947
 2.8817	 1.2944
 2.8801	 1.3003
 2.8785	 1.2991
 2.8769	 1.2920
 2.8753	 1.2913
 2.8737	 1.2983
 2.8721	 1.3054
 2.8705	 1.3093
 2.8689	 1.3074
 2.8673	 1.2942
 2.8658	 1.2888
 2.8642	 1.3052
 2.8626	 1.3047
 2.8610	 1.2922
 2.8594	 1.2935
 2.8579	 1.2961
 2.8563	 1.3052
 2.8547	 1.3061
 2.8531	 1.2954
 2.8516	 1.2961
 2.8500	 1.2974
 2.8484	 1.3035
 2.8469	 1.3049
 2.8453	 1.2881
 2.8437	 1.2793
 2.8422	 1.2957
 2.8406	 1.2974
 2.8391	 1.2920
 2.8375	 1.2966
 2.8360	 1.2983
 2.8344	 1.2952
 2.8329	 1.2920
 2.8313	 1.2939
 2.8298	 1.2935
 2.8282	 1.2871
 2.8267	 1.2869
 2.8252	 1.2842
 2.8236	 1.2747
 2.8221	 1.2725
 2.8205	 1.2737
 2.8190	 1.2781
 2.8175	 1.2849
 2.8159	 1.2888
 2.8144	 1.2839
 2.8129	 1.2715
 2.8114	 1.2747
 2.8098	 1.2788
 2.8083	 1.2676
 2.8068	 1.2600
 2.8053	 1.2612
 2.8038	 1.2566
 2.8022	 1.2598
 2.8007	 1.2659
 2.7992	 1.2646
 2.7977	 1.2617
 2.7962	 1.2561
 2.7947	 1.2578
 2.7932	 1.2549
 2.7917	 1.2483
 2.7902	 1.2493
 2.7887	 1.2527
 2.7872	 1.2451
 2.7857	 1.2446
 2.7842	 1.2402
 2.7827	 1.2415
 2.7812	 1.2407
 2.7797	 1.2424
 2.7782	 1.2397
 2.7767	 1.2327
 2.7752	 1.2280
 2.7738	 1.2292
 2.7723	 1.2302
 2.7708	 1.2200
 2.7693	 1.2246
 2.7678	 1.2349
 2.7664	 1.2256
 2.7649	 1.2190
 2.7634	 1.2329
 2.7619	 1.2510
 2.7605	 1.2517
 2.7590	 1.2473
 2.7575	 1.2620
 2.7561	 1.2698
 2.7546	 1.2859
 2.7531	 1.3030
 2.7517	 1.3254
 2.7502	 1.3442
 2.7488	 1.3608
 2.7473	 1.3865
 2.7458	 1.4214
 2.7444	 1.4468
 2.7429	 1.4709
 2.7415	 1.5122
 2.7400	 1.5513
 2.7386	 1.6003
 2.7371	 1.6567
 2.7357	 1.7102
 2.7343	 1.7732
 2.7328	 1.8474
 2.7314	 1.9241
 2.7299	 1.9983
 2.7285	 2.0781
 2.7271	 2.1728
 2.7256	 2.2693
 2.7242	 2.3699
 2.7228	 2.4995
 2.7213	 2.6355
 2.7199	 2.7732
 2.7185	 2.9216
 2.7171	 3.0664
 2.7156	 3.2290
 2.7142	 3.3953
 2.7128	 3.5547
 2.7114	 3.7026
 2.7100	 3.8599
 2.7085	 4.0339
 2.7071	 4.2029
 2.7057	 4.3618
 2.7043	 4.5217
 2.7029	 4.6811
 2.7015	 4.8420
 2.7001	 5.0122
 2.6987	 5.1653
 2.6973	 5.3074
 2.6959	 5.4399
 2.6945	 5.5683
 2.6931	 5.6973
 2.6917	 5.8406
 2.6903	 5.9846
 2.6889	 6.0952
 2.6875	 6.2117
 2.6861	 6.3235
 2.6847	 6.4104
 2.6833	 6.5017
 2.6819	 6.6015
 2.6805	 6.7051
 2.6791	 6.7893
 2.6778	 6.8721
 2.6764	 6.9477
 2.6750	 7.0398
 2.6736	 7.1313
 2.6722	 7.2009
 2.6709	 7.2512
 2.6695	 7.3528
 2.6681	 7.4968
 2.6667	 7.5725
 2.6654	 7.6318
 2.6640	 7.7153
 2.6626	 7.8108
 2.6613	 7.8703
 2.6599	 7.9326
 2.6585	 7.9988
 2.6572	 8.0554
 2.6558	 8.0954
 2.6545	 8.1460
 2.6531	 8.1985
 2.6517	 8.2478
 2.6504	 8.3020
 2.6490	 8.3452
 2.6477	 8.3838
 2.6463	 8.4233
 2.6450	 8.4665
 2.6436	 8.5139
 2.6423	 8.5556
 2.6409	 8.5847
 2.6396	 8.6184
 2.6382	 8.6628
 2.6369	 8.6950
 2.6356	 8.7114
 2.6342	 8.7278
 2.6329	 8.7641
 2.6315	 8.7734
 2.6302	 8.7822
 2.6289	 8.8325
 2.6275	 8.8647
 2.6262	 8.8852
 2.6249	 8.9284
 2.6236	 8.9475
 2.6222	 8.9575
 2.6209	 8.9455
 2.6196	 8.9668
 2.6183	 9.0105
 2.6169	 9.0136
 2.6156	 9.0366
 2.6143	 9.0715
 2.6130	 9.0771
 2.6117	 9.0823
 2.6103	 9.1062
 2.6090	 9.1220
 2.6077	 9.1357
 2.6064	 9.1242
 2.6051	 9.1238
 2.6038	 9.1557
 2.6025	 9.1772
 2.6012	 9.1819
 2.5999	 9.1997
 2.5986	 9.2202
 2.5973	 9.2170
 2.5960	 9.1938
 2.5947	 9.1609
 2.5934	 9.1938
 2.5921	 9.2505
 2.5908	 9.2673
 2.5895	 9.2717
 2.5882	 9.2678
 2.5869	 9.2717
 2.5856	 9.2998
 2.5843	 9.2866
 2.5830	 9.2849
 2.5817	 9.3066
 2.5805	 9.3186
 2.5792	 9.3318
 2.5779	 9.3227
 2.5766	 9.3205
 2.5753	 9.3359
 2.5741	 9.3318
 2.5728	 9.3264
 2.5715	 9.3481
 2.5702	 9.3406
 2.5690	 9.3359
 2.5677	 9.3481
 2.5664	 9.3655
 2.5651	 9.3613
 2.5639	 9.3530
 2.5626	 9.3464
 2.5613	 9.3552
 2.5601	 9.3689
 2.5588	 9.3789
 2.5575	 9.3899
 2.5563	 9.3889
 2.5550	 9.3996
 2.5538	 9.4067
 2.5525	 9.4011
 2.5513	 9.4104
 2.5500	 9.4321
 2.5487	 9.4394
 2.5475	 9.4360
 2.5462	 9.4538
 2.5450	 9.4526
 2.5437	 9.4612
 2.5425	 9.4829
 2.5413	 9.4931
 2.5400	 9.4936
 2.5388	 9.5022
 2.5375	 9.5154
 2.5363	 9.5310
 2.5350	 9.5239
 2.5338	 9.5219
 2.5326	 9.5298
 2.5313	 9.5444
 2.5301	 9.5674
 2.5289	 9.5884
 2.5276	 9.5957
 2.5264	 9.5991
 2.5252	 9.6115
 2.5239	 9.6316
 2.5227	 9.6506
 2.5215	 9.6577
 2.5202	 9.6677
 2.5190	 9.6809
 2.5178	 9.6928
 2.5166	 9.7187
 2.5154	 9.7395
 2.5141	 9.7646
 2.5129	 9.7710
 2.5117	 9.7871
 2.5105	 9.8181
 2.5093	 9.8354
 2.5081	 9.8401
 2.5068	 9.8557
 2.5056	 9.8691
 2.5044	 9.8730
 2.5032	 9.8965
 2.5020	 9.9292
 2.5008	 9.9477
 2.4996	 9.9463
 2.4984	 9.9663
 2.4972	 9.9997
 2.4960	10.0224
 2.4948	10.0259
 2.4936	10.0427
 2.4924	10.0681
 2.4912	10.0847
 2.4900	10.0971
 2.4888	10.1250
 2.4876	10.1587
 2.4864	10.1694
 2.4852	10.1706
 2.4840	10.1816
 2.4828	10.2021
 2.4816	10.2353
 2.4805	10.2644
 2.4793	10.2741
 2.4781	10.2893
 2.4769	10.3152
 2.4757	10.3384
 2.4745	10.3645
 2.4734	10.3738
 2.4722	10.3899
 2.4710	10.4218
 2.4698	10.4482
 2.4686	10.4636
 2.4675	10.4682
 2.4663	10.4800
 2.4651	10.5136
 2.4640	10.5449
 2.4628	10.5847
 2.4616	10.5942
 2.4604	10.5976
 2.4593	10.6245
 2.4581	10.6538
 2.4569	10.6780
 2.4558	10.7033
 2.4546	10.7134
 2.4535	10.7341
 2.4523	10.7700
 2.4511	10.7998
 2.4500	10.8235
 2.4488	10.8520
 2.4477	10.8711
 2.4465	10.8838
 2.4454	10.8923
 2.4442	10.9106
 2.4431	10.9507
 2.4419	10.9890
 2.4408	10.9956
 2.4396	11.0136
 2.4385	11.0522
 2.4373	11.0700
 2.4362	11.0945
 2.4350	11.1189
 2.4339	11.1355
 2.4327	11.1618
 2.4316	11.1948
 2.4305	11.2212
 2.4293	11.2488
 2.4282	11.2702
 2.4270	11.2900
 2.4259	11.3005
 2.4248	11.3222
 2.4236	11.3633
 2.4225	11.3867
 2.4214	11.4209
 2.4202	11.4636
 2.4191	11.4673
 2.4180	11.4878
 2.4169	11.5132
 2.4157	11.5285
 2.4146	11.5551
 2.4135	11.5832
 2.4124	11.6172
 2.4112	11.6482
 2.4101	11.6718
 2.4090	11.7014
 2.4079	11.7177
 2.4068	11.7275
 2.4056	11.7466
 2.4045	11.7758
 2.4034	11.8139
 2.4023	11.8174
 2.4012	11.8269
 2.4001	11.8486
 2.3990	11.8774
 2.3979	11.8962
 2.3967	11.9255
 2.3956	11.9277
 2.3945	11.9548
 2.3934	11.9865
 2.3923	12.0049
 2.3912	12.0266
 2.3901	12.0512
 2.3890	12.0627
 2.3879	12.0810
 2.3868	12.1086
 2.3857	12.1355
 2.3846	12.1657
 2.3835	12.1850
 2.3824	12.2092
 2.3813	12.2414
 2.3802	12.2734
 2.3791	12.2793
 2.3781	12.2856
 2.3770	12.2934
 2.3759	12.3215
 2.3748	12.3452
 2.3737	12.3554
 2.3726	12.3813
 2.3715	12.4079
 2.3704	12.4350
 2.3694	12.4568
 2.3683	12.4682
 2.3672	12.4829
 2.3661	12.4929
 2.3650	12.5202
 2.3640	12.5385
 2.3629	12.5566
 2.3618	12.5859
 2.3607	12.5920
 2.3597	12.6054
 2.3586	12.6460
 2.3575	12.6633
 2.3564	12.6806
 2.3554	12.6904
 2.3543	12.7221
 2.3532	12.7378
 2.3522	12.7480
 2.3511	12.7636
 2.3500	12.8005
 2.3490	12.8403
 2.3479	12.8293
 2.3468	12.8225
 2.3458	12.8442
 2.3447	12.8789
 2.3436	12.8711
 2.3426	12.8813
 2.3415	12.8977
 2.3405	12.9238
 2.3394	12.9470
 2.3384	12.9499
 2.3373	12.9716
 2.3363	12.9863
 2.3352	12.9790
 2.3342	12.9924
 2.3331	13.0341
 2.3321	13.0258
 2.3310	13.0354
 2.3300	13.0673
 2.3289	13.0791
 2.3279	13.0634
 2.3268	13.1108
 2.3258	13.1201
 2.3247	13.1313
 2.3237	13.1513
 2.3226	13.1257
 2.3216	13.1294
 2.3206	13.1372
 2.3195	13.1633
 2.3185	13.1772
 2.3175	13.1726
 2.3164	13.1616
 2.3154	13.1953
 2.3144	13.2033
 2.3133	13.2202
 2.3123	13.2334
 2.3113	13.2165
 2.3102	13.2314
 2.3092	13.2519
 2.3082	13.2512
 2.3071	13.2441
 2.3061	13.2568
 2.3051	13.2780
 2.3041	13.2866
 2.3030	13.3056
 2.3020	13.3056
 2.3010	13.2885
 2.3000	13.3244
 2.2990	13.3420
 2.2979	13.3366
 2.2969	13.3481
 2.2959	13.3664
 2.2949	13.3672
 2.2939	13.3808
 2.2929	13.3933
 2.2918	13.3891
 2.2908	13.4240
 2.2898	13.4633
 2.2888	13.4619
 2.2878	13.4438
 2.2868	13.4609
 2.2858	13.4902
 2.2848	13.5034
 2.2838	13.5070
 2.2828	13.5424
 2.2818	13.5420
 2.2808	13.5337
 2.2798	13.5522
 2.2787	13.5644
 2.2777	13.5600
 2.2767	13.5434
 2.2757	13.5581
 2.2747	13.5698
 2.2738	13.5937
 2.2728	13.6001
 2.2718	13.6157
 2.2708	13.6186
 2.2698	13.6174
 2.2688	13.6284
 2.2678	13.6338
 2.2668	13.6486
 2.2658	13.6489
 2.2648	13.6567
 2.2638	13.6596
 2.2628	13.6557
 2.2618	13.6550
 2.2609	13.6670
 2.2599	13.6743
 2.2589	13.6631
 2.2579	13.6504
 2.2569	13.6245
 2.2559	13.6489
 2.2550	13.6635
 2.2540	13.6523
 2.2530	13.6528
 2.2520	13.6743
 2.2510	13.6709
 2.2501	13.6601
 2.2491	13.6367
 2.2481	13.6362
 2.2471	13.6523
 2.2462	13.6777
 2.2452	13.6823
 2.2442	13.6699
 2.2433	13.6897
 2.2423	13.6850
 2.2413	13.6850
 2.2403	13.7021
 2.2394	13.7285
 2.2384	13.7207
 2.2374	13.7251
 2.2365	13.7426
 2.2355	13.7470
 2.2345	13.7395
 2.2336	13.7436
 2.2326	13.7490
 2.2317	13.7548
 2.2307	13.7719
 2.2297	13.7588
 2.2288	13.7680
 2.2278	13.7710
 2.2269	13.7724
 2.2259	13.7651
 2.2250	13.7680
 2.2240	13.7890
 2.2231	13.7866
 2.2221	13.7861
 2.2211	13.8115
 2.2202	13.8242
 2.2192	13.7981
 2.2183	13.8120
 2.2173	13.8227
 2.2164	13.8376
 2.2155	13.8305
 2.2145	13.8369
 2.2136	13.8383
 2.2126	13.8486
 2.2117	13.8635
 2.2107	13.8530
 2.2098	13.8388
 2.2088	13.8593
 2.2079	13.8755
 2.2070	13.8628
 2.2060	13.8510
 2.2051	13.8606
 2.2041	13.8730
 2.2032	13.9013
 2.2023	13.9067
 2.2013	13.8984
 2.2004	13.9087
 2.1995	13.9165
 2.1985	13.9106
 2.1976	13.8994
 2.1967	13.9028
 2.1957	13.9218
 2.1948	13.9323
 2.1939	13.9384
 2.1930	13.9619
 2.1920	13.9399
 2.1911	13.9536
 2.1902	13.9506
 2.1893	13.9458
 2.1883	13.9204
 2.1874	13.9184
 2.1865	13.9604
 2.1856	13.9741
 2.1846	13.9819
 2.1837	13.9843
 2.1828	13.9839
 2.1819	13.9614
 2.1810	13.9594
 2.1800	13.9712
 2.1791	13.9548
 2.1782	13.9653
 2.1773	14.0019
 2.1764	13.9863
 2.1755	13.9853
 2.1746	14.0136
 2.1736	14.0239
 2.1727	14.0161
 2.1718	14.0254
 2.1709	14.0239
 2.1700	14.0205
 2.1691	14.0283
 2.1682	14.0395
 2.1673	14.0473
 2.1664	14.0693
 2.1655	14.0722
 2.1646	14.0669
 2.1637	14.0561
 2.1628	14.0805
 2.1619	14.0698
 2.1610	14.0671
 2.1601	14.0886
 2.1592	14.0781
 2.1583	14.0639
 2.1574	14.0705
 2.1565	14.0766
 2.1556	14.0627
 2.1547	14.0322
 2.1538	14.0217
 2.1529	14.0366
 2.1520	14.0527
 2.1511	14.0549
 2.1502	14.0446
 2.1493	14.0244
 2.1484	14.0014
 2.1475	13.9748
 2.1466	13.9997
 2.1458	14.0305
 2.1449	14.0280
 2.1440	14.0149
 2.1431	14.0293
 2.1422	14.0293
 2.1413	14.0239
 2.1404	14.0254
 2.1396	14.0329
 2.1387	14.0090
 2.1378	14.0000
 2.1369	14.0129
 2.1360	14.0442
 2.1352	14.0349
 2.1343	14.0244
 2.1334	14.0388
 2.1325	14.0283
 2.1316	14.0149
 2.1308	14.0361
 2.1299	14.0859
 2.1290	14.0627
 2.1281	14.0195
 2.1273	14.0263
 2.1264	14.0402
 2.1255	14.0258
 2.1247	14.0009
 2.1238	14.0097
 2.1229	14.0278
 2.1220	14.0039
 2.1212	13.9843
 2.1203	13.9756
 2.1194	13.9802
 2.1186	13.9914
 2.1177	13.9931
 2.1168	13.9897
 2.1160	13.9865
 2.1151	13.9724
 2.1143	13.9870
 2.1134	13.9873
 2.1125	13.9629
 2.1117	13.9492
 2.1108	13.9692
 2.1100	13.9795
 2.1091	13.9419
 2.1082	13.9145
 2.1074	13.9546
 2.1065	13.9619
 2.1057	13.9626
 2.1048	13.9724
 2.1040	13.9775
 2.1031	13.9814
 2.1023	13.9607
 2.1014	13.9436
 2.1005	13.9780
 2.0997	13.9863
 2.0988	13.9482
 2.0980	13.9680
 2.0971	13.9746
 2.0963	13.9614
 2.0955	13.9514
 2.0946	13.9572
 2.0938	13.9702
 2.0929	13.9485
 2.0921	13.9653
 2.0912	13.9704
 2.0904	13.9624
 2.0895	13.9565
 2.0887	13.9548
 2.0879	13.9602
 2.0870	13.9445
 2.0862	13.9328
 2.0853	13.9441
 2.0845	13.9438
 2.0837	13.9214
 2.0828	13.8803
 2.0820	13.9052
 2.0812	13.9179
 2.0803	13.9443
 2.0795	13.9267
