Name: Sulphur S
Type: Mineral
Class: Element
Subclass: None
Particle Size: Fine
Sample No.: E-2A
Owner: JPL
Wavelength Range: VSWIR
Origin: None.
Collection Date: N/A
Description: Particle size was 0-45um.Collected by:  JPL Original ASTER Spectral Library name was jpl.perkin.mineral.element.none.fine.e02a.spectrum.txt
Measurement: Hemispherical reflectance
First Column: X
Second Column: Y
X Units: Wavelength (micrometers)
Y Units:Reflectance (percent)
First X Value:  2.5000
Last X Value:  0.4000
Number of X Values: 2101
Additional Information: mineral.element.none.fine.vswir.e-2a.jpl.perkin.ancillary.txt

 2.5000	83.3237
 2.4990	83.3138
 2.4980	82.9925
 2.4970	83.5097
 2.4960	83.1498
 2.4950	83.0857
 2.4940	83.3434
 2.4930	83.1258
 2.4920	83.0336
 2.4910	83.0830
 2.4900	83.2420
 2.4890	83.1915
 2.4880	83.0421
 2.4870	83.1942
 2.4860	83.1012
 2.4850	83.2347
 2.4840	83.2983
 2.4830	83.4549
 2.4820	83.4300
 2.4810	83.2937
 2.4800	83.2673
 2.4790	83.1664
 2.4780	83.2571
 2.4770	83.2452
 2.4760	83.4048
 2.4750	83.4560
 2.4740	83.4041
 2.4730	83.3447
 2.4720	83.2485
 2.4710	83.2941
 2.4700	83.2231
 2.4690	83.4168
 2.4680	83.3012
 2.4670	83.3977
 2.4660	83.4487
 2.4650	83.5601
 2.4640	83.5992
 2.4630	83.4454
 2.4620	83.3576
 2.4610	83.3582
 2.4600	83.4655
 2.4590	83.3644
 2.4580	83.3582
 2.4570	83.3745
 2.4560	83.4063
 2.4550	83.4869
 2.4540	83.4811
 2.4530	83.3662
 2.4520	83.3903
 2.4510	83.5362
 2.4500	83.6067
 2.4490	83.4554
 2.4480	83.5711
 2.4470	83.4968
 2.4460	83.3685
 2.4450	83.5095
 2.4440	83.6576
 2.4430	83.5452
 2.4420	83.5211
 2.4410	83.6981
 2.4400	83.6440
 2.4390	83.6585
 2.4380	83.7130
 2.4370	83.6731
 2.4360	83.6457
 2.4350	83.7305
 2.4340	83.7358
 2.4330	83.6758
 2.4320	83.7710
 2.4310	83.6543
 2.4300	83.7629
 2.4290	83.7047
 2.4280	83.7221
 2.4270	83.7048
 2.4260	83.7271
 2.4250	83.8313
 2.4240	83.8086
 2.4230	83.8190
 2.4220	83.7483
 2.4210	83.7217
 2.4200	83.8872
 2.4190	83.9646
 2.4180	83.8572
 2.4170	83.8848
 2.4160	83.9469
 2.4150	83.9764
 2.4140	83.9658
 2.4130	83.9266
 2.4120	84.0039
 2.4110	83.9697
 2.4100	83.9775
 2.4090	84.0208
 2.4080	83.9589
 2.4070	83.9564
 2.4060	84.0531
 2.4050	84.0052
 2.4040	84.0510
 2.4030	83.9965
 2.4020	83.9979
 2.4010	84.0041
 2.4000	84.0308
 2.3990	84.0725
 2.3980	84.1649
 2.3970	84.1275
 2.3960	84.0521
 2.3950	84.0598
 2.3940	84.1706
 2.3930	84.1403
 2.3920	84.0699
 2.3910	84.1504
 2.3900	84.1294
 2.3890	84.1833
 2.3880	84.2600
 2.3870	84.2168
 2.3860	84.1906
 2.3850	84.2370
 2.3840	84.3009
 2.3830	84.2736
 2.3820	84.2704
 2.3810	84.2574
 2.3800	84.2586
 2.3790	84.3570
 2.3780	84.4103
 2.3770	84.3850
 2.3760	84.4161
 2.3750	84.4014
 2.3740	84.3637
 2.3730	84.3444
 2.3720	84.4030
 2.3710	84.3457
 2.3700	84.3607
 2.3690	84.4662
 2.3680	84.4796
 2.3670	84.5033
 2.3660	84.4844
 2.3650	84.5342
 2.3640	84.5465
 2.3630	84.4873
 2.3620	84.4835
 2.3610	84.5003
 2.3600	84.4855
 2.3590	84.4963
 2.3580	84.5466
 2.3570	84.5772
 2.3560	84.5664
 2.3550	84.5496
 2.3540	84.6084
 2.3530	84.6844
 2.3520	84.6754
 2.3510	84.6698
 2.3500	84.6638
 2.3490	84.6762
 2.3480	84.6701
 2.3470	84.6432
 2.3460	84.6101
 2.3450	84.6264
 2.3440	84.6337
 2.3430	84.6123
 2.3420	84.6480
 2.3410	84.7352
 2.3400	84.7864
 2.3390	84.7010
 2.3380	84.6430
 2.3370	84.6721
 2.3360	84.6909
 2.3350	84.6656
 2.3340	84.5596
 2.3330	84.5478
 2.3320	84.6342
 2.3310	84.6357
 2.3300	84.5944
 2.3290	84.6155
 2.3280	84.6161
 2.3270	84.6238
 2.3260	84.6046
 2.3250	84.6096
 2.3240	84.5666
 2.3230	84.5699
 2.3220	84.6282
 2.3210	84.5656
 2.3200	84.5832
 2.3190	84.5757
 2.3180	84.5412
 2.3170	84.5924
 2.3160	84.5378
 2.3150	84.5432
 2.3140	84.5253
 2.3130	84.5091
 2.3120	84.5045
 2.3110	84.4878
 2.3100	84.5133
 2.3090	84.5886
 2.3080	84.4293
 2.3070	84.4899
 2.3060	84.5481
 2.3050	84.5742
 2.3040	84.5699
 2.3030	84.5771
 2.3020	84.5249
 2.3010	84.5428
 2.3000	84.5377
 2.2990	84.5676
 2.2980	84.5415
 2.2970	84.4836
 2.2960	84.4889
 2.2950	84.5482
 2.2940	84.5909
 2.2930	84.5913
 2.2920	84.5333
 2.2910	84.4222
 2.2900	84.4681
 2.2890	84.4733
 2.2880	84.4461
 2.2870	84.4823
 2.2860	84.4902
 2.2850	84.5283
 2.2840	84.5133
 2.2830	84.4370
 2.2820	84.4051
 2.2810	84.4848
 2.2800	84.4435
 2.2790	84.4791
 2.2780	84.4233
 2.2770	84.4696
 2.2760	84.4352
 2.2750	84.3958
 2.2740	84.4389
 2.2730	84.4787
 2.2720	84.4519
 2.2710	84.5558
 2.2700	84.4491
 2.2690	84.4595
 2.2680	84.4009
 2.2670	84.4496
 2.2660	84.4076
 2.2650	84.3629
 2.2640	84.5079
 2.2630	84.4471
 2.2620	84.3871
 2.2610	84.4125
 2.2600	84.4367
 2.2590	84.4113
 2.2580	84.4420
 2.2570	84.3713
 2.2560	84.3607
 2.2550	84.3915
 2.2540	84.4035
 2.2530	84.4074
 2.2520	84.4088
 2.2510	84.4040
 2.2500	84.5019
 2.2490	84.4183
 2.2480	84.4733
 2.2470	84.4710
 2.2460	84.4028
 2.2450	84.4169
 2.2440	84.3757
 2.2430	84.4779
 2.2420	84.4578
 2.2410	84.3936
 2.2400	84.3908
 2.2390	84.4346
 2.2380	84.3875
 2.2370	84.3973
 2.2360	84.4856
 2.2350	84.4824
 2.2340	84.5270
 2.2330	84.4702
 2.2320	84.4198
 2.2310	84.4952
 2.2300	84.4584
 2.2290	84.5644
 2.2280	84.4826
 2.2270	84.5304
 2.2260	84.5531
 2.2250	84.6015
 2.2240	84.4894
 2.2230	84.5728
 2.2220	84.6030
 2.2210	84.6307
 2.2200	84.5765
 2.2190	84.6238
 2.2180	84.6490
 2.2170	84.6880
 2.2160	84.6351
 2.2150	84.6613
 2.2140	84.6329
 2.2130	84.5598
 2.2120	84.6548
 2.2110	84.7585
 2.2100	84.7247
 2.2090	84.8737
 2.2080	84.6975
 2.2070	84.9083
 2.2060	84.7492
 2.2050	84.7609
 2.2040	84.7352
 2.2030	84.8722
 2.2020	84.9008
 2.2010	84.8807
 2.2000	84.9111
 2.1990	85.0016
 2.1980	85.0171
 2.1970	84.9728
 2.1960	85.0039
 2.1950	84.9983
 2.1940	84.9486
 2.1930	85.1015
 2.1920	85.0417
 2.1910	85.0784
 2.1900	85.1261
 2.1890	85.1079
 2.1880	85.1113
 2.1870	85.1124
 2.1860	85.0727
 2.1850	85.2006
 2.1840	85.1712
 2.1830	85.1750
 2.1820	85.1537
 2.1810	85.1582
 2.1800	85.1658
 2.1790	85.1235
 2.1780	85.1873
 2.1770	85.2086
 2.1760	85.2606
 2.1750	85.2630
 2.1740	85.3184
 2.1730	85.3308
 2.1720	85.4332
 2.1710	85.3413
 2.1700	85.3992
 2.1690	85.4961
 2.1680	85.5503
 2.1670	85.5301
 2.1660	85.5384
 2.1650	85.5978
 2.1640	85.5548
 2.1630	85.6113
 2.1620	85.6324
 2.1610	85.5744
 2.1600	85.5712
 2.1590	85.7084
 2.1580	85.7543
 2.1570	85.6750
 2.1560	85.7619
 2.1550	85.7738
 2.1540	85.7088
 2.1530	85.8247
 2.1520	85.8366
 2.1510	85.8408
 2.1500	85.8451
 2.1490	85.8754
 2.1480	85.8859
 2.1470	85.8993
 2.1460	85.7807
 2.1450	85.8211
 2.1440	85.9098
 2.1430	85.8506
 2.1420	85.7881
 2.1410	85.8095
 2.1400	85.7705
 2.1390	85.8503
 2.1380	85.8922
 2.1370	85.8310
 2.1360	85.7473
 2.1350	85.7492
 2.1340	85.7928
 2.1330	85.6572
 2.1320	85.6305
 2.1310	85.6233
 2.1300	85.6646
 2.1290	85.6913
 2.1280	85.5607
 2.1270	85.5348
 2.1260	85.4977
 2.1250	85.4930
 2.1240	85.3286
 2.1230	85.3602
 2.1220	85.3756
 2.1210	85.3469
 2.1200	85.2691
 2.1190	85.2350
 2.1180	85.2072
 2.1170	85.1047
 2.1160	85.0269
 2.1150	84.9961
 2.1140	84.8766
 2.1130	84.8757
 2.1120	84.8343
 2.1110	84.8487
 2.1100	84.8178
 2.1090	84.6874
 2.1080	84.6813
 2.1070	84.6431
 2.1060	84.5978
 2.1050	84.5138
 2.1040	84.5387
 2.1030	84.5331
 2.1020	84.4704
 2.1010	84.3709
 2.1000	84.3286
 2.0990	84.3661
 2.0980	84.3617
 2.0970	84.3250
 2.0960	84.3867
 2.0950	84.3906
 2.0940	84.3480
 2.0930	84.3841
 2.0920	84.3813
 2.0910	84.3813
 2.0900	84.4079
 2.0890	84.4036
 2.0880	84.4436
 2.0870	84.4883
 2.0860	84.5166
 2.0850	84.5430
 2.0840	84.5513
 2.0830	84.5543
 2.0820	84.6097
 2.0810	84.6325
 2.0800	84.5648
 2.0790	84.5747
 2.0780	84.6187
 2.0770	84.5957
 2.0760	84.5914
 2.0750	84.6051
 2.0740	84.5576
 2.0730	84.5523
 2.0720	84.5620
 2.0710	84.5843
 2.0700	84.6556
 2.0690	84.7533
 2.0680	84.7156
 2.0670	84.6445
 2.0660	84.7023
 2.0650	84.7463
 2.0640	84.7300
 2.0630	84.7273
 2.0620	84.7597
 2.0610	84.6908
 2.0600	84.7388
 2.0590	84.8147
 2.0580	84.7757
 2.0570	84.7817
 2.0560	84.7990
 2.0550	84.8031
 2.0540	84.8367
 2.0530	84.8043
 2.0520	84.7732
 2.0510	84.8232
 2.0500	84.8591
 2.0490	84.8686
 2.0480	84.8466
 2.0470	84.9482
 2.0460	84.9695
 2.0450	84.9525
 2.0440	84.9704
 2.0430	84.9849
 2.0420	84.9835
 2.0410	85.0312
 2.0400	85.0237
 2.0390	85.0403
 2.0380	85.0693
 2.0370	85.0094
 2.0360	84.9357
 2.0350	84.9747
 2.0340	85.0436
 2.0330	85.0609
 2.0320	85.0825
 2.0310	85.0642
 2.0300	84.9987
 2.0290	85.0642
 2.0280	85.1021
 2.0270	85.0235
 2.0260	85.0057
 2.0250	85.0325
 2.0240	84.9954
 2.0230	84.9756
 2.0220	85.0255
 2.0210	85.0654
 2.0200	84.9208
 2.0190	84.9779
 2.0180	85.0615
 2.0170	84.9999
 2.0160	84.9786
 2.0150	85.0692
 2.0140	85.0671
 2.0130	85.0595
 2.0120	84.9926
 2.0110	85.0585
 2.0100	85.0401
 2.0090	84.9346
 2.0080	85.0136
 2.0070	85.0368
 2.0060	85.0198
 2.0050	85.0314
 2.0040	85.1105
 2.0030	84.9918
 2.0020	85.0776
 2.0010	85.0431
 2.0000	85.0443
 1.9990	85.0698
 1.9980	85.0433
 1.9970	84.9919
 1.9960	84.9081
 1.9950	84.9503
 1.9940	85.0980
 1.9930	85.0009
 1.9920	84.8974
 1.9910	84.9207
 1.9900	84.8882
 1.9890	84.8538
 1.9880	84.9232
 1.9870	84.8817
 1.9860	84.8044
 1.9850	84.8575
 1.9840	84.8071
 1.9830	84.8383
 1.9820	84.9343
 1.9810	84.8652
 1.9800	84.8636
 1.9790	84.8213
 1.9780	84.7701
 1.9770	84.8100
 1.9760	84.8098
 1.9750	84.8060
 1.9740	84.8688
 1.9730	84.7747
 1.9720	84.8026
 1.9710	84.8157
 1.9700	84.6930
 1.9690	84.7995
 1.9680	84.7504
 1.9670	84.7645
 1.9660	84.8608
 1.9650	84.6789
 1.9640	84.6733
 1.9630	84.7355
 1.9620	84.8639
 1.9610	84.8048
 1.9600	84.6695
 1.9590	84.7498
 1.9580	84.6766
 1.9570	84.6472
 1.9560	84.7161
 1.9550	84.7333
 1.9540	84.7264
 1.9530	84.7809
 1.9520	84.8120
 1.9510	84.7303
 1.9500	84.7071
 1.9490	84.7308
 1.9480	84.8175
 1.9470	84.7918
 1.9460	84.7195
 1.9450	84.7451
 1.9440	84.8381
 1.9430	84.8287
 1.9420	84.8735
 1.9410	84.8125
 1.9400	84.8035
 1.9390	84.8209
 1.9380	84.8392
 1.9370	84.7449
 1.9360	84.8274
 1.9350	84.8811
 1.9340	84.7799
 1.9330	84.7984
 1.9320	84.8505
 1.9310	84.9437
 1.9300	85.0020
 1.9290	84.7773
 1.9280	84.9264
 1.9270	84.8070
 1.9260	84.9065
 1.9250	84.8511
 1.9240	84.8717
 1.9230	84.8264
 1.9220	84.9699
 1.9210	84.8929
 1.9200	84.9815
 1.9190	84.9476
 1.9180	84.9701
 1.9170	84.9464
 1.9160	84.9316
 1.9150	84.9225
 1.9140	84.9476
 1.9130	85.0272
 1.9120	85.0524
 1.9110	85.0408
 1.9100	85.0780
 1.9090	84.9940
 1.9080	85.1139
 1.9070	85.0881
 1.9060	85.1595
 1.9050	85.0554
 1.9040	85.0134
 1.9030	85.0840
 1.9020	85.1151
 1.9010	85.1016
 1.9000	85.1832
 1.8990	85.0636
 1.8980	85.1931
 1.8970	85.1615
 1.8960	85.2646
 1.8950	85.2551
 1.8940	85.1369
 1.8930	85.1252
 1.8920	85.2901
 1.8910	85.2110
 1.8900	85.2318
 1.8890	85.1155
 1.8880	85.2143
 1.8870	85.2776
 1.8860	85.3282
 1.8850	85.2196
 1.8840	85.2129
 1.8830	85.2356
 1.8820	85.3906
 1.8810	85.3058
 1.8800	85.3691
 1.8790	85.3554
 1.8780	85.3382
 1.8770	85.3793
 1.8760	85.4538
 1.8750	85.3860
 1.8740	85.4245
 1.8730	85.3533
 1.8720	85.3258
 1.8710	85.3519
 1.8700	85.3352
 1.8690	85.3445
 1.8680	85.2910
 1.8670	85.2973
 1.8660	85.3391
 1.8650	85.3873
 1.8640	85.3645
 1.8630	85.3908
 1.8620	85.3906
 1.8610	85.3856
 1.8600	85.4067
 1.8590	85.3799
 1.8580	85.4079
 1.8570	85.3861
 1.8560	85.3706
 1.8550	85.4179
 1.8540	85.4628
 1.8530	85.3138
 1.8520	85.4482
 1.8510	85.4659
 1.8500	85.7054
 1.8490	86.1150
 1.8480	85.4781
 1.8470	85.4475
 1.8460	85.4400
 1.8450	85.4178
 1.8440	85.4509
 1.8430	85.4326
 1.8420	85.4434
 1.8410	85.3989
 1.8400	85.4288
 1.8390	85.4026
 1.8380	85.4345
 1.8370	85.3846
 1.8360	85.3702
 1.8350	85.4903
 1.8340	85.4968
 1.8330	85.4924
 1.8320	85.4032
 1.8310	85.4492
 1.8300	85.4095
 1.8290	85.3647
 1.8280	85.4234
 1.8270	85.4446
 1.8260	85.4522
 1.8250	85.4230
 1.8240	85.4855
 1.8230	85.5288
 1.8220	85.4610
 1.8210	85.4128
 1.8200	85.4485
 1.8190	85.4496
 1.8180	85.4494
 1.8170	85.4018
 1.8160	85.4398
 1.8150	85.4463
 1.8140	85.4168
 1.8130	85.4658
 1.8120	85.4891
 1.8110	85.4120
 1.8100	85.4421
 1.8090	85.4854
 1.8080	85.4701
 1.8070	85.4277
 1.8060	85.4604
 1.8050	85.4087
 1.8040	85.3802
 1.8030	85.5141
 1.8020	85.4615
 1.8010	85.4426
 1.8000	85.5152
 1.7990	85.5257
 1.7980	85.4707
 1.7970	85.4444
 1.7960	85.4739
 1.7950	85.4773
 1.7940	85.4995
 1.7930	85.5111
 1.7920	85.5084
 1.7910	85.5028
 1.7900	85.4786
 1.7890	85.4272
 1.7880	85.3936
 1.7870	85.4059
 1.7860	85.3657
 1.7850	85.3962
 1.7840	85.4698
 1.7830	85.4231
 1.7820	85.3881
 1.7810	85.4052
 1.7800	85.3914
 1.7790	85.4149
 1.7780	85.4341
 1.7770	85.4047
 1.7760	85.3768
 1.7750	85.3847
 1.7740	85.4425
 1.7730	85.4239
 1.7720	85.3843
 1.7710	85.4199
 1.7700	85.4144
 1.7690	85.4148
 1.7680	85.4247
 1.7670	85.3961
 1.7660	85.3739
 1.7650	85.3989
 1.7640	85.3661
 1.7630	85.3884
 1.7620	85.3908
 1.7610	85.3971
 1.7600	85.3683
 1.7590	85.3827
 1.7580	85.4403
 1.7570	85.4109
 1.7560	85.3276
 1.7550	85.3884
 1.7540	85.4229
 1.7530	85.3851
 1.7520	85.4137
 1.7510	85.4284
 1.7500	85.4332
 1.7490	85.3579
 1.7480	85.3938
 1.7470	85.4623
 1.7460	85.4608
 1.7450	85.4319
 1.7440	85.4515
 1.7430	85.5083
 1.7420	85.4268
 1.7410	85.3850
 1.7400	85.4220
 1.7390	85.3959
 1.7380	85.4228
 1.7370	85.4496
 1.7360	85.4693
 1.7350	85.4996
 1.7340	85.3951
 1.7330	85.4527
 1.7320	85.4722
 1.7310	85.4312
 1.7300	85.4687
 1.7290	85.4829
 1.7280	85.4673
 1.7270	85.4743
 1.7260	85.4261
 1.7250	85.4450
 1.7240	85.4868
 1.7230	85.4617
 1.7220	85.3960
 1.7210	85.5384
 1.7200	85.5140
 1.7190	85.4713
 1.7180	85.4901
 1.7170	85.4346
 1.7160	85.4961
 1.7150	85.5019
 1.7140	85.4937
 1.7130	85.4624
 1.7120	85.4843
 1.7110	85.4239
 1.7100	85.3901
 1.7090	85.4277
 1.7080	85.4577
 1.7070	85.4249
 1.7060	85.4304
 1.7050	85.4712
 1.7040	85.3976
 1.7030	85.3986
 1.7020	85.4033
 1.7010	85.3985
 1.7000	85.3734
 1.6990	85.3139
 1.6980	85.4104
 1.6970	85.4322
 1.6960	85.4564
 1.6950	85.5050
 1.6940	85.4513
 1.6930	85.3536
 1.6920	85.4220
 1.6910	85.3758
 1.6900	85.4370
 1.6890	85.4394
 1.6880	85.5113
 1.6870	85.4568
 1.6860	85.3742
 1.6850	85.3084
 1.6840	85.3468
 1.6830	85.3660
 1.6820	85.4495
 1.6810	85.3482
 1.6800	85.3585
 1.6790	85.3765
 1.6780	85.3137
 1.6770	85.3027
 1.6760	85.5111
 1.6750	85.4388
 1.6740	85.3740
 1.6730	85.3195
 1.6720	85.3520
 1.6710	85.3844
 1.6700	85.3800
 1.6690	85.3898
 1.6680	85.3784
 1.6670	85.4044
 1.6660	85.3581
 1.6650	85.2804
 1.6640	85.3135
 1.6630	85.3970
 1.6620	85.3894
 1.6610	85.3468
 1.6600	85.3000
 1.6590	85.2888
 1.6580	85.2502
 1.6570	85.3392
 1.6560	85.4235
 1.6550	85.3559
 1.6540	85.4018
 1.6530	85.3879
 1.6520	85.3694
 1.6510	85.3250
 1.6500	85.3562
 1.6490	85.2958
 1.6480	85.3474
 1.6470	85.3817
 1.6460	85.3713
 1.6450	85.3697
 1.6440	85.3792
 1.6430	85.2845
 1.6420	85.3809
 1.6410	85.3325
 1.6400	85.3632
 1.6390	85.3020
 1.6380	85.3447
 1.6370	85.3313
 1.6360	85.3295
 1.6350	85.2962
 1.6340	85.2227
 1.6330	85.3638
 1.6320	85.2814
 1.6310	85.3502
 1.6300	85.2502
 1.6290	85.3097
 1.6280	85.3767
 1.6270	85.2580
 1.6260	85.2847
 1.6250	85.4047
 1.6240	85.2282
 1.6230	85.4291
 1.6220	85.3434
 1.6210	85.2208
 1.6200	85.3108
 1.6190	85.2605
 1.6180	85.2627
 1.6170	85.3427
 1.6160	85.2662
 1.6150	85.2953
 1.6140	85.3710
 1.6130	85.4360
 1.6120	85.3230
 1.6110	85.4116
 1.6100	85.3070
 1.6090	85.3569
 1.6080	85.3573
 1.6070	85.3941
 1.6060	85.3910
 1.6050	85.3817
 1.6040	85.3016
 1.6030	85.2988
 1.6020	85.3268
 1.6010	85.3841
 1.6000	85.3737
 1.5990	85.4277
 1.5980	85.4068
 1.5970	85.3728
 1.5960	85.4041
 1.5950	85.4622
 1.5940	85.3372
 1.5930	85.3299
 1.5920	85.2762
 1.5910	85.3389
 1.5900	85.3105
 1.5890	85.2173
 1.5880	85.2962
 1.5870	85.3968
 1.5860	85.3107
 1.5850	85.3588
 1.5840	85.3177
 1.5830	85.3770
 1.5820	85.3045
 1.5810	85.3696
 1.5800	85.3278
 1.5790	85.3525
 1.5780	85.4191
 1.5770	85.3428
 1.5760	85.3606
 1.5750	85.2852
 1.5740	85.3585
 1.5730	85.3538
 1.5720	85.2673
 1.5710	85.3246
 1.5700	85.3085
 1.5690	85.2425
 1.5680	85.2738
 1.5670	85.2553
 1.5660	85.2684
 1.5650	85.3701
 1.5640	85.2725
 1.5630	85.2691
 1.5620	85.2516
 1.5610	85.2555
 1.5600	85.2273
 1.5590	85.2915
 1.5580	85.2949
 1.5570	85.3223
 1.5560	85.3042
 1.5550	85.2596
 1.5540	85.2657
 1.5530	85.3391
 1.5520	85.2973
 1.5510	85.2828
 1.5500	85.3040
 1.5490	85.2853
 1.5480	85.3258
 1.5470	85.2962
 1.5460	85.1939
 1.5450	85.2539
 1.5440	85.2588
 1.5430	85.2338
 1.5420	85.1560
 1.5410	85.1834
 1.5400	85.2135
 1.5390	85.1846
 1.5380	85.2154
 1.5370	85.2372
 1.5360	85.2395
 1.5350	85.2322
 1.5340	85.2120
 1.5330	85.2445
 1.5320	85.2710
 1.5310	85.1805
 1.5300	85.1441
 1.5290	85.1945
 1.5280	85.2359
 1.5270	85.2093
 1.5260	85.1825
 1.5250	85.1659
 1.5240	85.1838
 1.5230	85.1846
 1.5220	85.2218
 1.5210	85.1918
 1.5200	85.1098
 1.5190	85.1594
 1.5180	85.1919
 1.5170	85.2527
 1.5160	85.2135
 1.5150	85.1778
 1.5140	85.1675
 1.5130	85.1975
 1.5120	85.1589
 1.5110	85.1385
 1.5100	85.1055
 1.5090	85.1158
 1.5080	85.2057
 1.5070	85.1485
 1.5060	85.1486
 1.5050	85.1521
 1.5040	85.0957
 1.5030	85.1622
 1.5020	85.1778
 1.5010	85.1066
 1.5000	85.0882
 1.4990	85.0796
 1.4980	85.0827
 1.4970	85.1084
 1.4960	85.0842
 1.4950	85.0953
 1.4940	85.1775
 1.4930	85.1743
 1.4920	85.1544
 1.4910	85.1449
 1.4900	85.1412
 1.4890	85.1515
 1.4880	85.1143
 1.4870	85.1160
 1.4860	85.1474
 1.4850	85.1229
 1.4840	85.1234
 1.4830	85.0979
 1.4820	85.0937
 1.4810	85.0370
 1.4800	85.0412
 1.4790	85.1359
 1.4780	85.0936
 1.4770	85.0703
 1.4760	85.0621
 1.4750	85.0318
 1.4740	85.1183
 1.4730	85.2086
 1.4720	85.1561
 1.4710	85.0972
 1.4700	85.0990
 1.4690	85.1035
 1.4680	85.0658
 1.4670	85.0743
 1.4660	85.0980
 1.4650	85.0368
 1.4640	85.0205
 1.4630	85.0876
 1.4620	85.0893
 1.4610	85.0272
 1.4600	85.0520
 1.4590	85.0751
 1.4580	85.0616
 1.4570	85.1091
 1.4560	85.0695
 1.4550	85.1108
 1.4540	85.1239
 1.4530	85.0487
 1.4520	85.0210
 1.4510	85.0675
 1.4500	85.1036
 1.4490	85.0222
 1.4480	85.0435
 1.4470	85.0977
 1.4460	85.0920
 1.4450	85.0920
 1.4440	85.1067
 1.4430	85.0313
 1.4420	85.0813
 1.4410	85.1327
 1.4400	85.1042
 1.4390	85.0613
 1.4380	85.0400
 1.4370	85.0692
 1.4360	85.0073
 1.4350	85.0264
 1.4340	85.0363
 1.4330	85.0656
 1.4320	85.0460
 1.4310	85.0199
 1.4300	84.9972
 1.4290	85.0255
 1.4280	85.0583
 1.4270	84.9723
 1.4260	85.0214
 1.4250	85.0188
 1.4240	85.0048
 1.4230	85.0650
 1.4220	84.9609
 1.4210	85.0162
 1.4200	85.0804
 1.4190	85.0402
 1.4180	85.0256
 1.4170	84.9905
 1.4160	85.0368
 1.4150	84.9559
 1.4140	85.0041
 1.4130	84.9995
 1.4120	85.0637
 1.4110	85.0036
 1.4100	85.0267
 1.4090	85.0588
 1.4080	85.0078
 1.4070	85.0632
 1.4060	85.0352
 1.4050	84.9263
 1.4040	84.9873
 1.4030	85.0195
 1.4020	84.9780
 1.4010	85.0300
 1.4000	85.0657
 1.3990	84.9966
 1.3980	85.0363
 1.3970	85.0968
 1.3960	85.0683
 1.3950	85.0775
 1.3940	85.0609
 1.3930	85.0543
 1.3920	85.0883
 1.3910	85.0033
 1.3900	85.0834
 1.3890	85.1561
 1.3880	85.2458
 1.3870	85.0855
 1.3860	85.1440
 1.3850	85.1085
 1.3840	85.2492
 1.3830	85.1251
 1.3820	85.0059
 1.3810	85.1152
 1.3800	85.1409
 1.3790	85.0963
 1.3780	85.0910
 1.3770	85.1867
 1.3760	85.0460
 1.3750	85.0775
 1.3740	85.0394
 1.3730	85.0955
 1.3720	85.0539
 1.3710	85.0749
 1.3700	85.0840
 1.3690	85.0421
 1.3680	85.0633
 1.3670	85.0920
 1.3660	85.1565
 1.3650	85.1156
 1.3640	85.1460
 1.3630	85.0623
 1.3620	85.0910
 1.3610	85.0398
 1.3600	84.9475
 1.3590	85.1005
 1.3580	85.0876
 1.3570	85.0569
 1.3560	85.0689
 1.3550	85.0011
 1.3540	84.9982
 1.3530	84.9253
 1.3520	84.9661
 1.3510	85.0501
 1.3500	85.0702
 1.3490	85.0436
 1.3480	85.0553
 1.3470	85.0589
 1.3460	84.9859
 1.3450	85.0099
 1.3440	85.0544
 1.3430	85.0010
 1.3420	84.9950
 1.3410	85.0137
 1.3400	85.0017
 1.3390	84.9725
 1.3380	84.9147
 1.3370	85.0193
 1.3360	84.9517
 1.3350	85.0015
 1.3340	84.9835
 1.3330	84.9405
 1.3320	85.0016
 1.3310	85.0276
 1.3300	85.0046
 1.3290	84.9953
 1.3280	84.9878
 1.3270	84.9891
 1.3260	84.9528
 1.3250	85.0210
 1.3240	84.9962
 1.3230	84.9393
 1.3220	85.0369
 1.3210	85.0161
 1.3200	84.8924
 1.3190	84.9611
 1.3180	84.8981
 1.3170	84.9050
 1.3160	84.9152
 1.3150	84.9232
 1.3140	85.0044
 1.3130	84.9334
 1.3120	84.9112
 1.3110	84.9099
 1.3100	84.8947
 1.3090	84.9525
 1.3080	84.9542
 1.3070	84.8755
 1.3060	84.9485
 1.3050	84.9713
 1.3040	84.9230
 1.3030	84.8799
 1.3020	84.9350
 1.3010	84.8628
 1.3000	84.9123
 1.2990	84.9495
 1.2980	84.9422
 1.2970	84.9645
 1.2960	84.9881
 1.2950	84.8932
 1.2940	84.9384
 1.2930	84.8888
 1.2920	84.9278
 1.2910	84.9187
 1.2900	84.9313
 1.2890	84.8899
 1.2880	84.8620
 1.2870	84.9356
 1.2860	84.8997
 1.2850	84.8777
 1.2840	84.9426
 1.2830	84.8466
 1.2820	84.9357
 1.2810	84.9485
 1.2800	84.9083
 1.2790	84.9146
 1.2780	84.9038
 1.2770	84.8731
 1.2760	84.8818
 1.2750	84.8186
 1.2740	84.8973
 1.2730	84.8324
 1.2720	84.8666
 1.2710	84.8296
 1.2700	84.8581
 1.2690	84.9234
 1.2680	84.8819
 1.2670	84.8205
 1.2660	84.8417
 1.2650	84.9014
 1.2640	84.9166
 1.2630	84.8321
 1.2620	84.8320
 1.2610	84.8908
 1.2600	84.8317
 1.2590	84.8625
 1.2580	84.8964
 1.2570	84.8153
 1.2560	84.8027
 1.2550	84.8149
 1.2540	84.8938
 1.2530	84.8901
 1.2520	84.8090
 1.2510	84.8190
 1.2500	84.8079
 1.2490	84.8354
 1.2480	84.8496
 1.2470	84.7704
 1.2460	84.7954
 1.2450	84.8086
 1.2440	84.8268
 1.2430	84.7871
 1.2420	84.8069
 1.2410	84.7757
 1.2400	84.7622
 1.2390	84.8133
 1.2380	84.8680
 1.2370	84.8378
 1.2360	84.8178
 1.2350	84.8136
 1.2340	84.8254
 1.2330	84.7600
 1.2320	84.7355
 1.2310	84.7629
 1.2300	84.8159
 1.2290	84.7915
 1.2280	84.8733
 1.2270	84.8819
 1.2260	84.8061
 1.2250	84.7758
 1.2240	84.7475
 1.2230	84.7642
 1.2220	84.7938
 1.2210	84.8349
 1.2200	84.8409
 1.2190	84.7879
 1.2180	84.7544
 1.2170	84.7445
 1.2160	84.7298
 1.2150	84.7389
 1.2140	84.7831
 1.2130	84.7633
 1.2120	84.6394
 1.2110	84.6875
 1.2100	84.8445
 1.2090	84.8167
 1.2080	84.8062
 1.2070	84.8107
 1.2060	84.7961
 1.2050	84.8109
 1.2040	84.7851
 1.2030	84.7457
 1.2020	84.7561
 1.2010	84.7608
 1.2000	84.7051
 1.1990	84.6662
 1.1980	84.7444
 1.1970	84.7494
 1.1960	84.7667
 1.1950	84.7775
 1.1940	84.7240
 1.1930	84.7200
 1.1920	84.7324
 1.1910	84.7697
 1.1900	84.7663
 1.1890	84.7849
 1.1880	84.7495
 1.1870	84.7616
 1.1860	84.7660
 1.1850	84.7423
 1.1840	84.7731
 1.1830	84.7329
 1.1820	84.6759
 1.1810	84.6842
 1.1800	84.6640
 1.1790	84.7258
 1.1780	84.7727
 1.1770	84.8032
 1.1760	84.7914
 1.1750	84.7331
 1.1740	84.7124
 1.1730	84.7483
 1.1720	84.7814
 1.1710	84.7581
 1.1700	84.7204
 1.1690	84.6766
 1.1680	84.7309
 1.1670	84.7138
 1.1660	84.7559
 1.1650	84.7131
 1.1640	84.7324
 1.1630	84.7702
 1.1620	84.7276
 1.1610	84.7216
 1.1600	84.7726
 1.1590	84.6866
 1.1580	84.7051
 1.1570	84.6936
 1.1560	84.6876
 1.1550	84.7338
 1.1540	84.7870
 1.1530	84.7170
 1.1520	84.7019
 1.1510	84.6928
 1.1500	84.7569
 1.1490	84.6959
 1.1480	84.6978
 1.1470	84.7742
 1.1460	84.7610
 1.1450	84.8161
 1.1440	84.8196
 1.1430	84.7358
 1.1420	84.6917
 1.1410	84.6630
 1.1400	84.7717
 1.1390	84.6961
 1.1380	84.6672
 1.1370	84.7373
 1.1360	84.7198
 1.1350	84.7131
 1.1340	84.7365
 1.1330	84.7360
 1.1320	84.7245
 1.1310	84.7933
 1.1300	84.6826
 1.1290	84.6895
 1.1280	84.7516
 1.1270	84.7956
 1.1260	84.6451
 1.1250	84.6990
 1.1240	84.6826
 1.1230	84.6658
 1.1220	84.7085
 1.1210	84.7054
 1.1200	84.6863
 1.1190	84.5984
 1.1180	84.6343
 1.1170	84.7184
 1.1160	84.7008
 1.1150	84.6865
 1.1140	84.7268
 1.1130	84.7563
 1.1120	84.6912
 1.1110	84.7875
 1.1100	84.6775
 1.1090	84.6601
 1.1080	84.7037
 1.1070	84.6507
 1.1060	84.7127
 1.1050	84.6748
 1.1040	84.7785
 1.1030	84.6910
 1.1020	84.6424
 1.1010	84.7379
 1.1000	84.6821
 1.0990	84.7389
 1.0980	84.6525
 1.0970	84.7030
 1.0960	84.6907
 1.0950	84.7148
 1.0940	84.7064
 1.0930	84.7936
 1.0920	84.6432
 1.0910	84.7133
 1.0900	84.6420
 1.0890	84.6809
 1.0880	84.6299
 1.0870	84.7035
 1.0860	84.6506
 1.0850	84.6411
 1.0840	84.7089
 1.0830	84.6517
 1.0820	84.6947
 1.0810	84.6460
 1.0800	84.6666
 1.0790	84.7321
 1.0780	84.6051
 1.0770	84.7818
 1.0760	84.5864
 1.0750	84.6208
 1.0740	84.6290
 1.0730	84.6773
 1.0720	84.6879
 1.0710	84.7398
 1.0700	84.6400
 1.0690	84.7064
 1.0680	84.6728
 1.0670	84.6837
 1.0660	84.6131
 1.0650	84.7257
 1.0640	84.6945
 1.0630	84.7016
 1.0620	84.6608
 1.0610	84.6761
 1.0600	84.6456
 1.0590	84.6800
 1.0580	84.5960
 1.0570	84.5948
 1.0560	84.5044
 1.0550	84.7247
 1.0540	84.6136
 1.0530	84.6383
 1.0520	84.6245
 1.0510	84.6071
 1.0500	84.6887
 1.0490	84.6950
 1.0480	84.6438
 1.0470	84.6464
 1.0460	84.7283
 1.0450	84.6171
 1.0440	84.5267
 1.0430	84.5913
 1.0420	84.6797
 1.0410	84.6466
 1.0400	84.6082
 1.0390	84.6136
 1.0380	84.7139
 1.0370	84.6220
 1.0360	84.6499
 1.0350	84.6739
 1.0340	84.6118
 1.0330	84.6308
 1.0320	84.6671
 1.0310	84.7139
 1.0300	84.7743
 1.0290	84.6085
 1.0280	84.7139
 1.0270	84.7256
 1.0260	84.6239
 1.0250	84.6501
 1.0240	84.6382
 1.0230	84.6425
 1.0220	84.6432
 1.0210	84.6490
 1.0200	84.5419
 1.0190	84.6576
 1.0180	84.5891
 1.0170	84.6111
 1.0160	84.5641
 1.0150	84.5751
 1.0140	84.6010
 1.0130	84.7057
 1.0120	84.5876
 1.0110	84.5838
 1.0100	84.6433
 1.0090	84.6145
 1.0080	84.5455
 1.0070	84.5974
 1.0060	84.6782
 1.0050	84.7014
 1.0040	84.6172
 1.0030	84.6747
 1.0020	84.6824
 1.0010	84.5595
 1.0000	84.4848
 0.9990	84.5646
 0.9980	84.5870
 0.9970	84.5706
 0.9960	84.6003
 0.9950	84.6229
 0.9940	84.6586
 0.9930	84.6469
 0.9920	84.6000
 0.9910	84.6332
 0.9900	84.6297
 0.9890	84.6400
 0.9880	84.5954
 0.9870	84.5853
 0.9860	84.6267
 0.9850	84.5999
 0.9840	84.6379
 0.9830	84.6210
 0.9820	84.6093
 0.9810	84.6326
 0.9800	84.5571
 0.9790	84.5903
 0.9780	84.6569
 0.9770	84.6466
 0.9760	84.5968
 0.9750	84.5827
 0.9740	84.6111
 0.9730	84.6436
 0.9720	84.6662
 0.9710	84.5519
 0.9700	84.5724
 0.9690	84.5986
 0.9680	84.5343
 0.9670	84.5901
 0.9660	84.5856
 0.9650	84.5583
 0.9640	84.5685
 0.9630	84.6055
 0.9620	84.6390
 0.9610	84.6247
 0.9600	84.6227
 0.9590	84.6054
 0.9580	84.6044
 0.9570	84.5972
 0.9560	84.5744
 0.9550	84.6313
 0.9540	84.5906
 0.9530	84.5700
 0.9520	84.5865
 0.9510	84.6093
 0.9500	84.6274
 0.9490	84.6138
 0.9480	84.5626
 0.9470	84.5321
 0.9460	84.5679
 0.9450	84.5804
 0.9440	84.5607
 0.9430	84.5706
 0.9420	84.5801
 0.9410	84.5846
 0.9400	84.6110
 0.9390	84.5987
 0.9380	84.5771
 0.9370	84.5390
 0.9360	84.5223
 0.9350	84.5201
 0.9340	84.5474
 0.9330	84.5441
 0.9320	84.5034
 0.9310	84.5337
 0.9300	84.5953
 0.9290	84.5612
 0.9280	84.5300
 0.9270	84.5451
 0.9260	84.5225
 0.9250	84.5026
 0.9240	84.5032
 0.9230	84.4927
 0.9220	84.5780
 0.9210	84.6186
 0.9200	84.5445
 0.9190	84.4999
 0.9180	84.5085
 0.9170	84.4921
 0.9160	84.4858
 0.9150	84.4890
 0.9140	84.5532
 0.9130	84.5569
 0.9120	84.5236
 0.9110	84.5019
 0.9100	84.5292
 0.9090	84.5673
 0.9080	84.5588
 0.9070	84.5354
 0.9060	84.5932
 0.9050	84.5728
 0.9040	84.4939
 0.9030	84.4798
 0.9020	84.5079
 0.9010	84.5283
 0.9000	84.5112
 0.8990	84.4813
 0.8980	84.4631
 0.8970	84.4897
 0.8960	84.5416
 0.8950	84.5614
 0.8940	84.5311
 0.8930	84.5568
 0.8920	84.5417
 0.8910	84.5107
 0.8900	84.4937
 0.8890	84.4794
 0.8880	84.5549
 0.8870	84.5942
 0.8860	84.5551
 0.8850	84.4891
 0.8840	84.5205
 0.8830	84.5434
 0.8820	84.5813
 0.8810	84.5219
 0.8800	84.4892
 0.8790	84.5100
 0.8780	84.5767
 0.8770	84.5365
 0.8760	84.5687
 0.8750	84.5382
 0.8740	84.6486
 0.8730	84.6140
 0.8720	84.5750
 0.8710	84.5533
 0.8700	84.5489
 0.8690	84.5364
 0.8680	84.5703
 0.8670	84.6046
 0.8660	84.6013
 0.8650	84.5771
 0.8640	84.5980
 0.8630	84.5371
 0.8620	84.5682
 0.8610	84.5368
 0.8600	84.2793
 0.8590	84.1645
 0.8580	84.0475
 0.8570	84.1695
 0.8560	84.1730
 0.8550	84.1805
 0.8540	84.1385
 0.8530	84.0914
 0.8520	84.1208
 0.8510	84.1140
 0.8500	84.1300
 0.8490	84.0878
 0.8480	84.1379
 0.8470	84.1634
 0.8460	84.1192
 0.8450	84.1454
 0.8440	84.1356
 0.8430	84.1339
 0.8420	84.1292
 0.8410	84.1697
 0.8400	84.1512
 0.8390	84.1276
 0.8380	84.2433
 0.8370	84.1708
 0.8360	84.1726
 0.8350	84.1907
 0.8340	84.1685
 0.8330	84.1508
 0.8320	84.1638
 0.8310	84.1888
 0.8300	84.1923
 0.8290	84.2763
 0.8280	84.2317
 0.8270	84.2570
 0.8260	84.2197
 0.8250	84.2380
 0.8240	84.2022
 0.8230	84.2005
 0.8220	84.2093
 0.8210	84.2549
 0.8200	84.2735
 0.8190	84.2440
 0.8180	84.2296
 0.8170	84.2449
 0.8160	84.2466
 0.8150	84.3153
 0.8140	84.2269
 0.8130	84.2190
 0.8120	84.2840
 0.8110	84.3093
 0.8100	84.3124
 0.8090	84.2973
 0.8080	84.2930
 0.8070	84.2523
 0.8060	84.2707
 0.8050	84.2313
 0.8040	84.2731
 0.8030	84.2759
 0.8020	84.2623
 0.8010	84.2700
 0.8000	84.2830
 0.7990	84.2252
 0.7980	84.2577
 0.7970	84.2546
 0.7960	84.2131
 0.7950	84.2225
 0.7940	84.2115
 0.7930	84.1802
 0.7920	84.2355
 0.7910	84.2110
 0.7900	84.1673
 0.7890	84.1905
 0.7880	84.2014
 0.7870	84.1950
 0.7860	84.2052
 0.7850	84.1843
 0.7840	84.1947
 0.7830	84.2384
 0.7820	84.1978
 0.7810	84.2166
 0.7800	84.2298
 0.7790	84.2278
 0.7780	84.2164
 0.7770	84.1585
 0.7760	84.1304
 0.7750	84.1849
 0.7740	84.1622
 0.7730	84.2025
 0.7720	84.1430
 0.7710	84.1491
 0.7700	84.1772
 0.7690	84.1964
 0.7680	84.1811
 0.7670	84.1705
 0.7660	84.1729
 0.7650	84.1556
 0.7640	84.1785
 0.7630	84.2042
 0.7620	84.2076
 0.7610	84.1792
 0.7600	84.1631
 0.7590	84.1611
 0.7580	84.1653
 0.7570	84.1892
 0.7560	84.1884
 0.7550	84.1643
 0.7540	84.1437
 0.7530	84.2068
 0.7520	84.1460
 0.7510	84.1372
 0.7500	84.1524
 0.7490	84.1697
 0.7480	84.1703
 0.7470	84.1484
 0.7460	84.1526
 0.7450	84.1576
 0.7440	84.1894
 0.7430	84.1587
 0.7420	84.1925
 0.7410	84.1583
 0.7400	84.1882
 0.7390	84.1740
 0.7380	84.1603
 0.7370	84.1746
 0.7360	84.1651
 0.7350	84.2068
 0.7340	84.1434
 0.7330	84.1663
 0.7320	84.1568
 0.7310	84.1693
 0.7300	84.1502
 0.7290	84.1298
 0.7280	84.1390
 0.7270	84.1774
 0.7260	84.1589
 0.7250	84.1426
 0.7240	84.1562
 0.7230	84.1655
 0.7220	84.1586
 0.7210	84.1449
 0.7200	84.1638
 0.7190	84.1513
 0.7180	84.1302
 0.7170	84.1345
 0.7160	84.1269
 0.7150	84.1724
 0.7140	84.1620
 0.7130	84.1432
 0.7120	84.1763
 0.7110	84.1491
 0.7100	84.1278
 0.7090	84.1140
 0.7080	84.1330
 0.7070	84.1343
 0.7060	84.1587
 0.7050	84.1598
 0.7040	84.1450
 0.7030	84.1348
 0.7020	84.1376
 0.7010	84.1262
 0.7000	84.1479
 0.6990	84.1547
 0.6980	84.1713
 0.6970	84.1639
 0.6960	84.1562
 0.6950	84.1705
 0.6940	84.1410
 0.6930	84.1308
 0.6920	84.1297
 0.6910	84.1273
 0.6900	84.1327
 0.6890	84.1310
 0.6880	84.1436
 0.6870	84.1457
 0.6860	84.1430
 0.6850	84.1483
 0.6840	84.1410
 0.6830	84.1253
 0.6820	84.1281
 0.6810	84.1385
 0.6800	84.1457
 0.6790	84.1364
 0.6780	84.1313
 0.6770	84.1350
 0.6760	84.1256
 0.6750	84.1450
 0.6740	84.1582
 0.6730	84.1397
 0.6720	84.1281
 0.6710	84.1315
 0.6700	84.1447
 0.6690	84.1348
 0.6680	84.1408
 0.6670	84.1397
 0.6660	84.1347
 0.6650	84.1266
 0.6640	84.1415
 0.6630	84.1387
 0.6620	84.1278
 0.6610	84.1362
 0.6600	84.1299
 0.6590	84.1266
 0.6580	84.1194
 0.6570	84.1276
 0.6560	84.1452
 0.6550	84.1408
 0.6540	84.1248
 0.6530	84.1211
 0.6520	84.1261
 0.6510	84.1395
 0.6500	84.1208
 0.6490	84.1094
 0.6480	84.1152
 0.6470	84.1281
 0.6460	84.1430
 0.6450	84.1235
 0.6440	84.1187
 0.6430	84.1138
 0.6420	84.1009
 0.6410	84.1167
 0.6400	84.1294
 0.6390	84.1271
 0.6380	84.1305
 0.6370	84.1236
 0.6360	84.1241
 0.6350	84.1254
 0.6340	84.1199
 0.6330	84.1167
 0.6320	84.0966
 0.6310	84.0878
 0.6300	84.0986
 0.6290	84.0967
 0.6280	84.0941
 0.6270	84.0978
 0.6260	84.1052
 0.6250	84.1026
 0.6240	84.1000
 0.6230	84.1024
 0.6220	84.1026
 0.6210	84.1027
 0.6200	84.1065
 0.6190	84.1260
 0.6180	84.1249
 0.6170	84.1021
 0.6160	84.0967
 0.6150	84.1044
 0.6140	84.1023
 0.6130	84.0961
 0.6120	84.0985
 0.6110	84.0947
 0.6100	84.0937
 0.6090	84.0921
 0.6080	84.1026
 0.6070	84.1047
 0.6060	84.1018
 0.6050	84.0977
 0.6040	84.1102
 0.6030	84.1048
 0.6020	84.0842
 0.6010	84.0811
 0.6000	84.0806
 0.5990	84.1061
 0.5980	84.1107
 0.5970	84.1217
 0.5960	84.1480
 0.5950	84.1629
 0.5940	84.1576
 0.5930	84.1524
 0.5920	84.1554
 0.5910	84.1516
 0.5900	84.1581
 0.5890	84.1569
 0.5880	84.1427
 0.5870	84.1423
 0.5860	84.1455
 0.5850	84.1432
 0.5840	84.1351
 0.5830	84.1329
 0.5820	84.1330
 0.5810	84.1371
 0.5800	84.1269
 0.5790	84.1284
 0.5780	84.1377
 0.5770	84.1291
 0.5760	84.1200
 0.5750	84.1306
 0.5740	84.1221
 0.5730	84.1170
 0.5720	84.1310
 0.5710	84.1262
 0.5700	84.1309
 0.5690	84.1226
 0.5680	84.1170
 0.5670	84.1307
 0.5660	84.1221
 0.5650	84.1246
 0.5640	84.1212
 0.5630	84.1212
 0.5620	84.1270
 0.5610	84.0844
 0.5600	84.0693
 0.5590	84.0595
 0.5580	84.0570
 0.5570	84.0625
 0.5560	84.0451
 0.5550	84.0365
 0.5540	84.0281
 0.5530	84.0396
 0.5520	84.0444
 0.5510	84.0175
 0.5500	84.0185
 0.5490	84.0115
 0.5480	84.0353
 0.5470	84.0214
 0.5460	84.0256
 0.5450	84.0292
 0.5440	84.0335
 0.5430	84.0300
 0.5420	84.0029
 0.5410	83.9974
 0.5400	83.9982
 0.5390	83.9985
 0.5380	83.9853
 0.5370	83.9806
 0.5360	83.9874
 0.5350	83.9801
 0.5340	83.9625
 0.5330	83.9497
 0.5320	83.9599
 0.5310	83.9724
 0.5300	83.9608
 0.5290	83.9432
 0.5280	83.9346
 0.5270	83.9488
 0.5260	83.9411
 0.5250	83.9129
 0.5240	83.8912
 0.5230	83.8936
 0.5220	83.8831
 0.5210	83.8563
 0.5200	83.8392
 0.5190	83.8309
 0.5180	83.8239
 0.5170	83.7987
 0.5160	83.7692
 0.5150	83.7405
 0.5140	83.7031
 0.5130	83.6752
 0.5120	83.6374
 0.5110	83.6054
 0.5100	83.5552
 0.5090	83.5303
 0.5080	83.4723
 0.5070	83.4042
 0.5060	83.3520
 0.5050	83.2837
 0.5040	83.2332
 0.5030	83.1436
 0.5020	83.0790
 0.5010	82.9766
 0.5000	82.8738
 0.4990	82.7751
 0.4980	82.6841
 0.4970	82.5538
 0.4960	82.4429
 0.4950	82.2775
 0.4940	82.1438
 0.4930	81.9929
 0.4920	81.7851
 0.4910	81.5874
 0.4900	81.4077
 0.4890	81.1769
 0.4880	80.9290
 0.4870	80.6580
 0.4860	80.3942
 0.4850	80.0996
 0.4840	79.7484
 0.4830	79.4323
 0.4820	79.0958
 0.4810	78.7423
 0.4800	78.3656
 0.4790	77.9733
 0.4780	77.5619
 0.4770	77.0860
 0.4760	76.5931
 0.4750	76.0371
 0.4740	75.4649
 0.4730	74.8031
 0.4720	74.1700
 0.4710	73.4386
 0.4700	72.6958
 0.4690	71.9041
 0.4680	71.0687
 0.4670	70.1965
 0.4660	69.2948
 0.4650	68.3392
 0.4640	67.3213
 0.4630	66.2570
 0.4620	65.1733
 0.4610	64.0510
 0.4600	62.8893
 0.4590	61.6799
 0.4580	60.4353
 0.4570	59.1297
 0.4560	57.8025
 0.4550	56.4296
 0.4540	55.0437
 0.4530	53.6163
 0.4520	52.1657
 0.4510	50.6984
 0.4500	49.2232
 0.4490	47.7256
 0.4480	46.1797
 0.4470	44.6456
 0.4460	43.0790
 0.4450	41.5128
 0.4440	39.9448
 0.4430	38.4028
 0.4420	36.8815
 0.4410	35.4174
 0.4400	33.9474
 0.4390	32.5058
 0.4380	31.0434
 0.4370	29.6066
 0.4360	28.2057
 0.4350	26.8053
 0.4340	25.4582
 0.4330	24.1365
 0.4320	22.8695
 0.4310	21.6490
 0.4300	20.4724
 0.4290	19.3470
 0.4280	18.2864
 0.4270	17.2396
 0.4260	16.2313
 0.4250	15.2793
 0.4240	14.3722
 0.4230	13.5078
 0.4220	12.6992
 0.4210	11.9398
 0.4200	11.2249
 0.4190	10.5535
 0.4180	 9.9171
 0.4170	 9.3355
 0.4160	 8.8052
 0.4150	 8.2910
 0.4140	 7.8190
 0.4130	 7.3760
 0.4120	 6.9757
 0.4110	 6.6088
 0.4100	 6.2750
 0.4090	 5.9689
 0.4080	 5.6929
 0.4070	 5.4390
 0.4060	 5.2133
 0.4050	 5.0063
 0.4040	 4.8213
 0.4030	 4.6582
 0.4020	 4.5194
 0.4010	 4.3903
 0.4000	 4.2785
