Name: Epidote Ca_2(Al,Fe^3+)_3O.SiO_4.Si_2O_7.OH
Type: Mineral
Class: Silicate
Subclass: Sorosilicate
Particle Size: Fine
Sample No.: SS-1C
Owner: JPL
Wavelength Range: TIR
Origin: USA, Colorado
Collection Date: N/A
Description: Particle size was 0-45um.Collected by Ward's Original ASTER Spectral Library name was jpl.nicolet.mineral.silicate.sorosilicate.fine.ss01c.spectrum.txt
Measurement: Hemispherical reflectance
First Column: X
Second Column: Y
X Units: Wavelength (micrometers)
Y Units:Reflectance (percent)
First X Value: 15.3853
Last X Value:  2.0003
Number of X Values: 2256
Additional Information: mineral.silicate.sorosilicate.fine.tir.ss-1c.jpl.nicolet.ancillary.txt

15.3853	 4.4287
15.3397	 4.3944
15.2945	 4.1139
15.2495	 3.9662
15.2048	 4.0915
15.1603	 3.9196
15.1161	 3.7000
15.0722	 3.7202
15.0285	 3.7361
14.9851	 3.6549
14.9419	 3.6992
14.8989	 3.7939
14.8563	 3.5453
14.8138	 3.4423
14.7716	 3.6472
14.7296	 3.8083
14.6879	 3.8679
14.6464	 3.7740
14.6052	 3.7096
14.5641	 3.8028
14.5233	 3.9351
14.4828	 3.8532
14.4424	 3.8264
14.4023	 3.7953
14.3624	 3.6637
14.3227	 3.6172
14.2833	 3.6332
14.2440	 3.7788
14.2050	 4.0303
14.1662	 4.1422
14.1276	 4.2058
14.0892	 4.2988
14.0510	 4.1878
14.0131	 3.9773
13.9753	 3.9304
13.9377	 4.0905
13.9004	 4.2417
13.8632	 4.2718
13.8262	 4.3551
13.7895	 4.5352
13.7529	 4.6853
13.7165	 4.9681
13.6803	 5.1296
13.6443	 5.2178
13.6085	 5.2908
13.5729	 5.4899
13.5374	 5.7139
13.5022	 5.8950
13.4671	 5.9953
13.4322	 5.9171
13.3975	 5.9323
13.3630	 5.8704
13.3286	 5.5451
13.2944	 5.3131
13.2604	 5.0648
13.2266	 5.0132
13.1930	 5.2553
13.1595	 5.5287
13.1262	 5.7275
13.0930	 5.9344
13.0600	 6.1950
13.0272	 6.1734
12.9946	 6.1298
12.9621	 6.1993
12.9298	 6.2544
12.8976	 6.2946
12.8656	 6.4490
12.8337	 6.5882
12.8021	 6.7084
12.7705	 6.8665
12.7391	 7.0828
12.7079	 7.1941
12.6769	 7.1759
12.6459	 7.3085
12.6152	 7.5255
12.5845	 7.5122
12.5541	 7.5720
12.5238	 7.5768
12.4936	 7.5642
12.4635	 7.4561
12.4337	 7.4529
12.4039	 7.6075
12.3743	 7.6205
12.3448	 7.7308
12.3155	 7.8132
12.2863	 7.6888
12.2573	 7.5419
12.2284	 7.3835
12.1996	 7.2975
12.1710	 7.4302
12.1425	 7.4351
12.1141	 7.3106
12.0859	 7.2596
12.0578	 7.2410
12.0298	 7.2316
12.0019	 7.1726
11.9742	 7.1938
11.9466	 7.1051
11.9192	 6.9990
11.8918	 6.9905
11.8646	 7.0071
11.8375	 6.8369
11.8106	 6.5983
11.7837	 6.6150
11.7570	 6.7939
11.7304	 6.9979
11.7039	 7.1411
11.6776	 7.2544
11.6513	 7.1577
11.6252	 7.1611
11.5992	 7.2152
11.5733	 7.0171
11.5475	 6.9164
11.5219	 6.8916
11.4963	 6.8239
11.4709	 6.8525
11.4455	 6.9917
11.4203	 7.0987
11.3952	 7.2414
11.3702	 7.5037
11.3454	 7.6282
11.3206	 7.5793
11.2959	 7.6677
11.2714	 7.9378
11.2469	 7.9643
11.2226	 7.7965
11.1983	 7.7229
11.1742	 7.7809
11.1502	 7.6373
11.1263	 7.3360
11.1024	 7.1824
11.0787	 7.1311
11.0551	 6.9632
11.0316	 6.7497
11.0081	 6.4882
10.9848	 6.2672
10.9616	 6.1977
10.9385	 6.1619
10.9154	 6.0553
10.8925	 5.8231
10.8697	 5.5193
10.8469	 5.3282
10.8243	 5.1425
10.8017	 5.1433
10.7793	 5.3217
10.7569	 5.5320
10.7346	 5.8806
10.7125	 6.1131
10.6904	 6.2707
10.6684	 6.5620
10.6465	 6.7867
10.6247	 6.7782
10.6029	 6.9381
10.5813	 7.3347
10.5597	 7.7055
10.5383	 8.0224
10.5169	 8.3061
10.4956	 8.5065
10.4744	 8.6623
10.4533	 8.7263
10.4323	 8.7169
10.4113	 8.7200
10.3904	 8.6451
10.3697	 8.5300
10.3490	 8.4666
10.3284	 8.3351
10.3078	 8.1172
10.2874	 8.0503
10.2670	 8.0898
10.2467	 7.9326
10.2265	 7.8514
10.2064	 7.7944
10.1863	 7.7253
10.1663	 7.5807
10.1464	 7.4383
10.1266	 7.4595
10.1069	 7.3550
10.0872	 7.1437
10.0676	 6.8406
10.0481	 6.5330
10.0287	 6.2694
10.0093	 5.9716
 9.9901	 5.5641
 9.9708	 5.1967
 9.9517	 5.0056
 9.9326	 4.8926
 9.9136	 4.6175
 9.8947	 4.3745
 9.8759	 4.2688
 9.8571	 4.1705
 9.8384	 4.1068
 9.8198	 4.0007
 9.8012	 4.0202
 9.7827	 4.1328
 9.7643	 4.2728
 9.7459	 4.4558
 9.7276	 4.4280
 9.7094	 4.4523
 9.6913	 4.6356
 9.6732	 4.8040
 9.6552	 4.9702
 9.6372	 5.1663
 9.6194	 5.2543
 9.6015	 5.3216
 9.5838	 5.4797
 9.5661	 5.5132
 9.5485	 5.6860
 9.5309	 5.8826
 9.5135	 5.9323
 9.4960	 6.0697
 9.4787	 6.1030
 9.4614	 6.1035
 9.4441	 5.9734
 9.4270	 6.0104
 9.4099	 6.2379
 9.3928	 6.3938
 9.3758	 6.3958
 9.3589	 6.3405
 9.3420	 6.3159
 9.3252	 6.3654
 9.3085	 6.3847
 9.2918	 6.3887
 9.2752	 6.4281
 9.2586	 6.4428
 9.2421	 6.5648
 9.2257	 6.6342
 9.2093	 6.6242
 9.1930	 6.6570
 9.1767	 6.5324
 9.1605	 6.4360
 9.1443	 6.3280
 9.1282	 6.2208
 9.1122	 6.2314
 9.0962	 6.2184
 9.0803	 6.1784
 9.0644	 6.0884
 9.0486	 5.9973
 9.0328	 5.9670
 9.0171	 5.9151
 9.0015	 5.9879
 8.9858	 6.1542
 8.9703	 6.1671
 8.9548	 6.1932
 8.9394	 6.1775
 8.9240	 6.0852
 8.9086	 6.0660
 8.8934	 6.1139
 8.8781	 6.1014
 8.8630	 6.1164
 8.8478	 6.2597
 8.8328	 6.3787
 8.8177	 6.3753
 8.8028	 6.3431
 8.7879	 6.3445
 8.7730	 6.3937
 8.7582	 6.5133
 8.7434	 6.6032
 8.7287	 6.5392
 8.7140	 6.2737
 8.6994	 6.0863
 8.6848	 5.9708
 8.6703	 5.9910
 8.6558	 5.8121
 8.6414	 5.5889
 8.6270	 5.4794
 8.6127	 5.3531
 8.5984	 5.3792
 8.5842	 5.3780
 8.5700	 5.4727
 8.5558	 5.4307
 8.5417	 5.3567
 8.5277	 5.4338
 8.5137	 5.2983
 8.4997	 5.1877
 8.4858	 5.3232
 8.4719	 5.3885
 8.4581	 5.3932
 8.4444	 5.3663
 8.4306	 5.3099
 8.4169	 5.3528
 8.4033	 5.6168
 8.3897	 5.7626
 8.3761	 5.7903
 8.3626	 5.8765
 8.3492	 6.0473
 8.3357	 6.2156
 8.3224	 6.3605
 8.3090	 6.5555
 8.2957	 6.7286
 8.2825	 6.8582
 8.2693	 6.9639
 8.2561	 7.1610
 8.2430	 7.4652
 8.2299	 7.6632
 8.2169	 7.7690
 8.2038	 7.8802
 8.1909	 8.0644
 8.1780	 8.3686
 8.1651	 8.5634
 8.1523	 8.6680
 8.1395	 8.7545
 8.1267	 8.7346
 8.1140	 8.8321
 8.1013	 8.9761
 8.0887	 9.1289
 8.0761	 9.2630
 8.0635	 9.3997
 8.0510	 9.6113
 8.0385	 9.7480
 8.0261	 9.8051
 8.0137	 9.9035
 8.0013	10.1134
 7.9890	10.3805
 7.9767	10.6410
 7.9644	10.9918
 7.9522	11.2790
 7.9400	11.3941
 7.9279	11.5447
 7.9158	11.7718
 7.9037	11.9010
 7.8917	11.9253
 7.8797	12.1042
 7.8677	12.4434
 7.8558	12.7139
 7.8439	12.9167
 7.8321	13.0387
 7.8203	13.0624
 7.8085	13.1622
 7.7967	13.3317
 7.7850	13.5488
 7.7734	13.7734
 7.7617	13.9640
 7.7501	14.1169
 7.7386	14.3233
 7.7270	14.5634
 7.7155	14.7364
 7.7041	14.8661
 7.6926	14.9764
 7.6812	15.1054
 7.6699	15.2087
 7.6585	15.2305
 7.6472	15.2548
 7.6360	15.2470
 7.6247	15.2956
 7.6136	15.3319
 7.6024	15.3417
 7.5913	15.4784
 7.5802	15.6096
 7.5691	15.6365
 7.5581	15.6452
 7.5471	15.7586
 7.5361	15.8767
 7.5252	15.9262
 7.5142	15.9629
 7.5034	15.9852
 7.4925	15.9911
 7.4817	16.0544
 7.4709	16.0520
 7.4602	15.9317
 7.4495	15.8247
 7.4388	15.8030
 7.4281	15.6514
 7.4175	15.5688
 7.4069	15.4753
 7.3963	15.3115
 7.3858	15.1932
 7.3753	15.0774
 7.3648	15.0011
 7.3544	14.8289
 7.3440	14.5483
 7.3336	14.1931
 7.3232	13.8818
 7.3129	13.6317
 7.3026	13.4652
 7.2923	13.2810
 7.2821	13.0390
 7.2718	12.8652
 7.2617	12.8106
 7.2515	12.6718
 7.2414	12.3752
 7.2313	12.1341
 7.2212	11.9902
 7.2112	11.9006
 7.2012	11.6717
 7.1912	11.4554
 7.1812	11.2964
 7.1713	11.1740
 7.1614	11.0441
 7.1515	11.0544
 7.1416	11.1211
 7.1318	11.0867
 7.1220	11.1400
 7.1123	11.2901
 7.1025	11.4636
 7.0928	11.5567
 7.0831	11.4742
 7.0734	11.3578
 7.0638	11.3191
 7.0542	11.3301
 7.0446	11.3380
 7.0351	11.1640
 7.0255	10.9893
 7.0160	10.8615
 7.0065	10.8332
 6.9971	10.9239
 6.9877	10.8441
 6.9782	10.7138
 6.9689	10.6997
 6.9595	10.7594
 6.9502	10.6603
 6.9409	10.5778
 6.9316	10.5845
 6.9223	10.5446
 6.9131	10.6121
 6.9039	10.7996
 6.8947	10.8423
 6.8856	10.8442
 6.8764	10.9570
 6.8673	11.0929
 6.8582	11.1611
 6.8492	11.2156
 6.8402	11.2527
 6.8311	11.3145
 6.8221	11.3860
 6.8132	11.4155
 6.8042	11.5133
 6.7953	11.6932
 6.7864	11.8554
 6.7776	11.9063
 6.7687	11.9433
 6.7599	12.0383
 6.7511	12.2060
 6.7423	12.3331
 6.7336	12.5085
 6.7248	12.7199
 6.7161	12.9420
 6.7074	13.0739
 6.6988	13.2454
 6.6901	13.5100
 6.6815	13.8284
 6.6729	14.0560
 6.6643	14.1950
 6.6558	14.3092
 6.6472	14.7067
 6.6387	15.3227
 6.6302	15.4816
 6.6217	15.5264
 6.6133	15.8149
 6.6049	16.1334
 6.5965	16.5343
 6.5881	16.9004
 6.5797	17.3372
 6.5714	17.7520
 6.5631	18.0449
 6.5548	18.4808
 6.5465	18.8195
 6.5382	19.0745
 6.5300	19.3554
 6.5218	19.8834
 6.5136	20.1842
 6.5054	20.5007
 6.4973	21.3030
 6.4892	21.8552
 6.4810	22.0361
 6.4729	22.2416
 6.4649	22.4488
 6.4568	22.7288
 6.4488	23.0902
 6.4408	23.4423
 6.4328	23.7881
 6.4248	24.0738
 6.4169	24.4517
 6.4089	24.2266
 6.4010	23.8092
 6.3931	23.7256
 6.3853	23.6715
 6.3774	23.6736
 6.3696	23.6895
 6.3618	23.4173
 6.3540	23.1965
 6.3462	23.1360
 6.3384	22.7039
 6.3307	22.2034
 6.3230	21.9592
 6.3153	21.7134
 6.3076	21.4819
 6.2999	21.2624
 6.2923	21.0502
 6.2847	20.9042
 6.2770	20.7869
 6.2694	20.6540
 6.2619	20.5973
 6.2543	20.5099
 6.2468	20.3215
 6.2393	20.0608
 6.2318	19.8830
 6.2243	19.6853
 6.2168	19.5292
 6.2094	19.3416
 6.2020	19.1804
 6.1945	19.1194
 6.1871	19.1149
 6.1798	18.7842
 6.1724	18.4786
 6.1651	18.3148
 6.1578	18.1719
 6.1505	17.9908
 6.1432	17.8982
 6.1359	17.6782
 6.1286	17.5219
 6.1214	17.6540
 6.1142	17.8132
 6.1070	17.6959
 6.0998	17.6035
 6.0926	17.7443
 6.0855	18.0234
 6.0784	18.4007
 6.0712	18.6803
 6.0641	18.6680
 6.0571	18.9806
 6.0500	19.6545
 6.0429	19.6628
 6.0359	19.4113
 6.0289	19.3860
 6.0219	19.5626
 6.0149	19.8062
 6.0079	19.8180
 6.0010	19.9408
 5.9940	20.1474
 5.9871	20.2033
 5.9802	20.1708
 5.9733	20.2030
 5.9664	20.2469
 5.9596	20.2156
 5.9527	20.2822
 5.9459	20.3426
 5.9391	20.7375
 5.9323	20.8777
 5.9255	20.8009
 5.9188	21.0181
 5.9120	21.2639
 5.9053	21.5573
 5.8986	22.0961
 5.8919	22.3735
 5.8852	22.7265
 5.8785	23.0652
 5.8718	23.0677
 5.8652	23.3598
 5.8586	23.4668
 5.8520	23.6044
 5.8454	23.8295
 5.8388	24.2057
 5.8322	24.6614
 5.8257	25.0362
 5.8191	25.1514
 5.8126	25.0637
 5.8061	25.1661
 5.7996	25.4180
 5.7931	25.5149
 5.7866	25.5823
 5.7802	25.7152
 5.7738	26.0199
 5.7673	26.4311
 5.7609	26.2826
 5.7545	26.1925
 5.7481	26.4224
 5.7418	26.4510
 5.7354	26.4809
 5.7291	26.5415
 5.7228	26.7054
 5.7165	26.9191
 5.7102	27.0398
 5.7039	26.8846
 5.6976	26.8522
 5.6914	27.0189
 5.6851	27.0548
 5.6789	27.1858
 5.6727	27.2942
 5.6665	27.2393
 5.6603	27.4018
 5.6541	27.5079
 5.6480	27.5683
 5.6418	27.7801
 5.6357	27.6645
 5.6296	27.4759
 5.6235	27.4365
 5.6174	27.3745
 5.6113	27.2084
 5.6052	26.9857
 5.5992	26.5793
 5.5931	25.8516
 5.5871	24.9215
 5.5811	23.9571
 5.5751	23.3846
 5.5691	23.2398
 5.5631	23.4349
 5.5572	24.1117
 5.5512	25.3576
 5.5453	26.8373
 5.5393	28.2631
 5.5334	29.3005
 5.5275	30.0848
 5.5217	30.6389
 5.5158	30.9913
 5.5099	31.2894
 5.5041	31.5901
 5.4982	31.7964
 5.4924	32.0748
 5.4866	32.2990
 5.4808	32.5729
 5.4750	32.7171
 5.4692	33.0236
 5.4635	33.3930
 5.4577	33.4609
 5.4520	33.5649
 5.4463	33.8386
 5.4405	33.9869
 5.4348	33.9981
 5.4291	34.1103
 5.4235	34.3842
 5.4178	34.3670
 5.4121	34.1763
 5.4065	34.0797
 5.4009	33.9403
 5.3952	33.8230
 5.3896	33.7146
 5.3840	33.5359
 5.3785	33.3529
 5.3729	33.1619
 5.3673	32.9989
 5.3618	32.9316
 5.3562	32.8903
 5.3507	32.8735
 5.3452	32.7834
 5.3397	32.7138
 5.3342	32.7526
 5.3287	32.8474
 5.3232	32.9669
 5.3178	33.0977
 5.3123	33.2715
 5.3069	33.3567
 5.3015	33.4748
 5.2961	33.6487
 5.2907	33.7478
 5.2852	33.8072
 5.2799	33.9242
 5.2745	34.0486
 5.2691	34.0829
 5.2638	34.1179
 5.2584	34.2876
 5.2531	34.4723
 5.2478	34.6145
 5.2425	34.7575
 5.2372	34.9666
 5.2319	35.1905
 5.2267	35.4227
 5.2214	35.5942
 5.2161	35.8103
 5.2109	35.9924
 5.2057	36.0384
 5.2004	36.0297
 5.1952	36.0763
 5.1900	36.2266
 5.1848	36.4028
 5.1796	36.4947
 5.1745	36.5490
 5.1693	36.6260
 5.1642	36.7310
 5.1590	36.8027
 5.1539	36.8969
 5.1488	36.9400
 5.1437	36.9837
 5.1386	37.0230
 5.1335	37.0387
 5.1284	37.0888
 5.1234	37.1036
 5.1183	37.1081
 5.1132	37.1413
 5.1082	37.1076
 5.1032	37.0217
 5.0982	37.0306
 5.0932	37.0651
 5.0882	37.0723
 5.0832	37.1188
 5.0782	37.1006
 5.0732	37.0354
 5.0683	37.0137
 5.0633	37.0719
 5.0584	37.1344
 5.0534	37.1136
 5.0485	37.1515
 5.0436	37.2172
 5.0387	37.2420
 5.0338	37.2766
 5.0289	37.2509
 5.0241	37.2838
 5.0192	37.4037
 5.0144	37.4574
 5.0095	37.4074
 5.0047	37.4033
 4.9998	37.3780
 4.9950	37.2861
 4.9902	37.1126
 4.9854	36.8518
 4.9806	36.5972
 4.9759	36.3904
 4.9711	36.1793
 4.9663	36.0329
 4.9616	35.8912
 4.9568	35.8550
 4.9521	35.8747
 4.9474	35.8939
 4.9426	35.9268
 4.9379	36.0185
 4.9332	36.2230
 4.9286	36.3745
 4.9239	36.4848
 4.9192	36.6330
 4.9145	36.8087
 4.9099	36.9631
 4.9052	37.1152
 4.9006	37.2129
 4.8960	37.2313
 4.8914	37.2308
 4.8867	37.2379
 4.8821	37.4382
 4.8776	37.7897
 4.8730	38.1342
 4.8684	38.5881
 4.8638	39.0222
 4.8593	39.4212
 4.8547	39.8663
 4.8502	40.2376
 4.8456	40.4740
 4.8411	40.7132
 4.8366	40.9526
 4.8321	41.0973
 4.8276	41.2086
 4.8231	41.3394
 4.8186	41.4727
 4.8141	41.6163
 4.8097	41.7310
 4.8052	41.8947
 4.8008	42.2117
 4.7963	42.5416
 4.7919	42.8162
 4.7875	43.1586
 4.7831	43.5009
 4.7786	43.8297
 4.7743	44.2002
 4.7699	44.5862
 4.7655	44.8960
 4.7611	45.1697
 4.7567	45.5646
 4.7524	45.9333
 4.7480	46.2273
 4.7437	46.4548
 4.7393	46.6362
 4.7350	46.8205
 4.7307	47.0227
 4.7264	47.2121
 4.7221	47.2180
 4.7178	47.1696
 4.7135	47.1854
 4.7092	47.1715
 4.7049	47.1887
 4.7007	47.1987
 4.6964	47.2058
 4.6922	47.1914
 4.6879	47.2436
 4.6837	47.3406
 4.6795	47.3899
 4.6752	47.4885
 4.6710	47.6140
 4.6668	47.6847
 4.6626	47.7568
 4.6584	47.8208
 4.6543	47.8998
 4.6501	47.9726
 4.6459	48.0460
 4.6418	48.2109
 4.6376	48.3541
 4.6334	48.3991
 4.6293	48.4378
 4.6252	48.5268
 4.6211	48.6285
 4.6170	48.7326
 4.6128	48.8126
 4.6087	48.8555
 4.6047	48.9820
 4.6006	49.1194
 4.5965	49.2440
 4.5924	49.4481
 4.5884	49.7004
 4.5843	49.9117
 4.5802	50.1451
 4.5762	50.3853
 4.5722	50.5726
 4.5681	50.7639
 4.5641	51.0013
 4.5601	51.1643
 4.5561	51.4061
 4.5521	51.6732
 4.5481	51.7933
 4.5441	51.8722
 4.5401	52.0472
 4.5362	52.1877
 4.5322	52.3099
 4.5282	52.4516
 4.5243	52.5712
 4.5203	52.6753
 4.5164	52.7716
 4.5125	52.9231
 4.5085	53.0091
 4.5046	53.0401
 4.5007	53.1871
 4.4968	53.3551
 4.4929	53.4998
 4.4890	53.5566
 4.4851	53.6161
 4.4813	53.6995
 4.4774	53.8731
 4.4735	54.0420
 4.4697	54.0768
 4.4658	54.0448
 4.4620	54.1243
 4.4581	54.2843
 4.4543	54.3838
 4.4505	54.4472
 4.4467	54.5059
 4.4429	54.5315
 4.4391	54.5972
 4.4353	54.6912
 4.4315	54.7729
 4.4277	54.8367
 4.4239	54.9083
 4.4201	54.9930
 4.4164	55.0279
 4.4126	55.0360
 4.4089	55.0701
 4.4051	55.1428
 4.4014	55.1837
 4.3976	55.1796
 4.3939	55.2471
 4.3902	55.3406
 4.3865	55.4418
 4.3828	55.5315
 4.3791	55.5782
 4.3754	55.5867
 4.3717	55.6013
 4.3680	55.6446
 4.3643	55.6837
 4.3607	55.7284
 4.3570	55.7640
 4.3533	55.8011
 4.3497	55.8238
 4.3460	55.8789
 4.3424	55.9023
 4.3388	55.9189
 4.3351	56.0006
 4.3315	56.0967
 4.3279	56.1837
 4.3243	56.2405
 4.3207	56.2878
 4.3171	56.2906
 4.3135	56.3134
 4.3099	56.3393
 4.3063	56.4117
 4.3028	56.4579
 4.2992	56.5477
 4.2956	56.6648
 4.2921	56.6982
 4.2885	56.7663
 4.2850	56.8205
 4.2815	56.7822
 4.2779	56.8054
 4.2744	56.8737
 4.2709	56.9144
 4.2674	56.9157
 4.2638	56.9125
 4.2603	56.8297
 4.2568	56.7487
 4.2534	56.8559
 4.2499	57.0113
 4.2464	57.1082
 4.2429	57.2207
 4.2394	57.3026
 4.2360	57.3383
 4.2325	57.3370
 4.2291	57.3618
 4.2256	57.3525
 4.2222	57.2875
 4.2187	57.2622
 4.2153	57.3092
 4.2119	57.2599
 4.2085	57.1723
 4.2051	57.2152
 4.2016	57.2205
 4.1982	57.1815
 4.1948	57.2185
 4.1915	57.2672
 4.1881	57.2987
 4.1847	57.3040
 4.1813	57.2784
 4.1780	57.2927
 4.1746	57.3402
 4.1712	57.3050
 4.1679	57.3150
 4.1645	57.3468
 4.1612	57.4029
 4.1578	57.4116
 4.1545	57.4028
 4.1512	57.4264
 4.1479	57.4419
 4.1445	57.4813
 4.1412	57.4794
 4.1379	57.4330
 4.1346	57.4107
 4.1313	57.4285
 4.1280	57.4413
 4.1248	57.4773
 4.1215	57.5348
 4.1182	57.5047
 4.1150	57.4487
 4.1117	57.4093
 4.1084	57.4028
 4.1052	57.3864
 4.1019	57.3609
 4.0987	57.4156
 4.0954	57.4110
 4.0922	57.3546
 4.0890	57.3510
 4.0858	57.3041
 4.0826	57.2389
 4.0793	57.1533
 4.0761	57.1123
 4.0729	57.1278
 4.0697	57.0308
 4.0665	56.9736
 4.0633	56.9408
 4.0602	56.8138
 4.0570	56.6846
 4.0538	56.5154
 4.0507	56.2849
 4.0475	56.0817
 4.0443	55.8226
 4.0412	55.4734
 4.0380	54.9974
 4.0349	54.5696
 4.0317	54.1730
 4.0286	53.6693
 4.0255	53.2012
 4.0224	52.7569
 4.0193	52.2785
 4.0161	51.7395
 4.0130	51.1460
 4.0099	50.3987
 4.0068	49.5249
 4.0037	48.6532
 4.0006	47.8526
 3.9976	46.9720
 3.9945	46.0992
 3.9914	45.2703
 3.9883	44.5609
 3.9853	44.0987
 3.9822	43.8577
 3.9792	43.7207
 3.9761	43.7548
 3.9731	43.9561
 3.9700	44.2069
 3.9670	44.4946
 3.9639	44.8756
 3.9609	45.3742
 3.9579	46.0323
 3.9549	46.7792
 3.9519	47.5853
 3.9489	48.4199
 3.9458	49.2287
 3.9428	50.0121
 3.9398	50.7261
 3.9369	51.2465
 3.9339	51.5188
 3.9309	51.6153
 3.9279	51.7663
 3.9249	51.9380
 3.9220	52.1046
 3.9190	52.2303
 3.9160	52.3791
 3.9131	52.5172
 3.9101	52.5693
 3.9072	52.6034
 3.9042	52.7268
 3.9013	52.7480
 3.8984	52.7713
 3.8954	52.8612
 3.8925	52.8689
 3.8896	52.8823
 3.8867	52.9439
 3.8838	53.0000
 3.8809	53.0243
 3.8780	53.0473
 3.8751	53.0492
 3.8722	53.1122
 3.8693	53.1531
 3.8664	53.1386
 3.8635	53.1925
 3.8606	53.2397
 3.8578	53.2687
 3.8549	53.3270
 3.8520	53.3796
 3.8492	53.4331
 3.8463	53.4616
 3.8435	53.5415
 3.8406	53.6791
 3.8378	53.8605
 3.8349	54.0767
 3.8321	54.3241
 3.8293	54.5746
 3.8264	54.8227
 3.8236	55.0437
 3.8208	55.2178
 3.8180	55.4516
 3.8152	55.6738
 3.8124	55.9024
 3.8096	56.0604
 3.8068	56.2362
 3.8040	56.4923
 3.8012	56.7251
 3.7984	56.8276
 3.7956	56.9753
 3.7929	57.1621
 3.7901	57.3063
 3.7873	57.4022
 3.7845	57.4470
 3.7818	57.4228
 3.7790	57.4340
 3.7763	57.4852
 3.7735	57.4659
 3.7708	57.4857
 3.7681	57.5072
 3.7653	57.4737
 3.7626	57.4336
 3.7599	57.3995
 3.7571	57.4166
 3.7544	57.3601
 3.7517	57.2578
 3.7490	57.2403
 3.7463	57.2079
 3.7436	57.1762
 3.7409	57.2493
 3.7382	57.1808
 3.7355	57.1619
 3.7328	57.2101
 3.7301	57.1421
 3.7274	57.1242
 3.7247	57.0937
 3.7221	57.0247
 3.7194	57.0333
 3.7167	56.9733
 3.7141	56.9180
 3.7114	56.9094
 3.7088	56.9195
 3.7061	56.8694
 3.7035	56.7554
 3.7008	56.7002
 3.6982	56.6947
 3.6955	56.6403
 3.6929	56.5869
 3.6903	56.5658
 3.6877	56.5366
 3.6850	56.4768
 3.6824	56.4216
 3.6798	56.4266
 3.6772	56.4131
 3.6746	56.3572
 3.6720	56.3148
 3.6694	56.3312
 3.6668	56.2676
 3.6642	56.1970
 3.6616	56.1661
 3.6590	56.1656
 3.6564	56.1160
 3.6539	56.0196
 3.6513	55.9829
 3.6487	55.9914
 3.6462	56.0080
 3.6436	55.9874
 3.6410	55.9631
 3.6385	55.9351
 3.6359	55.8048
 3.6334	55.6397
 3.6308	55.6092
 3.6283	55.5566
 3.6258	55.5017
 3.6232	55.5197
 3.6207	55.5578
 3.6182	55.5535
 3.6156	55.4523
 3.6131	55.3605
 3.6106	55.2784
 3.6081	55.1970
 3.6056	55.1713
 3.6031	55.1336
 3.6006	55.0838
 3.5981	54.9904
 3.5956	54.9028
 3.5931	54.8082
 3.5906	54.6979
 3.5881	54.5908
 3.5856	54.5726
 3.5832	54.5320
 3.5807	54.4742
 3.5782	54.3437
 3.5758	54.2095
 3.5733	54.1285
 3.5708	54.0040
 3.5684	53.9024
 3.5659	53.8604
 3.5635	53.8243
 3.5610	53.7592
 3.5586	53.6908
 3.5561	53.6018
 3.5537	53.5117
 3.5513	53.3606
 3.5488	53.2106
 3.5464	53.1434
 3.5440	53.0070
 3.5415	52.8037
 3.5391	52.5706
 3.5367	52.3337
 3.5343	52.1122
 3.5319	51.8343
 3.5295	51.5977
 3.5271	51.3069
 3.5247	50.8906
 3.5223	50.4117
 3.5199	49.9543
 3.5175	49.5077
 3.5151	49.0899
 3.5128	48.6845
 3.5104	48.2635
 3.5080	47.9460
 3.5056	47.6944
 3.5033	47.4279
 3.5009	47.1006
 3.4985	46.8405
 3.4962	46.6486
 3.4938	46.5096
 3.4915	46.2944
 3.4891	46.0337
 3.4868	45.7143
 3.4844	45.4645
 3.4821	45.2985
 3.4798	45.1548
 3.4774	45.0985
 3.4751	45.2056
 3.4728	45.4812
 3.4704	45.8394
 3.4681	46.2913
 3.4658	46.6546
 3.4635	46.9415
 3.4612	47.1857
 3.4589	47.2853
 3.4566	47.2609
 3.4543	47.2647
 3.4520	47.2333
 3.4497	47.1184
 3.4474	46.9778
 3.4451	46.8650
 3.4428	46.8161
 3.4405	46.7658
 3.4382	46.7230
 3.4359	46.6207
 3.4337	46.4719
 3.4314	46.3267
 3.4291	46.1522
 3.4269	45.8820
 3.4246	45.6859
 3.4223	45.5453
 3.4201	45.4095
 3.4178	45.2178
 3.4156	45.1450
 3.4133	45.0433
 3.4111	45.0639
 3.4088	45.1487
 3.4066	45.1564
 3.4043	45.1128
 3.4021	45.0516
 3.3999	45.0559
 3.3977	45.1343
 3.3954	45.1045
 3.3932	45.0222
 3.3910	44.9258
 3.3888	44.8461
 3.3866	44.7224
 3.3844	44.5154
 3.3822	44.4037
 3.3799	44.3902
 3.3777	44.3787
 3.3755	44.2557
 3.3733	44.1294
 3.3712	44.0486
 3.3690	43.9573
 3.3668	43.8958
 3.3646	43.8270
 3.3624	43.5968
 3.3602	43.3450
 3.3580	43.1694
 3.3559	43.0328
 3.3537	42.9136
 3.3515	42.8328
 3.3494	42.7775
 3.3472	42.8035
 3.3451	42.9710
 3.3429	43.3094
 3.3407	43.7039
 3.3386	44.0011
 3.3364	44.2581
 3.3343	44.4442
 3.3321	44.5040
 3.3300	44.4512
 3.3279	44.3337
 3.3257	44.2813
 3.3236	44.2543
 3.3215	44.1649
 3.3194	44.0778
 3.3172	43.9953
 3.3151	43.9336
 3.3130	43.8652
 3.3109	43.7464
 3.3088	43.6166
 3.3066	43.4020
 3.3045	43.2476
 3.3024	43.1790
 3.3003	43.0661
 3.2982	42.8850
 3.2961	42.7562
 3.2940	42.6154
 3.2920	42.4418
 3.2899	42.3060
 3.2878	42.1633
 3.2857	42.0249
 3.2836	41.8196
 3.2815	41.5473
 3.2795	41.3190
 3.2774	41.1779
 3.2753	41.1417
 3.2732	41.0463
 3.2712	40.8591
 3.2691	40.6960
 3.2671	40.5742
 3.2650	40.4071
 3.2630	40.2509
 3.2609	40.0031
 3.2588	39.7541
 3.2568	39.6128
 3.2548	39.4659
 3.2527	39.3142
 3.2507	39.1760
 3.2486	39.0635
 3.2466	39.0516
 3.2446	38.9755
 3.2426	38.7899
 3.2405	38.5598
 3.2385	38.3730
 3.2365	38.1774
 3.2345	37.9835
 3.2324	37.8440
 3.2304	37.7751
 3.2284	37.6307
 3.2264	37.3696
 3.2244	37.1688
 3.2224	37.0601
 3.2204	36.8630
 3.2184	36.6829
 3.2164	36.4487
 3.2144	36.3002
 3.2124	36.1304
 3.2104	35.8983
 3.2084	35.6737
 3.2064	35.4372
 3.2045	35.3402
 3.2025	35.1865
 3.2005	35.0088
 3.1985	34.8545
 3.1966	34.6226
 3.1946	34.3889
 3.1926	34.2130
 3.1907	33.9747
 3.1887	33.7797
 3.1867	33.6520
 3.1848	33.4722
 3.1828	33.2435
 3.1809	33.0585
 3.1789	32.8978
 3.1770	32.7830
 3.1750	32.5867
 3.1731	32.4590
 3.1711	32.3652
 3.1692	32.2341
 3.1673	32.0256
 3.1653	31.8139
 3.1634	31.6542
 3.1615	31.6539
 3.1596	31.5755
 3.1576	31.4266
 3.1557	31.3133
 3.1538	31.1205
 3.1519	30.8677
 3.1500	30.6386
 3.1481	30.5807
 3.1461	30.5211
 3.1442	30.2943
 3.1423	30.0588
 3.1404	29.9019
 3.1385	29.6906
 3.1366	29.4444
 3.1347	29.3400
 3.1328	29.2197
 3.1309	29.0198
 3.1290	28.7661
 3.1272	28.5577
 3.1253	28.3691
 3.1234	28.1373
 3.1215	27.8368
 3.1196	27.5882
 3.1178	27.3876
 3.1159	27.2843
 3.1140	27.1462
 3.1121	26.8524
 3.1103	26.5999
 3.1084	26.2487
 3.1065	26.0158
 3.1047	26.0328
 3.1028	25.9285
 3.1010	25.8174
 3.0991	25.6078
 3.0973	25.4652
 3.0954	25.2331
 3.0936	24.9257
 3.0917	24.8160
 3.0899	24.7517
 3.0880	24.6789
 3.0862	24.6634
 3.0844	24.4788
 3.0825	24.1866
 3.0807	24.0543
 3.0789	24.0243
 3.0770	23.9143
 3.0752	23.8158
 3.0734	23.7500
 3.0716	23.7382
 3.0698	23.5905
 3.0680	23.4845
 3.0661	23.4633
 3.0643	23.2940
 3.0625	23.2011
 3.0607	23.1404
 3.0589	23.0689
 3.0571	23.0039
 3.0553	22.9272
 3.0535	22.8364
 3.0517	22.7065
 3.0499	22.6885
 3.0481	22.7427
 3.0463	22.6093
 3.0445	22.5037
 3.0427	22.5013
 3.0410	22.5009
 3.0392	22.4237
 3.0374	22.2601
 3.0356	22.0395
 3.0338	22.0283
 3.0321	22.1189
 3.0303	21.9723
 3.0285	21.8569
 3.0268	21.8179
 3.0250	21.6638
 3.0232	21.4978
 3.0215	21.3974
 3.0197	21.1847
 3.0179	20.9386
 3.0162	20.6927
 3.0144	20.3684
 3.0127	20.1189
 3.0109	19.8914
 3.0092	19.6063
 3.0074	19.3257
 3.0057	18.9906
 3.0040	18.6144
 3.0022	18.3093
 3.0005	18.0331
 2.9987	17.6688
 2.9970	17.1530
 2.9953	16.7341
 2.9935	16.5527
 2.9918	16.3501
 2.9901	16.0688
 2.9884	15.8073
 2.9867	15.6310
 2.9849	15.2599
 2.9832	14.8571
 2.9815	14.6627
 2.9798	14.4936
 2.9781	14.3273
 2.9764	14.1865
 2.9747	14.0706
 2.9729	13.9248
 2.9712	13.8403
 2.9695	13.7919
 2.9678	13.7021
 2.9661	13.7348
 2.9645	13.7976
 2.9628	13.7978
 2.9611	13.8070
 2.9594	13.9714
 2.9577	14.1672
 2.9560	14.1636
 2.9543	14.1457
 2.9526	14.0983
 2.9510	14.3637
 2.9493	14.6127
 2.9476	14.7614
 2.9459	15.0418
 2.9442	15.2546
 2.9426	15.4930
 2.9409	15.9058
 2.9392	16.2091
 2.9376	16.4463
 2.9359	16.7044
 2.9343	17.1234
 2.9326	17.4347
 2.9309	17.8408
 2.9293	18.3305
 2.9276	18.5456
 2.9260	18.9180
 2.9243	19.3782
 2.9227	19.5242
 2.9210	19.7370
 2.9194	20.0719
 2.9177	20.2280
 2.9161	20.3748
 2.9145	20.5818
 2.9128	20.7827
 2.9112	20.9219
 2.9096	21.0730
 2.9079	21.1673
 2.9063	21.2494
 2.9047	21.3441
 2.9030	21.3898
 2.9014	21.5458
 2.8998	21.6087
 2.8982	21.5829
 2.8966	21.6309
 2.8949	21.6038
 2.8933	21.6126
 2.8917	21.8463
 2.8901	22.0346
 2.8885	22.0900
 2.8869	22.2278
 2.8853	22.2362
 2.8837	22.1656
 2.8821	22.1874
 2.8805	22.3361
 2.8789	22.4882
 2.8773	22.5757
 2.8757	22.7305
 2.8741	22.8194
 2.8725	23.0844
 2.8709	23.3539
 2.8693	23.5109
 2.8677	23.5774
 2.8661	23.7335
 2.8645	23.9576
 2.8630	24.1448
 2.8614	24.3199
 2.8598	24.5827
 2.8582	24.8090
 2.8567	24.9830
 2.8551	25.0974
 2.8535	25.2416
 2.8519	25.4311
 2.8504	25.5782
 2.8488	25.6127
 2.8472	25.6655
 2.8457	25.6629
 2.8441	25.7177
 2.8426	25.8686
 2.8410	25.9234
 2.8394	25.9175
 2.8379	25.9912
 2.8363	25.9489
 2.8348	25.7805
 2.8332	25.5523
 2.8317	25.3693
 2.8302	25.2156
 2.8286	25.0024
 2.8271	24.6742
 2.8255	24.3438
 2.8240	24.0596
 2.8224	23.8502
 2.8209	23.8118
 2.8194	23.8342
 2.8178	23.8386
 2.8163	23.9682
 2.8148	24.2414
 2.8133	24.4683
 2.8117	24.4717
 2.8102	24.5055
 2.8087	24.6753
 2.8072	24.7832
 2.8056	24.7734
 2.8041	24.8916
 2.8026	25.0135
 2.8011	24.8717
 2.7996	24.8679
 2.7981	24.9607
 2.7966	25.0225
 2.7951	25.1160
 2.7936	25.2148
 2.7921	25.4749
 2.7906	25.5515
 2.7890	25.5985
 2.7875	25.6881
 2.7860	25.6857
 2.7845	25.6535
 2.7831	25.7125
 2.7816	25.7118
 2.7801	25.8909
 2.7786	26.0144
 2.7771	26.1802
 2.7756	26.1939
 2.7741	26.4926
 2.7726	26.8598
 2.7712	27.0473
 2.7697	27.4464
 2.7682	27.8785
 2.7667	28.0882
 2.7652	27.9696
 2.7638	28.0076
 2.7623	28.1768
 2.7608	28.3033
 2.7594	28.3969
 2.7579	28.6072
 2.7564	29.1854
 2.7550	29.7385
 2.7535	30.0285
 2.7520	30.1712
 2.7506	30.2789
 2.7491	30.3771
 2.7477	30.1831
 2.7462	29.3256
 2.7447	28.3247
 2.7433	28.9683
 2.7418	31.0512
 2.7404	32.8021
 2.7389	33.3070
 2.7375	32.9331
 2.7361	31.9505
 2.7346	29.5830
 2.7332	26.7715
 2.7317	25.7528
 2.7303	28.5707
 2.7289	34.0327
 2.7274	36.9146
 2.7260	36.1286
 2.7246	32.7174
 2.7231	27.7945
 2.7217	24.8383
 2.7203	27.7713
 2.7188	35.0784
 2.7174	41.9758
 2.7160	46.0100
 2.7146	47.9554
 2.7132	49.1002
 2.7117	50.3785
 2.7103	51.2214
 2.7089	51.4874
 2.7075	51.6835
 2.7061	52.0680
 2.7047	52.5571
 2.7033	53.0827
 2.7018	53.6889
 2.7004	54.2157
 2.6990	54.6757
 2.6976	55.2346
 2.6962	55.8599
 2.6948	56.4939
 2.6934	56.8591
 2.6920	56.9402
 2.6906	57.1252
 2.6892	57.3952
 2.6878	57.7534
 2.6864	58.3191
 2.6850	58.6242
 2.6837	58.7713
 2.6823	58.8784
 2.6809	59.1543
 2.6795	59.6782
 2.6781	60.0411
 2.6767	60.3401
 2.6753	60.2407
 2.6740	60.0664
 2.6726	60.1750
 2.6712	61.0709
 2.6698	61.4461
 2.6685	60.9901
 2.6671	61.3535
 2.6657	61.6537
 2.6644	61.4912
 2.6630	61.1716
 2.6616	61.2975
 2.6603	61.4068
 2.6589	61.4316
 2.6575	61.2321
 2.6562	61.3848
 2.6548	61.3992
 2.6534	61.5299
 2.6521	61.6772
 2.6507	61.6022
 2.6494	61.5503
 2.6480	61.5985
 2.6467	61.7168
 2.6453	61.8292
 2.6440	61.7664
 2.6426	61.8238
 2.6413	61.8166
 2.6399	61.8850
 2.6386	61.8705
 2.6372	61.9326
 2.6359	62.0136
 2.6346	62.2172
 2.6332	62.2228
 2.6319	62.2467
 2.6306	62.6952
 2.6292	62.5653
 2.6279	62.3874
 2.6266	62.5481
 2.6252	62.3390
 2.6239	62.2480
 2.6226	62.3439
 2.6212	62.7890
 2.6199	62.8947
 2.6186	62.6031
 2.6173	62.9312
 2.6160	62.9266
 2.6146	62.5215
 2.6133	62.4702
 2.6120	62.4773
 2.6107	62.5770
 2.6094	62.7292
 2.6081	62.7860
 2.6067	62.9547
 2.6054	63.1609
 2.6041	62.9331
 2.6028	62.7853
 2.6015	62.7206
 2.6002	62.6613
 2.5989	62.6812
 2.5976	62.8845
 2.5963	63.3870
 2.5950	64.0973
 2.5937	63.5600
 2.5924	62.8663
 2.5911	62.7737
 2.5898	62.9198
 2.5885	63.0837
 2.5872	63.1425
 2.5859	62.9225
 2.5847	63.1834
 2.5834	63.2916
 2.5821	63.0046
 2.5808	62.9850
 2.5795	62.8592
 2.5782	62.9457
 2.5770	63.1291
 2.5757	62.9341
 2.5744	62.9972
 2.5731	63.0839
 2.5718	62.8856
 2.5706	62.9935
 2.5693	63.1398
 2.5680	62.9291
 2.5667	62.7352
 2.5655	62.9115
 2.5642	63.1976
 2.5629	63.2022
 2.5617	63.1538
 2.5604	62.9847
 2.5591	62.7604
 2.5579	62.7539
 2.5566	62.8497
 2.5554	62.7507
 2.5541	62.7814
 2.5528	62.8817
 2.5516	62.9200
 2.5503	62.8207
 2.5491	62.7299
 2.5478	62.9236
 2.5466	62.9114
 2.5453	62.6928
 2.5441	62.6843
 2.5428	62.7977
 2.5416	62.7803
 2.5403	62.6945
 2.5391	62.6690
 2.5379	62.7507
 2.5366	62.7846
 2.5354	62.7294
 2.5341	62.7645
 2.5329	62.7442
 2.5317	62.6451
 2.5304	62.6589
 2.5292	62.6397
 2.5280	62.6442
 2.5267	62.7294
 2.5255	62.8783
 2.5243	62.9698
 2.5230	62.8940
 2.5218	62.7871
 2.5206	62.8503
 2.5194	62.8677
 2.5181	62.8428
 2.5169	62.8766
 2.5157	62.9543
 2.5145	62.9399
 2.5133	62.9688
 2.5120	62.9331
 2.5108	62.9142
 2.5096	63.0076
 2.5084	63.0552
 2.5072	63.0453
 2.5060	63.0468
 2.5048	63.0794
 2.5035	63.0737
 2.5023	63.1319
 2.5011	63.1228
 2.4999	63.0252
 2.4987	62.9557
 2.4975	63.1240
 2.4963	63.1755
 2.4951	63.0797
 2.4939	63.1857
 2.4927	63.2646
 2.4915	63.1802
 2.4903	63.1594
 2.4891	63.2728
 2.4879	63.3228
 2.4867	63.3221
 2.4855	63.2762
 2.4844	63.2703
 2.4832	63.3607
 2.4820	63.4482
 2.4808	63.5171
 2.4796	63.4936
 2.4784	63.5615
 2.4772	63.6049
 2.4760	63.4786
 2.4749	63.4080
 2.4737	63.5001
 2.4725	63.4597
 2.4713	63.4156
 2.4701	63.6077
 2.4690	63.7449
 2.4678	63.7438
 2.4666	63.7463
 2.4655	63.7698
 2.4643	63.7474
 2.4631	63.6834
 2.4619	63.7440
 2.4608	63.7964
 2.4596	63.8351
 2.4584	63.7877
 2.4573	63.7581
 2.4561	63.8556
 2.4549	63.9402
 2.4538	64.0101
 2.4526	64.0829
 2.4515	64.0314
 2.4503	63.9246
 2.4491	63.9919
 2.4480	64.0932
 2.4468	64.0351
 2.4457	64.0793
 2.4445	64.0904
 2.4434	64.1907
 2.4422	64.2623
 2.4411	64.2379
 2.4399	64.2094
 2.4388	64.2320
 2.4376	64.2209
 2.4365	64.3381
 2.4353	64.4411
 2.4342	64.4018
 2.4331	64.3225
 2.4319	64.2311
 2.4308	64.1719
 2.4296	64.3015
 2.4285	64.3566
 2.4274	64.3131
 2.4262	64.3727
 2.4251	64.4746
 2.4240	64.4239
 2.4228	64.3411
 2.4217	64.4129
 2.4206	64.4415
 2.4194	64.3627
 2.4183	64.3036
 2.4172	64.3384
 2.4160	64.3379
 2.4149	64.2499
 2.4138	64.2811
 2.4127	64.3706
 2.4116	64.2835
 2.4104	64.1615
 2.4093	64.2307
 2.4082	64.2512
 2.4071	64.0935
 2.4059	64.0998
 2.4048	64.1462
 2.4037	64.0850
 2.4026	63.9760
 2.4015	63.9194
 2.4004	63.8484
 2.3993	63.7496
 2.3982	63.7055
 2.3971	63.5720
 2.3960	63.4401
 2.3948	63.4567
 2.3937	63.4748
 2.3926	63.4252
 2.3915	63.3603
 2.3904	63.3482
 2.3893	63.2377
 2.3882	63.1337
 2.3871	63.0754
 2.3860	63.0303
 2.3849	63.0608
 2.3838	63.1044
 2.3827	63.2126
 2.3816	63.2499
 2.3805	63.3841
 2.3795	63.5341
 2.3784	63.4791
 2.3773	63.4760
 2.3762	63.5281
 2.3751	63.4878
 2.3740	63.5113
 2.3729	63.5080
 2.3718	63.4169
 2.3708	63.3900
 2.3697	63.3806
 2.3686	63.2584
 2.3675	63.1927
 2.3664	63.1291
 2.3653	63.0801
 2.3643	62.9794
 2.3632	62.7596
 2.3621	62.5710
 2.3610	62.3964
 2.3600	62.0766
 2.3589	61.8131
 2.3578	61.5008
 2.3567	61.2922
 2.3557	61.0256
 2.3546	60.7164
 2.3535	60.4430
 2.3525	60.0704
 2.3514	59.7513
 2.3503	59.5093
 2.3493	59.2580
 2.3482	59.0629
 2.3471	58.8771
 2.3461	58.7228
 2.3450	58.5709
 2.3440	58.3528
 2.3429	58.1078
 2.3418	58.0603
 2.3408	58.0269
 2.3397	57.9395
 2.3387	57.9499
 2.3376	58.0668
 2.3366	58.1070
 2.3355	58.0526
 2.3345	58.0402
 2.3334	58.0920
 2.3324	58.2341
 2.3313	58.2836
 2.3303	58.3836
 2.3292	58.6503
 2.3282	58.9133
 2.3271	58.9977
 2.3261	58.9251
 2.3250	58.7715
 2.3240	58.8366
 2.3230	58.9608
 2.3219	59.0395
 2.3209	59.1563
 2.3198	59.3126
 2.3188	59.4881
 2.3178	59.6396
 2.3167	59.6877
 2.3157	59.7449
 2.3147	59.8683
 2.3136	59.9976
 2.3126	60.2512
 2.3116	60.5330
 2.3105	60.6780
 2.3095	60.8454
 2.3085	60.9040
 2.3074	60.9694
 2.3064	61.0489
 2.3054	61.1849
 2.3044	61.2888
 2.3034	61.3257
 2.3023	61.3739
 2.3013	61.4530
 2.3003	61.4501
 2.2993	61.5154
 2.2982	61.6848
 2.2972	61.9778
 2.2962	62.1690
 2.2952	62.1767
 2.2942	62.2533
 2.2932	62.4753
 2.2921	62.6512
 2.2911	62.7088
 2.2901	62.8274
 2.2891	63.0767
 2.2881	63.1609
 2.2871	63.1753
 2.2861	63.3137
 2.2851	63.4164
 2.2841	63.6599
 2.2831	63.9547
 2.2821	63.9442
 2.2811	63.8859
 2.2801	63.9545
 2.2790	64.1333
 2.2780	64.2647
 2.2771	64.3010
 2.2761	64.4075
 2.2750	64.5218
 2.2740	64.5252
 2.2731	64.6315
 2.2721	64.8500
 2.2711	64.9400
 2.2701	64.9027
 2.2691	64.8685
 2.2681	64.8782
 2.2671	64.7924
 2.2661	64.8150
 2.2651	64.7293
 2.2641	64.6812
 2.2631	64.6511
 2.2621	64.5496
 2.2612	64.5583
 2.2602	64.6217
 2.2592	64.4623
 2.2582	64.3681
 2.2572	64.3932
 2.2562	64.3434
 2.2553	64.4588
 2.2543	64.4880
 2.2533	64.5139
 2.2523	64.5734
 2.2513	64.4363
 2.2504	64.4928
 2.2494	64.7528
 2.2484	64.9505
 2.2474	64.8599
 2.2465	64.8679
 2.2455	65.0102
 2.2445	65.0844
 2.2435	65.1307
 2.2426	65.2967
 2.2416	65.4277
 2.2406	65.4546
 2.2397	65.5225
 2.2387	65.6500
 2.2377	65.7367
 2.2368	65.8255
 2.2358	65.8690
 2.2348	65.9568
 2.2339	66.0187
 2.2329	65.9630
 2.2320	65.9279
 2.2310	65.8996
 2.2300	66.0555
 2.2291	66.3236
 2.2281	66.3213
 2.2272	66.2586
 2.2262	66.2843
 2.2252	66.3378
 2.2243	66.2383
 2.2233	66.2805
 2.2224	66.3253
 2.2214	66.2620
 2.2205	66.3721
 2.2195	66.3557
 2.2186	66.2918
 2.2176	66.4101
 2.2167	66.4817
 2.2157	66.4594
 2.2148	66.4527
 2.2138	66.4966
 2.2129	66.6530
 2.2120	66.6568
 2.2110	66.5684
 2.2101	66.4761
 2.2091	66.3912
 2.2082	66.3929
 2.2073	66.5383
 2.2063	66.5985
 2.2054	66.6211
 2.2044	66.6184
 2.2035	66.6053
 2.2026	66.5215
 2.2016	66.4616
 2.2007	66.6097
 2.1998	66.6039
 2.1988	66.5962
 2.1979	66.5868
 2.1970	66.5357
 2.1960	66.5512
 2.1951	66.6955
 2.1942	66.7522
 2.1932	66.7647
 2.1923	66.7069
 2.1914	66.6582
 2.1905	66.6906
 2.1895	66.7170
 2.1886	66.7046
 2.1877	66.5928
 2.1868	66.5193
 2.1858	66.6481
 2.1849	66.7600
 2.1840	66.8392
 2.1831	66.9593
 2.1822	66.8878
 2.1812	66.8712
 2.1803	66.8817
 2.1794	66.8928
 2.1785	66.8062
 2.1776	66.7014
 2.1767	66.7401
 2.1758	66.8184
 2.1749	66.7717
 2.1739	66.7259
 2.1730	66.8926
 2.1721	66.9416
 2.1712	66.8758
 2.1703	66.9846
 2.1694	66.9603
 2.1685	66.9149
 2.1676	66.8404
 2.1667	66.7375
 2.1658	66.7365
 2.1649	66.7131
 2.1639	66.7445
 2.1631	66.9027
 2.1622	66.8500
 2.1612	66.8191
 2.1604	66.9340
 2.1595	66.9458
 2.1585	66.8115
 2.1576	66.6969
 2.1568	66.7400
 2.1559	66.6919
 2.1550	66.6674
 2.1541	66.7700
 2.1532	66.8650
 2.1523	66.8451
 2.1514	66.7572
 2.1505	66.7094
 2.1496	66.7348
 2.1487	66.7784
 2.1478	66.7950
 2.1469	66.9460
 2.1460	67.0362
 2.1452	66.9619
 2.1443	67.0347
 2.1434	66.9942
 2.1425	66.9084
 2.1416	66.7877
 2.1407	66.7643
 2.1398	66.9503
 2.1390	67.0995
 2.1381	66.9839
 2.1372	66.7790
 2.1363	66.8021
 2.1354	66.8805
 2.1345	66.7980
 2.1337	66.9211
 2.1328	66.9124
 2.1319	66.8141
 2.1311	66.9025
 2.1302	66.8870
 2.1293	66.7831
 2.1284	66.8144
 2.1275	66.8661
 2.1267	66.8879
 2.1258	66.9403
 2.1249	66.9158
 2.1241	66.9180
 2.1232	66.9569
 2.1223	66.9382
 2.1214	66.9542
 2.1206	66.8103
 2.1197	66.7452
 2.1189	66.8163
 2.1180	66.8940
 2.1171	66.8495
 2.1163	66.8389
 2.1154	66.9818
 2.1145	67.0585
 2.1137	67.0602
 2.1128	67.0333
 2.1120	66.9007
 2.1111	66.7935
 2.1102	66.8304
 2.1094	66.8747
 2.1085	67.0338
 2.1077	67.1047
 2.1068	67.0961
 2.1059	66.9752
 2.1051	66.9940
 2.1042	67.1968
 2.1034	67.1913
 2.1025	67.1969
 2.1017	67.1541
 2.1008	66.9747
 2.1000	66.9702
 2.0991	67.2165
 2.0983	67.2064
 2.0974	67.1445
 2.0966	67.1969
 2.0957	66.9921
 2.0949	66.9457
 2.0940	67.0820
 2.0932	67.1589
 2.0924	67.2072
 2.0915	67.1404
 2.0907	67.0025
 2.0898	66.9233
 2.0890	66.9800
 2.0881	66.9796
 2.0873	66.9451
 2.0865	66.9124
 2.0856	67.1007
 2.0848	67.3318
 2.0839	67.3549
 2.0831	67.3094
 2.0823	67.1280
 2.0814	66.9748
 2.0806	66.8810
 2.0798	66.9377
 2.0789	67.0920
 2.0781	67.1832
 2.0773	67.1813
 2.0764	67.1914
 2.0756	67.1151
 2.0748	67.0310
 2.0739	67.1576
 2.0731	67.3216
 2.0723	67.1611
 2.0715	67.0579
 2.0706	67.0645
 2.0698	67.0520
 2.0690	66.9793
 2.0681	67.0556
 2.0673	67.3361
 2.0665	67.3547
 2.0657	67.0119
 2.0648	66.9991
 2.0640	67.1396
 2.0632	67.1347
 2.0624	67.0454
 2.0616	66.8039
 2.0607	67.0151
 2.0599	67.4080
 2.0591	67.4259
 2.0583	67.2751
 2.0575	67.2545
 2.0567	67.1984
 2.0558	66.9355
 2.0550	67.0570
 2.0542	67.3544
 2.0534	67.1824
 2.0526	67.1256
 2.0518	66.9544
 2.0510	67.1568
 2.0501	67.2628
 2.0493	67.0503
 2.0485	67.3951
 2.0477	67.1773
 2.0469	67.1641
 2.0461	66.9126
 2.0453	67.0770
 2.0445	67.3914
 2.0437	67.0014
 2.0429	66.9320
 2.0421	66.9686
 2.0413	67.0244
 2.0405	67.1080
 2.0397	67.0334
 2.0389	67.1886
 2.0381	67.4654
 2.0373	67.6210
 2.0365	67.4616
 2.0357	67.1338
 2.0349	66.9668
 2.0341	66.9449
 2.0333	67.1075
 2.0325	67.1658
 2.0317	66.9908
 2.0309	66.9134
 2.0301	66.9676
 2.0293	66.9632
 2.0285	67.1763
 2.0277	67.2809
 2.0269	67.2769
 2.0261	67.0239
 2.0253	66.7506
 2.0245	66.8077
 2.0237	67.0124
 2.0229	67.0933
 2.0222	66.8391
 2.0214	66.6703
 2.0206	66.7113
 2.0198	66.8794
 2.0190	66.9936
 2.0182	67.0486
 2.0174	67.1219
 2.0167	67.1308
 2.0159	67.2683
 2.0151	67.2114
 2.0143	66.9461
 2.0135	66.9029
 2.0128	67.1056
 2.0120	67.1544
 2.0112	67.1371
 2.0104	66.9754
 2.0096	67.0294
 2.0088	67.0737
 2.0081	66.9898
 2.0073	66.9458
 2.0065	66.9837
 2.0057	67.0346
 2.0050	66.9375
 2.0042	66.7602
 2.0034	66.6977
 2.0026	66.6403
 2.0019	66.6938
 2.0011	66.8422
 2.0003	66.8535
