Name: Chlorite
Type: Mineral
Class: Silicate
Subclass: Phyllosilicate
Particle Size: Coarse
Sample No.: PS-12F
Owner: JPL
Wavelength Range: TIR
Origin: USA, New Mexico
Collection Date: N/A
Description: Particle size was 125-500um.Collected by Ward's Original ASTER Spectral Library name was jpl.nicolet.mineral.silicate.phyllosilicate.coarse.ps12f.spectrum.txt
Measurement: Hemispherical reflectance
First Column: X
Second Column: Y
X Units: Wavelength (micrometers)
Y Units:Reflectance (percent)
First X Value: 15.3853
Last X Value:  2.0003
Number of X Values: 2256
Additional Information: mineral.silicate.phyllosilicate.coarse.tir.ps-12f.jpl.nicolet.ancillary.txt

15.3853	 3.0306
15.3397	 2.7207
15.2945	 2.3850
15.2495	 2.8931
15.2048	 2.8899
15.1603	 2.8775
15.1161	 3.1400
15.0722	 3.2429
15.0285	 2.8502
14.9851	 2.6083
14.9419	 2.9886
14.8989	 2.9587
14.8563	 2.7917
14.8138	 2.8292
14.7716	 2.6471
14.7296	 2.2925
14.6879	 2.0496
14.6464	 2.0489
14.6052	 2.3125
14.5641	 2.3727
14.5233	 2.3429
14.4828	 2.1405
14.4424	 1.9982
14.4023	 2.0299
14.3624	 1.7823
14.3227	 1.4399
14.2833	 1.4736
14.2440	 1.7220
14.2050	 1.8502
14.1662	 1.8417
14.1276	 1.8624
14.0892	 2.0328
14.0510	 1.9368
14.0131	 1.9575
13.9753	 2.0196
13.9377	 1.9483
13.9004	 1.9949
13.8632	 1.9860
13.8262	 2.0165
13.7895	 2.0074
13.7529	 2.0811
13.7165	 2.0939
13.6803	 2.3574
13.6443	 2.4025
13.6085	 2.3537
13.5729	 2.4856
13.5374	 2.5129
13.5022	 2.5757
13.4671	 2.7042
13.4322	 2.6863
13.3975	 2.6937
13.3630	 2.7570
13.3286	 2.6200
13.2944	 2.6634
13.2604	 2.7723
13.2266	 2.5922
13.1930	 2.4076
13.1595	 2.4625
13.1262	 2.5198
13.0930	 2.6475
13.0600	 2.5293
13.0272	 2.3358
12.9946	 2.4449
12.9621	 2.5497
12.9298	 2.5583
12.8976	 2.6221
12.8656	 2.5925
12.8337	 2.5406
12.8021	 2.3783
12.7705	 2.1944
12.7391	 2.1060
12.7079	 2.0560
12.6769	 2.1077
12.6459	 2.2191
12.6152	 2.2582
12.5845	 2.0981
12.5541	 2.0291
12.5238	 2.1363
12.4936	 2.1016
12.4635	 1.9608
12.4337	 1.9286
12.4039	 1.9536
12.3743	 1.8882
12.3448	 1.8287
12.3155	 1.9002
12.2863	 1.8907
12.2573	 1.8684
12.2284	 1.7793
12.1996	 1.7471
12.1710	 1.7096
12.1425	 1.6335
12.1141	 1.5553
12.0859	 1.5630
12.0578	 1.5637
12.0298	 1.6131
12.0019	 1.6973
11.9742	 1.6544
11.9466	 1.6566
11.9192	 1.6477
11.8918	 1.6439
11.8646	 1.8379
11.8375	 1.9115
11.8106	 1.9184
11.7837	 1.9924
11.7570	 2.0989
11.7304	 2.1839
11.7039	 2.1222
11.6776	 2.0390
11.6513	 1.9287
11.6252	 1.9651
11.5992	 2.0975
11.5733	 2.1530
11.5475	 2.2420
11.5219	 2.2837
11.4963	 2.3960
11.4709	 2.4372
11.4455	 2.5231
11.4203	 2.6696
11.3952	 2.7176
11.3702	 2.6796
11.3454	 2.6676
11.3206	 2.7167
11.2959	 2.6990
11.2714	 2.7412
11.2469	 3.0143
11.2226	 3.1837
11.1983	 3.0162
11.1742	 2.9544
11.1502	 3.1024
11.1263	 3.1176
11.1024	 3.1837
11.0787	 3.2409
11.0551	 3.3672
11.0316	 3.4881
11.0081	 3.5129
10.9848	 3.6610
10.9616	 3.7790
10.9385	 3.7317
10.9154	 3.7983
10.8925	 3.8720
10.8697	 4.0388
10.8469	 4.2335
10.8243	 4.4158
10.8017	 4.5175
10.7793	 4.5695
10.7569	 4.6971
10.7346	 4.8386
10.7125	 5.0386
10.6904	 5.2596
10.6684	 5.2887
10.6465	 5.4706
10.6247	 5.6589
10.6029	 5.8085
10.5813	 5.9942
10.5597	 6.1818
10.5383	 6.3723
10.5169	 6.5968
10.4956	 6.8599
10.4744	 7.1244
10.4533	 7.2574
10.4323	 7.4134
10.4113	 7.7770
10.3904	 8.0690
10.3697	 8.1483
10.3490	 8.2790
10.3284	 8.5409
10.3078	 8.7515
10.2874	 8.7678
10.2670	 8.8296
10.2467	 9.0790
10.2265	 9.4468
10.2064	 9.7629
10.1863	 9.8996
10.1663	10.0950
10.1464	10.3464
10.1266	10.5761
10.1069	10.8792
10.0872	11.2875
10.0676	11.7040
10.0481	11.8723
10.0287	12.0353
10.0093	12.3557
 9.9901	12.5259
 9.9708	12.5899
 9.9517	12.6428
 9.9326	12.6885
 9.9136	12.7005
 9.8947	12.8739
 9.8759	12.9772
 9.8571	12.9747
 9.8384	12.9451
 9.8198	12.9295
 9.8012	12.7499
 9.7827	12.5205
 9.7643	12.3834
 9.7459	12.3902
 9.7276	12.3391
 9.7094	12.2171
 9.6913	12.0150
 9.6732	11.7074
 9.6552	11.5628
 9.6372	11.5470
 9.6194	11.5293
 9.6015	11.3836
 9.5838	11.1103
 9.5661	10.9564
 9.5485	10.8106
 9.5309	10.7883
 9.5135	10.7307
 9.4960	10.5965
 9.4787	10.4743
 9.4614	10.4026
 9.4441	10.2534
 9.4270	 9.9545
 9.4099	 9.5933
 9.3928	 9.1335
 9.3758	 8.5806
 9.3589	 7.9497
 9.3420	 7.3627
 9.3252	 6.8412
 9.3085	 6.4823
 9.2918	 6.1229
 9.2752	 5.5153
 9.2586	 4.8890
 9.2421	 4.5466
 9.2257	 4.3582
 9.2093	 4.0580
 9.1930	 3.8228
 9.1767	 3.6399
 9.1605	 3.5355
 9.1443	 3.3442
 9.1282	 3.0863
 9.1122	 3.0284
 9.0962	 2.8903
 9.0803	 2.7385
 9.0644	 2.6599
 9.0486	 2.5470
 9.0328	 2.4428
 9.0171	 2.4021
 9.0015	 2.4655
 8.9858	 2.4608
 8.9703	 2.4193
 8.9548	 2.3681
 8.9394	 2.4127
 8.9240	 2.3217
 8.9086	 2.2517
 8.8934	 2.2416
 8.8781	 2.3262
 8.8630	 2.3129
 8.8478	 2.0702
 8.8328	 1.8953
 8.8177	 1.8755
 8.8028	 1.9823
 8.7879	 2.0301
 8.7730	 2.0071
 8.7582	 1.9480
 8.7434	 1.9784
 8.7287	 2.0069
 8.7140	 1.9662
 8.6994	 1.8694
 8.6848	 1.8622
 8.6703	 1.8758
 8.6558	 1.7470
 8.6414	 1.5509
 8.6270	 1.5983
 8.6127	 1.7003
 8.5984	 1.7931
 8.5842	 1.9059
 8.5700	 1.9068
 8.5558	 2.0885
 8.5417	 2.1630
 8.5277	 2.0596
 8.5137	 2.1045
 8.4997	 2.2782
 8.4858	 2.3123
 8.4719	 2.2002
 8.4581	 2.3294
 8.4444	 2.4846
 8.4306	 2.3040
 8.4169	 2.2996
 8.4033	 2.4532
 8.3897	 2.5464
 8.3761	 2.5545
 8.3626	 2.5247
 8.3492	 2.5048
 8.3357	 2.5472
 8.3224	 2.6383
 8.3090	 2.7530
 8.2957	 2.6894
 8.2825	 2.5692
 8.2693	 2.5117
 8.2561	 2.5357
 8.2430	 2.7143
 8.2299	 2.9166
 8.2169	 2.9781
 8.2038	 2.9044
 8.1909	 2.8466
 8.1780	 2.7078
 8.1651	 2.7643
 8.1523	 2.9161
 8.1395	 2.8781
 8.1267	 2.7408
 8.1140	 2.6445
 8.1013	 2.4818
 8.0887	 2.3470
 8.0761	 2.3411
 8.0635	 2.2922
 8.0510	 2.2931
 8.0385	 2.1750
 8.0261	 2.0241
 8.0137	 1.9724
 8.0013	 2.0510
 7.9890	 2.0774
 7.9767	 1.9859
 7.9644	 1.9460
 7.9522	 1.9099
 7.9400	 1.8641
 7.9279	 1.8174
 7.9158	 1.8179
 7.9037	 1.8251
 7.8917	 1.8217
 7.8797	 1.8670
 7.8677	 1.9060
 7.8558	 1.8758
 7.8439	 1.7947
 7.8321	 1.7754
 7.8203	 1.7455
 7.8085	 1.8173
 7.7967	 1.8654
 7.7850	 1.8782
 7.7734	 1.9137
 7.7617	 1.8779
 7.7501	 1.8877
 7.7386	 1.8405
 7.7270	 1.8487
 7.7155	 1.8511
 7.7041	 1.8231
 7.6926	 1.8899
 7.6812	 1.9066
 7.6699	 1.9541
 7.6585	 2.0129
 7.6472	 1.9588
 7.6360	 1.8757
 7.6247	 1.9623
 7.6136	 2.0191
 7.6024	 2.0305
 7.5913	 1.9713
 7.5802	 1.9078
 7.5691	 1.9681
 7.5581	 2.0357
 7.5471	 2.0276
 7.5361	 2.0337
 7.5252	 2.0189
 7.5142	 2.0879
 7.5034	 2.1158
 7.4925	 2.0904
 7.4817	 2.1195
 7.4709	 2.1237
 7.4602	 2.2003
 7.4495	 2.1975
 7.4388	 2.1491
 7.4281	 2.1166
 7.4175	 2.1534
 7.4069	 2.1845
 7.3963	 2.1788
 7.3858	 2.1848
 7.3753	 2.2496
 7.3648	 2.3155
 7.3544	 2.2671
 7.3440	 2.3022
 7.3336	 2.3519
 7.3232	 2.4162
 7.3129	 2.4348
 7.3026	 2.3501
 7.2923	 2.2831
 7.2821	 2.2580
 7.2718	 2.2761
 7.2617	 2.3798
 7.2515	 2.4692
 7.2414	 2.5083
 7.2313	 2.5201
 7.2212	 2.5375
 7.2112	 2.5750
 7.2012	 2.5563
 7.1912	 2.5014
 7.1812	 2.5563
 7.1713	 2.6023
 7.1614	 2.5452
 7.1515	 2.5879
 7.1416	 2.6833
 7.1318	 2.6917
 7.1220	 2.7285
 7.1123	 2.7085
 7.1025	 2.6968
 7.0928	 2.7460
 7.0831	 2.7042
 7.0734	 2.6624
 7.0638	 2.6869
 7.0542	 2.7399
 7.0446	 2.7743
 7.0351	 2.8074
 7.0255	 2.8028
 7.0160	 2.7688
 7.0065	 2.8263
 6.9971	 2.8381
 6.9877	 2.7940
 6.9782	 2.8033
 6.9689	 2.7896
 6.9595	 2.7661
 6.9502	 2.8144
 6.9409	 2.7968
 6.9316	 2.8824
 6.9223	 2.9722
 6.9131	 2.9599
 6.9039	 2.8232
 6.8947	 2.8126
 6.8856	 2.9526
 6.8764	 2.8888
 6.8673	 2.7534
 6.8582	 2.8346
 6.8492	 2.8755
 6.8402	 2.9271
 6.8311	 2.8861
 6.8221	 2.8191
 6.8132	 2.8629
 6.8042	 2.8729
 6.7953	 2.8267
 6.7864	 2.8222
 6.7776	 2.9217
 6.7687	 2.8751
 6.7599	 2.8202
 6.7511	 2.8502
 6.7423	 2.7904
 6.7336	 2.7445
 6.7248	 2.7808
 6.7161	 2.7665
 6.7074	 2.7536
 6.6988	 2.7752
 6.6901	 2.7815
 6.6815	 2.8293
 6.6729	 2.8331
 6.6643	 2.8083
 6.6558	 2.7530
 6.6472	 2.7674
 6.6387	 2.7877
 6.6302	 2.8355
 6.6217	 2.8176
 6.6133	 2.7444
 6.6049	 2.7462
 6.5965	 2.8207
 6.5881	 2.8537
 6.5797	 2.8378
 6.5714	 2.8132
 6.5631	 2.7542
 6.5548	 2.6830
 6.5465	 2.6582
 6.5382	 2.6504
 6.5300	 2.6404
 6.5218	 2.5815
 6.5136	 2.6347
 6.5054	 2.7217
 6.4973	 2.7347
 6.4892	 2.7833
 6.4810	 2.7460
 6.4729	 2.7036
 6.4649	 2.6393
 6.4568	 2.6004
 6.4488	 2.6333
 6.4408	 2.6162
 6.4328	 2.6633
 6.4248	 2.7577
 6.4169	 2.7946
 6.4089	 2.7542
 6.4010	 2.6993
 6.3931	 2.6722
 6.3853	 2.6813
 6.3774	 2.6200
 6.3696	 2.5631
 6.3618	 2.6215
 6.3540	 2.6555
 6.3462	 2.5984
 6.3384	 2.5911
 6.3307	 2.6101
 6.3230	 2.5898
 6.3153	 2.5420
 6.3076	 2.5202
 6.2999	 2.5271
 6.2923	 2.5528
 6.2847	 2.6031
 6.2770	 2.6282
 6.2694	 2.5986
 6.2619	 2.6046
 6.2543	 2.6744
 6.2468	 2.5918
 6.2393	 2.5321
 6.2318	 2.5667
 6.2243	 2.5871
 6.2168	 2.5612
 6.2094	 2.5852
 6.2020	 2.6525
 6.1945	 2.5874
 6.1871	 2.5108
 6.1798	 2.5543
 6.1724	 2.5845
 6.1651	 2.6107
 6.1578	 2.6144
 6.1505	 2.6128
 6.1432	 2.6790
 6.1359	 2.7384
 6.1286	 2.7885
 6.1214	 2.7675
 6.1142	 2.6502
 6.1070	 2.6292
 6.0998	 2.6191
 6.0926	 2.6051
 6.0855	 2.6851
 6.0784	 2.7665
 6.0712	 2.7639
 6.0641	 2.7890
 6.0571	 2.8092
 6.0500	 2.8397
 6.0429	 2.8054
 6.0359	 2.7977
 6.0289	 2.8205
 6.0219	 2.7851
 6.0149	 2.7601
 6.0079	 2.7616
 6.0010	 2.7676
 5.9940	 2.8093
 5.9871	 2.7975
 5.9802	 2.8026
 5.9733	 2.8554
 5.9664	 2.8316
 5.9596	 2.8301
 5.9527	 2.8769
 5.9459	 2.9131
 5.9391	 2.9456
 5.9323	 3.0203
 5.9255	 3.0101
 5.9188	 2.9941
 5.9120	 3.0459
 5.9053	 3.0175
 5.8986	 3.0510
 5.8919	 3.0795
 5.8852	 3.0233
 5.8785	 3.0572
 5.8718	 3.0947
 5.8652	 3.1322
 5.8586	 3.1569
 5.8520	 3.1496
 5.8454	 3.0868
 5.8388	 3.1052
 5.8322	 3.1412
 5.8257	 3.1553
 5.8191	 3.1841
 5.8126	 3.2619
 5.8061	 3.3330
 5.7996	 3.3573
 5.7931	 3.4109
 5.7866	 3.3473
 5.7802	 3.3368
 5.7738	 3.4277
 5.7673	 3.4596
 5.7609	 3.4812
 5.7545	 3.4948
 5.7481	 3.5017
 5.7418	 3.5519
 5.7354	 3.6584
 5.7291	 3.6634
 5.7228	 3.6004
 5.7165	 3.6068
 5.7102	 3.5998
 5.7039	 3.6606
 5.6976	 3.7106
 5.6914	 3.6791
 5.6851	 3.6488
 5.6789	 3.6524
 5.6727	 3.6466
 5.6665	 3.6660
 5.6603	 3.6895
 5.6541	 3.7138
 5.6480	 3.7374
 5.6418	 3.7238
 5.6357	 3.7383
 5.6296	 3.7163
 5.6235	 3.6839
 5.6174	 3.6890
 5.6113	 3.6950
 5.6052	 3.7258
 5.5992	 3.7329
 5.5931	 3.6860
 5.5871	 3.7061
 5.5811	 3.8155
 5.5751	 3.8565
 5.5691	 3.8601
 5.5631	 3.8554
 5.5572	 3.8866
 5.5512	 3.9159
 5.5453	 3.9451
 5.5393	 3.9419
 5.5334	 3.9483
 5.5275	 3.9589
 5.5217	 3.9338
 5.5158	 4.0273
 5.5099	 4.0834
 5.5041	 4.1093
 5.4982	 4.1025
 5.4924	 4.0460
 5.4866	 4.0490
 5.4808	 4.1655
 5.4750	 4.2534
 5.4692	 4.1990
 5.4635	 4.1451
 5.4577	 4.1952
 5.4520	 4.2367
 5.4463	 4.2051
 5.4405	 4.2355
 5.4348	 4.2332
 5.4291	 4.2336
 5.4235	 4.2743
 5.4178	 4.2772
 5.4121	 4.2361
 5.4065	 4.2330
 5.4009	 4.1940
 5.3952	 4.1577
 5.3896	 4.1440
 5.3840	 4.1287
 5.3785	 4.2233
 5.3729	 4.2614
 5.3673	 4.2091
 5.3618	 4.1873
 5.3562	 4.1670
 5.3507	 4.1139
 5.3452	 4.1687
 5.3397	 4.1478
 5.3342	 4.1173
 5.3287	 4.1770
 5.3232	 4.2431
 5.3178	 4.2748
 5.3123	 4.2715
 5.3069	 4.2209
 5.3015	 4.1569
 5.2961	 4.1587
 5.2907	 4.2244
 5.2852	 4.3076
 5.2799	 4.3546
 5.2745	 4.3842
 5.2691	 4.3712
 5.2638	 4.3231
 5.2584	 4.2638
 5.2531	 4.2844
 5.2478	 4.3794
 5.2425	 4.4306
 5.2372	 4.3987
 5.2319	 4.4342
 5.2267	 4.4699
 5.2214	 4.4377
 5.2161	 4.4647
 5.2109	 4.5597
 5.2057	 4.5057
 5.2004	 4.4199
 5.1952	 4.4924
 5.1900	 4.5409
 5.1848	 4.5225
 5.1796	 4.5223
 5.1745	 4.5219
 5.1693	 4.5527
 5.1642	 4.5512
 5.1590	 4.5533
 5.1539	 4.5710
 5.1488	 4.4604
 5.1437	 4.4737
 5.1386	 4.5760
 5.1335	 4.5715
 5.1284	 4.5698
 5.1234	 4.6165
 5.1183	 4.5954
 5.1132	 4.5508
 5.1082	 4.5616
 5.1032	 4.6473
 5.0982	 4.6619
 5.0932	 4.6507
 5.0882	 4.6426
 5.0832	 4.6227
 5.0782	 4.6237
 5.0732	 4.6689
 5.0683	 4.6699
 5.0633	 4.6089
 5.0584	 4.6495
 5.0534	 4.8019
 5.0485	 4.7582
 5.0436	 4.6821
 5.0387	 4.7185
 5.0338	 4.6706
 5.0289	 4.6436
 5.0241	 4.7139
 5.0192	 4.6684
 5.0144	 4.6820
 5.0095	 4.7800
 5.0047	 4.7730
 4.9998	 4.7398
 4.9950	 4.7716
 4.9902	 4.7484
 4.9854	 4.7175
 4.9806	 4.7876
 4.9759	 4.7964
 4.9711	 4.8331
 4.9663	 4.9475
 4.9616	 5.0210
 4.9568	 5.0879
 4.9521	 5.0234
 4.9474	 5.0194
 4.9426	 5.0776
 4.9379	 5.1598
 4.9332	 5.1784
 4.9286	 5.2026
 4.9239	 5.2679
 4.9192	 5.3260
 4.9145	 5.3554
 4.9099	 5.4545
 4.9052	 5.5025
 4.9006	 5.5073
 4.8960	 5.5842
 4.8914	 5.6656
 4.8867	 5.6948
 4.8821	 5.7550
 4.8776	 5.7698
 4.8730	 5.7878
 4.8684	 5.8887
 4.8638	 5.9730
 4.8593	 6.1031
 4.8547	 6.2104
 4.8502	 6.1673
 4.8456	 6.1186
 4.8411	 6.1567
 4.8366	 6.2252
 4.8321	 6.3129
 4.8276	 6.4629
 4.8231	 6.4920
 4.8186	 6.5092
 4.8141	 6.5772
 4.8097	 6.6187
 4.8052	 6.6735
 4.8008	 6.7256
 4.7963	 6.8017
 4.7919	 6.8503
 4.7875	 6.8861
 4.7831	 6.9763
 4.7786	 7.0245
 4.7743	 7.1085
 4.7699	 7.1606
 4.7655	 7.1761
 4.7611	 7.2648
 4.7567	 7.3546
 4.7524	 7.4677
 4.7480	 7.5931
 4.7437	 7.6961
 4.7393	 7.7636
 4.7350	 7.7775
 4.7307	 7.8560
 4.7264	 7.9300
 4.7221	 8.0650
 4.7178	 8.1014
 4.7135	 8.1019
 4.7092	 8.2027
 4.7049	 8.2601
 4.7007	 8.3026
 4.6964	 8.3682
 4.6922	 8.4244
 4.6879	 8.5223
 4.6837	 8.5762
 4.6795	 8.5863
 4.6752	 8.6104
 4.6710	 8.7419
 4.6668	 8.7861
 4.6626	 8.7843
 4.6584	 8.9032
 4.6543	 8.9724
 4.6501	 9.0233
 4.6459	 9.1545
 4.6418	 9.1840
 4.6376	 9.2453
 4.6334	 9.3916
 4.6293	 9.5226
 4.6252	 9.5636
 4.6211	 9.5436
 4.6170	 9.5841
 4.6128	 9.6733
 4.6087	 9.8660
 4.6047	 9.8960
 4.6006	 9.9529
 4.5965	10.1110
 4.5924	10.2886
 4.5884	10.4303
 4.5843	10.5355
 4.5802	10.6399
 4.5762	10.7106
 4.5722	10.7628
 4.5681	10.8002
 4.5641	10.8385
 4.5601	10.9836
 4.5561	11.0834
 4.5521	11.1689
 4.5481	11.3332
 4.5441	11.4383
 4.5401	11.4216
 4.5362	11.4523
 4.5322	11.5574
 4.5282	11.6649
 4.5243	11.7509
 4.5203	11.7896
 4.5164	11.8268
 4.5125	11.8259
 4.5085	11.9141
 4.5046	11.9683
 4.5007	11.9520
 4.4968	12.0309
 4.4929	12.1497
 4.4890	12.2257
 4.4851	12.2977
 4.4813	12.3208
 4.4774	12.3666
 4.4735	12.4376
 4.4697	12.4790
 4.4658	12.5043
 4.4620	12.6228
 4.4581	12.7789
 4.4543	12.8016
 4.4505	12.8470
 4.4467	12.9609
 4.4429	13.0297
 4.4391	13.1013
 4.4353	13.1349
 4.4315	13.2302
 4.4277	13.3186
 4.4239	13.4116
 4.4201	13.4097
 4.4164	13.4429
 4.4126	13.5414
 4.4089	13.6035
 4.4051	13.6222
 4.4014	13.7239
 4.3976	13.8313
 4.3939	13.9884
 4.3902	14.0688
 4.3865	14.0918
 4.3828	14.1103
 4.3791	14.1315
 4.3754	14.2552
 4.3717	14.3224
 4.3680	14.3199
 4.3643	14.4105
 4.3607	14.5352
 4.3570	14.6486
 4.3533	14.7425
 4.3497	14.8040
 4.3460	14.8241
 4.3424	14.8690
 4.3388	14.9446
 4.3351	14.9967
 4.3315	15.0324
 4.3279	15.0993
 4.3243	15.2404
 4.3207	15.2934
 4.3171	15.2586
 4.3135	15.2817
 4.3099	15.3397
 4.3063	15.3476
 4.3028	15.3797
 4.2992	15.5018
 4.2956	15.5625
 4.2921	15.5741
 4.2885	15.5960
 4.2850	15.6406
 4.2815	15.7067
 4.2779	15.8010
 4.2744	15.8474
 4.2709	15.9725
 4.2674	15.9974
 4.2638	16.0027
 4.2603	16.0697
 4.2568	16.0767
 4.2534	16.1045
 4.2499	16.1698
 4.2464	16.2148
 4.2429	16.1994
 4.2394	16.2692
 4.2360	16.4026
 4.2325	16.4245
 4.2291	16.4199
 4.2256	16.3731
 4.2222	16.4432
 4.2187	16.6070
 4.2153	16.6690
 4.2119	16.6795
 4.2085	16.7244
 4.2051	16.7214
 4.2016	16.6465
 4.1982	16.6843
 4.1948	16.7100
 4.1915	16.7181
 4.1881	16.7939
 4.1847	16.8825
 4.1813	16.9144
 4.1780	16.9110
 4.1746	16.9657
 4.1712	17.0211
 4.1679	17.0408
 4.1645	17.0803
 4.1612	17.0996
 4.1578	17.1638
 4.1545	17.1608
 4.1512	17.1483
 4.1479	17.1812
 4.1445	17.2651
 4.1412	17.3093
 4.1379	17.3351
 4.1346	17.3692
 4.1313	17.4171
 4.1280	17.4140
 4.1248	17.3676
 4.1215	17.3510
 4.1182	17.3613
 4.1150	17.4783
 4.1117	17.5438
 4.1084	17.5802
 4.1052	17.6289
 4.1019	17.6200
 4.0987	17.6335
 4.0954	17.6570
 4.0922	17.6310
 4.0890	17.6190
 4.0858	17.6464
 4.0826	17.6610
 4.0793	17.6380
 4.0761	17.6235
 4.0729	17.6607
 4.0697	17.7480
 4.0665	17.8016
 4.0633	17.8088
 4.0602	17.7982
 4.0570	17.7715
 4.0538	17.7628
 4.0507	17.7661
 4.0475	17.7645
 4.0443	17.7937
 4.0412	17.7830
 4.0380	17.7496
 4.0349	17.7431
 4.0317	17.7673
 4.0286	17.8309
 4.0255	17.8657
 4.0224	17.7739
 4.0193	17.6591
 4.0161	17.6804
 4.0130	17.7476
 4.0099	17.6789
 4.0068	17.6689
 4.0037	17.7811
 4.0006	17.7639
 3.9976	17.8118
 3.9945	17.8707
 3.9914	17.7907
 3.9883	17.7857
 3.9853	17.7740
 3.9822	17.8025
 3.9792	17.8301
 3.9761	17.7456
 3.9731	17.7130
 3.9700	17.7324
 3.9670	17.7411
 3.9639	17.6954
 3.9609	17.6604
 3.9579	17.6724
 3.9549	17.6913
 3.9519	17.7194
 3.9489	17.7216
 3.9458	17.6986
 3.9428	17.7012
 3.9398	17.7190
 3.9369	17.6334
 3.9339	17.5782
 3.9309	17.5494
 3.9279	17.5548
 3.9249	17.6198
 3.9220	17.6688
 3.9190	17.6065
 3.9160	17.5487
 3.9131	17.5417
 3.9101	17.5195
 3.9072	17.4527
 3.9042	17.4578
 3.9013	17.5142
 3.8984	17.6091
 3.8954	17.5921
 3.8925	17.4716
 3.8896	17.3653
 3.8867	17.3008
 3.8838	17.3235
 3.8809	17.3485
 3.8780	17.3288
 3.8751	17.2569
 3.8722	17.2265
 3.8693	17.1764
 3.8664	17.1625
 3.8635	17.1802
 3.8606	17.0988
 3.8578	17.0461
 3.8549	17.0437
 3.8520	17.0512
 3.8492	16.9884
 3.8463	16.9195
 3.8435	16.9561
 3.8406	16.9839
 3.8378	16.9428
 3.8349	16.9110
 3.8321	16.8642
 3.8293	16.8109
 3.8264	16.7503
 3.8236	16.7572
 3.8208	16.7699
 3.8180	16.7092
 3.8152	16.6919
 3.8124	16.7014
 3.8096	16.6633
 3.8068	16.6385
 3.8040	16.6484
 3.8012	16.6178
 3.7984	16.5562
 3.7956	16.4886
 3.7929	16.3896
 3.7901	16.2561
 3.7873	16.2020
 3.7845	16.2448
 3.7818	16.2621
 3.7790	16.1663
 3.7763	16.1773
 3.7735	16.1928
 3.7708	16.1365
 3.7681	16.1169
 3.7653	16.1193
 3.7626	16.0659
 3.7599	15.9680
 3.7571	15.9589
 3.7544	15.9646
 3.7517	15.9470
 3.7490	15.9034
 3.7463	15.8270
 3.7436	15.7280
 3.7409	15.6750
 3.7382	15.7215
 3.7355	15.7120
 3.7328	15.6715
 3.7301	15.5834
 3.7274	15.5538
 3.7247	15.5283
 3.7221	15.4381
 3.7194	15.3929
 3.7167	15.4057
 3.7141	15.3192
 3.7114	15.3143
 3.7088	15.3963
 3.7061	15.3918
 3.7035	15.3064
 3.7008	15.2544
 3.6982	15.1914
 3.6955	15.1612
 3.6929	15.1456
 3.6903	15.0121
 3.6877	15.0511
 3.6850	15.1095
 3.6824	14.9775
 3.6798	14.8859
 3.6772	14.9085
 3.6746	14.8636
 3.6720	14.8230
 3.6694	14.8397
 3.6668	14.8235
 3.6642	14.7168
 3.6616	14.5772
 3.6590	14.5575
 3.6564	14.5625
 3.6539	14.4682
 3.6513	14.3196
 3.6487	14.2703
 3.6462	14.3209
 3.6436	14.3029
 3.6410	14.2620
 3.6385	14.2012
 3.6359	14.1199
 3.6334	14.1091
 3.6308	14.1753
 3.6283	14.1362
 3.6258	14.0013
 3.6232	13.8939
 3.6207	13.8366
 3.6182	13.7804
 3.6156	13.8061
 3.6131	13.7494
 3.6106	13.6829
 3.6081	13.6457
 3.6056	13.6100
 3.6031	13.5952
 3.6006	13.5524
 3.5981	13.5000
 3.5956	13.3716
 3.5931	13.3009
 3.5906	13.2847
 3.5881	13.1805
 3.5856	13.0341
 3.5832	12.9583
 3.5807	12.9112
 3.5782	12.8368
 3.5758	12.7777
 3.5733	12.7527
 3.5708	12.6880
 3.5684	12.6152
 3.5659	12.5544
 3.5635	12.5747
 3.5610	12.5733
 3.5586	12.5180
 3.5561	12.4223
 3.5537	12.3152
 3.5513	12.3004
 3.5488	12.2238
 3.5464	12.0813
 3.5440	12.0653
 3.5415	12.1142
 3.5391	12.1098
 3.5367	12.1026
 3.5343	12.0434
 3.5319	11.9296
 3.5295	11.9583
 3.5271	12.0335
 3.5247	11.9294
 3.5223	11.7899
 3.5199	11.7676
 3.5175	11.8121
 3.5151	11.8409
 3.5128	11.7447
 3.5104	11.6045
 3.5080	11.5710
 3.5056	11.5008
 3.5033	11.4038
 3.5009	11.3659
 3.4985	11.3707
 3.4962	11.4242
 3.4938	11.4088
 3.4915	11.3871
 3.4891	11.3838
 3.4868	11.3340
 3.4844	11.2359
 3.4821	11.1786
 3.4798	11.1220
 3.4774	11.1099
 3.4751	11.0913
 3.4728	11.0289
 3.4704	11.0003
 3.4681	10.9368
 3.4658	10.9217
 3.4635	10.9381
 3.4612	10.9113
 3.4589	10.9017
 3.4566	10.7740
 3.4543	10.7208
 3.4520	10.6359
 3.4497	10.6392
 3.4474	10.6316
 3.4451	10.5618
 3.4428	10.5086
 3.4405	10.4012
 3.4382	10.3533
 3.4359	10.3432
 3.4337	10.3665
 3.4314	10.3588
 3.4291	10.3492
 3.4269	10.4025
 3.4246	10.2562
 3.4223	10.0867
 3.4201	10.0764
 3.4178	10.1713
 3.4156	10.1151
 3.4133	 9.9981
 3.4111	10.0320
 3.4088	 9.9904
 3.4066	 9.8778
 3.4043	 9.7747
 3.4021	 9.7211
 3.3999	 9.7754
 3.3977	 9.7892
 3.3954	 9.7771
 3.3932	 9.6662
 3.3910	 9.5953
 3.3888	 9.6554
 3.3866	 9.5216
 3.3844	 9.4111
 3.3822	 9.4534
 3.3799	 9.5135
 3.3777	 9.3553
 3.3755	 9.2876
 3.3733	 9.3724
 3.3712	 9.3477
 3.3690	 9.2058
 3.3668	 9.1448
 3.3646	 9.1547
 3.3624	 9.0757
 3.3602	 8.9629
 3.3580	 9.0150
 3.3559	 9.0802
 3.3537	 9.0622
 3.3515	 9.0086
 3.3494	 8.9254
 3.3472	 8.7769
 3.3451	 8.7647
 3.3429	 8.7195
 3.3407	 8.6318
 3.3386	 8.5928
 3.3364	 8.5539
 3.3343	 8.5686
 3.3321	 8.6341
 3.3300	 8.5489
 3.3279	 8.4376
 3.3257	 8.4569
 3.3236	 8.4340
 3.3215	 8.3906
 3.3194	 8.3358
 3.3172	 8.2264
 3.3151	 8.2007
 3.3130	 8.1713
 3.3109	 8.1179
 3.3088	 8.1444
 3.3066	 8.1415
 3.3045	 8.0046
 3.3024	 7.7930
 3.3003	 7.7413
 3.2982	 7.8034
 3.2961	 7.7711
 3.2940	 7.7571
 3.2920	 7.7357
 3.2899	 7.7135
 3.2878	 7.6806
 3.2857	 7.5866
 3.2836	 7.5369
 3.2815	 7.4864
 3.2795	 7.4259
 3.2774	 7.4220
 3.2753	 7.3496
 3.2732	 7.2107
 3.2712	 7.1860
 3.2691	 7.2048
 3.2671	 7.2197
 3.2650	 7.1959
 3.2630	 7.1098
 3.2609	 7.0725
 3.2588	 7.0650
 3.2568	 7.0850
 3.2548	 6.9906
 3.2527	 6.8319
 3.2507	 6.8039
 3.2486	 6.8300
 3.2466	 6.7100
 3.2446	 6.5930
 3.2426	 6.5840
 3.2405	 6.6844
 3.2385	 6.7671
 3.2365	 6.6381
 3.2345	 6.3731
 3.2324	 6.3641
 3.2304	 6.4748
 3.2284	 6.4545
 3.2264	 6.4712
 3.2244	 6.3163
 3.2224	 6.2693
 3.2204	 6.2997
 3.2184	 6.2724
 3.2164	 6.1158
 3.2144	 6.0823
 3.2124	 6.1236
 3.2104	 6.0446
 3.2084	 5.9175
 3.2064	 5.9581
 3.2045	 6.0449
 3.2025	 5.9789
 3.2005	 5.8208
 3.1985	 5.7670
 3.1966	 5.7379
 3.1946	 5.7050
 3.1926	 5.7162
 3.1907	 5.6757
 3.1887	 5.5952
 3.1867	 5.5286
 3.1848	 5.4915
 3.1828	 5.3407
 3.1809	 5.2343
 3.1789	 5.2814
 3.1770	 5.3935
 3.1750	 5.3809
 3.1731	 5.2475
 3.1711	 5.2303
 3.1692	 5.2723
 3.1673	 5.2443
 3.1653	 5.1224
 3.1634	 5.0865
 3.1615	 4.9755
 3.1596	 4.9659
 3.1576	 5.0705
 3.1557	 5.0466
 3.1538	 4.9070
 3.1519	 4.9131
 3.1500	 4.9009
 3.1481	 4.8616
 3.1461	 4.8349
 3.1442	 4.8517
 3.1423	 4.9278
 3.1404	 4.7968
 3.1385	 4.5764
 3.1366	 4.5203
 3.1347	 4.6248
 3.1328	 4.7050
 3.1309	 4.6393
 3.1290	 4.5120
 3.1272	 4.4039
 3.1253	 4.4364
 3.1234	 4.3999
 3.1215	 4.3435
 3.1196	 4.3187
 3.1178	 4.2378
 3.1159	 4.1932
 3.1140	 4.1782
 3.1121	 4.2016
 3.1103	 4.2102
 3.1084	 4.1986
 3.1065	 4.1227
 3.1047	 4.0590
 3.1028	 4.0016
 3.1010	 3.9621
 3.0991	 4.0210
 3.0973	 4.0434
 3.0954	 3.8949
 3.0936	 3.8462
 3.0917	 3.7990
 3.0899	 3.8019
 3.0880	 3.8845
 3.0862	 3.8500
 3.0844	 3.8592
 3.0825	 3.8182
 3.0807	 3.6759
 3.0789	 3.7271
 3.0770	 3.6700
 3.0752	 3.4937
 3.0734	 3.5570
 3.0716	 3.6134
 3.0698	 3.4891
 3.0680	 3.4611
 3.0661	 3.4312
 3.0643	 3.5134
 3.0625	 3.5895
 3.0607	 3.5803
 3.0589	 3.5090
 3.0571	 3.4473
 3.0553	 3.4923
 3.0535	 3.5059
 3.0517	 3.5353
 3.0499	 3.4874
 3.0481	 3.3801
 3.0463	 3.3310
 3.0445	 3.3040
 3.0427	 3.2482
 3.0410	 3.2635
 3.0392	 3.2988
 3.0374	 3.2098
 3.0356	 3.1093
 3.0338	 3.0154
 3.0321	 3.1269
 3.0303	 3.2692
 3.0285	 3.2296
 3.0268	 3.0720
 3.0250	 2.9638
 3.0232	 2.9909
 3.0215	 3.0304
 3.0197	 3.0252
 3.0179	 3.0185
 3.0162	 3.0592
 3.0144	 3.0507
 3.0127	 3.0776
 3.0109	 3.0636
 3.0092	 3.1080
 3.0074	 3.1594
 3.0057	 3.0958
 3.0040	 3.0202
 3.0022	 2.9823
 3.0005	 2.8559
 2.9987	 2.7312
 2.9970	 2.8939
 2.9953	 2.9654
 2.9935	 2.9005
 2.9918	 2.9839
 2.9901	 2.9568
 2.9884	 2.8120
 2.9867	 2.8921
 2.9849	 2.8654
 2.9832	 2.7947
 2.9815	 2.7987
 2.9798	 2.8325
 2.9781	 2.7544
 2.9764	 2.6796
 2.9747	 2.7431
 2.9729	 2.7920
 2.9712	 2.8797
 2.9695	 2.8405
 2.9678	 2.8306
 2.9661	 2.8720
 2.9645	 2.7981
 2.9628	 2.7174
 2.9611	 2.7668
 2.9594	 2.7826
 2.9577	 2.7280
 2.9560	 2.6422
 2.9543	 2.7007
 2.9526	 2.6906
 2.9510	 2.5957
 2.9493	 2.6185
 2.9476	 2.6363
 2.9459	 2.6038
 2.9442	 2.6345
 2.9426	 2.6690
 2.9409	 2.7012
 2.9392	 2.7222
 2.9376	 2.6901
 2.9359	 2.5607
 2.9343	 2.6291
 2.9326	 2.5984
 2.9309	 2.5507
 2.9293	 2.5784
 2.9276	 2.6073
 2.9260	 2.6958
 2.9243	 2.7323
 2.9227	 2.7506
 2.9210	 2.7104
 2.9194	 2.7044
 2.9177	 2.7564
 2.9161	 2.6799
 2.9145	 2.6928
 2.9128	 2.7463
 2.9112	 2.7713
 2.9096	 2.7267
 2.9079	 2.4877
 2.9063	 2.4651
 2.9047	 2.5708
 2.9030	 2.7004
 2.9014	 2.7149
 2.8998	 2.7678
 2.8982	 2.7648
 2.8966	 2.8270
 2.8949	 2.9381
 2.8933	 2.8812
 2.8917	 2.8335
 2.8901	 2.8169
 2.8885	 2.8472
 2.8869	 2.8746
 2.8853	 2.9147
 2.8837	 2.9737
 2.8821	 2.9758
 2.8805	 2.9202
 2.8789	 2.8614
 2.8773	 2.7436
 2.8757	 2.7947
 2.8741	 2.8450
 2.8725	 2.8911
 2.8709	 2.9668
 2.8693	 2.9660
 2.8677	 2.8663
 2.8661	 2.7982
 2.8645	 2.8113
 2.8630	 2.8679
 2.8614	 2.9393
 2.8598	 2.9657
 2.8582	 2.9066
 2.8567	 2.9570
 2.8551	 2.9300
 2.8535	 2.8247
 2.8519	 2.8792
 2.8504	 2.9864
 2.8488	 2.9908
 2.8472	 2.8517
 2.8457	 2.6916
 2.8441	 2.7432
 2.8426	 2.9214
 2.8410	 2.9419
 2.8394	 2.9241
 2.8379	 2.8280
 2.8363	 2.7503
 2.8348	 2.9448
 2.8332	 2.9542
 2.8317	 2.8809
 2.8302	 2.8781
 2.8286	 2.7463
 2.8271	 2.5940
 2.8255	 2.6543
 2.8240	 2.6606
 2.8224	 2.7177
 2.8209	 2.8084
 2.8194	 2.6941
 2.8178	 2.7051
 2.8163	 2.8286
 2.8148	 2.8157
 2.8133	 2.7765
 2.8117	 2.7417
 2.8102	 2.8029
 2.8087	 2.9112
 2.8072	 2.9528
 2.8056	 2.9422
 2.8041	 2.8915
 2.8026	 2.9020
 2.8011	 3.0137
 2.7996	 3.0919
 2.7981	 3.1001
 2.7966	 3.0670
 2.7951	 3.1136
 2.7936	 3.1836
 2.7921	 3.2623
 2.7906	 3.2713
 2.7890	 3.2347
 2.7875	 3.3185
 2.7860	 3.4757
 2.7845	 3.4741
 2.7831	 3.5200
 2.7816	 3.6458
 2.7801	 3.9241
 2.7786	 4.1294
 2.7771	 4.0358
 2.7756	 3.9816
 2.7741	 4.0333
 2.7726	 4.1253
 2.7712	 4.0611
 2.7697	 4.1350
 2.7682	 4.0844
 2.7667	 4.0108
 2.7652	 4.0106
 2.7638	 3.9726
 2.7623	 3.8357
 2.7608	 3.7284
 2.7594	 3.8311
 2.7579	 3.8892
 2.7564	 3.8773
 2.7550	 4.0607
 2.7535	 4.3493
 2.7520	 4.3412
 2.7506	 4.2488
 2.7491	 4.3739
 2.7477	 4.5700
 2.7462	 4.5922
 2.7447	 4.6902
 2.7433	 4.8955
 2.7418	 4.9999
 2.7404	 5.2721
 2.7389	 5.7576
 2.7375	 5.9820
 2.7361	 5.9854
 2.7346	 6.1451
 2.7332	 6.4721
 2.7317	 6.7839
 2.7303	 7.1511
 2.7289	 7.4846
 2.7274	 7.7768
 2.7260	 8.2194
 2.7246	 8.6031
 2.7231	 9.0670
 2.7217	 9.6487
 2.7203	10.2201
 2.7188	10.6255
 2.7174	10.9859
 2.7160	11.2746
 2.7146	11.5239
 2.7132	11.8547
 2.7117	12.0309
 2.7103	12.1715
 2.7089	12.3835
 2.7075	12.3925
 2.7061	12.1889
 2.7047	11.8566
 2.7033	11.7676
 2.7018	11.9826
 2.7004	12.2330
 2.6990	12.5280
 2.6976	13.0281
 2.6962	13.6069
 2.6948	14.2181
 2.6934	14.8368
 2.6920	15.3604
 2.6906	15.6884
 2.6892	15.9818
 2.6878	16.2309
 2.6864	16.5015
 2.6850	16.7408
 2.6837	16.9557
 2.6823	17.0358
 2.6809	17.1714
 2.6795	17.3693
 2.6781	17.5608
 2.6767	17.7402
 2.6753	17.8287
 2.6740	17.9492
 2.6726	18.1171
 2.6712	18.1313
 2.6698	18.1662
 2.6685	18.1774
 2.6671	18.2110
 2.6657	18.2963
 2.6644	18.4325
 2.6630	18.6051
 2.6616	18.8341
 2.6603	18.9579
 2.6589	18.9808
 2.6575	19.0085
 2.6562	19.0690
 2.6548	19.1706
 2.6534	19.2588
 2.6521	19.3900
 2.6507	19.6564
 2.6494	19.7614
 2.6480	19.7551
 2.6467	19.8843
 2.6453	20.0772
 2.6440	20.0440
 2.6426	20.0350
 2.6413	20.2002
 2.6399	20.3048
 2.6386	20.3909
 2.6372	20.4405
 2.6359	20.4434
 2.6346	20.5076
 2.6332	20.6558
 2.6319	20.7221
 2.6306	20.8132
 2.6292	20.8469
 2.6279	20.8377
 2.6266	20.8755
 2.6252	20.9357
 2.6239	21.0192
 2.6226	21.1402
 2.6212	21.1663
 2.6199	21.0054
 2.6186	20.9541
 2.6173	21.0418
 2.6160	21.1334
 2.6146	21.1105
 2.6133	21.1734
 2.6120	21.3483
 2.6107	21.2296
 2.6094	21.1299
 2.6081	21.0994
 2.6067	21.1635
 2.6054	21.3805
 2.6041	21.3366
 2.6028	21.3422
 2.6015	21.4105
 2.6002	21.3887
 2.5989	21.3349
 2.5976	21.3261
 2.5963	21.3350
 2.5950	21.3505
 2.5937	21.4778
 2.5924	21.6834
 2.5911	21.7665
 2.5898	21.6111
 2.5885	21.6205
 2.5872	21.7958
 2.5859	21.8701
 2.5847	21.9053
 2.5834	21.7612
 2.5821	21.7004
 2.5808	21.7513
 2.5795	21.8640
 2.5782	21.9431
 2.5770	21.9961
 2.5757	21.9847
 2.5744	22.0312
 2.5731	22.1217
 2.5718	21.9758
 2.5706	21.8813
 2.5693	22.0267
 2.5680	22.1995
 2.5667	22.2542
 2.5655	22.1785
 2.5642	22.2616
 2.5629	22.3398
 2.5617	22.3716
 2.5604	22.3537
 2.5591	22.3451
 2.5579	22.4828
 2.5566	22.5554
 2.5554	22.5784
 2.5541	22.6209
 2.5528	22.6740
 2.5516	22.6209
 2.5503	22.5476
 2.5491	22.7778
 2.5478	23.0800
 2.5466	23.0750
 2.5453	22.9507
 2.5441	22.9295
 2.5428	23.0316
 2.5416	23.0503
 2.5403	23.0166
 2.5391	23.0588
 2.5379	23.2534
 2.5366	23.2862
 2.5354	23.2405
 2.5341	23.3873
 2.5329	23.4511
 2.5317	23.4128
 2.5304	23.4507
 2.5292	23.5103
 2.5280	23.5488
 2.5267	23.5593
 2.5255	23.5240
 2.5243	23.5176
 2.5230	23.6592
 2.5218	23.8646
 2.5206	23.8484
 2.5194	23.8095
 2.5181	23.7487
 2.5169	23.7876
 2.5157	23.8585
 2.5145	23.9236
 2.5133	24.0117
 2.5120	24.0649
 2.5108	24.0468
 2.5096	24.0833
 2.5084	24.1425
 2.5072	24.2514
 2.5060	24.3460
 2.5048	24.3680
 2.5035	24.3854
 2.5023	24.4083
 2.5011	24.3897
 2.4999	24.3970
 2.4987	24.5400
 2.4975	24.7394
 2.4963	24.8278
 2.4951	24.9289
 2.4939	25.0182
 2.4927	25.1347
 2.4915	25.2024
 2.4903	25.3029
 2.4891	25.3020
 2.4879	25.4717
 2.4867	25.7012
 2.4855	25.7209
 2.4844	25.7291
 2.4832	25.8099
 2.4820	25.8469
 2.4808	26.0538
 2.4796	26.2862
 2.4784	26.3440
 2.4772	26.4198
 2.4760	26.5524
 2.4749	26.7548
 2.4737	26.9396
 2.4725	27.0350
 2.4713	26.9997
 2.4701	26.9345
 2.4690	27.1595
 2.4678	27.3730
 2.4666	27.4299
 2.4655	27.5081
 2.4643	27.6765
 2.4631	27.8109
 2.4619	27.8907
 2.4608	27.9599
 2.4596	27.8879
 2.4584	27.9433
 2.4573	28.1420
 2.4561	28.2013
 2.4549	28.3288
 2.4538	28.3452
 2.4526	28.3636
 2.4515	28.3886
 2.4503	28.2786
 2.4491	28.2767
 2.4480	28.3884
 2.4468	28.4286
 2.4457	28.4452
 2.4445	28.4957
 2.4434	28.5127
 2.4422	28.5169
 2.4411	28.3783
 2.4399	28.4070
 2.4388	28.5566
 2.4376	28.5448
 2.4365	28.5591
 2.4353	28.6431
 2.4342	28.7802
 2.4331	28.6401
 2.4319	28.5746
 2.4308	28.6442
 2.4296	28.6959
 2.4285	28.6835
 2.4274	28.7005
 2.4262	28.6695
 2.4251	28.6566
 2.4240	28.7261
 2.4228	28.8699
 2.4217	28.8113
 2.4206	28.6779
 2.4194	28.7161
 2.4183	28.6868
 2.4172	28.5066
 2.4160	28.6037
 2.4149	28.8046
 2.4138	28.8933
 2.4127	28.8493
 2.4116	28.7251
 2.4104	28.5638
 2.4093	28.5669
 2.4082	28.6615
 2.4071	28.6289
 2.4059	28.4244
 2.4048	28.2548
 2.4037	28.1757
 2.4026	28.1700
 2.4015	28.1582
 2.4004	28.0727
 2.3993	27.7711
 2.3982	27.6008
 2.3971	27.4623
 2.3960	27.5069
 2.3948	27.4505
 2.3937	27.2372
 2.3926	27.0268
 2.3915	26.8642
 2.3904	26.5362
 2.3893	26.0807
 2.3882	25.9278
 2.3871	25.7795
 2.3860	25.5271
 2.3849	25.2847
 2.3838	25.0557
 2.3827	24.7994
 2.3816	24.5513
 2.3805	24.3306
 2.3795	24.1359
 2.3784	23.7912
 2.3773	23.5063
 2.3762	23.3784
 2.3751	23.1491
 2.3740	22.9175
 2.3729	22.6085
 2.3718	22.2435
 2.3708	22.0623
 2.3697	21.9638
 2.3686	21.8962
 2.3675	21.8789
 2.3664	21.8028
 2.3653	21.6198
 2.3643	21.4274
 2.3632	21.1739
 2.3621	21.1424
 2.3610	21.2928
 2.3600	21.4430
 2.3589	21.4527
 2.3578	21.1736
 2.3567	21.0673
 2.3557	21.2806
 2.3546	21.3671
 2.3535	21.4411
 2.3525	21.4597
 2.3514	21.4963
 2.3503	21.5771
 2.3493	21.6057
 2.3482	21.6747
 2.3471	21.9643
 2.3461	22.2026
 2.3450	22.3042
 2.3440	22.3988
 2.3429	22.5627
 2.3418	22.7593
 2.3408	23.0323
 2.3397	23.1162
 2.3387	23.0586
 2.3376	23.3030
 2.3366	23.5462
 2.3355	23.6382
 2.3345	23.8847
 2.3334	24.0777
 2.3324	24.2712
 2.3313	24.4294
 2.3303	24.4360
 2.3292	24.5466
 2.3282	24.8272
 2.3271	25.0014
 2.3261	25.0462
 2.3250	25.0616
 2.3240	25.2156
 2.3230	25.3003
 2.3219	25.4881
 2.3209	25.6956
 2.3198	25.8813
 2.3188	25.9232
 2.3178	26.1326
 2.3167	26.3305
 2.3157	26.2087
 2.3147	26.3135
 2.3136	26.4864
 2.3126	26.5721
 2.3116	26.7441
 2.3105	26.8147
 2.3095	27.0118
 2.3085	27.3339
 2.3074	27.5320
 2.3064	27.4760
 2.3054	27.5226
 2.3044	27.6371
 2.3034	27.7883
 2.3023	27.8805
 2.3013	27.8616
 2.3003	28.0391
 2.2993	28.2055
 2.2982	28.2001
 2.2972	28.2329
 2.2962	28.2468
 2.2952	28.2699
 2.2942	28.3075
 2.2932	28.3089
 2.2921	28.2715
 2.2911	28.3304
 2.2901	28.3576
 2.2891	28.3417
 2.2881	28.2801
 2.2871	28.0984
 2.2861	28.1129
 2.2851	28.0441
 2.2841	27.8523
 2.2831	27.7776
 2.2821	27.6394
 2.2811	27.4627
 2.2801	27.3499
 2.2790	27.3327
 2.2780	27.1019
 2.2771	26.7150
 2.2761	26.5145
 2.2750	26.4308
 2.2740	26.2091
 2.2731	25.8871
 2.2721	25.5542
 2.2711	25.2459
 2.2701	24.9868
 2.2691	24.7500
 2.2681	24.3947
 2.2671	23.9334
 2.2661	23.7352
 2.2651	23.6779
 2.2641	23.5513
 2.2631	23.5003
 2.2621	23.3501
 2.2612	23.0573
 2.2602	23.0447
 2.2592	23.0282
 2.2582	23.0742
 2.2572	23.3478
 2.2562	23.5043
 2.2553	23.6667
 2.2543	24.0826
 2.2533	24.5392
 2.2523	24.9952
 2.2513	25.3311
 2.2504	25.6797
 2.2494	26.2669
 2.2484	26.7149
 2.2474	27.2152
 2.2465	28.0976
 2.2455	28.6857
 2.2445	28.9085
 2.2435	29.3292
 2.2426	29.9504
 2.2416	30.3509
 2.2406	30.7417
 2.2397	31.2641
 2.2387	31.8202
 2.2377	32.2881
 2.2368	32.6881
 2.2358	32.9373
 2.2348	33.2757
 2.2339	33.6612
 2.2329	34.0380
 2.2320	34.3486
 2.2310	34.6590
 2.2300	34.9492
 2.2291	35.0671
 2.2281	35.1506
 2.2272	35.5195
 2.2262	35.9396
 2.2252	36.1474
 2.2243	36.2024
 2.2233	36.4518
 2.2224	36.5875
 2.2214	36.6605
 2.2205	36.7859
 2.2195	36.9034
 2.2186	37.1706
 2.2176	37.4215
 2.2167	37.4889
 2.2157	37.4827
 2.2148	37.5456
 2.2138	37.6217
 2.2129	37.6210
 2.2120	37.7293
 2.2110	37.7445
 2.2101	37.8724
 2.2091	38.1504
 2.2082	38.2936
 2.2073	38.3519
 2.2063	38.4892
 2.2054	38.6326
 2.2044	38.6371
 2.2035	38.6165
 2.2026	38.6439
 2.2016	38.6830
 2.2007	38.7515
 2.1998	38.8940
 2.1988	38.9471
 2.1979	38.8410
 2.1970	38.8778
 2.1960	39.1483
 2.1951	39.2957
 2.1942	39.3325
 2.1932	39.3203
 2.1923	39.3534
 2.1914	39.3822
 2.1905	39.3260
 2.1895	39.4083
 2.1886	39.5854
 2.1877	39.7245
 2.1868	39.6828
 2.1858	39.6413
 2.1849	39.6338
 2.1840	39.5080
 2.1831	39.6315
 2.1822	39.8591
 2.1812	39.8251
 2.1803	39.8467
 2.1794	39.9483
 2.1785	40.0816
 2.1776	40.1545
 2.1767	39.9388
 2.1758	39.7931
 2.1749	39.8114
 2.1739	39.8439
 2.1730	39.8825
 2.1721	39.9473
 2.1712	39.8813
 2.1703	39.8956
 2.1694	40.1147
 2.1685	40.1923
 2.1676	40.0523
 2.1667	40.0551
 2.1658	40.1096
 2.1649	40.2219
 2.1639	40.0589
 2.1631	40.0190
 2.1622	40.0435
 2.1612	40.0938
 2.1604	40.2021
 2.1595	40.3907
 2.1585	40.5679
 2.1576	40.3949
 2.1568	40.2325
 2.1559	40.2248
 2.1550	40.1899
 2.1541	40.2567
 2.1532	40.1639
 2.1523	40.0891
 2.1514	40.1108
 2.1505	40.0772
 2.1496	40.1641
 2.1487	40.0969
 2.1478	39.9696
 2.1469	40.0431
 2.1460	40.3440
 2.1452	40.2878
 2.1443	40.0187
 2.1434	39.8947
 2.1425	40.0079
 2.1416	40.1806
 2.1407	40.0740
 2.1398	40.1290
 2.1390	40.1101
 2.1381	40.1405
 2.1372	40.1921
 2.1363	40.0203
 2.1354	39.9305
 2.1345	39.9445
 2.1337	39.9289
 2.1328	39.9838
 2.1319	39.9929
 2.1311	40.0820
 2.1302	40.0757
 2.1293	40.1128
 2.1284	40.2400
 2.1275	40.2072
 2.1267	40.1395
 2.1258	40.1093
 2.1249	40.0757
 2.1241	40.0704
 2.1232	40.0445
 2.1223	40.0566
 2.1214	40.1615
 2.1206	40.1351
 2.1197	40.1952
 2.1189	40.3338
 2.1180	40.4000
 2.1171	40.3733
 2.1163	40.2499
 2.1154	40.1055
 2.1145	40.1545
 2.1137	40.2894
 2.1128	40.3227
 2.1120	40.3491
 2.1111	40.4027
 2.1102	40.4339
 2.1094	40.4198
 2.1085	40.3990
 2.1077	40.2899
 2.1068	40.3361
 2.1059	40.3174
 2.1051	40.3076
 2.1042	40.3754
 2.1034	40.1932
 2.1025	40.0696
 2.1017	40.2464
 2.1008	40.1423
 2.1000	40.2153
 2.0991	40.3812
 2.0983	40.3018
 2.0974	40.2755
 2.0966	40.0157
 2.0957	39.9557
 2.0949	40.1062
 2.0940	40.1362
 2.0932	40.0727
 2.0924	39.9358
 2.0915	39.9879
 2.0907	40.1063
 2.0898	39.9074
 2.0890	39.7960
 2.0881	39.8665
 2.0873	39.8092
 2.0865	39.6669
 2.0856	39.5849
 2.0848	39.7198
 2.0839	39.5896
 2.0831	39.3520
 2.0823	39.5001
 2.0814	39.6467
 2.0806	39.5602
 2.0798	39.4394
 2.0789	39.4201
 2.0781	39.4033
 2.0773	39.5636
 2.0764	39.6497
 2.0756	39.3138
 2.0748	39.2205
 2.0739	39.3254
 2.0731	39.2822
 2.0723	39.1370
 2.0715	38.9388
 2.0706	38.8635
 2.0698	38.7872
 2.0690	38.8260
 2.0681	38.9673
 2.0673	38.8845
 2.0665	38.6832
 2.0657	38.5858
 2.0648	38.5831
 2.0640	38.5890
 2.0632	38.6764
 2.0624	38.4667
 2.0616	38.2145
 2.0607	38.3653
 2.0599	38.3720
 2.0591	38.1857
 2.0583	38.2035
 2.0575	38.0099
 2.0567	37.9315
 2.0558	37.8605
 2.0550	37.8278
 2.0542	37.9395
 2.0534	37.9759
 2.0526	37.8414
 2.0518	37.5910
 2.0510	37.3790
 2.0501	37.3134
 2.0493	37.3409
 2.0485	37.2283
 2.0477	37.0151
 2.0469	36.9466
 2.0461	36.9370
 2.0453	36.9606
 2.0445	36.9740
 2.0437	36.7997
 2.0429	36.6755
 2.0421	36.5214
 2.0413	36.5450
 2.0405	36.5632
 2.0397	36.4821
 2.0389	36.2466
 2.0381	36.0465
 2.0373	35.9506
 2.0365	35.7514
 2.0357	35.5612
 2.0349	35.5664
 2.0341	35.6424
 2.0333	35.7925
 2.0325	35.3614
 2.0317	34.9417
 2.0309	35.1998
 2.0301	35.1614
 2.0293	35.0096
 2.0285	35.0739
 2.0277	35.0159
 2.0269	34.8751
 2.0261	34.6015
 2.0253	34.5767
 2.0245	34.6932
 2.0237	34.6088
 2.0229	34.4896
 2.0222	34.2586
 2.0214	34.0385
 2.0206	34.0001
 2.0198	34.0916
 2.0190	34.2962
 2.0182	34.0442
 2.0174	33.9483
 2.0167	34.0049
 2.0159	33.9287
 2.0151	33.8276
 2.0143	33.7661
 2.0135	33.7407
 2.0128	33.8160
 2.0120	33.8631
 2.0112	33.7069
 2.0104	33.5031
 2.0096	33.3746
 2.0088	33.3828
 2.0081	33.4167
 2.0073	33.4683
 2.0065	33.5227
 2.0057	33.5304
 2.0050	33.6219
 2.0042	33.4127
 2.0034	33.2622
 2.0026	33.3966
 2.0019	33.3168
 2.0011	33.3739
 2.0003	33.4473
