Name: Gypsum CaSO4 * 2H2O
Type: Mineral
Class: Sulfate
Subclass: None
Particle Size: Coarse
Sample No.: gypsumc
Owner: USGS
Wavelength Range: All
Origin: Mesquite playa, California
Collection Date: N/A
Description: Gypsum from Mesquite Playa, CASample was Unsieved coarse powder. Original ASTER Spectral Library name was usgs.perknic.mineral.sulfate.none.coarse.gypsumc.spectrum.txt
Measurement: Directional Hemispherical Reflectance
First Column: X
Second Column: Y
X Units: Wavelength (micrometers)
Y Units:Reflectance (percent)
First X Value: 13.9000
Last X Value:  0.4000
Number of X Values: 2752
Additional Information: none

13.9000	 1.1740
13.8630	 1.1230
13.8260	 1.2150
13.7900	 1.2150
13.7530	 1.3700
13.7170	 1.2770
13.6800	 1.3490
13.6440	 1.3180
13.6090	 1.3700
13.5730	 1.3700
13.5380	 1.4110
13.5020	 1.3600
13.4670	 1.4210
13.4320	 1.4210
13.3980	 1.4730
13.3630	 1.4730
13.3290	 1.5550
13.2950	 1.5350
13.2610	 1.5350
13.2270	 1.5140
13.1930	 1.5760
13.1600	 1.5140
13.1260	 1.5660
13.0930	 1.6170
13.0600	 1.7100
13.0270	 1.6480
12.9950	 1.6270
12.9620	 1.5550
12.9300	 1.7000
12.8980	 1.7300
12.8660	 1.7510
12.8340	 1.7300
12.8020	 1.8020
12.7710	 1.7720
12.7390	 1.7820
12.7080	 1.7200
12.6770	 1.7610
12.6460	 1.7820
12.6160	 1.8330
12.5850	 1.8230
12.5540	 1.8950
12.5240	 1.8640
12.4940	 1.8750
12.4640	 1.8230
12.4340	 1.8750
12.4040	 1.8640
12.3750	 1.8950
12.3450	 1.9360
12.3160	 2.0290
12.2870	 1.9670
12.2580	 1.9880
12.2290	 2.0190
12.2000	 2.0290
12.1710	 1.9670
12.1430	 2.0190
12.1150	 2.0390
12.0860	 2.0810
12.0580	 2.0090
12.0300	 2.0700
12.0020	 2.0600
11.9750	 2.1010
11.9470	 2.0810
11.9200	 2.1530
11.8920	 2.1220
11.8650	 2.1530
11.8380	 2.1320
11.8110	 2.2150
11.7840	 2.1630
11.7570	 2.1630
11.7310	 2.1420
11.7040	 2.1730
11.6780	 2.1420
11.6520	 2.2350
11.6260	 2.1940
11.6000	 2.2760
11.5740	 2.3170
11.5480	 2.3590
11.5220	 2.3170
11.4970	 2.3590
11.4710	 2.3900
11.4460	 2.4620
11.4210	 2.3900
11.3960	 2.3590
11.3710	 2.3070
11.3460	 2.3690
11.3210	 2.3480
11.2970	 2.4100
11.2720	 2.3900
11.2480	 2.4720
11.2230	 2.4210
11.1990	 2.4510
11.1750	 2.4820
11.1510	 2.5030
11.1270	 2.4210
11.1030	 2.4620
11.0790	 2.5030
11.0560	 2.5750
11.0320	 2.5230
11.0090	 2.5230
10.9850	 2.4720
10.9620	 2.5130
10.9390	 2.4820
10.9160	 2.5130
10.8930	 2.5130
10.8700	 2.5650
10.8480	 2.5750
10.8250	 2.6270
10.8020	 2.5960
10.7800	 2.5960
10.7580	 2.5850
10.7350	 2.6060
10.7130	 2.5340
10.6910	 2.5750
10.6690	 2.6060
10.6470	 2.6680
10.6250	 2.6780
10.6040	 2.6990
10.5820	 2.6990
10.5600	 2.7190
10.5390	 2.6990
10.5180	 2.7400
10.4960	 2.7190
10.4750	 2.7500
10.4540	 2.7600
10.4330	 2.7810
10.4120	 2.7400
10.3910	 2.8220
10.3700	 2.8220
10.3500	 2.8120
10.3290	 2.8020
10.3090	 2.8330
10.2880	 2.8430
10.2680	 2.9150
10.2470	 2.9050
10.2270	 2.9050
10.2070	 2.8430
10.1870	 2.8840
10.1670	 2.9250
10.1470	 2.9970
10.1270	 3.0080
10.1080	 3.0180
10.0880	 2.9870
10.0680	 3.0280
10.0490	 3.0590
10.0290	 3.1210
10.0100	 3.0690
 9.9910	 3.1210
 9.9720	 3.1110
 9.9520	 3.1310
 9.9330	 3.1110
 9.9140	 3.1830
 9.8950	 3.2860
 9.8770	 3.3480
 9.8580	 3.3270
 9.8390	 3.4090
 9.8210	 3.4400
 9.8020	 3.5020
 9.7830	 3.5330
 9.7650	 3.5740
 9.7470	 3.5840
 9.7280	 3.6260
 9.7100	 3.5640
 9.6920	 3.6460
 9.6740	 3.7180
 9.6560	 3.7900
 9.6380	 3.8010
 9.6200	 3.8420
 9.6020	 3.8420
 9.5850	 3.9450
 9.5670	 4.0270
 9.5490	 4.0990
 9.5320	 4.0690
 9.5140	 4.0690
 9.4970	 4.0690
 9.4790	 4.1820
 9.4620	 4.1920
 9.4450	 4.3050
 9.4280	 4.3470
 9.4110	 4.4290
 9.3940	 4.4600
 9.3770	 4.5420
 9.3600	 4.5830
 9.3430	 4.6970
 9.3260	 4.7900
 9.3090	 4.9230
 9.2930	 4.9650
 9.2760	 5.0880
 9.2590	 5.2020
 9.2430	 5.3460
 9.2260	 5.4690
 9.2100	 5.6650
 9.1940	 5.8300
 9.1780	 6.0870
 9.1610	 6.3140
 9.1450	 6.5610
 9.1290	 6.7880
 9.1130	 7.1590
 9.0970	 7.5290
 9.0810	 7.9100
 9.0650	 8.3330
 9.0490	 8.9090
 9.0340	 9.5580
 9.0180	10.4240
 9.0020	11.2170
 8.9870	12.0920
 8.9710	12.8650
 8.9560	13.6170
 8.9400	14.3070
 8.9250	14.9970
 8.9090	15.5430
 8.8940	16.0470
 8.8790	16.5420
 8.8640	17.1080
 8.8490	17.6440
 8.8340	18.2210
 8.8190	18.6950
 8.8040	19.1480
 8.7890	19.6110
 8.7740	20.1470
 8.7590	20.4970
 8.7440	20.8370
 8.7300	21.0940
 8.7150	21.2590
 8.7000	21.2900
 8.6860	21.2800
 8.6710	21.1870
 8.6570	21.0740
 8.6420	20.8580
 8.6280	20.6510
 8.6140	20.4250
 8.5990	20.2090
 8.5850	19.9610
 8.5710	19.7040
 8.5570	19.3330
 8.5430	18.8080
 8.5290	18.0460
 8.5150	17.1080
 8.5010	16.1090
 8.4870	15.2130
 8.4730	14.4300
 8.4590	13.7610
 8.4450	13.0710
 8.4310	12.4120
 8.4180	11.6080
 8.4040	10.8970
 8.3910	10.3100
 8.3770	 9.8470
 8.3630	 9.4140
 8.3500	 9.0740
 8.3370	 8.6930
 8.3230	 8.3530
 8.3100	 7.9100
 8.2970	 7.3440
 8.2830	 6.7160
 8.2700	 6.0980
 8.2570	 5.4590
 8.2440	 4.8100
 8.2310	 4.1610
 8.2180	 3.6770
 8.2050	 3.1930
 8.1920	 2.8020
 8.1790	 2.5030
 8.1660	 2.2150
 8.1530	 1.9260
 8.1400	 1.7610
 8.1280	 1.6270
 8.1150	 1.5350
 8.1020	 1.3700
 8.0900	 1.2770
 8.0770	 1.1950
 8.0640	 1.1330
 8.0520	 1.0300
 8.0390	 0.9890
 8.0270	 0.9370
 8.0150	 0.9060
 8.0020	 0.8140
 7.9900	 0.8140
 7.9780	 0.8140
 7.9650	 0.8030
 7.9530	 0.7620
 7.9410	 0.7420
 7.9290	 0.7210
 7.9170	 0.7420
 7.9050	 0.6800
 7.8930	 0.7210
 7.8810	 0.7110
 7.8690	 0.7210
 7.8570	 0.7110
 7.8450	 0.7110
 7.8330	 0.6800
 7.8210	 0.7110
 7.8090	 0.7000
 7.7980	 0.7420
 7.7860	 0.7930
 7.7740	 0.7930
 7.7630	 0.7310
 7.7510	 0.7830
 7.7390	 0.8140
 7.7280	 0.8450
 7.7160	 0.8550
 7.7050	 0.8450
 7.6940	 0.8030
 7.6820	 0.8550
 7.6710	 0.8650
 7.6590	 0.8960
 7.6480	 0.9170
 7.6370	 0.9480
 7.6260	 0.9480
 7.6140	 0.9790
 7.6030	 0.9990
 7.5920	 1.0090
 7.5810	 0.9680
 7.5700	 1.0300
 7.5590	 1.0090
 7.5480	 1.0200
 7.5370	 1.0510
 7.5260	 1.0810
 7.5150	 1.0710
 7.5040	 1.1120
 7.4930	 1.1120
 7.4830	 1.1330
 7.4720	 1.1540
 7.4610	 1.1850
 7.4500	 1.1850
 7.4400	 1.2150
 7.4290	 1.2260
 7.4180	 1.2980
 7.4080	 1.3390
 7.3970	 1.3080
 7.3870	 1.2980
 7.3760	 1.3600
 7.3660	 1.3600
 7.3550	 1.3800
 7.3450	 1.3800
 7.3340	 1.3800
 7.3240	 1.3910
 7.3140	 1.4730
 7.3030	 1.5240
 7.2930	 1.5550
 7.2830	 1.5140
 7.2730	 1.4940
 7.2630	 1.5450
 7.2520	 1.6170
 7.2420	 1.6070
 7.2320	 1.6380
 7.2220	 1.6270
 7.2120	 1.6380
 7.2020	 1.6170
 7.1920	 1.6580
 7.1820	 1.6890
 7.1720	 1.7510
 7.1620	 1.7410
 7.1520	 1.7100
 7.1430	 1.7300
 7.1330	 1.7820
 7.1230	 1.7510
 7.1130	 1.7300
 7.1030	 1.7100
 7.0940	 1.7410
 7.0840	 1.7820
 7.0740	 1.8020
 7.0650	 1.7820
 7.0550	 1.8230
 7.0460	 1.8440
 7.0360	 1.9050
 7.0260	 1.9470
 7.0170	 1.9880
 7.0070	 1.9780
 6.9980	 1.9780
 6.9890	 1.9780
 6.9790	 1.9670
 6.9700	 1.9780
 6.9600	 1.9780
 6.9510	 1.9470
 6.9420	 1.9980
 6.9320	 2.0190
 6.9230	 2.0290
 6.9140	 2.0090
 6.9050	 2.0390
 6.8960	 2.0390
 6.8860	 2.0190
 6.8770	 2.0090
 6.8680	 2.0390
 6.8590	 2.0190
 6.8500	 2.0600
 6.8410	 2.1010
 6.8320	 2.1420
 6.8230	 2.1420
 6.8140	 2.1420
 6.8050	 2.1320
 6.7960	 2.1530
 6.7870	 2.1220
 6.7780	 2.1220
 6.7700	 2.1220
 6.7610	 2.1530
 6.7520	 2.1730
 6.7430	 2.2040
 6.7340	 2.2250
 6.7260	 2.2560
 6.7170	 2.2760
 6.7080	 2.2760
 6.7000	 2.2660
 6.6910	 2.2760
 6.6820	 2.2660
 6.6740	 2.2760
 6.6650	 2.2970
 6.6570	 2.3170
 6.6480	 2.3170
 6.6400	 2.3590
 6.6310	 2.3480
 6.6230	 2.3690
 6.6140	 2.3280
 6.6060	 2.3380
 6.5970	 2.3480
 6.5890	 2.3170
 6.5810	 2.3070
 6.5720	 2.3170
 6.5640	 2.3280
 6.5560	 2.3590
 6.5470	 2.3380
 6.5390	 2.3590
 6.5310	 2.3280
 6.5230	 2.3480
 6.5140	 2.3380
 6.5060	 2.3280
 6.4980	 2.3480
 6.4900	 2.3480
 6.4820	 2.3380
 6.4740	 2.3170
 6.4660	 2.3070
 6.4580	 2.3380
 6.4500	 2.3280
 6.4420	 2.3280
 6.4340	 2.3070
 6.4260	 2.3280
 6.4180	 2.3280
 6.4100	 2.3280
 6.4020	 2.3070
 6.3940	 2.3280
 6.3860	 2.3380
 6.3780	 2.3590
 6.3700	 2.3280
 6.3630	 2.3170
 6.3550	 2.2760
 6.3470	 2.2870
 6.3390	 2.2760
 6.3320	 2.2450
 6.3240	 2.2560
 6.3160	 2.2970
 6.3080	 2.2970
 6.3010	 2.2970
 6.2930	 2.2450
 6.2860	 2.2560
 6.2780	 2.2760
 6.2700	 2.2970
 6.2630	 2.2760
 6.2550	 2.2660
 6.2480	 2.2760
 6.2400	 2.3170
 6.2330	 2.3170
 6.2250	 2.3280
 6.2180	 2.3170
 6.2100	 2.3900
 6.2030	 2.4930
 6.1950	 2.6060
 6.1880	 2.6990
 6.1810	 2.8740
 6.1730	 3.0800
 6.1660	 3.2140
 6.1590	 3.2030
 6.1510	 2.9560
 6.1440	 2.5440
 6.1370	 2.1420
 6.1300	 1.7720
 6.1220	 1.5140
 6.1150	 1.3600
 6.1080	 1.2980
 6.1010	 1.2770
 6.0940	 1.3290
 6.0860	 1.3490
 6.0790	 1.4010
 6.0720	 1.4320
 6.0650	 1.4520
 6.0580	 1.4730
 6.0510	 1.5350
 6.0440	 1.5970
 6.0370	 1.5970
 6.0300	 1.5860
 6.0230	 1.6270
 6.0160	 1.6480
 6.0090	 1.6690
 6.0020	 1.6790
 5.9950	 1.6890
 5.9880	 1.6480
 5.9810	 1.6580
 5.9740	 1.6790
 5.9670	 1.6580
 5.9600	 1.6270
 5.9540	 1.6380
 5.9470	 1.6270
 5.9400	 1.5970
 5.9330	 1.5450
 5.9260	 1.5550
 5.9200	 1.5860
 5.9130	 1.6480
 5.9060	 1.6790
 5.8990	 1.7510
 5.8930	 1.8130
 5.8860	 1.8540
 5.8790	 1.8750
 5.8730	 1.9570
 5.8660	 2.0190
 5.8590	 2.0390
 5.8530	 2.1110
 5.8460	 2.1940
 5.8400	 2.2350
 5.8330	 2.2450
 5.8270	 2.2560
 5.8200	 2.2970
 5.8130	 2.3380
 5.8070	 2.3790
 5.8000	 2.4210
 5.7940	 2.4310
 5.7880	 2.4410
 5.7810	 2.4720
 5.7750	 2.4820
 5.7680	 2.5030
 5.7620	 2.5340
 5.7550	 2.6270
 5.7490	 2.6570
 5.7430	 2.6680
 5.7360	 2.7090
 5.7300	 2.7500
 5.7240	 2.7810
 5.7170	 2.8120
 5.7110	 2.8330
 5.7050	 2.8740
 5.6980	 2.9050
 5.6920	 2.9460
 5.6860	 2.9970
 5.6800	 3.0900
 5.6740	 3.1000
 5.6670	 3.1210
 5.6610	 3.1310
 5.6550	 3.1620
 5.6490	 3.1620
 5.6430	 3.2030
 5.6370	 3.2550
 5.6300	 3.2860
 5.6240	 3.2960
 5.6180	 3.3480
 5.6120	 3.3780
 5.6060	 3.4200
 5.6000	 3.4300
 5.5940	 3.4610
 5.5880	 3.5120
 5.5820	 3.5640
 5.5760	 3.5540
 5.5700	 3.5840
 5.5640	 3.6050
 5.5580	 3.6360
 5.5520	 3.6670
 5.5460	 3.6870
 5.5400	 3.7390
 5.5340	 3.8010
 5.5280	 3.8730
 5.5230	 3.9550
 5.5170	 3.9860
 5.5110	 4.0480
 5.5050	 4.1200
 5.4990	 4.1610
 5.4930	 4.2130
 5.4870	 4.2440
 5.4820	 4.3050
 5.4760	 4.3780
 5.4700	 4.4390
 5.4640	 4.5110
 5.4590	 4.5730
 5.4530	 4.6450
 5.4470	 4.7070
 5.4410	 4.7590
 5.4360	 4.7790
 5.4300	 4.8200
 5.4240	 4.8310
 5.4190	 4.8410
 5.4130	 4.8620
 5.4070	 4.9230
 5.4020	 4.9850
 5.3960	 4.9950
 5.3900	 5.0060
 5.3850	 5.0260
 5.3790	 5.0470
 5.3740	 5.0780
 5.3680	 5.0880
 5.3630	 5.0980
 5.3570	 5.0780
 5.3520	 5.0780
 5.3460	 5.1190
 5.3410	 5.1810
 5.3350	 5.2120
 5.3300	 5.2020
 5.3240	 5.1910
 5.3190	 5.2530
 5.3130	 5.2840
 5.3080	 5.2840
 5.3020	 5.3040
 5.2970	 5.3350
 5.2910	 5.3350
 5.2860	 5.3460
 5.2810	 5.3870
 5.2750	 5.4180
 5.2700	 5.4180
 5.2650	 5.4590
 5.2590	 5.5310
 5.2540	 5.5410
 5.2490	 5.5410
 5.2430	 5.5620
 5.2380	 5.5720
 5.2330	 5.5930
 5.2270	 5.6340
 5.2220	 5.6340
 5.2170	 5.6140
 5.2120	 5.6140
 5.2060	 5.6140
 5.2010	 5.6240
 5.1960	 5.6140
 5.1910	 5.6240
 5.1860	 5.5930
 5.1800	 5.5410
 5.1750	 5.5410
 5.1700	 5.5410
 5.1650	 5.5520
 5.1600	 5.5310
 5.1550	 5.5000
 5.1500	 5.4800
 5.1450	 5.4690
 5.1390	 5.4900
 5.1340	 5.4690
 5.1290	 5.4380
 5.1240	 5.4180
 5.1190	 5.3970
 5.1140	 5.3770
 5.1090	 5.3970
 5.1040	 5.3970
 5.0990	 5.3770
 5.0940	 5.3660
 5.0890	 5.3660
 5.0840	 5.3770
 5.0790	 5.3560
 5.0740	 5.3460
 5.0690	 5.2940
 5.0640	 5.2740
 5.0590	 5.2840
 5.0540	 5.2940
 5.0490	 5.2940
 5.0440	 5.2840
 5.0400	 5.2940
 5.0350	 5.3150
 5.0300	 5.3250
 5.0250	 5.3250
 5.0200	 5.3250
 5.0150	 5.3250
 5.0100	 5.3150
 5.0050	 5.3040
 5.0010	 5.3040
 4.9960	 5.3150
 4.9910	 5.3040
 4.9860	 5.2530
 4.9810	 5.1910
 4.9770	 5.1600
 4.9720	 5.1290
 4.9670	 5.1290
 4.9620	 5.1710
 4.9580	 5.2020
 4.9530	 5.2320
 4.9480	 5.2430
 4.9430	 5.2530
 4.9390	 5.2320
 4.9340	 5.2320
 4.9290	 5.2220
 4.9250	 5.1810
 4.9200	 5.1290
 4.9150	 5.1400
 4.9110	 5.1500
 4.9060	 5.1400
 4.9010	 5.0680
 4.8970	 5.0060
 4.8920	 4.9750
 4.8880	 4.9540
 4.8830	 4.8820
 4.8780	 4.8510
 4.8740	 4.8510
 4.8690	 4.8510
 4.8650	 4.8100
 4.8600	 4.7790
 4.8560	 4.7280
 4.8510	 4.6760
 4.8460	 4.6350
 4.8420	 4.5940
 4.8370	 4.5830
 4.8330	 4.5530
 4.8280	 4.4910
 4.8240	 4.4390
 4.8190	 4.3780
 4.8150	 4.3670
 4.8100	 4.3360
 4.8060	 4.2440
 4.8020	 4.1510
 4.7970	 4.0790
 4.7930	 4.0070
 4.7880	 3.8930
 4.7840	 3.7900
 4.7790	 3.7180
 4.7750	 3.6150
 4.7710	 3.5230
 4.7660	 3.4090
 4.7620	 3.2860
 4.7580	 3.1930
 4.7530	 3.1310
 4.7490	 3.0380
 4.7440	 2.9360
 4.7400	 2.8940
 4.7360	 2.8220
 4.7310	 2.7400
 4.7270	 2.7090
 4.7230	 2.7190
 4.7190	 2.6990
 4.7140	 2.6880
 4.7100	 2.7090
 4.7060	 2.6780
 4.7010	 2.6880
 4.6970	 2.7190
 4.6930	 2.7090
 4.6890	 2.7400
 4.6840	 2.7710
 4.6800	 2.7600
 4.6760	 2.7400
 4.6720	 2.7500
 4.6680	 2.7810
 4.6630	 2.8020
 4.6590	 2.8120
 4.6550	 2.8220
 4.6510	 2.8630
 4.6470	 2.9150
 4.6430	 2.9360
 4.6380	 2.9150
 4.6340	 2.9150
 4.6300	 2.9050
 4.6260	 2.9360
 4.6220	 2.9250
 4.6180	 2.9560
 4.6140	 2.9460
 4.6100	 2.9250
 4.6050	 2.9360
 4.6010	 2.8740
 4.5970	 2.8220
 4.5930	 2.8120
 4.5890	 2.7600
 4.5850	 2.7400
 4.5810	 2.7600
 4.5770	 2.7290
 4.5730	 2.6990
 4.5690	 2.6880
 4.5650	 2.6780
 4.5610	 2.6570
 4.5570	 2.6270
 4.5530	 2.5960
 4.5490	 2.5030
 4.5450	 2.4510
 4.5410	 2.4720
 4.5370	 2.5030
 4.5330	 2.5750
 4.5290	 2.5750
 4.5250	 2.5960
 4.5210	 2.5750
 4.5170	 2.5230
 4.5130	 2.5440
 4.5090	 2.5440
 4.5050	 2.5230
 4.5020	 2.5030
 4.4980	 2.5030
 4.4940	 2.5650
 4.4900	 2.5340
 4.4860	 2.5130
 4.4820	 2.5340
 4.4780	 2.5340
 4.4740	 2.5440
 4.4700	 2.5130
 4.4670	 2.4510
 4.4630	 2.4820
 4.4590	 2.5130
 4.4550	 2.5440
 4.4510	 2.5850
 4.4470	 2.5650
 4.4440	 2.5540
 4.4400	 2.6060
 4.4360	 2.5960
 4.4320	 2.5960
 4.4280	 2.6370
 4.4250	 2.6780
 4.4210	 2.6780
 4.4170	 2.7190
 4.4130	 2.7500
 4.4100	 2.7710
 4.4060	 2.7910
 4.4020	 2.8220
 4.3980	 2.8630
 4.3950	 2.8840
 4.3910	 2.8940
 4.3870	 2.9250
 4.3840	 2.9250
 4.3800	 2.9560
 4.3760	 2.9770
 4.3720	 2.9560
 4.3690	 2.9770
 4.3650	 3.0380
 4.3610	 3.0380
 4.3580	 3.0490
 4.3540	 3.0590
 4.3500	 3.1210
 4.3470	 3.1620
 4.3430	 3.2030
 4.3400	 3.2340
 4.3360	 3.2650
 4.3320	 3.2750
 4.3290	 3.3480
 4.3250	 3.3890
 4.3210	 3.3890
 4.3180	 3.4300
 4.3140	 3.5020
 4.3110	 3.5740
 4.3070	 3.6460
 4.3040	 3.7290
 4.3000	 3.8010
 4.2960	 3.8420
 4.2930	 3.9240
 4.2890	 3.9960
 4.2860	 4.0380
 4.2820	 4.0270
 4.2790	 4.1300
 4.2750	 4.3050
 4.2720	 4.3880
 4.2680	 4.4080
 4.2650	 4.4810
 4.2610	 4.5320
 4.2580	 4.5730
 4.2540	 4.6450
 4.2510	 4.7280
 4.2470	 4.7790
 4.2440	 4.8410
 4.2400	 4.9230
 4.2370	 4.9750
 4.2330	 5.0370
 4.2300	 5.1400
 4.2260	 5.2530
 4.2230	 5.3560
 4.2190	 5.3970
 4.2160	 5.4590
 4.2130	 5.5210
 4.2090	 5.5520
 4.2060	 5.6240
 4.2020	 5.7270
 4.1990	 5.7990
 4.1960	 5.8610
 4.1920	 5.9020
 4.1890	 5.9950
 4.1850	 6.0980
 4.1820	 6.1180
 4.1790	 6.1700
 4.1750	 6.2420
 4.1720	 6.2930
 4.1690	 6.4380
 4.1650	 6.4680
 4.1620	 6.5200
 4.1590	 6.6130
 4.1550	 6.6740
 4.1520	 6.7670
 4.1490	 6.8800
 4.1450	 6.9320
 4.1420	 6.9830
 4.1390	 6.9940
 4.1350	 7.0350
 4.1320	 7.1480
 4.1290	 7.2200
 4.1260	 7.3130
 4.1220	 7.4060
 4.1190	 7.4680
 4.1160	 7.5190
 4.1120	 7.5400
 4.1090	 7.5910
 4.1060	 7.6730
 4.1030	 7.8280
 4.0990	 7.9620
 4.0960	 8.0440
 4.0930	 8.0650
 4.0900	 8.0960
 4.0860	 8.1580
 4.0830	 8.2710
 4.0800	 8.3220
 4.0770	 8.4150
 4.0740	 8.5390
 4.0700	 8.6620
 4.0670	 8.6830
 4.0640	 8.7240
 4.0610	 8.8480
 4.0580	 8.9610
 4.0550	 9.0330
 4.0510	 9.0950
 4.0480	 9.1570
 4.0450	 9.2700
 4.0420	 9.3730
 4.0390	 9.4860
 4.0360	 9.5580
 4.0320	 9.6000
 4.0290	 9.6920
 4.0260	 9.7540
 4.0230	 9.8060
 4.0200	 9.8780
 4.0170	 9.9400
 4.0140	10.0320
 4.0110	10.1250
 4.0080	10.1970
 4.0040	10.1760
 4.0010	10.1660
 3.9980	10.1760
 3.9950	10.2280
 3.9920	10.2480
 3.9890	10.2790
 3.9860	10.2280
 3.9830	10.0840
 3.9800	 9.9090
 3.9770	 9.7750
 3.9740	 9.7230
 3.9710	 9.6720
 3.9680	 9.7750
 3.9650	10.1150
 3.9620	10.2900
 3.9590	10.3510
 3.9560	10.5060
 3.9530	10.7120
 3.9500	10.8770
 3.9470	11.0420
 3.9440	11.1140
 3.9410	11.1960
 3.9380	11.3300
 3.9350	11.3820
 3.9320	11.5050
 3.9290	11.6600
 3.9260	11.6800
 3.9230	11.7110
 3.9200	11.7730
 3.9170	11.9270
 3.9140	11.9990
 3.9110	12.0510
 3.9080	12.1230
 3.9050	12.1950
 3.9020	12.2360
 3.8990	12.2980
 3.8960	12.3500
 3.8930	12.4420
 3.8900	12.4010
 3.8870	12.3090
 3.8840	12.2160
 3.8820	12.1750
 3.8790	12.0100
 3.8760	11.8240
 3.8730	11.7320
 3.8700	11.7630
 3.8670	11.9690
 3.8640	12.2570
 3.8610	12.4320
 3.8580	12.5870
 3.8560	12.7820
 3.8530	12.9880
 3.8500	13.0300
 3.8470	13.0600
 3.8440	13.0910
 3.8410	13.1220
 3.8380	13.1740
 3.8360	13.1940
 3.8330	13.1630
 3.8300	13.2150
 3.8270	13.2250
 3.8240	13.2360
 3.8220	13.2560
 3.8190	13.3080
 3.8160	13.3590
 3.8130	13.3080
 3.8100	13.2150
 3.8070	13.2250
 3.8050	13.2050
 3.8020	13.1840
 3.7990	13.2050
 3.7960	13.2250
 3.7940	13.2150
 3.7910	13.2150
 3.7880	13.2360
 3.7850	13.2770
 3.7820	13.2360
 3.7800	13.2660
 3.7770	13.3280
 3.7740	13.3590
 3.7710	13.3590
 3.7690	13.3380
 3.7660	13.2970
 3.7630	13.3590
 3.7610	13.4000
 3.7580	13.3490
 3.7550	13.3380
 3.7520	13.3690
 3.7500	13.3180
 3.7470	13.2460
 3.7440	13.2560
 3.7420	13.2970
 3.7390	13.2560
 3.7360	13.2360
 3.7330	13.1940
 3.7310	13.1840
 3.7280	13.1940
 3.7250	13.2050
 3.7230	13.1330
 3.7200	13.1120
 3.7170	13.1530
 3.7150	13.1740
 3.7120	13.1430
 3.7090	13.1530
 3.7070	13.1220
 3.7040	13.1120
 3.7020	13.1220
 3.6990	13.1330
 3.6960	13.0710
 3.6940	12.9880
 3.6910	12.9680
 3.6880	12.9680
 3.6860	12.8850
 3.6830	12.8130
 3.6800	12.7820
 3.6780	12.7620
 3.6750	12.7200
 3.6730	12.6790
 3.6700	12.6480
 3.6670	12.6170
 3.6650	12.5350
 3.6620	12.5350
 3.6600	12.5140
 3.6570	12.3700
 3.6550	12.2260
 3.6520	12.2360
 3.6490	12.2360
 3.6470	12.1440
 3.6440	12.0410
 3.6420	11.9480
 3.6390	11.8660
 3.6370	11.8550
 3.6340	11.7730
 3.6320	11.7010
 3.6290	11.6180
 3.6260	11.5980
 3.6240	11.5670
 3.6210	11.5880
 3.6190	11.4950
 3.6160	11.3610
 3.6140	11.2780
 3.6110	11.2060
 3.6090	11.1030
 3.6060	11.0930
 3.6040	11.0310
 3.6010	10.9390
 3.5990	10.9080
 3.5960	10.8670
 3.5940	10.7330
 3.5910	10.6610
 3.5890	10.6300
 3.5860	10.5680
 3.5840	10.4240
 3.5810	10.3720
 3.5790	10.3510
 3.5760	10.3620
 3.5740	10.3410
 3.5710	10.3000
 3.5690	10.1970
 3.5670	10.1150
 3.5640	10.0120
 3.5620	 9.9400
 3.5590	 9.8980
 3.5570	 9.8880
 3.5540	 9.8470
 3.5520	 9.8160
 3.5490	 9.7640
 3.5470	 9.7540
 3.5450	 9.7540
 3.5420	 9.6920
 3.5400	 9.5890
 3.5370	 9.5380
 3.5350	 9.5580
 3.5330	 9.5380
 3.5300	 9.4450
 3.5280	 9.4350
 3.5250	 9.4250
 3.5230	 9.3420
 3.5210	 9.2700
 3.5180	 9.2290
 3.5160	 9.1260
 3.5130	 9.0950
 3.5110	 9.0540
 3.5090	 8.9400
 3.5060	 8.8270
 3.5040	 8.8060
 3.5020	 8.8060
 3.4990	 8.7760
 3.4970	 8.6310
 3.4940	 8.6010
 3.4920	 8.5700
 3.4900	 8.5180
 3.4870	 8.4980
 3.4850	 8.4870
 3.4830	 8.4050
 3.4800	 8.4250
 3.4780	 8.4360
 3.4760	 8.3740
 3.4730	 8.2710
 3.4710	 8.2500
 3.4690	 8.2300
 3.4660	 8.2190
 3.4640	 8.1580
 3.4620	 8.0440
 3.4600	 7.9520
 3.4570	 7.9520
 3.4550	 7.9100
 3.4530	 7.8590
 3.4500	 7.8380
 3.4480	 7.8180
 3.4460	 7.7660
 3.4430	 7.7150
 3.4410	 7.6430
 3.4390	 7.6120
 3.4370	 7.5500
 3.4340	 7.4880
 3.4320	 7.4060
 3.4300	 7.3540
 3.4280	 7.2920
 3.4250	 7.2410
 3.4230	 7.2310
 3.4210	 7.2310
 3.4180	 7.1480
 3.4160	 7.0970
 3.4140	 7.1280
 3.4120	 7.1690
 3.4090	 7.1280
 3.4070	 7.0040
 3.4050	 6.9010
 3.4030	 6.8700
 3.4010	 6.8490
 3.3980	 6.8700
 3.3960	 6.8910
 3.3940	 6.8910
 3.3920	 6.8800
 3.3890	 6.8490
 3.3870	 6.7260
 3.3850	 6.6640
 3.3830	 6.6440
 3.3810	 6.6330
 3.3780	 6.5200
 3.3760	 6.4580
 3.3740	 6.4070
 3.3720	 6.3860
 3.3700	 6.3350
 3.3670	 6.3140
 3.3650	 6.2730
 3.3630	 6.2420
 3.3610	 6.2110
 3.3590	 6.1590
 3.3570	 6.0870
 3.3540	 6.0770
 3.3520	 6.0980
 3.3500	 6.0870
 3.3480	 5.9740
 3.3460	 5.9950
 3.3440	 6.0150
 3.3410	 5.9530
 3.3390	 5.8920
 3.3370	 5.9120
 3.3350	 5.8090
 3.3330	 5.7270
 3.3310	 5.7060
 3.3290	 5.6550
 3.3260	 5.6240
 3.3240	 5.6650
 3.3220	 5.6030
 3.3200	 5.5520
 3.3180	 5.5210
 3.3160	 5.4590
 3.3140	 5.4280
 3.3120	 5.3970
 3.3090	 5.3970
 3.3070	 5.3770
 3.3050	 5.2530
 3.3030	 5.2430
 3.3010	 5.2430
 3.2990	 5.2430
 3.2970	 5.1810
 3.2950	 5.0980
 3.2930	 5.0570
 3.2910	 5.0260
 3.2880	 4.9750
 3.2860	 4.8930
 3.2840	 4.8410
 3.2820	 4.8510
 3.2800	 4.8410
 3.2780	 4.8510
 3.2760	 4.8100
 3.2740	 4.8100
 3.2720	 4.7900
 3.2700	 4.7280
 3.2680	 4.6660
 3.2660	 4.6450
 3.2640	 4.5940
 3.2620	 4.5940
 3.2590	 4.5320
 3.2570	 4.5110
 3.2550	 4.4600
 3.2530	 4.4190
 3.2510	 4.3780
 3.2490	 4.4390
 3.2470	 4.4600
 3.2450	 4.4390
 3.2430	 4.3880
 3.2410	 4.3470
 3.2390	 4.2850
 3.2370	 4.2740
 3.2350	 4.2230
 3.2330	 4.1920
 3.2310	 4.1710
 3.2290	 4.1820
 3.2270	 4.1510
 3.2250	 4.1710
 3.2230	 4.1100
 3.2210	 4.1200
 3.2190	 4.0790
 3.2170	 3.9860
 3.2150	 3.9040
 3.2130	 3.9350
 3.2110	 3.9660
 3.2090	 3.9660
 3.2070	 3.9450
 3.2050	 3.9140
 3.2030	 3.9240
 3.2010	 3.9140
 3.1990	 3.8320
 3.1970	 3.7900
 3.1950	 3.7490
 3.1930	 3.7080
 3.1910	 3.6460
 3.1890	 3.6770
 3.1870	 3.7080
 3.1850	 3.6870
 3.1830	 3.6150
 3.1820	 3.5950
 3.1800	 3.6150
 3.1780	 3.6670
 3.1760	 3.5740
 3.1740	 3.5640
 3.1720	 3.5640
 3.1700	 3.5430
 3.1680	 3.4500
 3.1660	 3.3990
 3.1640	 3.3780
 3.1620	 3.3780
 3.1600	 3.3680
 3.1580	 3.3170
 3.1560	 3.1930
 3.1540	 3.1830
 3.1520	 3.1830
 3.1510	 3.1620
 3.1490	 3.1420
 3.1470	 3.2140
 3.1450	 3.2440
 3.1430	 3.2030
 3.1410	 3.1000
 3.1390	 3.0490
 3.1370	 2.9970
 3.1350	 3.0690
 3.1330	 3.0590
 3.1320	 3.0380
 3.1300	 3.0280
 3.1280	 3.0380
 3.1260	 2.9770
 3.1240	 2.9150
 3.1220	 2.8630
 3.1200	 2.9050
 3.1180	 2.9150
 3.1170	 3.0080
 3.1150	 2.9870
 3.1130	 2.8940
 3.1110	 2.8530
 3.1090	 2.8740
 3.1070	 2.8740
 3.1050	 2.8330
 3.1030	 2.8020
 3.1020	 2.8430
 3.1000	 2.8530
 3.0980	 2.8430
 3.0960	 2.7810
 3.0940	 2.7710
 3.0920	 2.7810
 3.0910	 2.8220
 3.0890	 2.8120
 3.0870	 2.7400
 3.0850	 2.5650
 3.0830	 2.4820
 3.0810	 2.4510
 3.0790	 2.5030
 3.0780	 2.5030
 3.0760	 2.5130
 3.0740	 2.5540
 3.0720	 2.6060
 3.0700	 2.6060
 3.0690	 2.5750
 3.0670	 2.5130
 3.0650	 2.4930
 3.0630	 2.5230
 3.0610	 2.5030
 3.0600	 2.4510
 3.0580	 2.4720
 3.0560	 2.4720
 3.0540	 2.5230
 3.0520	 2.5540
 3.0510	 2.6270
 3.0490	 2.5850
 3.0470	 2.5130
 3.0450	 2.4720
 3.0430	 2.5540
 3.0420	 2.5850
 3.0400	 2.5340
 3.0380	 2.4930
 3.0360	 2.5440
 3.0340	 2.4820
 3.0330	 2.4100
 3.0310	 2.4000
 3.0290	 2.5030
 3.0270	 2.5750
 3.0260	 2.6470
 3.0240	 2.6570
 3.0220	 2.6060
 3.0200	 2.5340
 3.0190	 2.5230
 3.0170	 2.4930
 3.0150	 2.5540
 3.0130	 2.5850
 3.0120	 2.5440
 3.0100	 2.5130
 3.0080	 2.5750
 3.0060	 2.6060
 3.0050	 2.6470
 3.0030	 2.5960
 3.0010	 2.5960
 2.9990	 2.5540
 2.9980	 2.5130
 2.9960	 2.4930
 2.9940	 2.5230
 2.9920	 2.4820
 2.9910	 2.5540
 2.9890	 2.6570
 2.9870	 2.6570
 2.9860	 2.5230
 2.9840	 2.5130
 2.9820	 2.5540
 2.9800	 2.6990
 2.9790	 2.6370
 2.9770	 2.5750
 2.9750	 2.5850
 2.9740	 2.7190
 2.9720	 2.7710
 2.9700	 2.7710
 2.9680	 2.7500
 2.9670	 2.8220
 2.9650	 2.8220
 2.9630	 2.9050
 2.9620	 3.0280
 2.9600	 3.1000
 2.9580	 3.0490
 2.9570	 3.1110
 2.9550	 3.2340
 2.9530	 3.3480
 2.9520	 3.2860
 2.9500	 3.3060
 2.9480	 3.4920
 2.9470	 3.7290
 2.9450	 3.8210
 2.9430	 3.8620
 2.9420	 3.8110
 2.9400	 3.8320
 2.9380	 3.9760
 2.9370	 4.0790
 2.9350	 4.1200
 2.9330	 4.1300
 2.9320	 4.0990
 2.9300	 4.1100
 2.9280	 3.9760
 2.9270	 3.8830
 2.9250	 3.8320
 2.9230	 3.6050
 2.9220	 3.4090
 2.9200	 3.3680
 2.9180	 3.1520
 2.9170	 2.9360
 2.9150	 2.7190
 2.9130	 2.5540
 2.9120	 2.3690
 2.9100	 2.1530
 2.9090	 2.0190
 2.9070	 2.0290
 2.9050	 1.9880
 2.9040	 1.9980
 2.9020	 1.9670
 2.9000	 1.8130
 2.8990	 1.6890
 2.8970	 1.7300
 2.8960	 1.5660
 2.8940	 1.5350
 2.8920	 1.6380
 2.8910	 1.6070
 2.8890	 1.4110
 2.8870	 1.4110
 2.8860	 1.4520
 2.8840	 1.5350
 2.8830	 1.3490
 2.8810	 1.2570
 2.8790	 1.4420
 2.8780	 1.5550
 2.8760	 1.5450
 2.8750	 1.5660
 2.8730	 1.5760
 2.8710	 1.5450
 2.8700	 1.3910
 2.8680	 1.3390
 2.8670	 1.3290
 2.8650	 1.3700
 2.8640	 1.3080
 2.8620	 1.3700
 2.8600	 1.4210
 2.8590	 1.5140
 2.8570	 1.6170
 2.8560	 1.7300
 2.8540	 1.6380
 2.8530	 1.5550
 2.8510	 1.4010
 2.8490	 1.3800
 2.8480	 1.3800
 2.8460	 1.4520
 2.8450	 1.4940
 2.8430	 1.6580
 2.8420	 1.6580
 2.8400	 1.7100
 2.8380	 1.7300
 2.8370	 1.7200
 2.8350	 1.7610
 2.8340	 1.8850
 2.8320	 1.8850
 2.8310	 1.7300
 2.8290	 1.6790
 2.8280	 1.7920
 2.8260	 1.9470
 2.8250	 1.9570
 2.8230	 1.8230
 2.8210	 1.8440
 2.8200	 1.8640
 2.8180	 1.9980
 2.8170	 1.9260
 2.8150	 1.8330
 2.8140	 1.8540
 2.8120	 1.9050
 2.8110	 1.7610
 2.8090	 1.6070
 2.8080	 1.4830
 2.8060	 1.5660
 2.8050	 1.5660
 2.8030	 1.5860
 2.8020	 1.6070
 2.8000	 1.6790
 2.7990	 1.6480
 2.7970	 1.6580
 2.7960	 1.5550
 2.7940	 1.5860
 2.7930	 1.7610
 2.7910	 1.7820
 2.7900	 1.6580
 2.7880	 1.6270
 2.7870	 1.5550
 2.7850	 1.6580
 2.7840	 1.6270
 2.7820	 1.6480
 2.7810	 1.6380
 2.7790	 1.5450
 2.7780	 1.4830
 2.7760	 1.5860
 2.7750	 1.5450
 2.7730	 1.5450
 2.7720	 1.5550
 2.7700	 1.6070
 2.7690	 1.6070
 2.7670	 1.5860
 2.7660	 1.6070
 2.7640	 1.7920
 2.7630	 1.8540
 2.7610	 1.8750
 2.7600	 1.8020
 2.7580	 1.8750
 2.7570	 1.9470
 2.7560	 1.8440
 2.7540	 1.8130
 2.7530	 1.9050
 2.7510	 1.9360
 2.7500	 2.0090
 2.7480	 1.8750
 2.7470	 1.9260
 2.7450	 2.0190
 2.7440	 2.0700
 2.7420	 2.2250
 2.7410	 2.4620
 2.7400	 2.4000
 2.7380	 2.2450
 2.7370	 2.2660
 2.7350	 2.3590
 2.7340	 2.3690
 2.7320	 2.3590
 2.7310	 2.3480
 2.7290	 2.4930
 2.7280	 2.5850
 2.7270	 2.6270
 2.7250	 2.5130
 2.7240	 2.4820
 2.7220	 2.5960
 2.7210	 2.7500
 2.7190	 2.6780
 2.7180	 2.6470
 2.7170	 2.7810
 2.7150	 2.8530
 2.7140	 2.8630
 2.7120	 2.9770
 2.7110	 3.0080
 2.7090	 3.0590
 2.7080	 3.0590
 2.7070	 3.1720
 2.7050	 3.2550
 2.7040	 3.3060
 2.7020	 3.2650
 2.7010	 3.3580
 2.7000	 3.5330
 2.6980	 3.6150
 2.6970	 3.4610
 2.6950	 3.5840
 2.6940	 3.6980
 2.6930	 3.8010
 2.6910	 3.8830
 2.6900	 3.9960
 2.6880	 3.9450
 2.6870	 3.9860
 2.6860	 4.1300
 2.6840	 4.3050
 2.6830	 4.2330
 2.6810	 4.1710
 2.6800	 4.1200
 2.6790	 4.4080
 2.6770	 4.4600
 2.6760	 4.4290
 2.6750	 4.5630
 2.6730	 4.7280
 2.6720	 4.6760
 2.6700	 4.7280
 2.6690	 4.8100
 2.6680	 4.8000
 2.6660	 4.8000
 2.6650	 4.9230
 2.6640	 4.9130
 2.6620	 4.9030
 2.6610	 4.7480
 2.6590	 4.8820
 2.6580	 5.1190
 2.6570	 5.2630
 2.6550	 5.1810
 2.6540	 5.1090
 2.6530	 5.2320
 2.6510	 5.4690
 2.6500	 5.4490
 2.6490	 5.5410
 2.6470	 5.4690
 2.6460	 5.4380
 2.6450	 5.5830
 2.6430	 5.7890
 2.6420	 5.8300
 2.6400	 5.7680
 2.6390	 5.5830
 2.6380	 5.5000
 2.6360	 5.5720
 2.6350	 5.7270
 2.6340	 5.8190
 2.6320	 5.9950
 2.6310	 5.9950
 2.6300	 5.7270
 2.6280	 5.6960
 2.6270	 5.7890
 2.6260	 5.7990
 2.6240	 5.8920
 2.6230	 5.7990
 2.6220	 5.9020
 2.6200	 5.9230
 2.6190	 5.8920
 2.6180	 5.7890
 2.6170	 5.8710
 2.6150	 5.9840
 2.6140	 6.0980
 2.6130	 6.1280
 2.6110	 5.9950
 2.6100	 6.0260
 2.6090	 6.0360
 2.6070	 6.0150
 2.6060	 6.0560
 2.6050	 5.9840
 2.6030	 5.9950
 2.6020	 6.0050
 2.6010	 6.0670
 2.5990	 6.1180
 2.5980	 6.1800
 2.5970	 6.0980
 2.5960	 5.9740
 2.5940	 6.0360
 2.5930	 6.0460
 2.5920	 6.1590
 2.5900	 6.3550
 2.5890	 6.2110
 2.5880	 6.2310
 2.5860	 6.3650
 2.5850	 6.4170
 2.5840	 6.4480
 2.5830	 6.3450
 2.5810	 6.0360
 2.5800	 6.0670
 2.5790	 6.1900
 2.5770	 6.3650
 2.5760	 6.2830
 2.5750	 6.1180
 2.5740	 5.9740
 2.5720	 6.0560
 2.5710	 6.1590
 2.5700	 6.2110
 2.5690	 6.1490
 2.5670	 6.1280
 2.5660	 6.2010
 2.5650	 6.3240
 2.5630	 6.2620
 2.5620	 6.2730
 2.5610	 6.3140
 2.5600	 6.3650
 2.5580	 6.3550
 2.5570	 6.3550
 2.5560	 6.3140
 2.5550	 6.2420
 2.5530	 6.1590
 2.5520	 6.3550
 2.5510	 6.5710
 2.5500	 6.6130
 2.5480	 6.4170
 2.5470	 6.3450
 2.5460	 6.4480
 2.5450	 6.5610
 2.5430	 6.5200
 2.5420	 6.6540
 2.5410	 6.6540
 2.5400	 6.4790
 2.5380	 6.4580
 2.5370	 6.6130
 2.5360	 6.5610
 2.5350	 6.5200
 2.5330	 6.3960
 2.5320	 6.3860
 2.5310	 6.5820
 2.5300	 6.7470
 2.5280	 6.6740
 2.5270	 6.7160
 2.5260	 6.5400
 2.5250	 6.3350
 2.5240	 6.3140
 2.5220	 6.3350
 2.5210	 6.2620
 2.5200	 6.2010
 2.5190	 6.3350
 2.5170	 6.4990
 2.5160	 6.2420
 2.5150	 6.2310
 2.5140	 6.4580
 2.5130	 6.3960
 2.5110	 6.2210
 2.5100	 6.3650
 2.5090	 6.3040
 2.5080	 6.1800
 2.5060	 6.2730
 2.5050	 6.3550
 2.5040	 6.0560
 2.5030	 5.9640
 2.5020	 6.0560
 2.5000	 6.2310
 2.4980	 6.1250
 2.4960	 6.0360
 2.4940	 6.1270
 2.4920	 6.1920
 2.4900	 6.0660
 2.4880	 6.1160
 2.4860	 6.2620
 2.4840	 6.2300
 2.4820	 6.3640
 2.4800	 6.3140
 2.4780	 6.2920
 2.4760	 6.4030
 2.4740	 6.5000
 2.4720	 6.3220
 2.4700	 6.5720
 2.4680	 6.2820
 2.4660	 6.5580
 2.4640	 6.7010
 2.4620	 6.7290
 2.4600	 6.6550
 2.4580	 6.7740
 2.4560	 6.7950
 2.4540	 6.8240
 2.4520	 6.8810
 2.4500	 6.7560
 2.4480	 6.7740
 2.4460	 6.9190
 2.4440	 6.9120
 2.4420	 7.0070
 2.4400	 7.1580
 2.4380	 7.0580
 2.4360	 7.0460
 2.4340	 7.2110
 2.4320	 7.2370
 2.4300	 7.3660
 2.4280	 7.3320
 2.4260	 7.3870
 2.4240	 7.6250
 2.4220	 7.7360
 2.4200	 7.7130
 2.4180	 7.8740
 2.4160	 8.1400
 2.4140	 8.1410
 2.4120	 8.3580
 2.4100	 8.3980
 2.4080	 8.6890
 2.4060	 8.9340
 2.4040	 9.2290
 2.4020	 9.3940
 2.4000	 9.5620
 2.3980	 9.7990
 2.3960	10.0910
 2.3940	10.3200
 2.3920	10.5530
 2.3900	10.8460
 2.3880	11.1260
 2.3860	11.3730
 2.3840	11.5320
 2.3820	11.8600
 2.3800	12.0570
 2.3780	12.2220
 2.3760	12.5440
 2.3740	12.8430
 2.3720	12.9140
 2.3700	13.1270
 2.3680	13.4680
 2.3660	13.5340
 2.3640	13.8000
 2.3620	14.0490
 2.3600	14.0830
 2.3580	14.2910
 2.3560	14.3970
 2.3540	14.5180
 2.3520	14.7140
 2.3500	14.7600
 2.3480	14.9380
 2.3460	15.0880
 2.3440	15.1000
 2.3420	15.2940
 2.3400	15.3900
 2.3380	15.4950
 2.3360	15.4990
 2.3340	15.5790
 2.3320	15.6530
 2.3300	15.7170
 2.3280	15.7380
 2.3260	15.7230
 2.3240	15.7150
 2.3220	15.7770
 2.3200	15.7740
 2.3180	15.8670
 2.3160	15.8010
 2.3140	15.6810
 2.3120	15.6920
 2.3100	15.7080
 2.3080	15.6950
 2.3060	15.6430
 2.3040	15.5710
 2.3020	15.5380
 2.3000	15.5440
 2.2980	15.3590
 2.2960	15.3110
 2.2940	15.1570
 2.2920	15.0140
 2.2900	14.9040
 2.2880	14.7970
 2.2860	14.6160
 2.2840	14.3870
 2.2820	14.2440
 2.2800	14.0950
 2.2780	13.9450
 2.2760	13.8210
 2.2740	13.8200
 2.2720	13.7620
 2.2700	13.8100
 2.2680	13.8110
 2.2660	13.9990
 2.2640	14.0750
 2.2620	14.0360
 2.2600	14.1650
 2.2580	14.2370
 2.2560	14.3050
 2.2540	14.2900
 2.2520	14.2990
 2.2500	14.2760
 2.2480	14.2160
 2.2460	14.1620
 2.2440	14.1780
 2.2420	14.1220
 2.2400	14.0380
 2.2380	13.9050
 2.2360	13.7060
 2.2340	13.5320
 2.2320	13.3410
 2.2300	13.1200
 2.2280	12.9330
 2.2260	12.7930
 2.2240	12.6650
 2.2220	12.6770
 2.2200	12.6880
 2.2180	12.7840
 2.2160	12.9830
 2.2140	13.0840
 2.2120	13.1910
 2.2100	13.3000
 2.2080	13.4430
 2.2060	13.6110
 2.2040	13.6750
 2.2020	13.7880
 2.2000	13.9650
 2.1980	14.0860
 2.1960	14.0940
 2.1940	14.1970
 2.1920	14.2800
 2.1900	14.3200
 2.1880	14.3610
 2.1860	14.3760
 2.1840	14.4350
 2.1820	14.4610
 2.1800	14.5170
 2.1780	14.6610
 2.1760	14.7820
 2.1740	14.9030
 2.1720	15.0460
 2.1700	15.1650
 2.1680	15.3220
 2.1660	15.4410
 2.1640	15.5590
 2.1620	15.7180
 2.1600	15.8640
 2.1580	16.0260
 2.1560	16.2000
 2.1540	16.3060
 2.1520	16.4020
 2.1500	16.5590
 2.1480	16.7270
 2.1460	16.8240
 2.1440	16.8860
 2.1420	16.9930
 2.1400	17.1670
 2.1380	17.3260
 2.1360	17.2920
 2.1340	17.4320
 2.1320	17.6690
 2.1300	17.7460
 2.1280	17.8040
 2.1260	17.9090
 2.1240	18.1510
 2.1220	18.2650
 2.1200	18.3960
 2.1180	18.6020
 2.1160	18.7470
 2.1140	18.8720
 2.1120	19.0850
 2.1100	19.2340
 2.1080	19.3090
 2.1060	19.4490
 2.1040	19.6600
 2.1020	19.8040
 2.1000	19.8870
 2.0980	20.0640
 2.0960	20.2120
 2.0940	20.2860
 2.0920	20.3990
 2.0900	20.5400
 2.0880	20.5690
 2.0860	20.6390
 2.0840	20.6620
 2.0820	20.6930
 2.0800	20.7500
 2.0780	20.7030
 2.0760	20.6110
 2.0740	20.6700
 2.0720	20.6350
 2.0700	20.6300
 2.0680	20.6000
 2.0660	20.6730
 2.0640	20.6950
 2.0620	20.7640
 2.0600	20.7460
 2.0580	20.7460
 2.0560	20.7570
 2.0540	20.6640
 2.0520	20.5290
 2.0500	20.3730
 2.0480	20.2360
 2.0460	20.1230
 2.0440	19.8840
 2.0420	19.8010
 2.0400	19.5300
 2.0380	19.3060
 2.0360	19.1450
 2.0340	18.8700
 2.0320	18.6240
 2.0300	18.3890
 2.0280	18.0970
 2.0260	17.7330
 2.0240	17.4050
 2.0220	17.0820
 2.0200	16.6240
 2.0180	16.1770
 2.0160	15.7410
 2.0140	15.2270
 2.0120	14.6780
 2.0100	14.0220
 2.0080	13.4980
 2.0060	12.7520
 2.0040	12.0480
 2.0020	11.2230
 2.0000	10.5510
 1.9980	10.0670
 1.9960	 9.4600
 1.9940	 9.1110
 1.9920	 8.8840
 1.9900	 8.6010
 1.9880	 8.4410
 1.9860	 8.4410
 1.9840	 8.2540
 1.9820	 8.1380
 1.9800	 8.0350
 1.9780	 7.9030
 1.9760	 7.7870
 1.9740	 7.7860
 1.9720	 7.6990
 1.9700	 7.7750
 1.9680	 7.7550
 1.9660	 7.4960
 1.9640	 7.3050
 1.9620	 7.1260
 1.9600	 6.8320
 1.9580	 6.6310
 1.9560	 6.5680
 1.9540	 6.5180
 1.9520	 6.3220
 1.9500	 6.3910
 1.9480	 6.3850
 1.9460	 6.5280
 1.9440	 6.5490
 1.9420	 6.6390
 1.9400	 6.6940
 1.9380	 6.8610
 1.9360	 7.2070
 1.9340	 7.2950
 1.9320	 7.6410
 1.9300	 7.9840
 1.9280	 8.2510
 1.9260	 8.6820
 1.9240	 8.9340
 1.9220	 9.4090
 1.9200	 9.8110
 1.9180	10.2040
 1.9160	10.4950
 1.9140	10.9310
 1.9120	11.3400
 1.9100	11.8540
 1.9080	12.3690
 1.9060	12.7800
 1.9040	13.5850
 1.9020	13.9510
 1.9000	14.5340
 1.8980	15.1060
 1.8960	15.8060
 1.8940	16.3370
 1.8920	17.1240
 1.8900	17.7160
 1.8880	18.6120
 1.8860	19.3340
 1.8840	20.1090
 1.8820	20.8400
 1.8800	21.5490
 1.8780	22.4300
 1.8760	23.4720
 1.8740	24.4130
 1.8720	25.3880
 1.8700	26.0890
 1.8680	26.6480
 1.8660	27.2780
 1.8640	27.9090
 1.8620	28.5320
 1.8600	29.0080
 1.8580	29.4960
 1.8560	29.7830
 1.8540	30.3520
 1.8520	30.4890
 1.8500	30.7300
 1.8480	30.9440
 1.8460	31.1700
 1.8440	31.1690
 1.8420	31.3440
 1.8400	31.3940
 1.8380	31.3390
 1.8360	31.4660
 1.8340	31.4620
 1.8320	31.3560
 1.8300	31.5060
 1.8280	31.3460
 1.8260	31.3950
 1.8240	31.0390
 1.8220	30.9530
 1.8200	30.9180
 1.8180	30.7190
 1.8160	30.6600
 1.8140	30.4190
 1.8120	30.2920
 1.8100	30.1440
 1.8080	29.8030
 1.8060	29.5600
 1.8040	29.3140
 1.8020	29.0050
 1.8000	28.6450
 1.7980	28.2010
 1.7960	27.8490
 1.7940	27.3820
 1.7920	26.8850
 1.7900	26.4560
 1.7880	26.1440
 1.7860	25.8780
 1.7840	25.5070
 1.7820	25.3860
 1.7800	25.0950
 1.7780	25.0580
 1.7760	25.1030
 1.7740	24.9460
 1.7720	24.7900
 1.7700	24.7730
 1.7680	24.6220
 1.7660	24.3090
 1.7640	24.1490
 1.7620	23.8120
 1.7600	23.5810
 1.7580	23.3050
 1.7560	23.1390
 1.7540	22.9600
 1.7520	22.9890
 1.7500	23.1740
 1.7480	23.4560
 1.7460	23.6940
 1.7440	24.2500
 1.7420	24.7100
 1.7400	25.1980
 1.7380	25.9250
 1.7360	26.4570
 1.7340	27.1730
 1.7320	27.8650
 1.7300	28.5850
 1.7280	29.3310
 1.7260	30.0260
 1.7240	30.7150
 1.7220	31.4780
 1.7200	32.2060
 1.7180	32.9640
 1.7160	33.7050
 1.7140	34.3860
 1.7120	35.0560
 1.7100	35.6780
 1.7080	36.3800
 1.7060	36.7130
 1.7040	37.2070
 1.7020	37.6570
 1.7000	38.0380
 1.6980	38.4440
 1.6960	38.7350
 1.6940	39.0110
 1.6920	39.2290
 1.6900	39.4710
 1.6880	39.5770
 1.6860	39.7650
 1.6840	39.7150
 1.6820	39.9470
 1.6800	40.1210
 1.6780	40.0590
 1.6760	40.1180
 1.6740	40.1660
 1.6720	40.1570
 1.6700	40.1120
 1.6680	40.0720
 1.6660	39.9530
 1.6640	39.8760
 1.6620	39.7840
 1.6600	39.6510
 1.6580	39.5690
 1.6560	39.4480
 1.6540	39.3230
 1.6520	39.1580
 1.6500	39.0340
 1.6480	38.8860
 1.6460	38.6540
 1.6440	38.4490
 1.6420	38.2460
 1.6400	38.0220
 1.6380	37.8150
 1.6360	37.5670
 1.6340	37.3360
 1.6320	37.1420
 1.6300	36.8670
 1.6280	36.7450
 1.6260	36.5420
 1.6240	36.3210
 1.6220	36.0260
 1.6200	35.7710
 1.6180	35.5750
 1.6160	35.3160
 1.6140	35.0090
 1.6120	34.7430
 1.6100	34.4730
 1.6080	34.1390
 1.6060	33.8380
 1.6040	33.5890
 1.6020	33.2490
 1.6000	32.8780
 1.5980	32.5800
 1.5960	32.3280
 1.5940	31.9840
 1.5920	31.7520
 1.5900	31.4660
 1.5880	31.2290
 1.5860	30.9620
 1.5840	30.7090
 1.5820	30.4560
 1.5800	30.2210
 1.5780	29.9710
 1.5760	29.5680
 1.5740	29.1530
 1.5720	28.8070
 1.5700	28.5450
 1.5680	28.1830
 1.5660	27.7400
 1.5640	27.3590
 1.5620	26.8290
 1.5600	26.2800
 1.5580	25.7170
 1.5560	25.2160
 1.5540	24.6940
 1.5520	24.1380
 1.5500	23.5770
 1.5480	23.0950
 1.5460	22.7880
 1.5440	22.4770
 1.5420	22.3480
 1.5400	22.4380
 1.5380	22.5530
 1.5360	22.7090
 1.5340	22.9520
 1.5320	23.1500
 1.5300	23.2830
 1.5280	23.4480
 1.5260	23.5940
 1.5240	23.6660
 1.5220	23.6600
 1.5200	23.6660
 1.5180	23.6050
 1.5160	23.4590
 1.5140	23.3250
 1.5120	23.0580
 1.5100	22.6830
 1.5080	22.2450
 1.5060	21.6920
 1.5040	21.0770
 1.5020	20.4450
 1.5000	19.9730
 1.4980	19.6150
 1.4960	19.5230
 1.4940	19.6080
 1.4920	19.7740
 1.4900	20.0400
 1.4880	20.4510
 1.4860	20.5760
 1.4840	20.6890
 1.4820	20.8390
 1.4800	20.7030
 1.4780	20.5270
 1.4760	20.4860
 1.4740	20.3970
 1.4720	20.2740
 1.4700	20.1180
 1.4680	19.9210
 1.4660	19.6760
 1.4640	19.2440
 1.4620	18.9520
 1.4600	18.4650
 1.4580	17.7620
 1.4560	17.0220
 1.4540	16.1570
 1.4520	15.6260
 1.4500	15.6070
 1.4480	16.0270
 1.4460	16.9600
 1.4440	18.0310
 1.4420	19.1620
 1.4400	20.1450
 1.4380	21.0600
 1.4360	21.8700
 1.4340	22.3350
 1.4320	22.7750
 1.4300	23.3410
 1.4280	23.9280
 1.4260	24.6740
 1.4240	25.4140
 1.4220	26.2840
 1.4200	27.1560
 1.4180	27.9450
 1.4160	28.7110
 1.4140	29.5430
 1.4120	30.1400
 1.4100	30.9010
 1.4080	31.4340
 1.4060	32.1090
 1.4040	32.6570
 1.4020	32.9810
 1.4000	33.2780
 1.3980	33.5930
 1.3960	33.7090
 1.3940	33.9480
 1.3920	34.1840
 1.3900	34.3240
 1.3880	34.4200
 1.3860	34.5340
 1.3840	34.7060
 1.3820	34.8470
 1.3800	35.1330
 1.3780	35.4770
 1.3760	35.5980
 1.3740	35.8680
 1.3720	35.9810
 1.3700	36.2520
 1.3680	36.5060
 1.3660	36.7510
 1.3640	36.9650
 1.3620	37.2880
 1.3600	37.5750
 1.3580	37.8930
 1.3560	38.3250
 1.3540	38.6590
 1.3520	38.9710
 1.3500	39.3730
 1.3480	39.7180
 1.3460	39.9990
 1.3440	40.3850
 1.3420	40.6640
 1.3400	40.9520
 1.3380	41.3380
 1.3360	41.4300
 1.3340	41.6370
 1.3320	41.9280
 1.3300	42.1960
 1.3280	42.2960
 1.3260	42.4890
 1.3240	42.5830
 1.3220	42.9450
 1.3200	42.9620
 1.3180	43.2320
 1.3160	43.3040
 1.3140	43.4490
 1.3120	43.3610
 1.3100	43.5490
 1.3080	43.5890
 1.3060	43.7990
 1.3040	43.7670
 1.3020	43.7290
 1.3000	43.9000
 1.2980	43.9820
 1.2960	43.8360
 1.2940	43.8610
 1.2920	43.9190
 1.2900	43.8700
 1.2880	43.9270
 1.2860	43.9360
 1.2840	43.9040
 1.2820	43.9100
 1.2800	43.8700
 1.2780	43.7440
 1.2760	43.7910
 1.2740	43.7550
 1.2720	43.7440
 1.2700	43.6580
 1.2680	43.5690
 1.2660	43.5400
 1.2640	43.4090
 1.2620	43.5840
 1.2600	43.4380
 1.2580	43.3510
 1.2560	43.0670
 1.2540	43.2470
 1.2520	43.0270
 1.2500	42.7840
 1.2480	42.5620
 1.2460	42.2730
 1.2440	42.0680
 1.2420	41.7920
 1.2400	41.6990
 1.2380	41.4790
 1.2360	41.5950
 1.2340	41.4220
 1.2320	41.4740
 1.2300	41.5370
 1.2280	41.2920
 1.2260	41.5390
 1.2240	41.2960
 1.2220	41.2270
 1.2200	40.8650
 1.2180	40.7590
 1.2160	40.2420
 1.2140	40.0150
 1.2120	39.9030
 1.2100	39.9400
 1.2080	39.9740
 1.2060	40.3490
 1.2040	40.2340
 1.2020	40.2910
 1.2000	40.2180
 1.1980	40.3580
 1.1960	40.3970
 1.1940	40.3880
 1.1920	40.3410
 1.1900	40.3140
 1.1880	40.3700
 1.1860	40.2800
 1.1840	40.6420
 1.1820	40.6290
 1.1800	40.9380
 1.1780	41.1770
 1.1760	41.4740
 1.1740	41.9190
 1.1720	42.4080
 1.1700	42.8460
 1.1680	43.3520
 1.1660	43.5980
 1.1640	43.9750
 1.1620	44.4690
 1.1600	44.6820
 1.1580	44.9690
 1.1560	45.2440
 1.1540	45.5110
 1.1520	45.7100
 1.1500	45.9170
 1.1480	45.9950
 1.1460	46.1720
 1.1440	46.2370
 1.1420	46.3480
 1.1400	46.3780
 1.1380	46.4900
 1.1360	46.3340
 1.1340	46.5130
 1.1320	46.5100
 1.1300	46.5440
 1.1280	46.5230
 1.1260	46.6970
 1.1240	46.6200
 1.1220	46.7780
 1.1200	46.7910
 1.1180	46.7580
 1.1160	46.7140
 1.1140	46.6510
 1.1120	46.7440
 1.1100	46.9670
 1.1080	46.8800
 1.1060	46.9320
 1.1040	47.0980
 1.1020	46.9890
 1.1000	47.0720
 1.0980	47.0050
 1.0960	47.0750
 1.0940	47.1130
 1.0920	47.1320
 1.0900	47.0220
 1.0880	47.0450
 1.0860	47.1490
 1.0840	47.0390
 1.0820	47.0910
 1.0800	47.0880
 1.0780	47.0670
 1.0760	47.0440
 1.0740	47.0890
 1.0720	47.0490
 1.0700	47.0180
 1.0680	47.0360
 1.0660	47.0250
 1.0640	47.0070
 1.0620	46.9750
 1.0600	46.9200
 1.0580	46.9410
 1.0560	46.9170
 1.0540	46.7760
 1.0520	46.7360
 1.0500	46.7700
 1.0480	46.7330
 1.0460	46.6730
 1.0440	46.6100
 1.0420	46.6220
 1.0400	46.6030
 1.0380	46.5480
 1.0360	46.3170
 1.0340	46.2270
 1.0320	46.0870
 1.0300	46.1300
 1.0280	46.0480
 1.0260	45.8450
 1.0240	45.7500
 1.0220	45.6320
 1.0200	45.5190
 1.0180	45.4340
 1.0160	45.3190
 1.0140	45.2550
 1.0120	45.0590
 1.0100	44.9490
 1.0080	44.7940
 1.0060	44.6760
 1.0040	44.6130
 1.0020	44.5780
 1.0000	44.5460
 0.9980	44.6000
 0.9960	44.5450
 0.9940	44.5830
 0.9920	44.7490
 0.9900	44.9120
 0.9880	44.9710
 0.9860	45.0670
 0.9840	45.1030
 0.9820	45.2690
 0.9800	45.4380
 0.9780	45.4440
 0.9760	45.4980
 0.9740	45.6380
 0.9720	45.6860
 0.9700	45.7350
 0.9680	45.8780
 0.9660	45.8910
 0.9640	45.9720
 0.9620	46.0380
 0.9600	45.9780
 0.9580	45.9920
 0.9560	46.1310
 0.9540	46.1880
 0.9520	46.1830
 0.9500	46.2610
 0.9480	46.3120
 0.9460	46.3180
 0.9440	46.3690
 0.9420	46.3940
 0.9400	46.3010
 0.9380	46.2880
 0.9360	46.2950
 0.9340	46.3190
 0.9320	46.3990
 0.9300	46.3430
 0.9280	46.3020
 0.9260	46.3350
 0.9240	46.3920
 0.9220	46.3580
 0.9200	46.2620
 0.9180	46.2760
 0.9160	46.2880
 0.9140	46.2770
 0.9120	46.2620
 0.9100	46.3070
 0.9080	46.2790
 0.9060	46.2830
 0.9040	46.2200
 0.9020	46.1960
 0.9000	46.3730
 0.8980	46.5790
 0.8960	46.5930
 0.8940	46.5190
 0.8920	46.4680
 0.8900	46.4720
 0.8880	46.4820
 0.8860	46.3930
 0.8840	46.4540
 0.8820	46.4640
 0.8800	46.4190
 0.8780	46.5490
 0.8760	46.5420
 0.8740	46.6720
 0.8720	46.6110
 0.8700	46.4450
 0.8680	46.3730
 0.8660	46.5930
 0.8640	46.6990
 0.8620	46.3720
 0.8600	46.5260
 0.8580	46.4470
 0.8560	46.2750
 0.8540	46.2710
 0.8520	46.2860
 0.8500	46.3450
 0.8480	46.4220
 0.8460	46.3850
 0.8440	46.3720
 0.8420	46.4220
 0.8400	46.4400
 0.8380	46.4440
 0.8360	46.4200
 0.8340	46.4010
 0.8320	46.4410
 0.8300	46.4390
 0.8280	46.4600
 0.8260	46.4580
 0.8240	46.4560
 0.8220	46.4680
 0.8200	46.4440
 0.8180	46.4400
 0.8160	46.4210
 0.8140	46.4500
 0.8120	46.4490
 0.8100	46.4420
 0.8080	46.4590
 0.8060	46.4640
 0.8040	46.4550
 0.8020	46.4600
 0.8000	46.4440
 0.7980	46.4130
 0.7960	46.4080
 0.7940	46.3940
 0.7920	46.3830
 0.7900	46.3600
 0.7880	46.3630
 0.7860	46.3580
 0.7840	46.3510
 0.7820	46.3230
 0.7800	46.3370
 0.7780	46.3220
 0.7760	46.2880
 0.7740	46.2520
 0.7720	46.2470
 0.7700	46.2220
 0.7680	46.2150
 0.7660	46.1850
 0.7640	46.2020
 0.7620	46.1870
 0.7600	46.1960
 0.7580	46.1720
 0.7560	46.1700
 0.7540	46.1580
 0.7520	46.1340
 0.7500	46.1320
 0.7480	46.1160
 0.7460	46.0990
 0.7440	46.0750
 0.7420	46.0430
 0.7400	46.0310
 0.7380	46.0240
 0.7360	46.0050
 0.7340	45.9770
 0.7320	45.9410
 0.7300	45.9180
 0.7280	45.8960
 0.7260	45.8770
 0.7240	45.8680
 0.7220	45.8340
 0.7200	45.7930
 0.7180	45.7630
 0.7160	45.7340
 0.7140	45.7240
 0.7120	45.6740
 0.7100	45.6570
 0.7080	45.6190
 0.7060	45.6030
 0.7040	45.5550
 0.7020	45.5550
 0.7000	45.5180
 0.6980	45.4850
 0.6960	45.4370
 0.6940	45.4030
 0.6920	45.3700
 0.6900	45.3420
 0.6880	45.3230
 0.6860	45.2790
 0.6840	45.2650
 0.6820	45.2090
 0.6800	45.1860
 0.6780	45.1720
 0.6760	45.1270
 0.6740	45.0710
 0.6720	45.0650
 0.6700	45.0300
 0.6680	44.9920
 0.6660	44.9650
 0.6640	44.9060
 0.6620	44.8680
 0.6600	44.8560
 0.6580	44.8280
 0.6560	44.7920
 0.6540	44.7410
 0.6520	44.7330
 0.6500	44.7040
 0.6480	44.6570
 0.6460	44.6180
 0.6440	44.5770
 0.6420	44.5300
 0.6400	44.5140
 0.6380	44.4620
 0.6360	44.4320
 0.6340	44.3850
 0.6320	44.3670
 0.6300	44.3430
 0.6280	44.2960
 0.6260	44.2500
 0.6240	44.2170
 0.6220	44.1620
 0.6200	44.1170
 0.6180	44.0840
 0.6160	44.0310
 0.6140	43.9940
 0.6120	43.9360
 0.6100	43.8910
 0.6080	43.8290
 0.6060	43.7550
 0.6040	43.7130
 0.6020	43.6440
 0.6000	43.5700
 0.5980	43.5080
 0.5960	43.4070
 0.5940	43.3000
 0.5920	43.2380
 0.5900	43.1050
 0.5880	43.0060
 0.5860	42.9110
 0.5840	42.7730
 0.5820	42.6190
 0.5800	42.5230
 0.5780	42.3800
 0.5760	42.2080
 0.5740	42.0620
 0.5720	41.9190
 0.5700	41.7410
 0.5680	41.5790
 0.5660	41.4130
 0.5640	41.2300
 0.5620	41.0540
 0.5600	40.8700
 0.5580	40.6960
 0.5560	40.5140
 0.5540	40.3360
 0.5520	40.1540
 0.5500	39.9800
 0.5480	39.8130
 0.5460	39.6320
 0.5440	39.4730
 0.5420	39.2990
 0.5400	39.1430
 0.5380	38.9840
 0.5360	38.7940
 0.5340	38.6340
 0.5320	38.4680
 0.5300	38.3080
 0.5280	38.1400
 0.5260	37.9790
 0.5240	37.8130
 0.5220	37.6620
 0.5200	37.5060
 0.5180	37.3550
 0.5160	37.2080
 0.5140	37.0520
 0.5120	36.9070
 0.5100	36.7740
 0.5080	36.6200
 0.5060	36.4850
 0.5040	36.3350
 0.5020	36.1990
 0.5000	36.0590
 0.4980	35.9330
 0.4960	35.7830
 0.4940	35.6360
 0.4920	35.5100
 0.4900	35.3740
 0.4880	35.2480
 0.4860	35.1060
 0.4840	34.9690
 0.4820	34.8690
 0.4800	34.7700
 0.4780	34.6820
 0.4760	34.5990
 0.4740	34.5170
 0.4720	34.4470
 0.4700	34.3740
 0.4680	34.2920
 0.4660	34.2110
 0.4640	34.1360
 0.4620	34.0500
 0.4600	33.9690
 0.4580	33.8770
 0.4560	33.7740
 0.4540	33.6530
 0.4520	33.5280
 0.4500	33.3940
 0.4480	33.2510
 0.4460	33.0800
 0.4440	32.8980
 0.4420	32.7320
 0.4400	32.5540
 0.4380	32.3700
 0.4360	32.1840
 0.4340	31.9920
 0.4320	31.8130
 0.4300	31.6370
 0.4280	31.4720
 0.4260	31.3090
 0.4240	31.1630
 0.4220	31.0150
 0.4200	30.8890
 0.4180	30.7530
 0.4160	30.6140
 0.4140	30.4880
 0.4120	30.3590
 0.4100	30.2470
 0.4080	30.1160
 0.4060	29.9860
 0.4040	29.8710
 0.4020	29.7570
 0.4000	29.6220
