Name: Andradite Ca3Fe2+3 (SiO4)3
Type: Mineral
Class: Silicate
Subclass: Nesosilicate
Particle Size: Solid
Sample No.: andradite_1
Owner: JHU
Wavelength Range: TIR
Origin: Sample from Rimpfischwange, Zermatt, Valais, Switzerland,via the Smithsonian (sample no. NMNH 113829).  
Collection Date: N/A
Description: A cluster of subhedral green crystals, some coated with a soft, white contaminant which did not dissolve when treated with HCl. Sample was lightly crushed to free individual 3mm crystals, then hand-picked to assemble only clean, bright green crystals. Under the petrographic microscope, the sample appeared pure, clean and unaltered. A few grains had a light brownish tinge on some edges. (Isolated tetrahedra) (Garnet Group) Original ASTER Spectral Library name was jhu.nicolet.mineral.silicate.nesosilicate.solid.andrad1.spectrum.txt
Measurement: Bidirectional Reflectance
First Column: X
Second Column: Y
X Units: Wavelength (micrometers)
Y Units:Reflectance (percent)
First X Value: 25.0442
Last X Value:  2.0795
Number of X Values: 2287
Additional Information: mineral.silicate.nesosilicate.solid.tir.andradite_1.jhu.nicolet.ancillary.txt

25.0442	42.2655
24.9238	42.5878
24.8045	42.0194
24.6864	41.0761
24.5694	39.6210
24.4536	37.7890
24.3388	34.6234
24.2250	30.0375
24.1124	23.6098
24.0007	16.7636
23.8901	 9.3720
23.7805	 6.0488
23.6719	 7.4570
23.5643	 9.7954
23.4577	12.4306
23.3520	16.0009
23.2473	20.6645
23.1435	26.0317
23.0407	30.0746
22.9387	33.2528
22.8377	35.0683
22.7375	35.9740
22.6382	36.0966
22.5398	35.6737
22.4422	34.9062
22.3455	34.0229
22.2496	32.8295
22.1545	31.1225
22.0602	28.1059
21.9668	24.6313
21.8741	19.3374
21.7822	11.7168
21.6910	 7.5390
21.6007	 5.3008
21.5110	 5.0962
21.4221	 5.7510
21.3340	 6.8496
21.2465	 8.0361
21.1598	 9.8510
21.0738	12.1377
20.9885	14.8491
20.9038	17.5957
20.8199	18.6330
20.7366	17.0998
20.6540	13.0898
20.5720	 8.8100
20.4907	 6.6553
20.4100	 6.3782
20.3300	 7.2622
20.2506	 8.3850
20.1718	 9.5940
20.0936	10.9238
20.0160	12.5551
19.9391	14.6086
19.8627	17.4563
19.7869	20.3476
19.7116	23.6000
19.6370	26.3056
19.5628	28.1874
19.4893	29.4191
19.4163	30.0949
19.3439	30.5900
19.2719	30.8188
19.2006	30.6996
19.1297	30.3471
19.0594	29.6933
18.9896	28.2228
18.9203	26.3686
18.8515	23.8288
18.7832	20.3837
18.7153	16.3418
18.6480	12.0752
18.5812	 8.0039
18.5148	 4.8491
18.4489	 2.8696
18.3835	 2.0337
18.3185	 1.8723
18.2541	 2.0842
18.1900	 2.3603
18.1264	 2.5928
18.0633	 2.8660
18.0005	 3.1914
17.9382	 3.4487
17.8764	 3.6982
17.8150	 3.9717
17.7539	 4.1836
17.6934	 4.3594
17.6332	 4.5762
17.5734	 4.8130
17.5140	 5.0351
17.4551	 5.2334
17.3965	 5.4326
17.3383	 5.5630
17.2805	 5.7187
17.2231	 5.9258
17.1661	 6.1098
17.1094	 6.2446
17.0531	 6.4082
16.9972	 6.4394
16.9417	 6.2095
16.8865	 5.8379
16.8317	 5.6440
16.7772	 5.7178
16.7231	 5.9092
16.6693	 6.0815
16.6159	 6.2114
16.5628	 6.3325
16.5100	 6.4687
16.4576	 6.5805
16.4055	 6.6982
16.3538	 6.8511
16.3024	 6.9912
16.2513	 7.0371
16.2005	 7.0971
16.1500	 7.2251
16.0998	 7.3027
16.0500	 7.3574
16.0005	 7.4768
15.9513	 7.5737
15.9023	 7.6162
15.8537	 7.6704
15.8054	 7.7605
15.7573	 7.8413
15.7096	 7.8977
15.6621	 7.9595
15.6149	 8.0044
15.5680	 8.0879
15.5214	 8.2060
15.4751	 8.2900
15.4290	 8.3178
15.3832	 8.3742
15.3377	 8.4516
15.2925	 8.5271
15.2475	 8.5928
15.2028	 8.6660
15.1583	 8.7661
15.1141	 8.8613
15.0702	 8.9665
15.0265	 9.0166
14.9831	 8.8398
14.9399	 8.8418
14.8970	 9.1469
14.8543	 9.2763
14.8119	 9.3393
14.7697	 9.3972
14.7277	 9.4970
14.6860	 9.6037
14.6445	 9.6938
14.6033	 9.7690
14.5622	 9.8530
14.5214	 9.9570
14.4809	10.0581
14.4405	10.1648
14.4004	10.2771
14.3605	10.3708
14.3209	10.4719
14.2814	10.6115
14.2422	10.6958
14.2032	10.7583
14.1643	10.9043
14.1258	11.0185
14.0874	11.0884
14.0492	11.1836
14.0112	11.3188
13.9734	11.4399
13.9359	11.5437
13.8985	11.6357
13.8614	11.7580
13.8244	11.8781
13.7876	11.9931
13.7511	12.1181
13.7147	12.2448
13.6785	12.3513
13.6425	12.4682
13.6067	12.6028
13.5711	12.7524
13.5356	12.9453
13.5004	13.1103
13.4653	13.2465
13.4304	13.3737
13.3957	13.5183
13.3612	13.6753
13.3269	13.8713
13.2927	14.0483
13.2587	14.1706
13.2249	14.3537
13.1912	14.5835
13.1577	14.7812
13.1244	14.9712
13.0913	15.1865
13.0583	15.4389
13.0255	15.6987
12.9929	15.9648
12.9604	16.2375
12.9281	16.5297
12.8959	16.8403
12.8639	17.2336
12.8321	17.6203
12.8004	17.9809
12.7688	18.4038
12.7375	18.8891
12.7063	19.4143
12.6752	20.0112
12.6443	20.6684
12.6135	21.3764
12.5829	22.1733
12.5524	23.1013
12.5221	24.1796
12.4919	25.4169
12.4619	26.8339
12.4320	28.4550
12.4023	30.0976
12.3727	31.5497
12.3432	32.5387
12.3139	32.8249
12.2847	32.2177
12.2557	30.6860
12.2268	28.4838
12.1980	26.7114
12.1694	26.5314
12.1409	27.9999
12.1125	30.2973
12.0843	32.5815
12.0562	34.3568
12.0282	35.6195
12.0004	36.4608
11.9726	36.8898
11.9450	36.9709
11.9176	36.8161
11.8903	36.4110
11.8631	35.7301
11.8360	34.8012
11.8090	33.6510
11.7822	32.0976
11.7555	30.0358
11.7289	27.3110
11.7024	23.8080
11.6760	19.7292
11.6498	15.8674
11.6237	13.1140
11.5977	11.8498
11.5718	11.8564
11.5460	12.6765
11.5203	13.9846
11.4948	15.6516
11.4694	17.6723
11.4440	20.0441
11.4188	22.7831
11.3937	25.9028
11.3688	29.1735
11.3439	32.2116
11.3191	34.8061
11.2944	36.9162
11.2699	38.5368
11.2455	39.8192
11.2211	40.8056
11.1969	41.5646
11.1727	42.0956
11.1487	42.5465
11.1248	42.9191
11.1010	43.1447
11.0773	43.2826
11.0536	43.3832
11.0301	43.3788
11.0067	43.3124
10.9834	43.2555
10.9602	43.3280
10.9370	43.4608
10.9140	43.6144
10.8911	43.6815
10.8682	43.7067
10.8455	43.7316
10.8229	43.7806
10.8003	43.8417
10.7779	43.9711
10.7555	44.1195
10.7332	44.2702
10.7111	44.4281
10.6890	44.6710
10.6670	44.9122
10.6451	45.1132
10.6233	45.3305
10.6015	45.5404
10.5799	45.6686
10.5584	45.8412
10.5369	46.0411
10.5155	46.1532
10.4942	46.2194
10.4730	46.2975
10.4519	46.2636
10.4309	46.1735
10.4099	46.0719
10.3891	45.9486
10.3683	45.7096
10.3476	45.4933
10.3270	45.2836
10.3065	44.9872
10.2860	44.6513
10.2656	44.3959
10.2454	44.0819
10.2251	43.6766
10.2050	43.2909
10.1850	42.9398
10.1650	42.5028
10.1451	42.0031
10.1253	41.4254
10.1056	40.7074
10.0859	39.8893
10.0663	39.0109
10.0468	38.0221
10.0274	36.8744
10.0080	35.4879
 9.9887	33.8012
 9.9695	31.8129
 9.9504	29.7778
 9.9313	27.7485
 9.9123	25.5410
 9.8934	23.1699
 9.8746	20.7453
 9.8558	18.2727
 9.8371	15.8462
 9.8185	13.5527
 9.7999	11.3696
 9.7814	 9.3220
 9.7630	 7.4604
 9.7447	 5.7583
 9.7264	 4.2268
 9.7082	 2.9656
 9.6900	 2.0029
 9.6719	 1.2996
 9.6539	 0.8213
 9.6360	 0.5659
 9.6181	 0.4836
 9.6003	 0.4961
 9.5825	 0.5623
 9.5649	 0.6677
 9.5472	 0.7764
 9.5297	 0.8943
 9.5122	 1.0071
 9.4948	 1.1374
 9.4774	 1.2483
 9.4601	 1.3350
 9.4429	 1.4407
 9.4257	 1.5527
 9.4086	 1.6736
 9.3916	 1.7678
 9.3746	 1.8430
 9.3577	 1.9331
 9.3408	 2.0276
 9.3240	 2.1194
 9.3073	 2.2046
 9.2906	 2.2878
 9.2740	 2.3520
 9.2574	 2.4224
 9.2409	 2.4939
 9.2245	 2.5708
 9.2081	 2.6326
 9.1918	 2.6899
 9.1755	 2.7539
 9.1593	 2.8252
 9.1431	 2.8787
 9.1270	 2.9531
 9.1110	 3.0102
 9.0950	 3.0574
 9.0791	 3.1311
 9.0632	 3.2104
 9.0474	 3.2566
 9.0316	 3.2978
 9.0159	 3.3557
 9.0003	 3.4084
 8.9847	 3.4497
 8.9691	 3.5046
 8.9536	 3.5713
 8.9382	 3.6291
 8.9228	 3.6919
 8.9075	 3.7373
 8.8922	 3.7468
 8.8770	 3.7746
 8.8618	 3.8152
 8.8467	 3.8462
 8.8316	 3.8928
 8.8166	 3.9319
 8.8016	 3.9541
 8.7867	 3.9907
 8.7718	 4.0342
 8.7570	 4.0549
 8.7422	 4.0972
 8.7275	 4.1423
 8.7129	 4.1697
 8.6982	 4.1936
 8.6837	 4.2204
 8.6692	 4.2571
 8.6547	 4.2817
 8.6403	 4.3132
 8.6259	 4.3462
 8.6116	 4.3833
 8.5973	 4.4106
 8.5830	 4.4377
 8.5688	 4.4553
 8.5547	 4.4836
 8.5406	 4.5151
 8.5266	 4.5415
 8.5126	 4.5754
 8.4986	 4.6059
 8.4847	 4.6130
 8.4708	 4.6355
 8.4570	 4.6745
 8.4432	 4.6992
 8.4295	 4.7156
 8.4158	 4.7366
 8.4022	 4.7593
 8.3886	 4.7934
 8.3750	 4.8140
 8.3615	 4.8337
 8.3481	 4.8664
 8.3347	 4.8899
 8.3213	 4.9092
 8.3079	 4.9328
 8.2946	 4.9431
 8.2814	 4.9548
 8.2682	 4.9800
 8.2550	 5.0141
 8.2419	 5.0283
 8.2288	 5.0439
 8.2158	 5.0642
 8.2028	 5.0915
 8.1898	 5.1218
 8.1769	 5.1484
 8.1640	 5.1572
 8.1512	 5.1704
 8.1384	 5.1982
 8.1256	 5.2236
 8.1129	 5.2397
 8.1002	 5.2588
 8.0876	 5.2729
 8.0750	 5.2898
 8.0624	 5.2998
 8.0499	 5.3147
 8.0374	 5.3376
 8.0250	 5.3586
 8.0126	 5.3772
 8.0002	 5.3899
 7.9879	 5.4016
 7.9756	 5.4294
 7.9634	 5.4490
 7.9512	 5.4541
 7.9390	 5.4617
 7.9268	 5.4929
 7.9147	 5.5139
 7.9027	 5.5195
 7.8906	 5.5337
 7.8786	 5.5513
 7.8667	 5.5644
 7.8548	 5.5903
 7.8429	 5.6047
 7.8310	 5.6150
 7.8192	 5.6369
 7.8075	 5.6535
 7.7957	 5.6670
 7.7840	 5.6736
 7.7723	 5.6855
 7.7607	 5.7082
 7.7491	 5.7270
 7.7375	 5.7358
 7.7260	 5.7436
 7.7145	 5.7539
 7.7031	 5.7729
 7.6916	 5.7973
 7.6802	 5.8115
 7.6689	 5.8213
 7.6575	 5.8401
 7.6462	 5.8577
 7.6350	 5.8791
 7.6238	 5.8826
 7.6126	 5.8877
 7.6014	 5.9016
 7.5903	 5.9099
 7.5792	 5.9263
 7.5681	 5.9492
 7.5571	 5.9631
 7.5461	 5.9758
 7.5351	 5.9951
 7.5242	 5.9997
 7.5133	 6.0076
 7.5024	 6.0264
 7.4916	 6.0373
 7.4807	 6.0317
 7.4700	 6.0259
 7.4592	 6.0666
 7.4485	 6.1069
 7.4378	 6.1145
 7.4272	 6.1218
 7.4165	 6.1269
 7.4059	 6.1440
 7.3954	 6.1560
 7.3848	 6.1694
 7.3743	 6.1870
 7.3639	 6.2029
 7.3534	 6.2070
 7.3430	 6.2058
 7.3326	 6.2219
 7.3223	 6.2366
 7.3119	 6.2361
 7.3016	 6.2600
 7.2914	 6.2595
 7.2811	 6.2385
 7.2709	 6.2834
 7.2607	 6.3166
 7.2506	 6.3220
 7.2404	 6.3347
 7.2303	 6.3442
 7.2203	 6.3479
 7.2102	 6.3459
 7.2002	 6.3640
 7.1902	 6.3703
 7.1803	 6.3747
 7.1703	 6.3772
 7.1604	 6.4035
 7.1506	 6.4057
 7.1407	 6.4316
 7.1309	 6.4419
 7.1211	 6.4377
 7.1113	 6.4446
 7.1016	 6.4653
 7.0919	 6.4822
 7.0822	 6.5036
 7.0725	 6.5097
 7.0629	 6.4934
 7.0533	 6.4756
 7.0437	 6.5288
 7.0341	 6.5718
 7.0246	 6.5657
 7.0151	 6.5740
 7.0056	 6.5708
 6.9962	 6.5688
 6.9867	 6.5932
 6.9773	 6.5959
 6.9679	 6.5740
 6.9586	 6.5805
 6.9493	 6.6526
 6.9400	 6.6484
 6.9307	 6.6460
 6.9214	 6.6494
 6.9122	 6.6560
 6.9030	 6.6865
 6.8938	 6.7051
 6.8847	 6.7163
 6.8755	 6.7114
 6.8664	 6.6472
 6.8573	 6.7248
 6.8483	 6.7922
 6.8393	 6.7912
 6.8302	 6.7751
 6.8213	 6.8208
 6.8123	 6.8396
 6.8034	 6.7991
 6.7944	 6.7488
 6.7855	 6.7807
 6.7767	 6.7922
 6.7678	 6.7973
 6.7590	 6.7954
 6.7502	 6.8059
 6.7414	 6.8081
 6.7327	 6.7964
 6.7239	 6.8135
 6.7152	 6.8327
 6.7065	 6.8830
 6.6979	 6.8894
 6.6892	 6.8491
 6.6806	 6.8476
 6.6720	 6.8945
 6.6634	 6.9167
 6.6549	 6.9136
 6.6464	 6.8950
 6.6378	 6.8530
 6.6294	 6.9690
 6.6209	 6.9958
 6.6124	 6.9971
 6.6040	 6.9819
 6.5956	 6.9668
 6.5872	 7.0166
 6.5789	 6.9966
 6.5705	 7.0263
 6.5622	 7.1120
 6.5539	 7.0725
 6.5456	 7.0732
 6.5374	 7.0613
 6.5292	 7.0337
 6.5209	 7.0578
 6.5128	 7.1321
 6.5046	 7.1011
 6.4964	 7.0354
 6.4883	 7.1096
 6.4802	 7.1719
 6.4721	 7.1521
 6.4640	 7.1501
 6.4560	 7.1492
 6.4480	 7.1809
 6.4399	 7.1711
 6.4320	 7.1692
 6.4240	 7.1792
 6.4160	 7.1064
 6.4081	 7.1809
 6.4002	 7.2168
 6.3923	 7.2243
 6.3844	 7.2400
 6.3766	 7.2026
 6.3687	 7.2307
 6.3609	 7.2822
 6.3531	 7.2654
 6.3454	 7.2424
 6.3376	 7.3000
 6.3299	 7.3083
 6.3221	 7.3115
 6.3144	 7.3210
 6.3068	 7.3210
 6.2991	 7.3176
 6.2914	 7.3288
 6.2838	 7.3450
 6.2762	 7.3401
 6.2686	 7.3413
 6.2611	 7.3616
 6.2535	 7.3679
 6.2460	 7.3696
 6.2385	 7.3808
 6.2310	 7.3791
 6.2235	 7.3782
 6.2160	 7.3869
 6.2086	 7.4035
 6.2011	 7.4082
 6.1937	 7.4026
 6.1863	 7.3945
 6.1790	 7.4482
 6.1716	 7.4421
 6.1643	 7.3970
 6.1570	 7.3950
 6.1496	 7.4338
 6.1424	 7.4436
 6.1351	 7.4614
 6.1278	 7.4543
 6.1206	 7.4365
 6.1134	 7.4350
 6.1062	 7.5095
 6.0990	 7.4931
 6.0918	 7.4831
 6.0847	 7.4656
 6.0776	 7.4460
 6.0704	 7.4902
 6.0633	 7.5398
 6.0563	 7.4944
 6.0492	 7.3828
 6.0421	 7.5422
 6.0351	 7.5552
 6.0281	 7.5061
 6.0211	 7.4626
 6.0141	 7.4741
 6.0071	 7.5054
 6.0002	 7.4653
 5.9932	 7.4092
 5.9863	 7.4343
 5.9794	 7.4543
 5.9725	 7.3921
 5.9657	 7.4009
 5.9588	 7.4509
 5.9520	 7.4258
 5.9451	 7.3591
 5.9383	 7.3061
 5.9315	 7.4521
 5.9247	 7.4263
 5.9180	 7.4114
 5.9112	 7.4118
 5.9045	 7.3850
 5.8978	 7.3498
 5.8911	 7.4026
 5.8844	 7.3923
 5.8777	 7.4265
 5.8711	 7.4216
 5.8644	 7.3916
 5.8578	 7.4057
 5.8512	 7.3867
 5.8446	 7.3933
 5.8380	 7.4001
 5.8314	 7.3752
 5.8249	 7.3398
 5.8184	 7.4053
 5.8118	 7.4360
 5.8053	 7.4245
 5.7988	 7.4241
 5.7924	 7.4160
 5.7859	 7.4116
 5.7794	 7.4331
 5.7730	 7.4492
 5.7666	 7.4292
 5.7602	 7.5056
 5.7538	 7.4885
 5.7474	 7.4785
 5.7410	 7.4978
 5.7347	 7.5014
 5.7283	 7.5034
 5.7220	 7.5066
 5.7157	 7.5171
 5.7094	 7.5088
 5.7031	 7.5117
 5.6969	 7.4866
 5.6906	 7.4646
 5.6844	 7.4477
 5.6782	 7.4402
 5.6719	 7.4956
 5.6657	 7.4995
 5.6596	 7.4692
 5.6534	 7.4656
 5.6472	 7.4521
 5.6411	 7.4746
 5.6349	 7.5022
 5.6288	 7.5073
 5.6227	 7.4973
 5.6166	 7.5036
 5.6106	 7.5227
 5.6045	 7.4988
 5.5984	 7.5078
 5.5924	 7.5014
 5.5864	 7.4792
 5.5804	 7.5137
 5.5744	 7.5544
 5.5684	 7.5312
 5.5624	 7.5112
 5.5564	 7.5105
 5.5505	 7.5232
 5.5445	 7.5320
 5.5386	 7.5268
 5.5327	 7.5198
 5.5268	 7.5227
 5.5209	 7.5259
 5.5151	 7.5317
 5.5092	 7.5254
 5.5033	 7.5349
 5.4975	 7.5559
 5.4917	 7.5544
 5.4859	 7.5393
 5.4801	 7.5508
 5.4743	 7.5757
 5.4685	 7.5600
 5.4628	 7.5735
 5.4570	 7.5950
 5.4513	 7.5886
 5.4455	 7.5801
 5.4398	 7.5818
 5.4341	 7.6020
 5.4284	 7.5818
 5.4228	 7.5876
 5.4171	 7.6335
 5.4114	 7.6179
 5.4058	 7.6106
 5.4002	 7.6135
 5.3945	 7.6221
 5.3889	 7.6267
 5.3833	 7.6347
 5.3778	 7.6421
 5.3722	 7.6428
 5.3666	 7.6572
 5.3611	 7.6526
 5.3555	 7.6343
 5.3500	 7.6631
 5.3445	 7.6931
 5.3390	 7.6877
 5.3335	 7.6833
 5.3280	 7.6826
 5.3225	 7.6804
 5.3171	 7.6780
 5.3116	 7.6821
 5.3062	 7.6994
 5.3008	 7.7046
 5.2954	 7.6994
 5.2900	 7.7156
 5.2846	 7.7202
 5.2792	 7.7178
 5.2738	 7.7273
 5.2684	 7.7226
 5.2631	 7.7092
 5.2578	 7.7226
 5.2524	 7.7334
 5.2471	 7.7344
 5.2418	 7.7192
 5.2365	 7.7275
 5.2312	 7.7546
 5.2260	 7.7451
 5.2207	 7.7270
 5.2154	 7.7258
 5.2102	 7.7517
 5.2050	 7.7475
 5.1998	 7.7473
 5.1945	 7.7641
 5.1893	 7.7649
 5.1842	 7.7615
 5.1790	 7.7619
 5.1738	 7.7646
 5.1686	 7.7658
 5.1635	 7.7729
 5.1584	 7.7690
 5.1532	 7.7561
 5.1481	 7.7607
 5.1430	 7.7742
 5.1379	 7.7827
 5.1328	 7.7856
 5.1277	 7.7815
 5.1227	 7.7834
 5.1176	 7.7895
 5.1126	 7.7993
 5.1075	 7.7966
 5.1025	 7.8030
 5.0975	 7.8152
 5.0925	 7.8171
 5.0875	 7.8113
 5.0825	 7.8240
 5.0775	 7.8371
 5.0726	 7.8327
 5.0676	 7.8266
 5.0627	 7.8330
 5.0577	 7.8257
 5.0528	 7.8325
 5.0479	 7.8481
 5.0430	 7.8515
 5.0380	 7.8435
 5.0332	 7.8471
 5.0283	 7.8586
 5.0234	 7.8410
 5.0185	 7.8489
 5.0137	 7.8794
 5.0088	 7.8721
 5.0040	 7.8686
 4.9992	 7.8825
 4.9944	 7.8865
 4.9896	 7.8786
 4.9848	 7.8816
 4.9800	 7.8926
 4.9752	 7.8838
 4.9704	 7.8784
 4.9657	 7.8845
 4.9609	 7.8718
 4.9562	 7.8828
 4.9514	 7.9057
 4.9467	 7.8977
 4.9420	 7.8982
 4.9373	 7.9177
 4.9326	 7.9282
 4.9279	 7.9104
 4.9232	 7.9111
 4.9186	 7.9243
 4.9139	 7.9199
 4.9092	 7.9136
 4.9046	 7.9231
 4.9000	 7.9380
 4.8953	 7.9446
 4.8907	 7.9448
 4.8861	 7.9433
 4.8815	 7.9487
 4.8769	 7.9516
 4.8723	 7.9558
 4.8678	 7.9592
 4.8632	 7.9614
 4.8586	 7.9648
 4.8541	 7.9670
 4.8495	 7.9634
 4.8450	 7.9668
 4.8405	 7.9751
 4.8360	 7.9780
 4.8315	 7.9834
 4.8270	 7.9866
 4.8225	 7.9795
 4.8180	 7.9814
 4.8135	 7.9912
 4.8090	 7.9980
 4.8046	 7.9929
 4.8001	 7.9973
 4.7957	 7.9978
 4.7913	 7.9968
 4.7868	 8.0063
 4.7824	 8.0176
 4.7780	 8.0149
 4.7736	 8.0158
 4.7692	 8.0173
 4.7648	 8.0178
 4.7605	 8.0205
 4.7561	 8.0271
 4.7517	 8.0298
 4.7474	 8.0303
 4.7431	 8.0268
 4.7387	 8.0346
 4.7344	 8.0398
 4.7301	 8.0305
 4.7258	 8.0303
 4.7215	 8.0346
 4.7172	 8.0373
 4.7129	 8.0451
 4.7086	 8.0515
 4.7043	 8.0534
 4.7000	 8.0620
 4.6958	 8.0586
 4.6915	 8.0542
 4.6873	 8.0549
 4.6831	 8.0620
 4.6788	 8.0613
 4.6746	 8.0617
 4.6704	 8.0737
 4.6662	 8.0703
 4.6620	 8.0659
 4.6578	 8.0737
 4.6536	 8.0803
 4.6495	 8.0754
 4.6453	 8.0654
 4.6411	 8.0730
 4.6370	 8.0864
 4.6328	 8.0835
 4.6287	 8.0840
 4.6246	 8.0928
 4.6205	 8.0896
 4.6163	 8.1011
 4.6122	 8.1145
 4.6081	 8.1159
 4.6040	 8.1191
 4.6000	 8.1189
 4.5959	 8.1147
 4.5918	 8.1040
 4.5877	 8.1023
 4.5837	 8.1084
 4.5796	 8.1101
 4.5756	 8.1123
 4.5716	 8.1152
 4.5675	 8.1052
 4.5635	 8.1084
 4.5595	 8.1181
 4.5555	 8.1167
 4.5515	 8.1111
 4.5475	 8.1186
 4.5435	 8.1328
 4.5395	 8.1257
 4.5356	 8.1216
 4.5316	 8.1245
 4.5276	 8.1267
 4.5237	 8.1306
 4.5197	 8.1362
 4.5158	 8.1396
 4.5119	 8.1330
 4.5080	 8.1316
 4.5040	 8.1323
 4.5001	 8.1301
 4.4962	 8.1372
 4.4923	 8.1421
 4.4884	 8.1352
 4.4846	 8.1369
 4.4807	 8.1516
 4.4768	 8.1513
 4.4730	 8.1401
 4.4691	 8.1457
 4.4652	 8.1513
 4.4614	 8.1491
 4.4576	 8.1553
 4.4537	 8.1606
 4.4499	 8.1521
 4.4461	 8.1543
 4.4423	 8.1623
 4.4385	 8.1616
 4.4347	 8.1531
 4.4309	 8.1438
 4.4271	 8.1438
 4.4233	 8.1372
 4.4196	 8.1428
 4.4158	 8.1501
 4.4120	 8.1472
 4.4083	 8.1472
 4.4045	 8.1535
 4.4008	 8.1531
 4.3971	 8.1445
 4.3934	 8.1509
 4.3896	 8.1516
 4.3859	 8.1491
 4.3822	 8.1531
 4.3785	 8.1553
 4.3748	 8.1516
 4.3711	 8.1404
 4.3674	 8.1304
 4.3638	 8.1147
 4.3601	 8.0847
 4.3564	 8.0696
 4.3528	 8.0578
 4.3491	 8.0320
 4.3455	 8.0029
 4.3418	 7.9907
 4.3382	 7.9721
 4.3346	 7.9238
 4.3310	 7.8825
 4.3273	 7.8640
 4.3237	 7.8474
 4.3201	 7.8276
 4.3165	 7.7866
 4.3129	 7.7251
 4.3094	 7.6538
 4.3058	 7.6059
 4.3022	 7.5840
 4.2986	 7.5708
 4.2951	 7.5298
 4.2915	 7.5063
 4.2880	 7.4971
 4.2844	 7.5322
 4.2809	 7.5371
 4.2774	 7.5073
 4.2738	 7.4609
 4.2703	 7.4101
 4.2668	 7.4192
 4.2633	 7.5049
 4.2598	 7.6426
 4.2563	 7.6550
 4.2528	 7.5307
 4.2493	 7.3869
 4.2458	 7.2905
 4.2424	 7.2229
 4.2389	 7.2138
 4.2354	 7.2051
 4.2320	 7.1855
 4.2285	 7.2727
 4.2251	 7.3518
 4.2216	 7.4468
 4.2182	 7.5510
 4.2148	 7.6343
 4.2113	 7.7314
 4.2079	 7.8125
 4.2045	 7.8804
 4.2011	 7.9631
 4.1977	 8.0420
 4.1943	 8.1135
 4.1909	 8.1677
 4.1875	 8.1811
 4.1841	 8.1821
 4.1808	 8.2026
 4.1774	 8.2114
 4.1740	 8.1999
 4.1707	 8.2019
 4.1673	 8.2004
 4.1640	 8.1924
 4.1606	 8.2019
 4.1573	 8.2085
 4.1540	 8.2055
 4.1506	 8.2082
 4.1473	 8.2178
 4.1440	 8.2175
 4.1407	 8.2119
 4.1374	 8.2126
 4.1341	 8.2119
 4.1308	 8.2038
 4.1275	 8.2048
 4.1242	 8.2082
 4.1209	 8.2124
 4.1177	 8.2134
 4.1144	 8.2092
 4.1111	 8.2041
 4.1079	 8.2114
 4.1046	 8.2143
 4.1014	 8.2197
 4.0981	 8.2175
 4.0949	 8.2116
 4.0917	 8.2055
 4.0884	 8.1950
 4.0852	 8.1968
 4.0820	 8.2107
 4.0788	 8.2143
 4.0756	 8.2173
 4.0724	 8.2148
 4.0692	 8.2197
 4.0660	 8.2258
 4.0628	 8.2197
 4.0596	 8.2251
 4.0565	 8.2314
 4.0533	 8.2219
 4.0501	 8.2192
 4.0470	 8.2204
 4.0438	 8.2180
 4.0406	 8.2212
 4.0375	 8.2258
 4.0344	 8.2326
 4.0312	 8.2351
 4.0281	 8.2356
 4.0250	 8.2458
 4.0218	 8.2495
 4.0187	 8.2412
 4.0156	 8.2385
 4.0125	 8.2407
 4.0094	 8.2402
 4.0063	 8.2402
 4.0032	 8.2312
 4.0001	 8.2358
 3.9970	 8.2468
 3.9940	 8.2446
 3.9909	 8.2412
 3.9878	 8.2478
 3.9847	 8.2475
 3.9817	 8.2424
 3.9786	 8.2429
 3.9756	 8.2556
 3.9725	 8.2549
 3.9695	 8.2522
 3.9665	 8.2546
 3.9634	 8.2551
 3.9604	 8.2512
 3.9574	 8.2585
 3.9544	 8.2595
 3.9513	 8.2651
 3.9483	 8.2705
 3.9453	 8.2624
 3.9423	 8.2561
 3.9393	 8.2600
 3.9363	 8.2678
 3.9333	 8.2712
 3.9304	 8.2637
 3.9274	 8.2693
 3.9244	 8.2707
 3.9214	 8.2702
 3.9185	 8.2815
 3.9155	 8.2798
 3.9126	 8.2673
 3.9096	 8.2729
 3.9067	 8.2746
 3.9037	 8.2732
 3.9008	 8.2746
 3.8979	 8.2888
 3.8949	 8.2922
 3.8920	 8.2881
 3.8891	 8.2873
 3.8862	 8.2856
 3.8833	 8.2832
 3.8804	 8.2820
 3.8775	 8.2837
 3.8746	 8.2920
 3.8717	 8.2947
 3.8688	 8.2942
 3.8659	 8.2927
 3.8630	 8.2890
 3.8601	 8.2859
 3.8573	 8.2854
 3.8544	 8.2815
 3.8515	 8.2768
 3.8487	 8.2778
 3.8458	 8.2803
 3.8430	 8.2844
 3.8401	 8.2939
 3.8373	 8.2978
 3.8344	 8.2973
 3.8316	 8.3012
 3.8288	 8.3039
 3.8259	 8.3008
 3.8231	 8.2978
 3.8203	 8.2934
 3.8175	 8.2986
 3.8147	 8.3000
 3.8119	 8.3005
 3.8091	 8.2971
 3.8063	 8.3076
 3.8035	 8.3083
 3.8007	 8.3027
 3.7979	 8.2961
 3.7951	 8.2986
 3.7924	 8.3074
 3.7896	 8.3137
 3.7868	 8.3183
 3.7841	 8.3213
 3.7813	 8.3254
 3.7785	 8.3252
 3.7758	 8.3183
 3.7730	 8.3103
 3.7703	 8.3098
 3.7676	 8.3152
 3.7648	 8.3149
 3.7621	 8.3137
 3.7594	 8.3166
 3.7566	 8.3208
 3.7539	 8.3247
 3.7512	 8.3254
 3.7485	 8.3293
 3.7458	 8.3374
 3.7431	 8.3423
 3.7404	 8.3320
 3.7377	 8.3222
 3.7350	 8.3174
 3.7323	 8.3174
 3.7296	 8.3266
 3.7269	 8.3379
 3.7242	 8.3410
 3.7216	 8.3398
 3.7189	 8.3462
 3.7162	 8.3391
 3.7136	 8.3335
 3.7109	 8.3366
 3.7083	 8.3364
 3.7056	 8.3325
 3.7030	 8.3337
 3.7003	 8.3357
 3.6977	 8.3337
 3.6950	 8.3257
 3.6924	 8.3237
 3.6898	 8.3281
 3.6872	 8.3254
 3.6845	 8.3254
 3.6819	 8.3262
 3.6793	 8.3349
 3.6767	 8.3342
 3.6741	 8.3247
 3.6715	 8.3271
 3.6689	 8.3298
 3.6663	 8.3364
 3.6637	 8.3376
 3.6611	 8.3254
 3.6585	 8.3222
 3.6560	 8.3220
 3.6534	 8.3186
 3.6508	 8.3174
 3.6482	 8.3144
 3.6457	 8.3176
 3.6431	 8.3203
 3.6406	 8.3225
 3.6380	 8.3157
 3.6355	 8.3081
 3.6329	 8.3100
 3.6304	 8.3178
 3.6278	 8.3100
 3.6253	 8.3066
 3.6227	 8.3169
 3.6202	 8.3188
 3.6177	 8.3147
 3.6152	 8.3164
 3.6127	 8.3166
 3.6101	 8.3257
 3.6076	 8.3139
 3.6051	 8.3066
 3.6026	 8.3105
 3.6001	 8.3103
 3.5976	 8.3086
 3.5951	 8.2986
 3.5926	 8.3030
 3.5901	 8.3061
 3.5876	 8.3010
 3.5852	 8.3044
 3.5827	 8.3183
 3.5802	 8.3178
 3.5777	 8.3108
 3.5753	 8.3132
 3.5728	 8.3132
 3.5704	 8.3122
 3.5679	 8.3154
 3.5654	 8.3183
 3.5630	 8.3144
 3.5605	 8.3120
 3.5581	 8.3137
 3.5557	 8.3213
 3.5532	 8.3240
 3.5508	 8.3161
 3.5484	 8.3037
 3.5459	 8.3161
 3.5435	 8.3301
 3.5411	 8.3337
 3.5387	 8.3332
 3.5363	 8.3266
 3.5338	 8.3227
 3.5314	 8.3203
 3.5290	 8.3320
 3.5266	 8.3506
 3.5242	 8.3432
 3.5218	 8.3398
 3.5195	 8.3623
 3.5171	 8.3840
 3.5147	 8.3952
 3.5123	 8.4160
 3.5099	 8.4450
 3.5075	 8.4597
 3.5052	 8.4533
 3.5028	 8.4536
 3.5004	 8.4485
 3.4981	 8.4250
 3.4957	 8.4074
 3.4934	 8.3972
 3.4910	 8.3789
 3.4887	 8.3730
 3.4863	 8.3747
 3.4840	 8.3684
 3.4816	 8.3657
 3.4793	 8.3650
 3.4770	 8.3528
 3.4746	 8.3523
 3.4723	 8.3603
 3.4700	 8.3618
 3.4677	 8.3628
 3.4653	 8.3691
 3.4630	 8.3777
 3.4607	 8.3716
 3.4584	 8.3713
 3.4561	 8.3811
 3.4538	 8.3874
 3.4515	 8.3950
 3.4492	 8.3955
 3.4469	 8.3923
 3.4446	 8.3982
 3.4423	 8.4087
 3.4400	 8.4140
 3.4378	 8.4153
 3.4355	 8.4372
 3.4332	 8.4680
 3.4309	 8.4812
 3.4287	 8.5002
 3.4264	 8.5305
 3.4241	 8.5595
 3.4219	 8.5664
 3.4196	 8.5674
 3.4174	 8.5554
 3.4151	 8.5354
 3.4129	 8.5244
 3.4106	 8.5110
 3.4084	 8.4797
 3.4061	 8.4602
 3.4039	 8.4502
 3.4017	 8.4385
 3.3994	 8.4175
 3.3972	 8.3984
 3.3950	 8.3891
 3.3928	 8.3869
 3.3906	 8.3806
 3.3883	 8.3867
 3.3861	 8.3908
 3.3839	 8.3879
 3.3817	 8.3779
 3.3795	 8.3887
 3.3773	 8.3850
 3.3751	 8.3699
 3.3729	 8.3696
 3.3707	 8.3650
 3.3685	 8.3567
 3.3663	 8.3496
 3.3641	 8.3420
 3.3620	 8.3281
 3.3598	 8.3247
 3.3576	 8.3320
 3.3554	 8.3305
 3.3533	 8.3149
 3.3511	 8.3161
 3.3489	 8.3301
 3.3468	 8.3430
 3.3446	 8.3288
 3.3425	 8.3125
 3.3403	 8.3171
 3.3382	 8.3169
 3.3360	 8.3232
 3.3339	 8.3227
 3.3317	 8.3262
 3.3296	 8.3198
 3.3274	 8.3159
 3.3253	 8.3135
 3.3232	 8.3218
 3.3210	 8.3149
 3.3189	 8.3105
 3.3168	 8.3157
 3.3147	 8.3113
 3.3126	 8.3032
 3.3104	 8.3125
 3.3083	 8.3142
 3.3062	 8.3130
 3.3041	 8.3154
 3.3020	 8.3213
 3.2999	 8.3178
 3.2978	 8.3174
 3.2957	 8.3159
 3.2936	 8.3242
 3.2915	 8.3340
 3.2894	 8.3208
 3.2874	 8.3061
 3.2853	 8.3081
 3.2832	 8.3086
 3.2811	 8.3193
 3.2790	 8.3178
 3.2770	 8.3027
 3.2749	 8.3069
 3.2728	 8.3157
 3.2708	 8.3232
 3.2687	 8.3208
 3.2666	 8.3061
 3.2646	 8.3100
 3.2625	 8.3108
 3.2605	 8.3027
 3.2584	 8.3012
 3.2564	 8.3137
 3.2543	 8.3203
 3.2523	 8.3301
 3.2503	 8.3222
 3.2482	 8.3108
 3.2462	 8.3110
 3.2442	 8.3108
 3.2421	 8.3000
 3.2401	 8.3054
 3.2381	 8.3186
 3.2361	 8.3135
 3.2340	 8.3049
 3.2320	 8.3103
 3.2300	 8.3266
 3.2280	 8.3323
 3.2260	 8.3259
 3.2240	 8.3293
 3.2220	 8.3257
 3.2200	 8.3227
 3.2180	 8.3220
 3.2160	 8.3100
 3.2140	 8.3076
 3.2120	 8.3110
 3.2100	 8.3174
 3.2080	 8.3235
 3.2060	 8.3293
 3.2040	 8.3240
 3.2021	 8.3149
 3.2001	 8.3303
 3.1981	 8.3288
 3.1961	 8.3320
 3.1942	 8.3230
 3.1922	 8.3232
 3.1902	 8.3139
 3.1883	 8.3122
 3.1863	 8.3237
 3.1844	 8.3149
 3.1824	 8.3169
 3.1805	 8.3154
 3.1785	 8.3076
 3.1766	 8.3078
 3.1746	 8.3017
 3.1727	 8.2969
 3.1707	 8.3015
 3.1688	 8.3042
 3.1669	 8.2886
 3.1649	 8.2866
 3.1630	 8.2998
 3.1611	 8.3056
 3.1591	 8.2998
 3.1572	 8.2971
 3.1553	 8.2978
 3.1534	 8.3110
 3.1515	 8.3110
 3.1495	 8.3071
 3.1476	 8.3200
 3.1457	 8.3374
 3.1438	 8.3222
 3.1419	 8.3042
 3.1400	 8.3071
 3.1381	 8.3130
 3.1362	 8.3088
 3.1343	 8.3103
 3.1324	 8.3012
 3.1305	 8.2932
 3.1286	 8.3037
 3.1268	 8.3159
 3.1249	 8.3008
 3.1230	 8.2866
 3.1211	 8.3022
 3.1192	 8.3220
 3.1174	 8.3086
 3.1155	 8.2939
 3.1136	 8.3086
 3.1117	 8.3149
 3.1099	 8.3037
 3.1080	 8.2900
 3.1061	 8.2966
 3.1043	 8.2944
 3.1024	 8.2854
 3.1006	 8.2890
 3.0987	 8.3032
 3.0969	 8.2934
 3.0950	 8.2861
 3.0932	 8.2908
 3.0913	 8.2920
 3.0895	 8.3161
 3.0876	 8.3174
 3.0858	 8.2966
 3.0840	 8.2908
 3.0821	 8.2873
 3.0803	 8.2873
 3.0785	 8.2925
 3.0766	 8.2895
 3.0748	 8.2978
 3.0730	 8.2939
 3.0712	 8.2832
 3.0694	 8.2815
 3.0675	 8.2861
 3.0657	 8.2893
 3.0639	 8.2837
 3.0621	 8.2834
 3.0603	 8.2890
 3.0585	 8.2827
 3.0567	 8.2805
 3.0549	 8.2898
 3.0531	 8.3074
 3.0513	 8.2954
 3.0495	 8.2798
 3.0477	 8.2790
 3.0459	 8.2890
 3.0441	 8.3047
 3.0423	 8.2944
 3.0406	 8.2798
 3.0388	 8.2729
 3.0370	 8.2646
 3.0352	 8.2553
 3.0334	 8.2519
 3.0317	 8.2656
 3.0299	 8.2658
 3.0281	 8.2741
 3.0264	 8.2671
 3.0246	 8.2519
 3.0228	 8.2444
 3.0211	 8.2480
 3.0193	 8.2627
 3.0176	 8.2749
 3.0158	 8.2563
 3.0140	 8.2495
 3.0123	 8.2607
 3.0105	 8.2522
 3.0088	 8.2502
 3.0070	 8.2634
 3.0053	 8.2534
 3.0036	 8.2427
 3.0018	 8.2353
 3.0001	 8.2387
 2.9984	 8.2353
 2.9966	 8.2446
 2.9949	 8.2588
 2.9932	 8.2339
 2.9914	 8.2026
 2.9897	 8.2124
 2.9880	 8.2270
 2.9863	 8.2336
 2.9845	 8.2319
 2.9828	 8.2319
 2.9811	 8.2304
 2.9794	 8.2212
 2.9777	 8.2261
 2.9760	 8.2314
 2.9743	 8.2285
 2.9726	 8.2158
 2.9709	 8.2197
 2.9692	 8.2236
 2.9675	 8.1953
 2.9658	 8.1826
 2.9641	 8.1963
 2.9624	 8.2012
 2.9607	 8.1845
 2.9590	 8.1719
 2.9573	 8.1826
 2.9556	 8.1899
 2.9539	 8.1821
 2.9523	 8.1775
 2.9506	 8.1684
 2.9489	 8.1616
 2.9472	 8.1748
 2.9455	 8.1723
 2.9439	 8.1704
 2.9422	 8.1714
 2.9405	 8.1611
 2.9389	 8.1689
 2.9372	 8.1626
 2.9355	 8.1479
 2.9339	 8.1518
 2.9322	 8.1440
 2.9306	 8.1396
 2.9289	 8.1387
 2.9272	 8.1367
 2.9256	 8.1465
 2.9239	 8.1543
 2.9223	 8.1596
 2.9207	 8.1484
 2.9190	 8.1274
 2.9174	 8.1279
 2.9157	 8.1411
 2.9141	 8.1260
 2.9124	 8.1098
 2.9108	 8.1108
 2.9092	 8.1255
 2.9075	 8.1333
 2.9059	 8.1377
 2.9043	 8.1396
 2.9027	 8.1333
 2.9010	 8.1487
 2.8994	 8.1455
 2.8978	 8.1094
 2.8962	 8.1162
 2.8946	 8.1264
 2.8929	 8.1245
 2.8913	 8.1123
 2.8897	 8.1084
 2.8881	 8.1225
 2.8865	 8.1040
 2.8849	 8.0971
 2.8833	 8.1035
 2.8817	 8.0923
 2.8801	 8.0928
 2.8785	 8.0918
 2.8769	 8.0781
 2.8753	 8.0635
 2.8737	 8.0801
 2.8721	 8.0969
 2.8705	 8.1155
 2.8689	 8.0935
 2.8673	 8.0884
 2.8658	 8.0959
 2.8642	 8.0727
 2.8626	 8.0537
 2.8610	 8.0703
 2.8594	 8.0842
 2.8579	 8.0517
 2.8563	 8.0456
 2.8547	 8.0674
 2.8531	 8.0654
 2.8516	 8.0469
 2.8500	 8.0422
 2.8484	 8.0349
 2.8469	 8.0268
 2.8453	 8.0325
 2.8437	 8.0395
 2.8422	 8.0339
 2.8406	 8.0249
 2.8391	 8.0278
 2.8375	 8.0295
 2.8360	 8.0332
 2.8344	 8.0742
 2.8329	 8.0659
 2.8313	 8.0351
 2.8298	 8.0285
 2.8282	 8.0241
 2.8267	 8.0107
 2.8252	 8.0046
 2.8236	 8.0139
 2.8221	 8.0337
 2.8205	 8.0737
 2.8190	 8.0517
 2.8175	 8.0171
 2.8159	 8.0088
 2.8144	 8.0254
 2.8129	 8.0124
 2.8114	 7.9819
 2.8098	 7.9787
 2.8083	 7.9890
 2.8068	 7.9660
 2.8053	 7.9707
 2.8038	 8.0383
 2.8022	 8.0881
 2.8007	 8.0058
 2.7992	 7.9502
 2.7977	 7.9160
 2.7962	 7.9201
 2.7947	 7.9292
 2.7932	 7.9179
 2.7917	 7.8957
 2.7902	 7.9055
 2.7887	 7.9175
 2.7872	 8.0022
 2.7857	 7.9961
 2.7842	 7.9084
 2.7827	 7.9165
 2.7812	 7.9717
 2.7797	 7.9541
 2.7782	 7.9223
 2.7767	 7.9468
 2.7752	 7.9311
 2.7738	 7.8718
 2.7723	 7.8716
 2.7708	 7.9289
 2.7693	 7.9289
 2.7678	 7.9482
 2.7664	 7.9702
 2.7649	 7.9211
 2.7634	 7.9306
 2.7619	 7.9680
 2.7605	 7.9179
 2.7590	 7.8655
 2.7575	 7.8408
 2.7561	 7.8930
 2.7546	 8.0107
 2.7531	 7.9319
 2.7517	 7.9253
 2.7502	 7.8916
 2.7488	 7.8633
 2.7473	 7.8633
 2.7458	 7.8769
 2.7444	 7.8879
 2.7429	 7.8965
 2.7415	 8.0420
 2.7400	 8.2270
 2.7386	 8.1523
 2.7371	 7.9924
 2.7357	 7.9543
 2.7343	 7.9670
 2.7328	 7.9004
 2.7314	 7.8818
 2.7299	 7.8943
 2.7285	 7.8874
 2.7271	 7.8745
 2.7256	 7.8957
 2.7242	 8.0312
 2.7228	 7.9546
 2.7213	 7.9555
 2.7199	 8.1640
 2.7185	 8.0127
 2.7171	 7.9465
 2.7156	 7.8930
 2.7142	 7.8828
 2.7128	 7.8852
 2.7114	 7.9663
 2.7100	 8.0664
 2.7085	 8.0195
 2.7071	 7.9316
 2.7057	 7.8967
 2.7043	 7.8926
 2.7029	 7.8987
 2.7015	 7.9719
 2.7001	 7.9553
 2.6987	 7.8872
 2.6973	 7.8725
 2.6959	 7.9309
 2.6945	 8.0884
 2.6931	 8.1196
 2.6917	 7.9946
 2.6903	 7.9309
 2.6889	 7.9394
 2.6875	 7.9573
 2.6861	 7.9778
 2.6847	 7.9563
 2.6833	 7.9346
 2.6819	 7.9035
 2.6805	 7.8789
 2.6791	 7.9599
 2.6778	 8.0449
 2.6764	 8.1972
 2.6750	 8.0884
 2.6736	 7.9602
 2.6722	 7.9336
 2.6709	 7.9609
 2.6695	 8.0840
 2.6681	 8.0434
 2.6667	 8.1782
 2.6654	 8.3906
 2.6640	 8.2075
 2.6626	 8.0024
 2.6613	 7.9709
 2.6599	 8.0019
 2.6585	 8.0312
 2.6572	 8.0000
 2.6558	 7.9885
 2.6545	 7.9736
 2.6531	 7.9629
 2.6517	 8.0295
 2.6504	 8.0102
 2.6490	 7.9726
 2.6477	 7.9619
 2.6463	 7.9961
 2.6450	 8.0481
 2.6436	 7.9819
 2.6423	 7.9839
 2.6409	 7.9934
 2.6396	 7.9751
 2.6382	 7.9807
 2.6369	 7.9966
 2.6356	 7.9941
 2.6342	 8.0012
 2.6329	 8.0071
 2.6315	 8.0254
 2.6302	 8.1865
 2.6289	 8.0923
 2.6275	 8.0058
 2.6262	 8.0849
 2.6249	 8.0051
 2.6236	 7.9477
 2.6222	 7.9563
 2.6209	 8.0073
 2.6196	 8.0473
 2.6183	 8.0063
 2.6169	 8.0244
 2.6156	 8.0049
 2.6143	 8.0012
 2.6130	 8.0342
 2.6117	 7.9836
 2.6103	 7.9709
 2.6090	 8.0078
 2.6077	 8.0180
 2.6064	 8.0630
 2.6051	 8.1391
 2.6038	 8.1367
 2.6025	 8.0439
 2.6012	 8.0210
 2.5999	 7.9563
 2.5986	 7.8882
 2.5973	 7.8965
 2.5960	 7.9570
 2.5947	 8.2588
 2.5934	 8.1137
 2.5921	 7.9824
 2.5908	 7.9123
 2.5895	 7.9531
 2.5882	 8.0156
 2.5869	 8.0415
 2.5856	 7.9834
 2.5843	 8.0010
 2.5830	 8.0888
 2.5817	 8.0210
 2.5805	 8.0361
 2.5792	 7.9907
 2.5779	 7.9573
 2.5766	 7.9922
 2.5753	 7.9853
 2.5741	 7.9941
 2.5728	 8.0522
 2.5715	 7.9475
 2.5702	 7.9338
 2.5690	 8.0171
 2.5677	 7.9700
 2.5664	 7.8999
 2.5651	 7.9084
 2.5639	 7.9619
 2.5626	 7.9551
 2.5613	 7.9966
 2.5601	 8.0137
 2.5588	 7.9123
 2.5575	 7.8733
 2.5563	 7.8908
 2.5550	 7.9094
 2.5538	 7.9013
 2.5525	 7.9319
 2.5513	 7.9387
 2.5500	 7.9162
 2.5487	 7.8674
 2.5475	 7.8794
 2.5462	 7.9189
 2.5450	 7.9057
 2.5437	 7.9258
 2.5425	 7.9648
 2.5413	 7.9241
 2.5400	 7.8857
 2.5388	 7.8889
 2.5375	 7.9053
 2.5363	 7.9270
 2.5350	 7.9492
 2.5338	 7.9348
 2.5326	 7.9328
 2.5313	 7.9241
 2.5301	 7.9241
 2.5289	 7.9150
 2.5276	 7.9192
 2.5264	 7.9385
 2.5252	 7.9143
 2.5239	 7.9006
 2.5227	 7.8948
 2.5215	 7.9277
 2.5202	 7.9533
 2.5190	 7.9350
 2.5178	 7.9026
 2.5166	 7.8850
 2.5154	 7.8789
 2.5141	 7.8879
 2.5129	 7.9072
 2.5117	 7.9004
 2.5105	 7.8994
 2.5093	 7.8987
 2.5081	 7.9006
 2.5068	 7.8989
 2.5056	 7.9140
 2.5044	 7.9116
 2.5032	 7.8843
 2.5020	 7.8764
 2.5008	 7.8782
 2.4996	 7.8674
 2.4984	 7.8613
 2.4972	 7.8628
 2.4960	 7.8840
 2.4948	 7.9038
 2.4936	 7.9233
 2.4924	 7.8935
 2.4912	 7.8935
 2.4900	 7.8957
 2.4888	 7.8681
 2.4876	 7.8774
 2.4864	 7.8935
 2.4852	 7.8799
 2.4840	 7.8857
 2.4828	 7.8996
 2.4816	 7.8921
 2.4805	 7.8755
 2.4793	 7.8694
 2.4781	 7.8740
 2.4769	 7.8965
 2.4757	 7.9165
 2.4745	 7.8965
 2.4734	 7.8935
 2.4722	 7.8830
 2.4710	 7.8598
 2.4698	 7.8879
 2.4686	 7.9055
 2.4675	 7.8984
 2.4663	 7.8926
 2.4651	 7.9004
 2.4640	 7.9075
 2.4628	 7.8977
 2.4616	 7.8967
 2.4604	 7.9121
 2.4593	 7.9175
 2.4581	 7.9053
 2.4569	 7.8921
 2.4558	 7.8828
 2.4546	 7.8752
 2.4535	 7.8733
 2.4523	 7.8774
 2.4511	 7.8921
 2.4500	 7.8838
 2.4488	 7.8684
 2.4477	 7.8833
 2.4465	 7.9101
 2.4454	 7.9016
 2.4442	 7.8655
 2.4431	 7.8733
 2.4419	 7.8918
 2.4408	 7.8779
 2.4396	 7.8662
 2.4385	 7.8677
 2.4373	 7.8613
 2.4362	 7.8481
 2.4350	 7.8310
 2.4339	 7.8515
 2.4327	 7.8723
 2.4316	 7.8789
 2.4305	 7.8498
 2.4293	 7.8320
 2.4282	 7.8606
 2.4270	 7.8633
 2.4259	 7.8457
 2.4248	 7.8213
 2.4236	 7.8186
 2.4225	 7.8369
 2.4214	 7.8564
 2.4202	 7.8564
 2.4191	 7.8508
 2.4180	 7.8330
 2.4169	 7.8215
 2.4157	 7.8186
 2.4146	 7.8196
 2.4135	 7.8017
 2.4124	 7.8059
 2.4112	 7.8125
 2.4101	 7.8388
 2.4090	 7.8296
 2.4079	 7.8205
 2.4068	 7.8420
 2.4056	 7.8244
 2.4045	 7.8244
 2.4034	 7.8374
 2.4023	 7.8479
 2.4012	 7.8684
 2.4001	 7.8808
 2.3990	 7.8498
 2.3979	 7.8135
 2.3967	 7.7959
 2.3956	 7.8056
 2.3945	 7.8286
 2.3934	 7.8232
 2.3923	 7.8096
 2.3912	 7.8061
 2.3901	 7.8252
 2.3890	 7.8462
 2.3879	 7.8379
 2.3868	 7.8198
 2.3857	 7.8345
 2.3846	 7.8291
 2.3835	 7.8056
 2.3824	 7.8188
 2.3813	 7.8403
 2.3802	 7.8476
 2.3791	 7.8315
 2.3781	 7.8159
 2.3770	 7.8384
 2.3759	 7.8618
 2.3748	 7.8652
 2.3737	 7.8388
 2.3726	 7.8262
 2.3715	 7.8257
 2.3704	 7.8086
 2.3694	 7.8144
 2.3683	 7.7929
 2.3672	 7.7915
 2.3661	 7.8061
 2.3650	 7.8115
 2.3640	 7.8164
 2.3629	 7.8266
 2.3618	 7.8266
 2.3607	 7.8017
 2.3597	 7.7705
 2.3586	 7.8179
 2.3575	 7.8164
 2.3564	 7.7685
 2.3554	 7.7851
 2.3543	 7.8115
 2.3532	 7.8154
 2.3522	 7.7949
 2.3511	 7.8247
 2.3500	 7.8203
 2.3490	 7.7871
 2.3479	 7.7895
 2.3468	 7.8164
 2.3458	 7.8183
 2.3447	 7.8325
 2.3436	 7.8232
 2.3426	 7.8286
 2.3415	 7.8179
 2.3405	 7.8335
 2.3394	 7.8462
 2.3384	 7.7993
 2.3373	 7.7729
 2.3363	 7.7817
 2.3352	 7.7944
 2.3342	 7.8237
 2.3331	 7.7920
 2.3321	 7.7803
 2.3310	 7.7837
 2.3300	 7.7920
 2.3289	 7.7969
 2.3279	 7.8081
 2.3268	 7.8071
 2.3258	 7.8281
 2.3247	 7.8242
 2.3237	 7.8012
 2.3226	 7.7744
 2.3216	 7.8144
 2.3206	 7.8110
 2.3195	 7.7842
 2.3185	 7.7534
 2.3175	 7.7334
 2.3164	 7.7754
 2.3154	 7.7978
 2.3144	 7.7851
 2.3133	 7.7641
 2.3123	 7.7617
 2.3113	 7.7607
 2.3102	 7.7451
 2.3092	 7.7910
 2.3082	 7.7939
 2.3071	 7.7627
 2.3061	 7.7637
 2.3051	 7.7773
 2.3041	 7.7597
 2.3030	 7.7739
 2.3020	 7.7842
 2.3010	 7.7539
 2.3000	 7.7597
 2.2990	 7.7920
 2.2979	 7.8183
 2.2969	 7.7768
 2.2959	 7.7095
 2.2949	 7.7471
 2.2939	 7.7793
 2.2929	 7.7680
 2.2918	 7.7700
 2.2908	 7.7959
 2.2898	 7.8037
 2.2888	 7.7583
 2.2878	 7.7099
 2.2868	 7.7080
 2.2858	 7.7290
 2.2848	 7.7397
 2.2838	 7.7451
 2.2828	 7.7602
 2.2818	 7.7539
 2.2808	 7.7685
 2.2798	 7.7763
 2.2787	 7.7451
 2.2777	 7.7153
 2.2767	 7.7329
 2.2757	 7.7505
 2.2747	 7.7568
 2.2738	 7.7344
 2.2728	 7.7617
 2.2718	 7.7763
 2.2708	 7.7563
 2.2698	 7.7304
 2.2688	 7.7129
 2.2678	 7.7544
 2.2668	 7.7929
 2.2658	 7.7656
 2.2648	 7.7446
 2.2638	 7.7451
 2.2628	 7.7314
 2.2618	 7.7212
 2.2609	 7.7290
 2.2599	 7.7002
 2.2589	 7.7446
 2.2579	 7.7666
 2.2569	 7.7080
 2.2559	 7.7246
 2.2550	 7.7637
 2.2540	 7.7720
 2.2530	 7.7720
 2.2520	 7.7353
 2.2510	 7.7256
 2.2501	 7.7373
 2.2491	 7.7549
 2.2481	 7.7798
 2.2471	 7.7646
 2.2462	 7.7720
 2.2452	 7.7348
 2.2442	 7.6846
 2.2433	 7.7192
 2.2423	 7.7251
 2.2413	 7.7363
 2.2403	 7.7295
 2.2394	 7.7212
 2.2384	 7.6997
 2.2374	 7.6875
 2.2365	 7.7016
 2.2355	 7.7060
 2.2345	 7.7251
 2.2336	 7.7363
 2.2326	 7.7446
 2.2317	 7.7090
 2.2307	 7.7021
 2.2297	 7.6816
 2.2288	 7.6743
 2.2278	 7.6704
 2.2269	 7.7353
 2.2259	 7.7685
 2.2250	 7.7637
 2.2240	 7.7680
 2.2231	 7.7427
 2.2221	 7.6411
 2.2211	 7.6045
 2.2202	 7.6684
 2.2192	 7.6943
 2.2183	 7.6787
 2.2173	 7.6885
 2.2164	 7.6880
 2.2155	 7.6806
 2.2145	 7.6855
 2.2136	 7.7363
 2.2126	 7.7451
 2.2117	 7.7431
 2.2107	 7.7246
 2.2098	 7.6626
 2.2088	 7.7187
 2.2079	 7.8242
 2.2070	 7.7387
 2.2060	 7.6762
 2.2051	 7.7207
 2.2041	 7.7480
 2.2032	 7.7158
 2.2023	 7.6684
 2.2013	 7.6699
 2.2004	 7.7197
 2.1995	 7.6523
 2.1985	 7.6274
 2.1976	 7.6142
 2.1967	 7.6601
 2.1957	 7.7324
 2.1948	 7.7217
 2.1939	 7.6670
 2.1930	 7.7158
 2.1920	 7.7446
 2.1911	 7.7309
 2.1902	 7.7353
 2.1893	 7.7568
 2.1883	 7.7187
 2.1874	 7.7134
 2.1865	 7.7129
 2.1856	 7.7500
 2.1846	 7.7895
 2.1837	 7.7402
 2.1828	 7.6562
 2.1819	 7.6582
 2.1810	 7.7153
 2.1800	 7.7290
 2.1791	 7.7563
 2.1782	 7.7309
 2.1773	 7.6367
 2.1764	 7.6387
 2.1755	 7.7353
 2.1746	 7.7646
 2.1736	 7.7295
 2.1727	 7.7207
 2.1718	 7.7256
 2.1709	 7.7309
 2.1700	 7.6972
 2.1691	 7.6919
 2.1682	 7.7212
 2.1673	 7.7246
 2.1664	 7.7192
 2.1655	 7.6885
 2.1646	 7.7290
 2.1637	 7.7558
 2.1628	 7.7954
 2.1619	 7.7461
 2.1610	 7.6665
 2.1601	 7.6880
 2.1592	 7.7480
 2.1583	 7.7329
 2.1574	 7.6802
 2.1565	 7.7051
 2.1556	 7.7998
 2.1547	 7.8017
 2.1538	 7.7192
 2.1529	 7.7031
 2.1520	 7.7285
 2.1511	 7.7895
 2.1502	 7.7910
 2.1493	 7.7246
 2.1484	 7.6665
 2.1475	 7.6865
 2.1466	 7.7246
 2.1458	 7.7715
 2.1449	 7.7739
 2.1440	 7.7134
 2.1431	 7.7016
 2.1422	 7.7832
 2.1413	 7.7309
 2.1404	 7.6880
 2.1396	 7.7422
 2.1387	 7.7685
 2.1378	 7.7304
 2.1369	 7.7578
 2.1360	 7.7724
 2.1352	 7.6787
 2.1343	 7.6963
 2.1334	 7.7680
 2.1325	 7.7461
 2.1316	 7.6963
 2.1308	 7.7392
 2.1299	 7.7334
 2.1290	 7.7153
 2.1281	 7.7041
 2.1273	 7.7700
 2.1264	 7.7763
 2.1255	 7.7344
 2.1247	 7.7446
 2.1238	 7.8008
 2.1229	 7.8091
 2.1220	 7.7368
 2.1212	 7.6977
 2.1203	 7.7212
 2.1194	 7.7422
 2.1186	 7.7285
 2.1177	 7.7563
 2.1168	 7.8520
 2.1160	 7.8418
 2.1151	 7.7485
 2.1143	 7.7129
 2.1134	 7.7637
 2.1125	 7.8130
 2.1117	 7.7461
 2.1108	 7.7192
 2.1100	 7.7519
 2.1091	 7.7153
 2.1082	 7.7055
 2.1074	 7.7348
 2.1065	 7.7207
 2.1057	 7.6875
 2.1048	 7.6606
 2.1040	 7.7153
 2.1031	 7.8222
 2.1023	 7.8305
 2.1014	 7.7368
 2.1005	 7.7519
 2.0997	 7.7773
 2.0988	 7.7539
 2.0980	 7.7148
 2.0971	 7.6914
 2.0963	 7.7080
 2.0955	 7.7363
 2.0946	 7.7466
 2.0938	 7.7246
 2.0929	 7.7344
 2.0921	 7.7558
 2.0912	 7.8286
 2.0904	 7.7529
 2.0895	 7.7036
 2.0887	 7.7793
 2.0879	 7.7383
 2.0870	 7.6933
 2.0862	 7.7998
 2.0853	 7.8183
 2.0845	 7.8213
 2.0837	 7.7348
 2.0828	 7.7431
 2.0820	 7.7637
 2.0812	 7.7153
 2.0803	 7.6997
 2.0795	 7.7138
