Name: Magnetite Fe^2+Fe_2^3+O_4
Type: Mineral
Class: Oxide
Subclass: None
Particle Size: Fine
Sample No.: O-4A
Owner: JPL
Wavelength Range: TIR
Origin: Canada, Ontario, Haliburton County, Wilberforce
Collection Date: N/A
Description: Particle size was 0-45um.Collected by Ward's Original ASTER Spectral Library name was jpl.nicolet.mineral.oxide.none.fine.o04a.spectrum.txt
Measurement: Hemispherical reflectance
First Column: X
Second Column: Y
X Units: Wavelength (micrometers)
Y Units:Reflectance (percent)
First X Value: 15.3853
Last X Value:  2.0003
Number of X Values: 2256
Additional Information: mineral.oxide.none.fine.tir.o-4a.jpl.nicolet.ancillary.txt

15.3853	10.3697
15.3397	10.2111
15.2945	10.2681
15.2495	10.5770
15.2048	10.7889
15.1603	10.5703
15.1161	10.4877
15.0722	10.6671
15.0285	10.4178
14.9851	10.3160
14.9419	10.3639
14.8989	10.3385
14.8563	10.3521
14.8138	10.4324
14.7716	10.4622
14.7296	10.2454
14.6879	10.1682
14.6464	10.0805
14.6052	10.1134
14.5641	10.0402
14.5233	 9.8938
14.4828	 9.9788
14.4424	10.0958
14.4023	10.0300
14.3624	 9.8425
14.3227	 9.9606
14.2833	10.0441
14.2440	 9.9936
14.2050	10.0275
14.1662	 9.8345
14.1276	 9.7532
14.0892	 9.9517
14.0510	 9.9691
14.0131	 9.8454
13.9753	 9.7736
13.9377	 9.7258
13.9004	 9.6711
13.8632	 9.5474
13.8262	 9.6861
13.7895	 9.8144
13.7529	 9.6177
13.7165	 9.4491
13.6803	 9.5407
13.6443	 9.5849
13.6085	 9.4051
13.5729	 9.2752
13.5374	 9.5344
13.5022	 9.5814
13.4671	 9.3128
13.4322	 9.2698
13.3975	 9.3959
13.3630	 9.3976
13.3286	 9.2546
13.2944	 9.1120
13.2604	 9.1342
13.2266	 9.2307
13.1930	 9.1885
13.1595	 9.1130
13.1262	 9.0430
13.0930	 9.1121
13.0600	 9.2114
13.0272	 9.0218
12.9946	 8.8138
12.9621	 8.9346
12.9298	 8.8388
12.8976	 8.7818
12.8656	 9.0168
12.8337	 9.0015
12.8021	 8.9979
12.7705	 9.0231
12.7391	 9.0142
12.7079	 9.0006
12.6769	 8.9747
12.6459	 8.9523
12.6152	 8.9337
12.5845	 9.0073
12.5541	 8.9154
12.5238	 8.9191
12.4936	 9.1430
12.4635	 9.1399
12.4337	 9.0324
12.4039	 8.9932
12.3743	 9.0269
12.3448	 8.9961
12.3155	 8.8982
12.2863	 9.0305
12.2573	 9.0840
12.2284	 9.0166
12.1996	 9.0053
12.1710	 8.9120
12.1425	 8.9190
12.1141	 9.0366
12.0859	 9.0603
12.0578	 9.0243
12.0298	 9.0905
12.0019	 9.2379
11.9742	 9.1409
11.9466	 8.9771
11.9192	 8.9561
11.8918	 9.0309
11.8646	 9.0760
11.8375	 9.1173
11.8106	 9.1102
11.7837	 9.2017
11.7570	 9.2935
11.7304	 9.2608
11.7039	 9.2187
11.6776	 9.1626
11.6513	 9.1467
11.6252	 9.1776
11.5992	 9.2524
11.5733	 9.2083
11.5475	 9.0988
11.5219	 9.0756
11.4963	 9.1072
11.4709	 9.1335
11.4455	 9.2061
11.4203	 9.3182
11.3952	 9.3419
11.3702	 9.1680
11.3454	 9.0452
11.3206	 9.1888
11.2959	 9.2752
11.2714	 9.3036
11.2469	 9.2410
11.2226	 9.1979
11.1983	 9.2505
11.1742	 9.3727
11.1502	 9.3342
11.1263	 9.1555
11.1024	 9.0395
11.0787	 9.0054
11.0551	 9.0848
11.0316	 9.2319
11.0081	 9.3009
10.9848	 9.2469
10.9616	 9.2588
10.9385	 9.2838
10.9154	 9.2532
10.8925	 9.1985
10.8697	 9.2316
10.8469	 9.1516
10.8243	 9.0283
10.8017	 9.0982
10.7793	 9.1871
10.7569	 9.2428
10.7346	 9.3681
10.7125	 9.3455
10.6904	 9.1941
10.6684	 9.2855
10.6465	 9.4504
10.6247	 9.5136
10.6029	 9.3867
10.5813	 9.4299
10.5597	 9.3728
10.5383	 9.2762
10.5169	 9.3254
10.4956	 9.2860
10.4744	 9.3639
10.4533	 9.3417
10.4323	 9.3588
10.4113	 9.4987
10.3904	 9.5133
10.3697	 9.4457
10.3490	 9.4393
10.3284	 9.4209
10.3078	 9.4345
10.2874	 9.5089
10.2670	 9.5598
10.2467	 9.6182
10.2265	 9.6918
10.2064	 9.6209
10.1863	 9.4995
10.1663	 9.5163
10.1464	 9.6375
10.1266	 9.7864
10.1069	 9.8672
10.0872	 9.8317
10.0676	 9.7832
10.0481	 9.8911
10.0287	 9.9158
10.0093	 9.8340
 9.9901	 9.8531
 9.9708	 9.8682
 9.9517	 9.8112
 9.9326	 9.7167
 9.9136	 9.7474
 9.8947	 9.8595
 9.8759	 9.8658
 9.8571	 9.9849
 9.8384	10.1131
 9.8198	10.0770
 9.8012	10.0632
 9.7827	10.0602
 9.7643	10.0527
 9.7459	10.1161
 9.7276	10.2110
 9.7094	10.1533
 9.6913	10.1225
 9.6732	10.1363
 9.6552	10.0882
 9.6372	10.0802
 9.6194	10.0935
 9.6015	10.1441
 9.5838	10.1909
 9.5661	10.1912
 9.5485	10.1274
 9.5309	10.1128
 9.5135	10.1707
 9.4960	10.1655
 9.4787	10.2451
 9.4614	10.3411
 9.4441	10.2836
 9.4270	10.2636
 9.4099	10.2096
 9.3928	10.2677
 9.3758	10.3024
 9.3589	10.3342
 9.3420	10.4414
 9.3252	10.4513
 9.3085	10.3594
 9.2918	10.3138
 9.2752	10.3649
 9.2586	10.4152
 9.2421	10.4247
 9.2257	10.2786
 9.2093	10.2561
 9.1930	10.3480
 9.1767	10.4172
 9.1605	10.4658
 9.1443	10.3435
 9.1282	10.2695
 9.1122	10.3448
 9.0962	10.4536
 9.0803	10.4446
 9.0644	10.3816
 9.0486	10.4645
 9.0328	10.4550
 9.0171	10.3961
 9.0015	10.5811
 8.9858	10.5722
 8.9703	10.3687
 8.9548	10.3001
 8.9394	10.3019
 8.9240	10.1956
 8.9086	10.2518
 8.8934	10.3712
 8.8781	10.4556
 8.8630	10.4691
 8.8478	10.3655
 8.8328	10.3785
 8.8177	10.4443
 8.8028	10.3394
 8.7879	10.1507
 8.7730	10.1795
 8.7582	10.3188
 8.7434	10.3434
 8.7287	10.3384
 8.7140	10.3974
 8.6994	10.4150
 8.6848	10.3930
 8.6703	10.5569
 8.6558	10.5292
 8.6414	10.2875
 8.6270	10.2276
 8.6127	10.3684
 8.5984	10.5247
 8.5842	10.5019
 8.5700	10.4728
 8.5558	10.3959
 8.5417	10.3047
 8.5277	10.2961
 8.5137	10.3208
 8.4997	10.2886
 8.4858	10.4198
 8.4719	10.5479
 8.4581	10.5000
 8.4444	10.3954
 8.4306	10.4174
 8.4169	10.4740
 8.4033	10.5416
 8.3897	10.4410
 8.3761	10.2420
 8.3626	10.3051
 8.3492	10.3629
 8.3357	10.4010
 8.3224	10.4554
 8.3090	10.4822
 8.2957	10.4246
 8.2825	10.3550
 8.2693	10.3603
 8.2561	10.3565
 8.2430	10.4094
 8.2299	10.4842
 8.2169	10.5351
 8.2038	10.4838
 8.1909	10.3832
 8.1780	10.3551
 8.1651	10.4715
 8.1523	10.5204
 8.1395	10.4954
 8.1267	10.5182
 8.1140	10.5527
 8.1013	10.5473
 8.0887	10.5548
 8.0761	10.5131
 8.0635	10.4032
 8.0510	10.3956
 8.0385	10.4586
 8.0261	10.5153
 8.0137	10.5656
 8.0013	10.4909
 7.9890	10.4160
 7.9767	10.4680
 7.9644	10.4942
 7.9522	10.4225
 7.9400	10.4429
 7.9279	10.4625
 7.9158	10.4775
 7.9037	10.4919
 7.8917	10.4817
 7.8797	10.4909
 7.8677	10.4808
 7.8558	10.5240
 7.8439	10.5185
 7.8321	10.4910
 7.8203	10.5179
 7.8085	10.4815
 7.7967	10.4239
 7.7850	10.4717
 7.7734	10.5545
 7.7617	10.5439
 7.7501	10.5626
 7.7386	10.6203
 7.7270	10.5571
 7.7155	10.5170
 7.7041	10.5376
 7.6926	10.5588
 7.6812	10.5401
 7.6699	10.5768
 7.6585	10.5330
 7.6472	10.4777
 7.6360	10.5184
 7.6247	10.5579
 7.6136	10.5993
 7.6024	10.6213
 7.5913	10.5767
 7.5802	10.5205
 7.5691	10.5557
 7.5581	10.5744
 7.5471	10.5326
 7.5361	10.5527
 7.5252	10.6017
 7.5142	10.5899
 7.5034	10.6053
 7.4925	10.5929
 7.4817	10.5850
 7.4709	10.5707
 7.4602	10.5745
 7.4495	10.5816
 7.4388	10.6052
 7.4281	10.6560
 7.4175	10.6368
 7.4069	10.5923
 7.3963	10.6031
 7.3858	10.6293
 7.3753	10.6684
 7.3648	10.6366
 7.3544	10.5489
 7.3440	10.6165
 7.3336	10.7205
 7.3232	10.7347
 7.3129	10.7019
 7.3026	10.6811
 7.2923	10.7155
 7.2821	10.7585
 7.2718	10.7934
 7.2617	10.7806
 7.2515	10.7428
 7.2414	10.6821
 7.2313	10.6469
 7.2212	10.6753
 7.2112	10.7371
 7.2012	10.7541
 7.1912	10.8148
 7.1812	10.8030
 7.1713	10.7937
 7.1614	10.7947
 7.1515	10.7805
 7.1416	10.7453
 7.1318	10.7730
 7.1220	10.6960
 7.1123	10.6344
 7.1025	10.6658
 7.0928	10.6884
 7.0831	10.7087
 7.0734	10.7604
 7.0638	10.7790
 7.0542	10.8560
 7.0446	10.9034
 7.0351	10.7908
 7.0255	10.7494
 7.0160	10.7385
 7.0065	10.7283
 6.9971	10.7911
 6.9877	10.8575
 6.9782	10.8270
 6.9689	10.7924
 6.9595	10.8453
 6.9502	10.8477
 6.9409	10.8542
 6.9316	10.8535
 6.9223	10.8589
 6.9131	10.8714
 6.9039	10.7730
 6.8947	10.7351
 6.8856	10.8054
 6.8764	10.8569
 6.8673	11.0093
 6.8582	10.9846
 6.8492	10.8683
 6.8402	10.8838
 6.8311	10.8703
 6.8221	10.8413
 6.8132	10.8269
 6.8042	10.8558
 6.7953	10.9616
 6.7864	10.9949
 6.7776	10.9810
 6.7687	10.9306
 6.7599	10.7926
 6.7511	10.8084
 6.7423	10.7741
 6.7336	10.7527
 6.7248	10.8459
 6.7161	10.9067
 6.7074	10.8175
 6.6988	10.7148
 6.6901	10.7518
 6.6815	10.8649
 6.6729	10.8381
 6.6643	10.7737
 6.6558	10.7930
 6.6472	10.9308
 6.6387	11.0355
 6.6302	10.9249
 6.6217	10.8713
 6.6133	10.8835
 6.6049	10.8071
 6.5965	10.8894
 6.5881	11.0214
 6.5797	11.0593
 6.5714	11.0145
 6.5631	11.0078
 6.5548	11.0031
 6.5465	10.9038
 6.5382	10.8323
 6.5300	10.8518
 6.5218	10.9184
 6.5136	10.8953
 6.5054	11.0030
 6.4973	11.1954
 6.4892	11.1587
 6.4810	11.0492
 6.4729	10.9565
 6.4649	10.9112
 6.4568	10.8755
 6.4488	10.8085
 6.4408	10.7861
 6.4328	10.9326
 6.4248	11.1226
 6.4169	11.3994
 6.4089	11.2910
 6.4010	10.9818
 6.3931	10.9022
 6.3853	10.9251
 6.3774	10.9150
 6.3696	10.8920
 6.3618	10.8702
 6.3540	10.9557
 6.3462	11.0813
 6.3384	10.9859
 6.3307	10.8729
 6.3230	10.8656
 6.3153	10.8989
 6.3076	10.9561
 6.2999	10.9052
 6.2923	10.8203
 6.2847	10.8650
 6.2770	10.9213
 6.2694	10.9618
 6.2619	10.8414
 6.2543	10.7935
 6.2468	10.8578
 6.2393	10.9389
 6.2318	10.9069
 6.2243	10.8699
 6.2168	10.8926
 6.2094	10.8304
 6.2020	10.8587
 6.1945	10.9616
 6.1871	11.0561
 6.1798	11.0227
 6.1724	10.8893
 6.1651	10.9138
 6.1578	10.9685
 6.1505	10.9982
 6.1432	10.9824
 6.1359	10.9668
 6.1286	10.8704
 6.1214	10.9394
 6.1142	11.0851
 6.1070	11.0079
 6.0998	10.9354
 6.0926	10.8835
 6.0855	10.8751
 6.0784	11.0439
 6.0712	11.0535
 6.0641	10.9311
 6.0571	10.9972
 6.0500	11.2666
 6.0429	11.1989
 6.0359	10.9853
 6.0289	10.9396
 6.0219	10.9914
 6.0149	11.0135
 6.0079	10.9663
 6.0010	10.8994
 5.9940	11.0180
 5.9871	11.0536
 5.9802	10.9034
 5.9733	10.8834
 5.9664	10.9975
 5.9596	11.0115
 5.9527	10.9267
 5.9459	10.9066
 5.9391	11.1121
 5.9323	11.1364
 5.9255	10.9659
 5.9188	11.0122
 5.9120	11.0373
 5.9053	10.9815
 5.8986	11.0919
 5.8919	11.0897
 5.8852	11.1126
 5.8785	11.1811
 5.8718	11.0076
 5.8652	10.9184
 5.8586	10.9127
 5.8520	10.8674
 5.8454	10.9374
 5.8388	10.9885
 5.8322	11.0212
 5.8257	11.0745
 5.8191	11.0332
 5.8126	10.9590
 5.8061	10.9431
 5.7996	10.9437
 5.7931	10.9010
 5.7866	10.8813
 5.7802	10.8472
 5.7738	10.9834
 5.7673	11.1184
 5.7609	11.0317
 5.7545	10.9416
 5.7481	10.9423
 5.7418	10.9067
 5.7354	10.9250
 5.7291	10.9747
 5.7228	10.9690
 5.7165	10.9427
 5.7102	10.9451
 5.7039	10.8693
 5.6976	10.9194
 5.6914	10.9751
 5.6851	10.8895
 5.6789	10.9130
 5.6727	10.9533
 5.6665	10.8462
 5.6603	10.8279
 5.6541	10.9296
 5.6480	10.9788
 5.6418	11.0052
 5.6357	11.0032
 5.6296	10.9413
 5.6235	10.8727
 5.6174	10.8573
 5.6113	10.8578
 5.6052	10.9085
 5.5992	10.9350
 5.5931	10.9397
 5.5871	10.9633
 5.5811	10.9797
 5.5751	10.9249
 5.5691	10.8654
 5.5631	10.8832
 5.5572	10.8722
 5.5512	10.9012
 5.5453	10.8418
 5.5393	10.8490
 5.5334	10.8470
 5.5275	10.8522
 5.5217	10.8781
 5.5158	10.8917
 5.5099	10.9025
 5.5041	10.8552
 5.4982	10.7620
 5.4924	10.8159
 5.4866	10.8635
 5.4808	10.9023
 5.4750	10.9395
 5.4692	10.9677
 5.4635	10.9818
 5.4577	10.9243
 5.4520	10.8776
 5.4463	10.7801
 5.4405	10.7887
 5.4348	10.8571
 5.4291	10.8640
 5.4235	10.8988
 5.4178	10.8413
 5.4121	10.7776
 5.4065	10.8839
 5.4009	10.9985
 5.3952	10.9527
 5.3896	10.8995
 5.3840	10.8668
 5.3785	10.8773
 5.3729	10.9303
 5.3673	10.9177
 5.3618	10.8704
 5.3562	10.8299
 5.3507	10.8260
 5.3452	10.8313
 5.3397	10.8374
 5.3342	10.8616
 5.3287	10.9173
 5.3232	10.9508
 5.3178	10.8972
 5.3123	10.8447
 5.3069	10.7856
 5.3015	10.7935
 5.2961	10.8917
 5.2907	10.9269
 5.2852	10.9517
 5.2799	10.9674
 5.2745	10.9000
 5.2691	10.8349
 5.2638	10.8948
 5.2584	10.9264
 5.2531	10.8691
 5.2478	10.8278
 5.2425	10.7989
 5.2372	10.8403
 5.2319	10.8980
 5.2267	10.9575
 5.2214	10.9549
 5.2161	10.8929
 5.2109	10.9243
 5.2057	10.9854
 5.2004	10.9348
 5.1952	10.9103
 5.1900	10.9074
 5.1848	10.8465
 5.1796	10.8545
 5.1745	10.9559
 5.1693	10.8942
 5.1642	10.7964
 5.1590	10.8038
 5.1539	10.8584
 5.1488	10.9375
 5.1437	10.9968
 5.1386	10.9423
 5.1335	10.9062
 5.1284	10.9122
 5.1234	10.9451
 5.1183	10.8980
 5.1132	10.9248
 5.1082	10.9367
 5.1032	10.9524
 5.0982	10.9404
 5.0932	10.8673
 5.0882	10.8596
 5.0832	10.9078
 5.0782	10.9361
 5.0732	10.9309
 5.0683	10.9719
 5.0633	10.9205
 5.0584	10.8122
 5.0534	10.8633
 5.0485	10.9650
 5.0436	10.9161
 5.0387	10.8274
 5.0338	10.8499
 5.0289	10.8785
 5.0241	10.9383
 5.0192	10.9459
 5.0144	10.9266
 5.0095	10.8797
 5.0047	10.8616
 4.9998	10.8885
 4.9950	10.8777
 4.9902	10.8981
 4.9854	10.9454
 4.9806	10.9452
 4.9759	10.9534
 4.9711	10.9954
 4.9663	10.9721
 4.9616	10.9158
 4.9568	10.8964
 4.9521	10.8391
 4.9474	10.8222
 4.9426	10.8934
 4.9379	10.9562
 4.9332	11.0538
 4.9286	10.9898
 4.9239	10.8151
 4.9192	10.8547
 4.9145	10.9055
 4.9099	10.8897
 4.9052	10.8931
 4.9006	10.9058
 4.8960	10.9375
 4.8914	10.9474
 4.8867	10.8869
 4.8821	10.8860
 4.8776	10.9542
 4.8730	10.9669
 4.8684	10.9646
 4.8638	10.9414
 4.8593	10.9413
 4.8547	10.9433
 4.8502	10.9045
 4.8456	10.9037
 4.8411	10.9184
 4.8366	10.9348
 4.8321	10.9011
 4.8276	10.9282
 4.8231	10.9721
 4.8186	10.9816
 4.8141	10.9776
 4.8097	10.9319
 4.8052	10.8960
 4.8008	10.9571
 4.7963	10.9670
 4.7919	10.9178
 4.7875	10.8896
 4.7831	10.8985
 4.7786	10.9529
 4.7743	10.9743
 4.7699	10.9527
 4.7655	10.9517
 4.7611	10.9745
 4.7567	10.9860
 4.7524	10.9447
 4.7480	10.9361
 4.7437	10.9222
 4.7393	10.8968
 4.7350	10.8875
 4.7307	10.9082
 4.7264	10.9863
 4.7221	10.9556
 4.7178	10.8494
 4.7135	10.9283
 4.7092	11.0020
 4.7049	10.9903
 4.7007	10.9638
 4.6964	10.9302
 4.6922	10.9588
 4.6879	10.9764
 4.6837	10.9902
 4.6795	10.9601
 4.6752	10.9238
 4.6710	10.9427
 4.6668	10.9736
 4.6626	11.0061
 4.6584	10.9906
 4.6543	10.9541
 4.6501	10.9237
 4.6459	10.9659
 4.6418	10.9919
 4.6376	10.9669
 4.6334	10.9992
 4.6293	10.9831
 4.6252	10.9856
 4.6211	10.9231
 4.6170	10.9294
 4.6128	10.9475
 4.6087	10.9018
 4.6047	10.8748
 4.6006	10.8943
 4.5965	10.9776
 4.5924	11.0332
 4.5884	11.0817
 4.5843	10.9689
 4.5802	10.8940
 4.5762	10.9288
 4.5722	10.9505
 4.5681	10.9755
 4.5641	11.0159
 4.5601	11.0094
 4.5561	10.9283
 4.5521	10.8908
 4.5481	10.9331
 4.5441	10.9426
 4.5401	10.8969
 4.5362	10.9584
 4.5322	11.0153
 4.5282	11.0277
 4.5243	10.9735
 4.5203	10.9491
 4.5164	10.8958
 4.5125	10.8977
 4.5085	10.9147
 4.5046	10.9492
 4.5007	11.0004
 4.4968	10.9752
 4.4929	10.9513
 4.4890	10.9245
 4.4851	10.9496
 4.4813	10.9874
 4.4774	10.9800
 4.4735	10.9763
 4.4697	11.0366
 4.4658	10.9930
 4.4620	10.9209
 4.4581	10.8785
 4.4543	10.8715
 4.4505	10.9172
 4.4467	10.9516
 4.4429	11.0157
 4.4391	11.0097
 4.4353	10.9676
 4.4315	10.9821
 4.4277	11.0292
 4.4239	11.0398
 4.4201	10.9892
 4.4164	10.9757
 4.4126	11.0095
 4.4089	11.0200
 4.4051	10.9521
 4.4014	10.8906
 4.3976	10.9040
 4.3939	10.9146
 4.3902	10.8753
 4.3865	10.8766
 4.3828	10.9344
 4.3791	11.0325
 4.3754	11.0249
 4.3717	10.9383
 4.3680	10.9193
 4.3643	10.9025
 4.3607	10.9359
 4.3570	11.0023
 4.3533	10.9313
 4.3497	10.8985
 4.3460	10.9555
 4.3424	10.9882
 4.3388	10.9627
 4.3351	10.9142
 4.3315	10.9225
 4.3279	10.9289
 4.3243	10.9314
 4.3207	10.8465
 4.3171	10.7485
 4.3135	10.8487
 4.3099	10.9171
 4.3063	10.8712
 4.3028	10.8053
 4.2992	10.7449
 4.2956	10.6910
 4.2921	10.6836
 4.2885	10.6882
 4.2850	10.6680
 4.2815	10.6590
 4.2779	10.6874
 4.2744	10.7875
 4.2709	10.7937
 4.2674	10.7928
 4.2638	10.7476
 4.2603	10.8064
 4.2568	10.8577
 4.2534	10.8429
 4.2499	10.8660
 4.2464	10.7572
 4.2429	10.5955
 4.2394	10.5590
 4.2360	10.5872
 4.2325	10.6146
 4.2291	10.6548
 4.2256	10.6903
 4.2222	10.7806
 4.2187	10.8044
 4.2153	10.7685
 4.2119	10.8113
 4.2085	10.8756
 4.2051	10.8542
 4.2016	10.8353
 4.1982	10.8654
 4.1948	10.9130
 4.1915	10.9115
 4.1881	10.8591
 4.1847	10.8556
 4.1813	10.8686
 4.1780	10.9111
 4.1746	10.9323
 4.1712	10.8980
 4.1679	10.8984
 4.1645	10.7619
 4.1612	10.7535
 4.1578	10.8530
 4.1545	10.8692
 4.1512	10.8930
 4.1479	10.9678
 4.1445	10.9314
 4.1412	10.9206
 4.1379	10.9406
 4.1346	10.8837
 4.1313	10.8865
 4.1280	10.9037
 4.1248	10.8623
 4.1215	10.8422
 4.1182	10.8829
 4.1150	10.8620
 4.1117	10.9167
 4.1084	10.9957
 4.1052	10.9091
 4.1019	10.8086
 4.0987	10.8173
 4.0954	10.8628
 4.0922	10.9502
 4.0890	10.9692
 4.0858	10.8906
 4.0826	10.8932
 4.0793	10.8881
 4.0761	10.8333
 4.0729	10.7854
 4.0697	10.8100
 4.0665	10.8468
 4.0633	10.9541
 4.0602	10.9425
 4.0570	10.8644
 4.0538	10.8331
 4.0507	10.8916
 4.0475	10.9350
 4.0443	10.8520
 4.0412	10.8600
 4.0380	10.8647
 4.0349	10.8871
 4.0317	10.8950
 4.0286	10.8805
 4.0255	10.9006
 4.0224	10.8656
 4.0193	10.8532
 4.0161	10.8494
 4.0130	10.8023
 4.0099	10.7885
 4.0068	10.8072
 4.0037	10.8149
 4.0006	10.7644
 3.9976	10.7774
 3.9945	10.8104
 3.9914	10.7732
 3.9883	10.7688
 3.9853	10.8203
 3.9822	10.8172
 3.9792	10.7626
 3.9761	10.7102
 3.9731	10.7927
 3.9700	10.8581
 3.9670	10.8187
 3.9639	10.8405
 3.9609	10.9248
 3.9579	10.9292
 3.9549	10.8651
 3.9519	10.8447
 3.9489	10.8049
 3.9458	10.8229
 3.9428	10.8490
 3.9398	10.7800
 3.9369	10.7710
 3.9339	10.7464
 3.9309	10.7676
 3.9279	10.8964
 3.9249	10.9384
 3.9220	10.7956
 3.9190	10.7704
 3.9160	10.8052
 3.9131	10.8408
 3.9101	10.8372
 3.9072	10.8759
 3.9042	10.8906
 3.9013	10.8080
 3.8984	10.7860
 3.8954	10.8186
 3.8925	10.7593
 3.8896	10.6972
 3.8867	10.7194
 3.8838	10.8013
 3.8809	10.7825
 3.8780	10.7575
 3.8751	10.7509
 3.8722	10.7737
 3.8693	10.7941
 3.8664	10.7726
 3.8635	10.7119
 3.8606	10.6341
 3.8578	10.6811
 3.8549	10.6934
 3.8520	10.6937
 3.8492	10.7693
 3.8463	10.7655
 3.8435	10.7130
 3.8406	10.8187
 3.8378	10.8743
 3.8349	10.7827
 3.8321	10.6615
 3.8293	10.7097
 3.8264	10.7339
 3.8236	10.7420
 3.8208	10.7999
 3.8180	10.8408
 3.8152	10.7813
 3.8124	10.7388
 3.8096	10.7848
 3.8068	10.7616
 3.8040	10.7617
 3.8012	10.7323
 3.7984	10.7448
 3.7956	10.7018
 3.7929	10.6487
 3.7901	10.6645
 3.7873	10.7570
 3.7845	10.8282
 3.7818	10.7945
 3.7790	10.7493
 3.7763	10.8065
 3.7735	10.8171
 3.7708	10.7985
 3.7681	10.6405
 3.7653	10.6056
 3.7626	10.6988
 3.7599	10.6917
 3.7571	10.6628
 3.7544	10.6641
 3.7517	10.6987
 3.7490	10.7369
 3.7463	10.7675
 3.7436	10.7819
 3.7409	10.7692
 3.7382	10.7568
 3.7355	10.7614
 3.7328	10.7714
 3.7301	10.7817
 3.7274	10.7891
 3.7247	10.7128
 3.7221	10.6547
 3.7194	10.6730
 3.7167	10.7033
 3.7141	10.7395
 3.7114	10.7345
 3.7088	10.6791
 3.7061	10.6893
 3.7035	10.7098
 3.7008	10.7748
 3.6982	10.7690
 3.6955	10.6550
 3.6929	10.6511
 3.6903	10.6547
 3.6877	10.6208
 3.6850	10.5928
 3.6824	10.6440
 3.6798	10.6810
 3.6772	10.6657
 3.6746	10.7103
 3.6720	10.7517
 3.6694	10.6829
 3.6668	10.6324
 3.6642	10.7352
 3.6616	10.7758
 3.6590	10.6339
 3.6564	10.6105
 3.6539	10.7083
 3.6513	10.8040
 3.6487	10.7751
 3.6462	10.7327
 3.6436	10.6907
 3.6410	10.6206
 3.6385	10.6576
 3.6359	10.6019
 3.6334	10.5610
 3.6308	10.6523
 3.6283	10.7314
 3.6258	10.6919
 3.6232	10.6552
 3.6207	10.6560
 3.6182	10.6030
 3.6156	10.5614
 3.6131	10.6072
 3.6106	10.6239
 3.6081	10.6201
 3.6056	10.6686
 3.6031	10.7422
 3.6006	10.7979
 3.5981	10.7588
 3.5956	10.6401
 3.5931	10.5903
 3.5906	10.5606
 3.5881	10.5581
 3.5856	10.5816
 3.5832	10.5520
 3.5807	10.5667
 3.5782	10.6263
 3.5758	10.7065
 3.5733	10.7165
 3.5708	10.6179
 3.5684	10.5640
 3.5659	10.6192
 3.5635	10.5657
 3.5610	10.5581
 3.5586	10.6787
 3.5561	10.6916
 3.5537	10.6484
 3.5513	10.6098
 3.5488	10.5249
 3.5464	10.5069
 3.5440	10.5584
 3.5415	10.6563
 3.5391	10.6701
 3.5367	10.5885
 3.5343	10.6366
 3.5319	10.6135
 3.5295	10.4836
 3.5271	10.4807
 3.5247	10.5266
 3.5223	10.5861
 3.5199	10.5456
 3.5175	10.5536
 3.5151	10.5637
 3.5128	10.5966
 3.5104	10.6662
 3.5080	10.6695
 3.5056	10.5866
 3.5033	10.5201
 3.5009	10.5898
 3.4985	10.5912
 3.4962	10.5959
 3.4938	10.6026
 3.4915	10.5684
 3.4891	10.6115
 3.4868	10.5759
 3.4844	10.5311
 3.4821	10.5373
 3.4798	10.4706
 3.4774	10.5183
 3.4751	10.5966
 3.4728	10.5221
 3.4704	10.5183
 3.4681	10.4991
 3.4658	10.5439
 3.4635	10.5982
 3.4612	10.5539
 3.4589	10.4829
 3.4566	10.5141
 3.4543	10.5199
 3.4520	10.4907
 3.4497	10.4882
 3.4474	10.5612
 3.4451	10.5737
 3.4428	10.5377
 3.4405	10.5319
 3.4382	10.5137
 3.4359	10.4284
 3.4337	10.3636
 3.4314	10.5297
 3.4291	10.6489
 3.4269	10.5707
 3.4246	10.5501
 3.4223	10.6684
 3.4201	10.6980
 3.4178	10.5234
 3.4156	10.5151
 3.4133	10.5409
 3.4111	10.4506
 3.4088	10.4423
 3.4066	10.5714
 3.4043	10.5781
 3.4021	10.5287
 3.3999	10.5551
 3.3977	10.5880
 3.3954	10.5268
 3.3932	10.3534
 3.3910	10.4310
 3.3888	10.4480
 3.3866	10.4359
 3.3844	10.4725
 3.3822	10.4966
 3.3799	10.5188
 3.3777	10.5461
 3.3755	10.4137
 3.3733	10.4248
 3.3712	10.5365
 3.3690	10.4801
 3.3668	10.4718
 3.3646	10.4815
 3.3624	10.4283
 3.3602	10.3916
 3.3580	10.3633
 3.3559	10.2864
 3.3537	10.3488
 3.3515	10.4272
 3.3494	10.3662
 3.3472	10.4556
 3.3451	10.5179
 3.3429	10.3696
 3.3407	10.2836
 3.3386	10.2776
 3.3364	10.3235
 3.3343	10.3690
 3.3321	10.3936
 3.3300	10.3710
 3.3279	10.3256
 3.3257	10.2993
 3.3236	10.3780
 3.3215	10.4209
 3.3194	10.3122
 3.3172	10.3632
 3.3151	10.4072
 3.3130	10.4519
 3.3109	10.4378
 3.3088	10.4235
 3.3066	10.3860
 3.3045	10.3313
 3.3024	10.2926
 3.3003	10.3961
 3.2982	10.4644
 3.2961	10.3096
 3.2940	10.2576
 3.2920	10.3061
 3.2899	10.2687
 3.2878	10.2453
 3.2857	10.3767
 3.2836	10.4492
 3.2815	10.4563
 3.2795	10.3803
 3.2774	10.3274
 3.2753	10.3003
 3.2732	10.2441
 3.2712	10.2392
 3.2691	10.2628
 3.2671	10.2938
 3.2650	10.3209
 3.2630	10.3737
 3.2609	10.3637
 3.2588	10.2897
 3.2568	10.2068
 3.2548	10.2447
 3.2527	10.2115
 3.2507	10.2527
 3.2486	10.3318
 3.2466	10.3152
 3.2446	10.3321
 3.2426	10.3091
 3.2405	10.3097
 3.2385	10.3530
 3.2365	10.2521
 3.2345	10.2445
 3.2324	10.2888
 3.2304	10.2176
 3.2284	10.1534
 3.2264	10.1108
 3.2244	10.1469
 3.2224	10.2096
 3.2204	10.3403
 3.2184	10.4431
 3.2164	10.3737
 3.2144	10.2846
 3.2124	10.2055
 3.2104	10.1715
 3.2084	10.2520
 3.2064	10.2306
 3.2045	10.1686
 3.2025	10.1690
 3.2005	10.1575
 3.1985	10.1504
 3.1966	10.1561
 3.1946	10.2091
 3.1926	10.2483
 3.1907	10.1695
 3.1887	10.0291
 3.1867	10.0825
 3.1848	10.1688
 3.1828	10.2220
 3.1809	10.3006
 3.1789	10.2319
 3.1770	10.0609
 3.1750	10.0422
 3.1731	10.1150
 3.1711	10.0731
 3.1692	10.0579
 3.1673	10.0944
 3.1653	10.0646
 3.1634	 9.9977
 3.1615	 9.9688
 3.1596	10.1020
 3.1576	10.1974
 3.1557	10.2453
 3.1538	10.1679
 3.1519	10.0816
 3.1500	10.1411
 3.1481	10.1301
 3.1461	10.0366
 3.1442	 9.9343
 3.1423	 9.8614
 3.1404	 9.9860
 3.1385	10.1500
 3.1366	10.1288
 3.1347	10.0576
 3.1328	10.0595
 3.1309	10.0771
 3.1290	10.0534
 3.1272	10.0030
 3.1253	 9.9200
 3.1234	 9.9591
 3.1215	 9.9642
 3.1196	10.0451
 3.1178	10.0827
 3.1159	 9.9783
 3.1140	10.0044
 3.1121	10.0532
 3.1103	10.0325
 3.1084	 9.9805
 3.1065	 9.9247
 3.1047	 9.8489
 3.1028	 9.8793
 3.1010	 9.9231
 3.0991	 9.9410
 3.0973	 9.9299
 3.0954	 9.9521
 3.0936	 9.9684
 3.0917	10.0117
 3.0899	10.0527
 3.0880	 9.9527
 3.0862	 9.8963
 3.0844	 9.9659
 3.0825	 9.9592
 3.0807	 9.8736
 3.0789	 9.8209
 3.0770	 9.8563
 3.0752	 9.8973
 3.0734	 9.8637
 3.0716	 9.8794
 3.0698	 9.9314
 3.0680	 9.9254
 3.0661	 9.8462
 3.0643	 9.8974
 3.0625	 9.9968
 3.0607	 9.9853
 3.0589	10.0089
 3.0571	10.0507
 3.0553	 9.9960
 3.0535	 9.8699
 3.0517	 9.7598
 3.0499	 9.7574
 3.0481	 9.7187
 3.0463	 9.6841
 3.0445	 9.7730
 3.0427	 9.8085
 3.0410	 9.8345
 3.0392	 9.8970
 3.0374	 9.9598
 3.0356	 9.9771
 3.0338	 9.9394
 3.0321	 9.8484
 3.0303	 9.8651
 3.0285	 9.8934
 3.0268	 9.8016
 3.0250	 9.8055
 3.0232	 9.7321
 3.0215	 9.5916
 3.0197	 9.6634
 3.0179	 9.7612
 3.0162	 9.6930
 3.0144	 9.7425
 3.0127	 9.7999
 3.0109	 9.7243
 3.0092	 9.7582
 3.0074	 9.8129
 3.0057	 9.8017
 3.0040	 9.7829
 3.0022	 9.8299
 3.0005	 9.8040
 2.9987	 9.7842
 2.9970	 9.7319
 2.9953	 9.7971
 2.9935	 9.7705
 2.9918	 9.6868
 2.9901	 9.7150
 2.9884	 9.6340
 2.9867	 9.5300
 2.9849	 9.5949
 2.9832	 9.7130
 2.9815	 9.7240
 2.9798	 9.6756
 2.9781	 9.6570
 2.9764	 9.7021
 2.9747	 9.6034
 2.9729	 9.5964
 2.9712	 9.7702
 2.9695	 9.7141
 2.9678	 9.6525
 2.9661	 9.6087
 2.9645	 9.6888
 2.9628	 9.6897
 2.9611	 9.5986
 2.9594	 9.6058
 2.9577	 9.6883
 2.9560	 9.6969
 2.9543	 9.6564
 2.9526	 9.6151
 2.9510	 9.6727
 2.9493	 9.6619
 2.9476	 9.6753
 2.9459	 9.6540
 2.9442	 9.6070
 2.9426	 9.5699
 2.9409	 9.6348
 2.9392	 9.6133
 2.9376	 9.5432
 2.9359	 9.5405
 2.9343	 9.6310
 2.9326	 9.6342
 2.9309	 9.5749
 2.9293	 9.5420
 2.9276	 9.7109
 2.9260	 9.7124
 2.9243	 9.5865
 2.9227	 9.6492
 2.9210	 9.6197
 2.9194	 9.5290
 2.9177	 9.5526
 2.9161	 9.6733
 2.9145	 9.5659
 2.9128	 9.4650
 2.9112	 9.6570
 2.9096	 9.7648
 2.9079	 9.8478
 2.9063	 9.7312
 2.9047	 9.6738
 2.9030	 9.6445
 2.9014	 9.6058
 2.8998	 9.6346
 2.8982	 9.5837
 2.8966	 9.5705
 2.8949	 9.5622
 2.8933	 9.5128
 2.8917	 9.4260
 2.8901	 9.4585
 2.8885	 9.4849
 2.8869	 9.4516
 2.8853	 9.5459
 2.8837	 9.6337
 2.8821	 9.6558
 2.8805	 9.5869
 2.8789	 9.4965
 2.8773	 9.4126
 2.8757	 9.4762
 2.8741	 9.7048
 2.8725	 9.7798
 2.8709	 9.6930
 2.8693	 9.6165
 2.8677	 9.5576
 2.8661	 9.5502
 2.8645	 9.5103
 2.8630	 9.4697
 2.8614	 9.5422
 2.8598	 9.5759
 2.8582	 9.3880
 2.8567	 9.4242
 2.8551	 9.3934
 2.8535	 9.4143
 2.8519	 9.3913
 2.8504	 9.3050
 2.8488	 9.4496
 2.8472	 9.5546
 2.8457	 9.5951
 2.8441	 9.5225
 2.8426	 9.5059
 2.8410	 9.5859
 2.8394	 9.6343
 2.8379	 9.6044
 2.8363	 9.6007
 2.8348	 9.4000
 2.8332	 9.2882
 2.8317	 9.4191
 2.8302	 9.6267
 2.8286	 9.6913
 2.8271	 9.5867
 2.8255	 9.4688
 2.8240	 9.4149
 2.8224	 9.4938
 2.8209	 9.4563
 2.8194	 9.4992
 2.8178	 9.5817
 2.8163	 9.6748
 2.8148	 9.6216
 2.8133	 9.4854
 2.8117	 9.4532
 2.8102	 9.3844
 2.8087	 9.5931
 2.8072	 9.6608
 2.8056	 9.5309
 2.8041	 9.4939
 2.8026	 9.5417
 2.8011	 9.5424
 2.7996	 9.4545
 2.7981	 9.5060
 2.7966	 9.5217
 2.7951	 9.4923
 2.7936	 9.3689
 2.7921	 9.3962
 2.7906	 9.6016
 2.7890	 9.5800
 2.7875	 9.5106
 2.7860	 9.3493
 2.7845	 9.3720
 2.7831	 9.5077
 2.7816	 9.4160
 2.7801	 9.4057
 2.7786	 9.4352
 2.7771	 9.3958
 2.7756	 9.3112
 2.7741	 9.4225
 2.7726	 9.6303
 2.7712	 9.5415
 2.7697	 9.4517
 2.7682	 9.5042
 2.7667	 9.5409
 2.7652	 9.5326
 2.7638	 9.3817
 2.7623	 9.3046
 2.7608	 9.3173
 2.7594	 9.4188
 2.7579	 9.4473
 2.7564	 9.4563
 2.7550	 9.4372
 2.7535	 9.3666
 2.7520	 9.3105
 2.7506	 9.1399
 2.7491	 9.0904
 2.7477	 9.2669
 2.7462	 9.3751
 2.7447	 9.5017
 2.7433	 9.5454
 2.7418	 9.5258
 2.7404	 9.4749
 2.7389	 9.4148
 2.7375	 9.2770
 2.7361	 9.2954
 2.7346	 9.3108
 2.7332	 9.2285
 2.7317	 9.3615
 2.7303	 9.4227
 2.7289	 9.4165
 2.7274	 9.4398
 2.7260	 9.5444
 2.7246	 9.6396
 2.7231	 9.5473
 2.7217	 9.5385
 2.7203	 9.5826
 2.7188	 9.6055
 2.7174	 9.5386
 2.7160	 9.4670
 2.7146	 9.6463
 2.7132	 9.8130
 2.7117	 9.8011
 2.7103	 9.6586
 2.7089	 9.5830
 2.7075	 9.5051
 2.7061	 9.4567
 2.7047	 9.6219
 2.7033	 9.8229
 2.7018	 9.9185
 2.7004	 9.7708
 2.6990	 9.5999
 2.6976	 9.6577
 2.6962	 9.7466
 2.6948	 9.8146
 2.6934	 9.8352
 2.6920	 9.7611
 2.6906	 9.7234
 2.6892	 9.5506
 2.6878	 9.5363
 2.6864	 9.6456
 2.6850	 9.6201
 2.6837	 9.5756
 2.6823	 9.6953
 2.6809	 9.7874
 2.6795	 9.9163
 2.6781	 9.9114
 2.6767	 9.8236
 2.6753	 9.7989
 2.6740	 9.7418
 2.6726	 9.6443
 2.6712	 9.7942
 2.6698	 9.9133
 2.6685	 9.8336
 2.6671	 9.9594
 2.6657	10.1092
 2.6644	 9.9165
 2.6630	 9.7493
 2.6616	 9.6620
 2.6603	 9.6155
 2.6589	 9.6331
 2.6575	 9.6395
 2.6562	 9.7289
 2.6548	 9.7740
 2.6534	 9.6382
 2.6521	 9.5161
 2.6507	 9.5584
 2.6494	 9.6103
 2.6480	 9.6262
 2.6467	 9.6455
 2.6453	 9.6098
 2.6440	 9.6126
 2.6426	 9.6350
 2.6413	 9.6109
 2.6399	 9.5789
 2.6386	 9.6022
 2.6372	 9.6592
 2.6359	 9.6852
 2.6346	 9.7306
 2.6332	 9.7620
 2.6319	 9.7278
 2.6306	 9.6050
 2.6292	 9.6018
 2.6279	 9.7012
 2.6266	 9.6948
 2.6252	 9.7246
 2.6239	 9.7293
 2.6226	 9.6185
 2.6212	 9.6472
 2.6199	 9.7166
 2.6186	 9.5483
 2.6173	 9.4297
 2.6160	 9.4578
 2.6146	 9.4741
 2.6133	 9.5477
 2.6120	 9.6907
 2.6107	 9.7529
 2.6094	 9.5505
 2.6081	 9.4862
 2.6067	 9.6448
 2.6054	 9.7082
 2.6041	 9.5364
 2.6028	 9.7930
 2.6015	 9.8292
 2.6002	 9.5435
 2.5989	 9.4049
 2.5976	 9.5030
 2.5963	 9.7531
 2.5950	 9.8774
 2.5937	 9.6220
 2.5924	 9.5108
 2.5911	 9.5492
 2.5898	 9.6247
 2.5885	 9.6693
 2.5872	 9.6105
 2.5859	 9.6076
 2.5847	 9.6106
 2.5834	 9.5581
 2.5821	 9.6611
 2.5808	 9.8284
 2.5795	 9.7729
 2.5782	 9.6278
 2.5770	 9.6068
 2.5757	 9.5205
 2.5744	 9.4524
 2.5731	 9.5147
 2.5718	 9.5382
 2.5706	 9.5700
 2.5693	 9.5532
 2.5680	 9.4584
 2.5667	 9.5839
 2.5655	 9.6441
 2.5642	 9.5288
 2.5629	 9.4924
 2.5617	 9.3985
 2.5604	 9.3793
 2.5591	 9.5234
 2.5579	 9.6416
 2.5566	 9.6062
 2.5554	 9.5167
 2.5541	 9.4633
 2.5528	 9.3411
 2.5516	 9.2939
 2.5503	 9.2512
 2.5491	 9.3149
 2.5478	 9.4224
 2.5466	 9.4810
 2.5453	 9.5215
 2.5441	 9.6020
 2.5428	 9.4289
 2.5416	 9.3629
 2.5403	 9.4217
 2.5391	 9.4770
 2.5379	 9.5838
 2.5366	 9.6411
 2.5354	 9.5663
 2.5341	 9.4568
 2.5329	 9.5609
 2.5317	 9.4958
 2.5304	 9.2505
 2.5292	 9.3357
 2.5280	 9.4641
 2.5267	 9.4329
 2.5255	 9.4418
 2.5243	 9.5663
 2.5230	 9.5359
 2.5218	 9.4864
 2.5206	 9.5666
 2.5194	 9.5364
 2.5181	 9.3601
 2.5169	 9.4025
 2.5157	 9.4815
 2.5145	 9.4500
 2.5133	 9.4140
 2.5120	 9.4308
 2.5108	 9.4030
 2.5096	 9.3287
 2.5084	 9.4124
 2.5072	 9.4935
 2.5060	 9.3489
 2.5048	 9.3395
 2.5035	 9.3902
 2.5023	 9.3257
 2.5011	 9.3334
 2.4999	 9.3417
 2.4987	 9.2896
 2.4975	 9.2502
 2.4963	 9.4308
 2.4951	 9.6291
 2.4939	 9.5279
 2.4927	 9.3505
 2.4915	 9.4383
 2.4903	 9.5679
 2.4891	 9.5018
 2.4879	 9.4653
 2.4867	 9.4240
 2.4855	 9.2052
 2.4844	 9.3555
 2.4832	 9.5618
 2.4820	 9.6186
 2.4808	 9.4958
 2.4796	 9.3859
 2.4784	 9.4215
 2.4772	 9.4310
 2.4760	 9.3450
 2.4749	 9.3425
 2.4737	 9.4595
 2.4725	 9.4697
 2.4713	 9.2688
 2.4701	 9.2949
 2.4690	 9.4678
 2.4678	 9.4836
 2.4666	 9.4215
 2.4655	 9.4116
 2.4643	 9.3279
 2.4631	 9.1777
 2.4619	 9.2040
 2.4608	 9.2892
 2.4596	 9.4030
 2.4584	 9.4878
 2.4573	 9.4797
 2.4561	 9.3686
 2.4549	 9.3666
 2.4538	 9.5040
 2.4526	 9.5847
 2.4515	 9.5820
 2.4503	 9.4494
 2.4491	 9.3375
 2.4480	 9.4600
 2.4468	 9.4834
 2.4457	 9.3966
 2.4445	 9.3519
 2.4434	 9.3104
 2.4422	 9.3954
 2.4411	 9.4789
 2.4399	 9.3778
 2.4388	 9.3439
 2.4376	 9.3014
 2.4365	 9.1403
 2.4353	 9.1014
 2.4342	 9.2084
 2.4331	 9.2439
 2.4319	 9.2746
 2.4308	 9.3277
 2.4296	 9.5312
 2.4285	 9.6880
 2.4274	 9.5843
 2.4262	 9.4378
 2.4251	 9.3953
 2.4240	 9.4438
 2.4228	 9.3162
 2.4217	 9.2248
 2.4206	 9.2568
 2.4194	 9.2885
 2.4183	 9.3040
 2.4172	 9.3272
 2.4160	 9.3203
 2.4149	 9.2063
 2.4138	 9.1917
 2.4127	 9.3357
 2.4116	 9.3488
 2.4104	 9.3394
 2.4093	 9.3127
 2.4082	 9.3321
 2.4071	 9.3047
 2.4059	 9.3508
 2.4048	 9.2384
 2.4037	 9.3443
 2.4026	 9.5137
 2.4015	 9.4016
 2.4004	 9.2540
 2.3993	 9.2652
 2.3982	 9.3412
 2.3971	 9.2350
 2.3960	 9.2473
 2.3948	 9.3424
 2.3937	 9.2651
 2.3926	 9.1639
 2.3915	 9.2404
 2.3904	 9.2659
 2.3893	 9.2123
 2.3882	 9.1948
 2.3871	 9.2381
 2.3860	 9.3376
 2.3849	 9.4223
 2.3838	 9.1791
 2.3827	 9.1151
 2.3816	 9.2536
 2.3805	 9.3544
 2.3795	 9.2865
 2.3784	 9.3290
 2.3773	 9.4024
 2.3762	 9.2531
 2.3751	 9.1652
 2.3740	 9.1744
 2.3729	 9.2209
 2.3718	 9.2166
 2.3708	 9.2281
 2.3697	 9.3697
 2.3686	 9.3880
 2.3675	 9.3004
 2.3664	 9.2205
 2.3653	 9.2868
 2.3643	 9.3369
 2.3632	 9.3475
 2.3621	 9.3909
 2.3610	 9.4027
 2.3600	 9.3471
 2.3589	 9.2497
 2.3578	 9.2080
 2.3567	 9.2824
 2.3557	 9.2114
 2.3546	 9.1330
 2.3535	 9.2721
 2.3525	 9.2520
 2.3514	 9.0974
 2.3503	 9.1324
 2.3493	 9.3106
 2.3482	 9.3824
 2.3471	 9.2945
 2.3461	 9.2030
 2.3450	 9.2852
 2.3440	 9.3927
 2.3429	 9.3865
 2.3418	 9.3161
 2.3408	 9.1409
 2.3397	 9.0559
 2.3387	 9.1141
 2.3376	 9.1989
 2.3366	 9.1768
 2.3355	 9.2137
 2.3345	 9.1545
 2.3334	 8.9543
 2.3324	 9.0362
 2.3313	 9.2648
 2.3303	 9.3635
 2.3292	 9.3873
 2.3282	 9.3469
 2.3271	 9.2476
 2.3261	 9.2473
 2.3250	 9.2559
 2.3240	 9.2768
 2.3230	 9.3420
 2.3219	 9.2727
 2.3209	 9.1843
 2.3198	 9.1311
 2.3188	 9.1272
 2.3178	 9.1640
 2.3167	 9.0469
 2.3157	 9.1561
 2.3147	 9.2608
 2.3136	 9.1469
 2.3126	 9.1303
 2.3116	 9.0276
 2.3105	 9.1412
 2.3095	 9.3502
 2.3085	 9.5071
 2.3074	 9.4375
 2.3064	 9.3022
 2.3054	 9.1967
 2.3044	 9.0409
 2.3034	 9.2024
 2.3023	 9.2286
 2.3013	 9.0369
 2.3003	 8.9293
 2.2993	 9.0154
 2.2982	 9.2690
 2.2972	 9.3002
 2.2962	 9.3026
 2.2952	 9.4015
 2.2942	 9.2665
 2.2932	 9.2406
 2.2921	 9.2387
 2.2911	 9.1278
 2.2901	 9.0556
 2.2891	 8.9966
 2.2881	 8.8875
 2.2871	 8.8335
 2.2861	 8.9296
 2.2851	 9.0607
 2.2841	 9.2622
 2.2831	 9.3300
 2.2821	 9.1311
 2.2811	 8.9287
 2.2801	 9.0206
 2.2790	 9.0979
 2.2780	 9.1628
 2.2771	 9.2444
 2.2761	 9.2033
 2.2750	 8.9986
 2.2740	 8.8983
 2.2731	 8.9930
 2.2721	 9.0994
 2.2711	 9.2712
 2.2701	 9.2035
 2.2691	 9.1708
 2.2681	 9.1973
 2.2671	 9.2802
 2.2661	 9.1485
 2.2651	 9.0626
 2.2641	 9.2175
 2.2631	 9.0275
 2.2621	 8.9181
 2.2612	 9.0787
 2.2602	 8.9946
 2.2592	 8.8744
 2.2582	 8.9288
 2.2572	 8.9608
 2.2562	 9.0271
 2.2553	 9.0607
 2.2543	 9.1511
 2.2533	 9.1552
 2.2523	 9.1489
 2.2513	 9.0557
 2.2504	 9.0332
 2.2494	 9.0142
 2.2484	 9.0120
 2.2474	 8.9435
 2.2465	 8.9869
 2.2455	 9.0781
 2.2445	 9.1894
 2.2435	 9.1180
 2.2426	 9.0569
 2.2416	 9.0541
 2.2406	 9.0276
 2.2397	 9.2205
 2.2387	 9.2475
 2.2377	 9.0823
 2.2368	 8.9288
 2.2358	 8.9342
 2.2348	 8.9067
 2.2339	 8.7951
 2.2329	 8.9599
 2.2320	 9.1263
 2.2310	 9.1535
 2.2300	 9.0883
 2.2291	 8.8937
 2.2281	 8.9666
 2.2272	 9.1376
 2.2262	 9.0921
 2.2252	 8.9925
 2.2243	 9.1077
 2.2233	 9.1486
 2.2224	 9.1392
 2.2214	 9.1171
 2.2205	 8.9605
 2.2195	 8.9335
 2.2186	 9.1190
 2.2176	 9.1485
 2.2167	 8.9569
 2.2157	 9.1064
 2.2148	 9.2395
 2.2138	 9.1174
 2.2129	 9.0435
 2.2120	 9.0216
 2.2110	 9.0919
 2.2101	 9.1335
 2.2091	 9.0192
 2.2082	 8.9458
 2.2073	 9.0664
 2.2063	 8.9881
 2.2054	 8.9489
 2.2044	 8.9438
 2.2035	 8.8851
 2.2026	 8.9342
 2.2016	 8.9999
 2.2007	 8.9870
 2.1998	 8.9303
 2.1988	 8.9385
 2.1979	 8.8563
 2.1970	 8.9345
 2.1960	 9.0105
 2.1951	 8.9485
 2.1942	 8.9417
 2.1932	 9.0448
 2.1923	 9.0750
 2.1914	 8.9761
 2.1905	 8.9311
 2.1895	 8.9147
 2.1886	 8.8152
 2.1877	 8.7678
 2.1868	 9.0494
 2.1858	 9.2323
 2.1849	 9.0790
 2.1840	 9.0640
 2.1831	 9.1580
 2.1822	 9.1304
 2.1812	 8.9370
 2.1803	 8.8539
 2.1794	 8.9058
 2.1785	 8.9542
 2.1776	 9.0969
 2.1767	 9.2034
 2.1758	 9.1635
 2.1749	 8.9543
 2.1739	 8.9836
 2.1730	 8.9580
 2.1721	 8.7473
 2.1712	 8.8507
 2.1703	 9.0032
 2.1694	 8.9678
 2.1685	 8.8433
 2.1676	 8.6840
 2.1667	 8.8354
 2.1658	 9.1349
 2.1649	 9.2351
 2.1639	 9.3587
 2.1631	 9.2741
 2.1622	 8.9958
 2.1612	 8.9445
 2.1604	 8.7220
 2.1595	 8.7837
 2.1585	 8.9337
 2.1576	 8.9146
 2.1568	 8.8007
 2.1559	 8.7495
 2.1550	 8.7325
 2.1541	 8.7999
 2.1532	 8.8846
 2.1523	 8.9469
 2.1514	 9.0258
 2.1505	 8.9351
 2.1496	 8.6966
 2.1487	 8.8263
 2.1478	 8.8365
 2.1469	 8.7930
 2.1460	 9.0068
 2.1452	 9.0012
 2.1443	 8.8896
 2.1434	 8.7720
 2.1425	 8.9283
 2.1416	 9.0909
 2.1407	 9.0180
 2.1398	 8.9506
 2.1390	 8.8019
 2.1381	 8.7687
 2.1372	 8.8019
 2.1363	 8.7472
 2.1354	 8.8317
 2.1345	 8.8237
 2.1337	 8.6678
 2.1328	 8.8358
 2.1319	 8.9626
 2.1311	 8.9160
 2.1302	 8.9312
 2.1293	 8.7865
 2.1284	 8.7771
 2.1275	 9.0433
 2.1267	 8.8120
 2.1258	 8.6803
 2.1249	 8.8734
 2.1241	 8.9043
 2.1232	 8.8451
 2.1223	 8.7656
 2.1214	 8.7658
 2.1206	 8.6451
 2.1197	 8.8710
 2.1189	 9.1239
 2.1180	 8.8595
 2.1171	 8.7468
 2.1163	 8.8523
 2.1154	 8.9564
 2.1145	 8.9354
 2.1137	 8.6189
 2.1128	 8.5453
 2.1120	 8.6882
 2.1111	 8.6998
 2.1102	 8.5799
 2.1094	 8.7213
 2.1085	 8.8447
 2.1077	 8.9542
 2.1068	 9.0096
 2.1059	 8.9411
 2.1051	 8.8741
 2.1042	 8.7716
 2.1034	 8.6541
 2.1025	 8.6566
 2.1017	 8.8003
 2.1008	 8.9307
 2.1000	 8.7598
 2.0991	 8.6742
 2.0983	 8.7196
 2.0974	 8.8596
 2.0966	 9.0358
 2.0957	 8.9975
 2.0949	 8.9342
 2.0940	 8.8993
 2.0932	 9.0105
 2.0924	 9.0793
 2.0915	 8.8776
 2.0907	 8.8512
 2.0898	 8.9604
 2.0890	 8.8407
 2.0881	 8.5450
 2.0873	 8.5473
 2.0865	 8.5901
 2.0856	 8.6120
 2.0848	 8.7204
 2.0839	 8.5743
 2.0831	 8.6129
 2.0823	 8.8571
 2.0814	 9.0179
 2.0806	 9.0041
 2.0798	 8.6809
 2.0789	 8.7547
 2.0781	 8.8458
 2.0773	 8.7513
 2.0764	 9.0715
 2.0756	 8.9874
 2.0748	 9.0094
 2.0739	 8.9844
 2.0731	 8.6281
 2.0723	 9.1064
 2.0715	 9.8352
 2.0706	 8.9999
 2.0698	 8.2499
 2.0690	 8.5338
 2.0681	 8.5908
 2.0673	 7.9624
 2.0665	 8.2371
 2.0657	 8.6735
 2.0648	 8.8775
 2.0640	 9.0785
 2.0632	 9.0832
 2.0624	 8.9266
 2.0616	 8.4918
 2.0607	 8.0885
 2.0599	 8.5052
 2.0591	 8.8257
 2.0583	 8.7395
 2.0575	 8.7128
 2.0567	 8.5591
 2.0558	 8.7547
 2.0550	 8.8938
 2.0542	 8.6224
 2.0534	 8.6583
 2.0526	 8.7341
 2.0518	 8.8143
 2.0510	 8.9955
 2.0501	 8.9853
 2.0493	 8.7346
 2.0485	 8.5691
 2.0477	 8.6793
 2.0469	 8.9298
 2.0461	 8.9483
 2.0453	 8.9782
 2.0445	 8.8782
 2.0437	 8.8113
 2.0429	 8.8873
 2.0421	 8.7244
 2.0413	 8.6842
 2.0405	 8.7868
 2.0397	 8.7770
 2.0389	 8.6939
 2.0381	 8.8565
 2.0373	 8.7781
 2.0365	 8.7036
 2.0357	 8.7940
 2.0349	 8.5295
 2.0341	 8.5428
 2.0333	 8.7074
 2.0325	 8.7197
 2.0317	 8.6770
 2.0309	 8.5898
 2.0301	 8.4481
 2.0293	 8.3925
 2.0285	 8.3068
 2.0277	 8.3049
 2.0269	 8.4649
 2.0261	 8.5879
 2.0253	 8.5041
 2.0245	 8.4759
 2.0237	 8.5460
 2.0229	 8.5589
 2.0222	 8.5902
 2.0214	 8.6321
 2.0206	 8.9211
 2.0198	 9.1246
 2.0190	 8.8900
 2.0182	 8.6500
 2.0174	 8.6221
 2.0167	 8.8077
 2.0159	 8.6664
 2.0151	 8.5725
 2.0143	 8.6299
 2.0135	 8.7107
 2.0128	 8.6835
 2.0120	 8.8299
 2.0112	 8.8099
 2.0104	 8.6270
 2.0096	 8.5497
 2.0088	 8.5741
 2.0081	 8.5800
 2.0073	 8.6853
 2.0065	 8.7105
 2.0057	 8.7326
 2.0050	 8.6546
 2.0042	 8.6321
 2.0034	 8.7847
 2.0026	 8.7476
 2.0019	 8.6533
 2.0011	 8.9298
 2.0003	 8.9223
