Name: Anorthite CaAl2Si2O8
Type: Mineral
Class: Silicate
Subclass: Tectosilicate
Particle Size: Coarse
Sample No.: anorthite_1
Owner: JHU
Wavelength Range: TIR
Origin: Sample from Bruce Hemingway, USGS; synthesized by JamesWoodhead, Princeton University.
Collection Date: N/A
Description: The sample was a coarse white powder.  The sample appears pure under the microscope, with very fine (cryptocrystalline) texture.(Synthetic) (Framework silicates) (Feldspar Group)Particle size was 75-250 Micrometers. Original ASTER Spectral Library name was jhu.nicolet.mineral.silicate.tectosilicate.coarse.anorth1.spectrum.txt
Measurement: Bidirectional reflectance
First Column: X
Second Column: Y
X Units: Wavelength (micrometers)
Y Units:Reflectance (percent)
First X Value: 25.0442
Last X Value:  2.0795
Number of X Values: 2287
Additional Information: mineral.silicate.tectosilicate.coarse.tir.anorthite_1.jhu.nicolet.ancillary.txt

25.0442	 3.6616
24.9238	 3.7734
24.8045	 3.7317
24.6864	 3.4641
24.5694	 3.4026
24.4536	 3.2893
24.3388	 3.1196
24.2250	 3.1311
24.1124	 3.0937
24.0007	 2.9932
23.8901	 2.9199
23.7805	 2.9880
23.6719	 3.0395
23.5643	 2.9773
23.4577	 2.9404
23.3520	 2.9062
23.2473	 2.8479
23.1435	 2.7588
23.0407	 2.7036
22.9387	 2.6802
22.8377	 2.5767
22.7375	 2.5293
22.6382	 2.4971
22.5398	 2.4028
22.4422	 2.4634
22.3455	 2.4829
22.2496	 2.5232
22.1545	 2.6477
22.0602	 2.6577
21.9668	 2.6670
21.8741	 2.7349
21.7822	 2.7334
21.6910	 2.7617
21.6007	 2.8071
21.5110	 2.8184
21.4221	 2.8227
21.3340	 2.8550
21.2465	 2.8393
21.1598	 2.7954
21.0738	 2.8064
20.9885	 2.8306
20.9038	 2.8769
20.8199	 2.9097
20.7366	 2.8809
20.6540	 2.7966
20.5720	 2.7371
20.4907	 2.7224
20.4100	 2.6567
20.3300	 2.6260
20.2506	 2.6362
20.1718	 2.6755
20.0936	 2.7170
20.0160	 2.7715
19.9391	 2.7751
19.8627	 2.8393
19.7869	 2.8645
19.7116	 2.8694
19.6370	 2.9228
19.5628	 2.9299
19.4893	 2.9392
19.4163	 2.9788
19.3439	 2.9763
19.2719	 3.0095
19.2006	 3.0635
19.1297	 3.1101
19.0594	 3.1677
18.9896	 3.2263
18.9203	 3.2900
18.8515	 3.2983
18.7832	 3.3457
18.7153	 3.4033
18.6480	 3.4504
18.5812	 3.4665
18.5148	 3.4631
18.4489	 3.4172
18.3835	 3.3218
18.3185	 3.2842
18.2541	 3.2917
18.1900	 3.2915
18.1264	 3.2517
18.0633	 3.2754
18.0005	 3.3547
17.9382	 3.3777
17.8764	 3.3921
17.8150	 3.4678
17.7539	 3.5120
17.6934	 3.5146
17.6332	 3.4770
17.5734	 3.4372
17.5140	 3.4058
17.4551	 3.3725
17.3965	 3.3657
17.3383	 3.3518
17.2805	 3.3384
17.2231	 3.3350
17.1661	 3.3523
17.1094	 3.3184
17.0531	 3.2644
16.9972	 3.2624
16.9417	 3.2610
16.8865	 3.2283
16.8317	 3.2178
16.7772	 3.2180
16.7231	 3.2297
16.6693	 3.1877
16.6159	 3.1719
16.5628	 3.1877
16.5100	 3.1719
16.4576	 3.1079
16.4055	 3.0647
16.3538	 3.0444
16.3024	 3.0630
16.2513	 3.1348
16.2005	 3.2317
16.1500	 3.2966
16.0998	 3.3564
16.0500	 3.3845
16.0005	 3.4263
15.9513	 3.4036
15.9023	 3.3467
15.8537	 3.2778
15.8054	 3.1777
15.7573	 3.0788
15.7096	 2.9582
15.6621	 2.8235
15.6149	 2.6626
15.5680	 2.4717
15.5214	 2.2993
15.4751	 2.1616
15.4290	 2.0762
15.3832	 2.0447
15.3377	 2.0044
15.2925	 1.9851
15.2475	 2.0359
15.2028	 2.0828
15.1583	 2.0911
15.1141	 2.1321
15.0702	 2.1809
15.0265	 2.1887
14.9831	 2.1550
14.9399	 2.1497
14.8970	 2.1580
14.8543	 2.1174
14.8119	 2.1101
14.7697	 2.1006
14.7277	 2.0515
14.6860	 2.0205
14.6445	 2.0142
14.6033	 2.0090
14.5622	 1.9978
14.5214	 1.9893
14.4809	 1.9907
14.4405	 1.9868
14.4004	 1.9380
14.3605	 1.9336
14.3209	 1.9604
14.2814	 1.9778
14.2422	 1.9819
14.2032	 1.9763
14.1643	 1.9736
14.1258	 1.9761
14.0874	 1.9993
14.0492	 2.0400
14.0112	 2.0637
13.9734	 2.0923
13.9359	 2.1123
13.8985	 2.1140
13.8614	 2.1460
13.8244	 2.1912
13.7876	 2.2048
13.7511	 2.1653
13.7147	 2.1260
13.6785	 2.1099
13.6425	 2.0984
13.6067	 2.0837
13.5711	 2.0681
13.5356	 2.0337
13.5004	 2.0278
13.4653	 2.0508
13.4304	 2.0632
13.3957	 2.0762
13.3612	 2.1099
13.3269	 2.1575
13.2927	 2.1863
13.2587	 2.1665
13.2249	 2.1455
13.1912	 2.1333
13.1577	 2.0979
13.1244	 2.0681
13.0913	 2.0290
13.0583	 2.0061
13.0255	 2.0029
12.9929	 1.9927
12.9604	 1.9802
12.9281	 1.9595
12.8959	 1.9294
12.8639	 1.9114
12.8321	 1.9116
12.8004	 1.9265
12.7688	 1.9263
12.7375	 1.9316
12.7063	 1.9788
12.6752	 2.0171
12.6443	 2.0215
12.6135	 2.0403
12.5829	 2.0730
12.5524	 2.1108
12.5221	 2.1396
12.4919	 2.1489
12.4619	 2.1694
12.4320	 2.1985
12.4023	 2.1941
12.3727	 2.2107
12.3432	 2.2424
12.3139	 2.2747
12.2847	 2.2883
12.2557	 2.2891
12.2268	 2.2996
12.1980	 2.3262
12.1694	 2.3372
12.1409	 2.3359
12.1125	 2.3574
12.0843	 2.3799
12.0562	 2.3787
12.0282	 2.3799
12.0004	 2.4270
11.9726	 2.4595
11.9450	 2.4424
11.9176	 2.4368
11.8903	 2.4770
11.8631	 2.5093
11.8360	 2.5063
11.8090	 2.5046
11.7822	 2.5117
11.7555	 2.4988
11.7289	 2.4990
11.7024	 2.5259
11.6760	 2.5559
11.6498	 2.5684
11.6237	 2.5903
11.5977	 2.6174
11.5718	 2.6196
11.5460	 2.6553
11.5203	 2.6870
11.4948	 2.7117
11.4694	 2.7468
11.4440	 2.7937
11.4188	 2.8342
11.3937	 2.8621
11.3688	 2.9004
11.3439	 2.9595
11.3191	 3.0203
11.2944	 3.0754
11.2699	 3.1289
11.2455	 3.1863
11.2211	 3.2461
11.1969	 3.3061
11.1727	 3.3642
11.1487	 3.4226
11.1248	 3.4519
11.1010	 3.4763
11.0773	 3.5193
11.0536	 3.5705
11.0301	 3.6038
11.0067	 3.6370
10.9834	 3.6721
10.9602	 3.7026
10.9370	 3.7424
10.9140	 3.7991
10.8911	 3.8491
10.8682	 3.8874
10.8455	 3.9304
10.8229	 3.9819
10.8003	 4.0290
10.7779	 4.0830
10.7555	 4.1291
10.7332	 4.1597
10.7111	 4.1848
10.6890	 4.2092
10.6670	 4.2195
10.6451	 4.2266
10.6233	 4.2478
10.6015	 4.2759
10.5799	 4.3071
10.5584	 4.3328
10.5369	 4.3320
10.5155	 4.3286
10.4942	 4.3337
10.4730	 4.3213
10.4519	 4.2998
10.4309	 4.2742
10.4099	 4.2197
10.3891	 4.1433
10.3683	 4.0662
10.3476	 4.0027
10.3270	 3.9363
10.3065	 3.8401
10.2860	 3.7126
10.2656	 3.5891
10.2454	 3.4717
10.2251	 3.3513
10.2050	 3.2685
10.1850	 3.2222
10.1650	 3.1870
10.1451	 3.1782
10.1253	 3.1580
10.1056	 3.1240
10.0859	 3.0945
10.0663	 3.0730
10.0468	 3.0344
10.0274	 2.9939
10.0080	 2.9736
 9.9887	 2.9570
 9.9695	 2.9343
 9.9504	 2.9050
 9.9313	 2.8884
 9.9123	 2.9004
 9.8934	 2.9055
 9.8746	 2.9097
 9.8558	 2.9434
 9.8371	 2.9863
 9.8185	 3.0237
 9.7999	 3.0535
 9.7814	 3.0754
 9.7630	 3.0906
 9.7447	 3.0911
 9.7264	 3.0879
 9.7082	 3.0911
 9.6900	 3.0903
 9.6719	 3.0679
 9.6539	 3.0308
 9.6360	 2.9888
 9.6181	 2.9519
 9.6003	 2.9060
 9.5825	 2.8667
 9.5649	 2.8181
 9.5472	 2.7522
 9.5297	 2.6960
 9.5122	 2.6489
 9.4948	 2.5923
 9.4774	 2.5486
 9.4601	 2.4976
 9.4429	 2.4587
 9.4257	 2.4231
 9.4086	 2.3855
 9.3916	 2.3672
 9.3746	 2.3545
 9.3577	 2.3393
 9.3408	 2.3188
 9.3240	 2.3096
 9.3073	 2.3215
 9.2906	 2.3325
 9.2740	 2.3386
 9.2574	 2.3445
 9.2409	 2.3479
 9.2245	 2.3530
 9.2081	 2.3601
 9.1918	 2.3640
 9.1755	 2.3806
 9.1593	 2.4045
 9.1431	 2.4204
 9.1270	 2.4448
 9.1110	 2.4763
 9.0950	 2.4924
 9.0791	 2.4932
 9.0632	 2.5098
 9.0474	 2.5391
 9.0316	 2.5369
 9.0159	 2.5347
 9.0003	 2.5459
 8.9847	 2.5542
 8.9691	 2.5684
 8.9536	 2.5691
 8.9382	 2.5850
 8.9228	 2.6125
 8.9075	 2.6135
 8.8922	 2.6204
 8.8770	 2.6450
 8.8618	 2.6653
 8.8467	 2.6946
 8.8316	 2.7288
 8.8166	 2.7695
 8.8016	 2.8289
 8.7867	 2.8970
 8.7718	 2.9592
 8.7570	 3.0232
 8.7422	 3.0952
 8.7275	 3.1616
 8.7129	 3.2246
 8.6982	 3.2820
 8.6837	 3.3332
 8.6692	 3.3725
 8.6547	 3.4143
 8.6403	 3.4595
 8.6259	 3.4961
 8.6116	 3.5249
 8.5973	 3.5400
 8.5830	 3.5417
 8.5688	 3.5513
 8.5547	 3.5588
 8.5406	 3.5520
 8.5266	 3.5588
 8.5126	 3.5691
 8.4986	 3.5625
 8.4847	 3.5649
 8.4708	 3.5718
 8.4570	 3.5593
 8.4432	 3.5342
 8.4295	 3.4907
 8.4158	 3.4304
 8.4022	 3.3611
 8.3886	 3.2786
 8.3750	 3.1775
 8.3615	 3.0669
 8.3481	 2.9497
 8.3347	 2.8162
 8.3213	 2.6570
 8.3079	 2.4839
 8.2946	 2.3003
 8.2814	 2.0981
 8.2682	 1.8833
 8.2550	 1.6619
 8.2419	 1.4365
 8.2288	 1.2085
 8.2158	 0.9915
 8.2028	 0.8000
 8.1898	 0.6418
 8.1769	 0.5139
 8.1640	 0.4226
 8.1512	 0.3660
 8.1384	 0.3259
 8.1256	 0.3137
 8.1129	 0.3303
 8.1002	 0.3491
 8.0876	 0.3726
 8.0750	 0.3982
 8.0624	 0.4185
 8.0499	 0.4399
 8.0374	 0.4680
 8.0250	 0.4934
 8.0126	 0.5105
 8.0002	 0.5308
 7.9879	 0.5520
 7.9756	 0.5693
 7.9634	 0.5881
 7.9512	 0.6074
 7.9390	 0.6255
 7.9268	 0.6477
 7.9147	 0.6699
 7.9027	 0.6855
 7.8906	 0.6963
 7.8786	 0.7109
 7.8667	 0.7295
 7.8548	 0.7498
 7.8429	 0.7632
 7.8310	 0.7759
 7.8192	 0.7903
 7.8075	 0.8120
 7.7957	 0.8284
 7.7840	 0.8386
 7.7723	 0.8469
 7.7607	 0.8596
 7.7491	 0.8799
 7.7375	 0.8933
 7.7260	 0.9026
 7.7145	 0.9211
 7.7031	 0.9338
 7.6916	 0.9451
 7.6802	 0.9551
 7.6689	 0.9648
 7.6575	 0.9788
 7.6462	 0.9905
 7.6350	 1.0010
 7.6238	 1.0120
 7.6126	 1.0244
 7.6014	 1.0344
 7.5903	 1.0430
 7.5792	 1.0510
 7.5681	 1.0610
 7.5571	 1.0684
 7.5461	 1.0813
 7.5351	 1.0918
 7.5242	 1.0986
 7.5133	 1.1106
 7.5024	 1.1233
 7.4916	 1.1274
 7.4807	 1.1335
 7.4700	 1.1457
 7.4592	 1.1550
 7.4485	 1.1626
 7.4378	 1.1665
 7.4272	 1.1716
 7.4165	 1.1816
 7.4059	 1.1953
 7.3954	 1.2068
 7.3848	 1.2156
 7.3743	 1.2185
 7.3639	 1.2183
 7.3534	 1.2275
 7.3430	 1.2349
 7.3326	 1.2432
 7.3223	 1.2571
 7.3119	 1.2629
 7.3016	 1.2646
 7.2914	 1.2830
 7.2811	 1.2959
 7.2709	 1.2971
 7.2607	 1.3032
 7.2506	 1.3042
 7.2404	 1.3049
 7.2303	 1.3120
 7.2203	 1.3228
 7.2102	 1.3318
 7.2002	 1.3372
 7.1902	 1.3413
 7.1803	 1.3445
 7.1703	 1.3469
 7.1604	 1.3489
 7.1506	 1.3579
 7.1407	 1.3652
 7.1309	 1.3660
 7.1211	 1.3733
 7.1113	 1.3874
 7.1016	 1.3936
 7.0919	 1.3953
 7.0822	 1.4028
 7.0725	 1.4114
 7.0629	 1.4121
 7.0533	 1.4185
 7.0437	 1.4214
 7.0341	 1.4177
 7.0246	 1.4285
 7.0151	 1.4368
 7.0056	 1.4409
 6.9962	 1.4465
 6.9867	 1.4575
 6.9773	 1.4580
 6.9679	 1.4524
 6.9586	 1.4565
 6.9493	 1.4653
 6.9400	 1.4751
 6.9307	 1.4792
 6.9214	 1.4773
 6.9122	 1.4683
 6.9030	 1.4639
 6.8938	 1.4744
 6.8847	 1.4829
 6.8755	 1.4817
 6.8664	 1.4805
 6.8573	 1.4905
 6.8483	 1.4941
 6.8393	 1.4919
 6.8302	 1.4929
 6.8213	 1.4907
 6.8123	 1.4963
 6.8034	 1.5051
 6.7944	 1.5012
 6.7855	 1.4958
 6.7767	 1.4990
 6.7678	 1.5049
 6.7590	 1.5151
 6.7502	 1.5227
 6.7414	 1.5200
 6.7327	 1.5188
 6.7239	 1.5164
 6.7152	 1.5120
 6.7065	 1.5142
 6.6979	 1.5210
 6.6892	 1.5256
 6.6806	 1.5207
 6.6720	 1.5181
 6.6634	 1.5242
 6.6549	 1.5244
 6.6464	 1.5188
 6.6378	 1.5134
 6.6294	 1.5188
 6.6209	 1.5271
 6.6124	 1.5325
 6.6040	 1.5332
 6.5956	 1.5342
 6.5872	 1.5366
 6.5789	 1.5359
 6.5705	 1.5373
 6.5622	 1.5417
 6.5539	 1.5449
 6.5456	 1.5471
 6.5374	 1.5469
 6.5292	 1.5464
 6.5209	 1.5540
 6.5128	 1.5559
 6.5046	 1.5576
 6.4964	 1.5618
 6.4883	 1.5588
 6.4802	 1.5701
 6.4721	 1.5803
 6.4640	 1.5825
 6.4560	 1.5845
 6.4480	 1.5864
 6.4399	 1.5874
 6.4320	 1.5854
 6.4240	 1.5820
 6.4160	 1.5801
 6.4081	 1.5825
 6.4002	 1.5859
 6.3923	 1.5896
 6.3844	 1.5901
 6.3766	 1.5847
 6.3687	 1.5859
 6.3609	 1.5867
 6.3531	 1.5774
 6.3454	 1.5752
 6.3376	 1.5818
 6.3299	 1.5825
 6.3221	 1.5828
 6.3144	 1.5825
 6.3068	 1.5813
 6.2991	 1.5762
 6.2914	 1.5759
 6.2838	 1.5767
 6.2762	 1.5789
 6.2686	 1.5837
 6.2611	 1.5864
 6.2535	 1.5808
 6.2460	 1.5769
 6.2385	 1.5832
 6.2310	 1.5835
 6.2235	 1.5828
 6.2160	 1.5857
 6.2086	 1.5923
 6.2011	 1.5915
 6.1937	 1.5837
 6.1863	 1.5815
 6.1790	 1.5862
 6.1716	 1.5837
 6.1643	 1.5884
 6.1570	 1.5962
 6.1496	 1.5969
 6.1424	 1.5955
 6.1351	 1.5957
 6.1278	 1.6023
 6.1206	 1.6006
 6.1134	 1.5998
 6.1062	 1.6082
 6.0990	 1.6069
 6.0918	 1.6067
 6.0847	 1.6111
 6.0776	 1.6069
 6.0704	 1.6050
 6.0633	 1.6133
 6.0563	 1.6125
 6.0492	 1.6067
 6.0421	 1.6191
 6.0351	 1.6221
 6.0281	 1.6182
 6.0211	 1.6240
 6.0141	 1.6372
 6.0071	 1.6450
 6.0002	 1.6511
 5.9932	 1.6545
 5.9863	 1.6614
 5.9794	 1.6753
 5.9725	 1.6848
 5.9657	 1.6926
 5.9588	 1.7026
 5.9520	 1.7097
 5.9451	 1.7175
 5.9383	 1.7239
 5.9315	 1.7451
 5.9247	 1.7600
 5.9180	 1.7610
 5.9112	 1.7759
 5.9045	 1.7913
 5.8978	 1.7964
 5.8911	 1.8142
 5.8844	 1.8308
 5.8777	 1.8472
 5.8711	 1.8591
 5.8644	 1.8677
 5.8578	 1.8833
 5.8512	 1.8955
 5.8446	 1.9072
 5.8380	 1.9211
 5.8314	 1.9304
 5.8249	 1.9456
 5.8184	 1.9690
 5.8118	 1.9897
 5.8053	 2.0017
 5.7988	 2.0085
 5.7924	 2.0229
 5.7859	 2.0422
 5.7794	 2.0586
 5.7730	 2.0723
 5.7666	 2.0796
 5.7602	 2.0945
 5.7538	 2.1172
 5.7474	 2.1343
 5.7410	 2.1372
 5.7347	 2.1482
 5.7283	 2.1704
 5.7220	 2.1819
 5.7157	 2.1921
 5.7094	 2.2136
 5.7031	 2.2270
 5.6969	 2.2351
 5.6906	 2.2510
 5.6844	 2.2649
 5.6782	 2.2705
 5.6719	 2.2817
 5.6657	 2.2949
 5.6596	 2.3103
 5.6534	 2.3264
 5.6472	 2.3315
 5.6411	 2.3320
 5.6349	 2.3401
 5.6288	 2.3496
 5.6227	 2.3581
 5.6166	 2.3662
 5.6106	 2.3721
 5.6045	 2.3784
 5.5984	 2.3794
 5.5924	 2.3799
 5.5864	 2.3777
 5.5804	 2.3769
 5.5744	 2.3794
 5.5684	 2.3794
 5.5624	 2.3799
 5.5564	 2.3745
 5.5505	 2.3660
 5.5445	 2.3647
 5.5386	 2.3606
 5.5327	 2.3562
 5.5268	 2.3564
 5.5209	 2.3508
 5.5151	 2.3435
 5.5092	 2.3362
 5.5033	 2.3357
 5.4975	 2.3367
 5.4917	 2.3313
 5.4859	 2.3264
 5.4801	 2.3203
 5.4743	 2.3247
 5.4685	 2.3274
 5.4628	 2.3262
 5.4570	 2.3235
 5.4513	 2.3242
 5.4455	 2.3318
 5.4398	 2.3372
 5.4341	 2.3408
 5.4284	 2.3423
 5.4228	 2.3433
 5.4171	 2.3545
 5.4114	 2.3635
 5.4058	 2.3721
 5.4002	 2.3862
 5.3945	 2.4026
 5.3889	 2.4211
 5.3833	 2.4316
 5.3778	 2.4497
 5.3722	 2.4685
 5.3666	 2.4810
 5.3611	 2.4961
 5.3555	 2.5129
 5.3500	 2.5227
 5.3445	 2.5378
 5.3390	 2.5564
 5.3335	 2.5747
 5.3280	 2.5852
 5.3225	 2.5955
 5.3171	 2.6096
 5.3116	 2.6243
 5.3062	 2.6304
 5.3008	 2.6438
 5.2954	 2.6567
 5.2900	 2.6755
 5.2846	 2.6968
 5.2792	 2.7143
 5.2738	 2.7302
 5.2684	 2.7471
 5.2631	 2.7710
 5.2578	 2.7895
 5.2524	 2.8044
 5.2471	 2.8245
 5.2418	 2.8430
 5.2365	 2.8584
 5.2312	 2.8848
 5.2260	 2.9089
 5.2207	 2.9199
 5.2154	 2.9363
 5.2102	 2.9622
 5.2050	 2.9834
 5.1998	 3.0061
 5.1945	 3.0271
 5.1893	 3.0481
 5.1842	 3.0747
 5.1790	 3.0986
 5.1738	 3.1184
 5.1686	 3.1431
 5.1635	 3.1760
 5.1584	 3.2014
 5.1532	 3.2224
 5.1481	 3.2519
 5.1430	 3.2764
 5.1379	 3.2986
 5.1328	 3.3301
 5.1277	 3.3586
 5.1227	 3.3755
 5.1176	 3.4033
 5.1126	 3.4319
 5.1075	 3.4587
 5.1025	 3.4807
 5.0975	 3.4980
 5.0925	 3.5278
 5.0875	 3.5530
 5.0825	 3.5740
 5.0775	 3.5920
 5.0726	 3.6108
 5.0676	 3.6304
 5.0627	 3.6489
 5.0577	 3.6702
 5.0528	 3.6860
 5.0479	 3.7060
 5.0430	 3.7278
 5.0380	 3.7510
 5.0332	 3.7764
 5.0283	 3.8013
 5.0234	 3.8249
 5.0185	 3.8474
 5.0137	 3.8757
 5.0088	 3.9072
 5.0040	 3.9324
 4.9992	 3.9558
 4.9944	 3.9839
 4.9896	 4.0093
 4.9848	 4.0290
 4.9800	 4.0561
 4.9752	 4.0884
 4.9704	 4.1142
 4.9657	 4.1411
 4.9609	 4.1684
 4.9562	 4.1975
 4.9514	 4.2204
 4.9467	 4.2478
 4.9420	 4.2705
 4.9373	 4.2895
 4.9326	 4.3193
 4.9279	 4.3491
 4.9232	 4.3750
 4.9186	 4.3992
 4.9139	 4.4248
 4.9092	 4.4495
 4.9046	 4.4790
 4.9000	 4.5110
 4.8953	 4.5334
 4.8907	 4.5593
 4.8861	 4.5903
 4.8815	 4.6174
 4.8769	 4.6372
 4.8723	 4.6572
 4.8678	 4.6850
 4.8632	 4.7114
 4.8586	 4.7410
 4.8541	 4.7695
 4.8495	 4.7898
 4.8450	 4.8093
 4.8405	 4.8359
 4.8360	 4.8647
 4.8315	 4.8862
 4.8270	 4.9116
 4.8225	 4.9258
 4.8180	 4.9477
 4.8135	 4.9773
 4.8090	 5.0056
 4.8046	 5.0222
 4.8001	 5.0405
 4.7957	 5.0649
 4.7913	 5.0842
 4.7868	 5.1001
 4.7824	 5.1238
 4.7780	 5.1453
 4.7736	 5.1597
 4.7692	 5.1819
 4.7648	 5.2036
 4.7605	 5.2139
 4.7561	 5.2312
 4.7517	 5.2612
 4.7474	 5.2871
 4.7431	 5.3081
 4.7387	 5.3313
 4.7344	 5.3511
 4.7301	 5.3655
 4.7258	 5.3901
 4.7215	 5.4287
 4.7172	 5.4470
 4.7129	 5.4690
 4.7086	 5.5036
 4.7043	 5.5347
 4.7000	 5.5547
 4.6958	 5.5810
 4.6915	 5.6189
 4.6873	 5.6421
 4.6831	 5.6692
 4.6788	 5.7053
 4.6746	 5.7329
 4.6704	 5.7622
 4.6662	 5.7908
 4.6620	 5.8186
 4.6578	 5.8491
 4.6536	 5.8833
 4.6495	 5.9172
 4.6453	 5.9485
 4.6411	 5.9907
 4.6370	 6.0351
 4.6328	 6.0683
 4.6287	 6.1015
 4.6246	 6.1484
 4.6205	 6.1960
 4.6163	 6.2370
 4.6122	 6.2803
 4.6081	 6.3218
 4.6040	 6.3613
 4.6000	 6.4045
 4.5959	 6.4509
 4.5918	 6.4973
 4.5877	 6.5317
 4.5837	 6.5732
 4.5796	 6.6138
 4.5756	 6.6482
 4.5716	 6.6872
 4.5675	 6.7253
 4.5635	 6.7590
 4.5595	 6.7983
 4.5555	 6.8410
 4.5515	 6.8779
 4.5475	 6.9077
 4.5435	 6.9387
 4.5395	 6.9692
 4.5356	 6.9997
 4.5316	 7.0322
 4.5276	 7.0691
 4.5237	 7.0959
 4.5197	 7.1196
 4.5158	 7.1513
 4.5119	 7.1728
 4.5080	 7.1992
 4.5040	 7.2280
 4.5001	 7.2480
 4.4962	 7.2646
 4.4923	 7.2861
 4.4884	 7.3098
 4.4846	 7.3323
 4.4807	 7.3511
 4.4768	 7.3664
 4.4730	 7.3703
 4.4691	 7.3882
 4.4652	 7.4101
 4.4614	 7.4140
 4.4576	 7.4158
 4.4537	 7.4216
 4.4499	 7.4328
 4.4461	 7.4414
 4.4423	 7.4509
 4.4385	 7.4541
 4.4347	 7.4599
 4.4309	 7.4665
 4.4271	 7.4790
 4.4233	 7.4878
 4.4196	 7.4888
 4.4158	 7.4990
 4.4120	 7.5068
 4.4083	 7.5110
 4.4045	 7.5151
 4.4008	 7.5249
 4.3971	 7.5378
 4.3934	 7.5451
 4.3896	 7.5642
 4.3859	 7.5886
 4.3822	 7.5976
 4.3785	 7.6189
 4.3748	 7.6411
 4.3711	 7.6633
 4.3674	 7.6872
 4.3638	 7.7068
 4.3601	 7.7307
 4.3564	 7.7546
 4.3528	 7.7861
 4.3491	 7.8161
 4.3455	 7.8371
 4.3418	 7.8677
 4.3382	 7.9026
 4.3346	 7.9375
 4.3310	 7.9741
 4.3273	 8.0095
 4.3237	 8.0471
 4.3201	 8.0842
 4.3165	 8.1279
 4.3129	 8.1755
 4.3094	 8.2151
 4.3058	 8.2561
 4.3022	 8.2944
 4.2986	 8.3354
 4.2951	 8.3850
 4.2915	 8.4360
 4.2880	 8.4770
 4.2844	 8.5166
 4.2809	 8.5593
 4.2774	 8.6047
 4.2738	 8.6450
 4.2703	 8.6875
 4.2668	 8.7275
 4.2633	 8.7612
 4.2598	 8.7981
 4.2563	 8.8313
 4.2528	 8.8584
 4.2493	 8.8933
 4.2458	 8.9297
 4.2424	 8.9504
 4.2389	 8.9702
 4.2354	 9.0007
 4.2320	 9.0371
 4.2285	 9.0620
 4.2251	 9.0801
 4.2216	 9.1040
 4.2182	 9.1316
 4.2148	 9.1560
 4.2113	 9.1733
 4.2079	 9.1931
 4.2045	 9.2109
 4.2011	 9.2268
 4.1977	 9.2429
 4.1943	 9.2549
 4.1909	 9.2702
 4.1875	 9.2932
 4.1841	 9.3098
 4.1808	 9.3176
 4.1774	 9.3288
 4.1740	 9.3393
 4.1707	 9.3511
 4.1673	 9.3659
 4.1640	 9.3801
 4.1606	 9.3901
 4.1573	 9.3972
 4.1540	 9.4089
 4.1506	 9.4170
 4.1473	 9.4172
 4.1440	 9.4316
 4.1407	 9.4453
 4.1374	 9.4443
 4.1341	 9.4521
 4.1308	 9.4712
 4.1275	 9.4775
 4.1242	 9.4824
 4.1209	 9.4885
 4.1177	 9.5012
 4.1144	 9.4995
 4.1111	 9.5073
 4.1079	 9.5281
 4.1046	 9.5385
 4.1014	 9.5471
 4.0981	 9.5530
 4.0949	 9.5534
 4.0917	 9.5576
 4.0884	 9.5683
 4.0852	 9.5808
 4.0820	 9.5903
 4.0788	 9.5947
 4.0756	 9.6003
 4.0724	 9.6047
 4.0692	 9.6125
 4.0660	 9.6267
 4.0628	 9.6345
 4.0596	 9.6338
 4.0565	 9.6394
 4.0533	 9.6504
 4.0501	 9.6562
 4.0470	 9.6572
 4.0438	 9.6592
 4.0406	 9.6667
 4.0375	 9.6723
 4.0344	 9.6789
 4.0312	 9.6911
 4.0281	 9.7016
 4.0250	 9.7041
 4.0218	 9.7036
 4.0187	 9.7090
 4.0156	 9.7151
 4.0125	 9.7234
 4.0094	 9.7246
 4.0063	 9.7192
 4.0032	 9.7239
 4.0001	 9.7280
 3.9970	 9.7287
 3.9940	 9.7356
 3.9909	 9.7436
 3.9878	 9.7402
 3.9847	 9.7527
 3.9817	 9.7641
 3.9786	 9.7656
 3.9756	 9.7658
 3.9725	 9.7717
 3.9695	 9.7783
 3.9665	 9.7861
 3.9634	 9.7903
 3.9604	 9.7942
 3.9574	 9.7995
 3.9544	 9.8044
 3.9513	 9.8110
 3.9483	 9.8159
 3.9453	 9.8156
 3.9423	 9.8176
 3.9393	 9.8310
 3.9363	 9.8347
 3.9333	 9.8391
 3.9304	 9.8557
 3.9274	 9.8650
 3.9244	 9.8691
 3.9214	 9.8723
 3.9185	 9.8725
 3.9155	 9.8813
 3.9126	 9.8926
 3.9096	 9.8899
 3.9067	 9.8877
 3.9037	 9.8974
 3.9008	 9.9065
 3.8979	 9.9057
 3.8949	 9.9096
 3.8920	 9.9143
 3.8891	 9.9206
 3.8862	 9.9199
 3.8833	 9.9216
 3.8804	 9.9311
 3.8775	 9.9338
 3.8746	 9.9404
 3.8717	 9.9446
 3.8688	 9.9416
 3.8659	 9.9414
 3.8630	 9.9485
 3.8601	 9.9572
 3.8573	 9.9636
 3.8544	 9.9656
 3.8515	 9.9670
 3.8487	 9.9626
 3.8458	 9.9758
 3.8430	 9.9839
 3.8401	 9.9814
 3.8373	 9.9831
 3.8344	 9.9897
 3.8316	 9.9917
 3.8288	 9.9929
 3.8259	 9.9931
 3.8231	 9.9961
 3.8203	10.0036
 3.8175	10.0090
 3.8147	10.0051
 3.8119	10.0078
 3.8091	10.0202
 3.8063	10.0259
 3.8035	10.0241
 3.8007	10.0290
 3.7979	10.0361
 3.7951	10.0339
 3.7924	10.0342
 3.7896	10.0439
 3.7868	10.0520
 3.7841	10.0552
 3.7813	10.0564
 3.7785	10.0569
 3.7758	10.0600
 3.7730	10.0598
 3.7703	10.0556
 3.7676	10.0530
 3.7648	10.0537
 3.7621	10.0605
 3.7594	10.0664
 3.7566	10.0583
 3.7539	10.0569
 3.7512	10.0642
 3.7485	10.0642
 3.7458	10.0671
 3.7431	10.0713
 3.7404	10.0678
 3.7377	10.0605
 3.7350	10.0600
 3.7323	10.0527
 3.7296	10.0503
 3.7269	10.0644
 3.7242	10.0678
 3.7216	10.0608
 3.7189	10.0554
 3.7162	10.0483
 3.7136	10.0451
 3.7109	10.0459
 3.7083	10.0503
 3.7056	10.0569
 3.7030	10.0493
 3.7003	10.0390
 3.6977	10.0403
 3.6950	10.0434
 3.6924	10.0449
 3.6898	10.0437
 3.6872	10.0449
 3.6845	10.0442
 3.6819	10.0400
 3.6793	10.0359
 3.6767	10.0324
 3.6741	10.0346
 3.6715	10.0403
 3.6689	10.0405
 3.6663	10.0359
 3.6637	10.0324
 3.6611	10.0388
 3.6585	10.0554
 3.6560	10.0561
 3.6534	10.0517
 3.6508	10.0547
 3.6482	10.0527
 3.6457	10.0486
 3.6431	10.0466
 3.6406	10.0512
 3.6380	10.0600
 3.6355	10.0578
 3.6329	10.0476
 3.6304	10.0473
 3.6278	10.0544
 3.6253	10.0498
 3.6227	10.0388
 3.6202	10.0442
 3.6177	10.0498
 3.6152	10.0561
 3.6127	10.0520
 3.6101	10.0486
 3.6076	10.0483
 3.6051	10.0534
 3.6026	10.0544
 3.6001	10.0481
 3.5976	10.0476
 3.5951	10.0495
 3.5926	10.0407
 3.5901	10.0385
 3.5876	10.0456
 3.5852	10.0534
 3.5827	10.0525
 3.5802	10.0525
 3.5777	10.0464
 3.5753	10.0405
 3.5728	10.0427
 3.5704	10.0476
 3.5679	10.0454
 3.5654	10.0344
 3.5630	10.0310
 3.5605	10.0378
 3.5581	10.0422
 3.5557	10.0427
 3.5532	10.0395
 3.5508	10.0378
 3.5484	10.0466
 3.5459	10.0525
 3.5435	10.0459
 3.5411	10.0378
 3.5387	10.0349
 3.5363	10.0349
 3.5338	10.0320
 3.5314	10.0300
 3.5290	10.0320
 3.5266	10.0342
 3.5242	10.0366
 3.5218	10.0364
 3.5195	10.0368
 3.5171	10.0276
 3.5147	10.0273
 3.5123	10.0183
 3.5099	 9.9944
 3.5075	 9.9856
 3.5052	 9.9924
 3.5028	 9.9863
 3.5004	 9.9812
 3.4981	 9.9858
 3.4957	10.0000
 3.4934	10.0127
 3.4910	10.0039
 3.4887	 9.9961
 3.4863	10.0014
 3.4840	10.0107
 3.4816	10.0124
 3.4793	10.0107
 3.4770	10.0080
 3.4746	10.0117
 3.4723	10.0124
 3.4700	10.0119
 3.4677	10.0163
 3.4653	10.0227
 3.4630	10.0227
 3.4607	10.0129
 3.4584	10.0090
 3.4561	10.0053
 3.4538	10.0000
 3.4515	10.0000
 3.4492	 9.9948
 3.4469	 9.9963
 3.4446	 9.9931
 3.4423	 9.9900
 3.4400	 9.9858
 3.4378	 9.9868
 3.4355	 9.9848
 3.4332	 9.9675
 3.4309	 9.9511
 3.4287	 9.9465
 3.4264	 9.9385
 3.4241	 9.9284
 3.4219	 9.9204
 3.4196	 9.9187
 3.4174	 9.9116
 3.4151	 9.9197
 3.4129	 9.9238
 3.4106	 9.9265
 3.4084	 9.9323
 3.4061	 9.9338
 3.4039	 9.9389
 3.4017	 9.9507
 3.3994	 9.9636
 3.3972	 9.9660
 3.3950	 9.9741
 3.3928	 9.9797
 3.3906	 9.9792
 3.3883	 9.9704
 3.3861	 9.9687
 3.3839	 9.9746
 3.3817	 9.9624
 3.3795	 9.9575
 3.3773	 9.9643
 3.3751	 9.9565
 3.3729	 9.9572
 3.3707	 9.9770
 3.3685	 9.9804
 3.3663	 9.9843
 3.3641	 9.9909
 3.3620	 9.9966
 3.3598	10.0010
 3.3576	10.0002
 3.3554	10.0056
 3.3533	10.0029
 3.3511	10.0017
 3.3489	10.0136
 3.3468	10.0158
 3.3446	10.0151
 3.3425	10.0156
 3.3403	10.0173
 3.3382	10.0210
 3.3360	10.0241
 3.3339	10.0156
 3.3317	10.0129
 3.3296	10.0129
 3.3274	10.0119
 3.3253	10.0185
 3.3232	10.0110
 3.3210	 9.9992
 3.3189	10.0073
 3.3168	10.0073
 3.3147	10.0053
 3.3126	10.0134
 3.3104	10.0124
 3.3083	10.0134
 3.3062	10.0161
 3.3041	10.0071
 3.3020	 9.9973
 3.2999	 9.9897
 3.2978	 9.9975
 3.2957	 9.9985
 3.2936	 9.9985
 3.2915	10.0017
 3.2894	 9.9939
 3.2874	 9.9841
 3.2853	 9.9834
 3.2832	 9.9822
 3.2811	 9.9729
 3.2790	 9.9729
 3.2770	 9.9822
 3.2749	 9.9734
 3.2728	 9.9721
 3.2708	 9.9819
 3.2687	 9.9726
 3.2666	 9.9565
 3.2646	 9.9507
 3.2625	 9.9582
 3.2605	 9.9597
 3.2584	 9.9436
 3.2564	 9.9348
 3.2543	 9.9402
 3.2523	 9.9509
 3.2503	 9.9514
 3.2482	 9.9443
 3.2462	 9.9414
 3.2442	 9.9431
 3.2421	 9.9409
 3.2401	 9.9309
 3.2381	 9.9240
 3.2361	 9.9240
 3.2340	 9.9189
 3.2320	 9.9199
 3.2300	 9.9177
 3.2280	 9.9079
 3.2260	 9.9028
 3.2240	 9.9131
 3.2220	 9.9165
 3.2200	 9.8960
 3.2180	 9.8933
 3.2160	 9.8972
 3.2140	 9.8850
 3.2120	 9.8767
 3.2100	 9.8828
 3.2080	 9.8833
 3.2060	 9.8750
 3.2040	 9.8713
 3.2021	 9.8620
 3.2001	 9.8581
 3.1981	 9.8535
 3.1961	 9.8528
 3.1942	 9.8486
 3.1922	 9.8540
 3.1902	 9.8652
 3.1883	 9.8496
 3.1863	 9.8427
 3.1844	 9.8335
 3.1824	 9.8327
 3.1805	 9.8371
 3.1785	 9.8318
 3.1766	 9.8249
 3.1746	 9.8191
 3.1727	 9.8135
 3.1707	 9.8117
 3.1688	 9.8149
 3.1669	 9.8220
 3.1649	 9.8186
 3.1630	 9.8103
 3.1611	 9.8032
 3.1591	 9.7998
 3.1572	 9.8039
 3.1553	 9.8012
 3.1534	 9.7885
 3.1515	 9.7898
 3.1495	 9.7861
 3.1476	 9.7805
 3.1457	 9.7737
 3.1438	 9.7771
 3.1419	 9.7776
 3.1400	 9.7683
 3.1381	 9.7632
 3.1362	 9.7573
 3.1343	 9.7558
 3.1324	 9.7629
 3.1305	 9.7627
 3.1286	 9.7624
 3.1268	 9.7651
 3.1249	 9.7510
 3.1230	 9.7441
 3.1211	 9.7497
 3.1192	 9.7495
 3.1174	 9.7502
 3.1155	 9.7478
 3.1136	 9.7480
 3.1117	 9.7461
 3.1099	 9.7475
 3.1080	 9.7539
 3.1061	 9.7397
 3.1043	 9.7336
 3.1024	 9.7373
 3.1006	 9.7385
 3.0987	 9.7317
 3.0969	 9.7290
 3.0950	 9.7370
 3.0932	 9.7314
 3.0913	 9.7241
 3.0895	 9.7322
 3.0876	 9.7287
 3.0858	 9.7322
 3.0840	 9.7375
 3.0821	 9.7431
 3.0803	 9.7341
 3.0785	 9.7055
 3.0766	 9.7187
 3.0748	 9.7275
 3.0730	 9.7195
 3.0712	 9.7226
 3.0694	 9.7280
 3.0675	 9.7221
 3.0657	 9.7304
 3.0639	 9.7273
 3.0621	 9.7214
 3.0603	 9.7165
 3.0585	 9.7212
 3.0567	 9.7260
 3.0549	 9.7329
 3.0531	 9.7331
 3.0513	 9.7239
 3.0495	 9.7263
 3.0477	 9.7243
 3.0459	 9.7226
 3.0441	 9.7263
 3.0423	 9.7175
 3.0406	 9.7168
 3.0388	 9.7265
 3.0370	 9.7346
 3.0352	 9.7292
 3.0334	 9.7190
 3.0317	 9.7160
 3.0299	 9.7251
 3.0281	 9.7348
 3.0264	 9.7312
 3.0246	 9.7297
 3.0228	 9.7405
 3.0211	 9.7302
 3.0193	 9.7348
 3.0176	 9.7351
 3.0158	 9.7248
 3.0140	 9.7292
 3.0123	 9.7363
 3.0105	 9.7263
 3.0088	 9.7221
 3.0070	 9.7319
 3.0053	 9.7236
 3.0036	 9.7148
 3.0018	 9.7221
 3.0001	 9.7287
 2.9984	 9.7221
 2.9966	 9.7273
 2.9949	 9.7356
 2.9932	 9.7431
 2.9914	 9.7556
 2.9897	 9.7610
 2.9880	 9.7646
 2.9863	 9.7739
 2.9845	 9.7676
 2.9828	 9.7734
 2.9811	 9.7761
 2.9794	 9.7683
 2.9777	 9.7563
 2.9760	 9.7490
 2.9743	 9.7546
 2.9726	 9.7678
 2.9709	 9.7597
 2.9692	 9.7551
 2.9675	 9.7531
 2.9658	 9.7610
 2.9641	 9.7614
 2.9624	 9.7614
 2.9607	 9.7663
 2.9590	 9.7710
 2.9573	 9.7783
 2.9556	 9.7722
 2.9539	 9.7744
 2.9523	 9.7912
 2.9506	 9.7961
 2.9489	 9.7944
 2.9472	 9.7956
 2.9455	 9.7881
 2.9439	 9.7810
 2.9422	 9.7922
 2.9405	 9.7912
 2.9389	 9.7983
 2.9372	 9.8054
 2.9355	 9.8086
 2.9339	 9.8010
 2.9322	 9.8047
 2.9306	 9.8073
 2.9289	 9.8039
 2.9272	 9.8110
 2.9256	 9.8125
 2.9239	 9.8171
 2.9223	 9.8105
 2.9207	 9.7964
 2.9190	 9.8020
 2.9174	 9.8091
 2.9157	 9.8178
 2.9141	 9.8147
 2.9124	 9.8208
 2.9108	 9.8325
 2.9092	 9.8457
 2.9075	 9.8374
 2.9059	 9.8220
 2.9043	 9.8249
 2.9027	 9.8484
 2.9010	 9.8611
 2.8994	 9.8581
 2.8978	 9.8542
 2.8962	 9.8579
 2.8946	 9.8615
 2.8929	 9.8552
 2.8913	 9.8581
 2.8897	 9.8586
 2.8881	 9.8496
 2.8865	 9.8537
 2.8849	 9.8669
 2.8833	 9.8603
 2.8817	 9.8506
 2.8801	 9.8442
 2.8785	 9.8530
 2.8769	 9.8532
 2.8753	 9.8493
 2.8737	 9.8493
 2.8721	 9.8518
 2.8705	 9.8447
 2.8689	 9.8279
 2.8673	 9.8410
 2.8658	 9.8593
 2.8642	 9.8550
 2.8626	 9.8647
 2.8610	 9.8742
 2.8594	 9.8742
 2.8579	 9.8696
 2.8563	 9.8596
 2.8547	 9.8679
 2.8531	 9.8816
 2.8516	 9.8781
 2.8500	 9.8784
 2.8484	 9.8838
 2.8469	 9.8957
 2.8453	 9.9106
 2.8437	 9.9028
 2.8422	 9.9021
 2.8406	 9.9179
 2.8391	 9.9043
 2.8375	 9.8913
 2.8360	 9.9031
 2.8344	 9.9055
 2.8329	 9.9082
 2.8313	 9.9135
 2.8298	 9.9162
 2.8282	 9.9140
 2.8267	 9.9162
 2.8252	 9.9233
 2.8236	 9.9218
 2.8221	 9.9170
 2.8205	 9.9231
 2.8190	 9.9231
 2.8175	 9.9248
 2.8159	 9.9306
 2.8144	 9.9402
 2.8129	 9.9441
 2.8114	 9.9433
 2.8098	 9.9414
 2.8083	 9.9382
 2.8068	 9.9499
 2.8053	 9.9514
 2.8038	 9.9514
 2.8022	 9.9553
 2.8007	 9.9565
 2.7992	 9.9480
 2.7977	 9.9555
 2.7962	 9.9675
 2.7947	 9.9677
 2.7932	 9.9731
 2.7917	 9.9741
 2.7902	 9.9673
 2.7887	 9.9597
 2.7872	 9.9616
 2.7857	 9.9736
 2.7842	 9.9895
 2.7827	 9.9924
 2.7812	 9.9966
 2.7797	 9.9992
 2.7782	 9.9997
 2.7767	10.0049
 2.7752	10.0090
 2.7738	10.0188
 2.7723	10.0102
 2.7708	10.0097
 2.7693	10.0102
 2.7678	10.0163
 2.7664	10.0244
 2.7649	10.0229
 2.7634	10.0102
 2.7619	10.0163
 2.7605	10.0388
 2.7590	10.0417
 2.7575	10.0376
 2.7561	10.0219
 2.7546	10.0368
 2.7531	10.0598
 2.7517	10.0503
 2.7502	10.0517
 2.7488	10.0727
 2.7473	10.0818
 2.7458	10.0776
 2.7444	10.0713
 2.7429	10.0722
 2.7415	10.0710
 2.7400	10.0676
 2.7386	10.0893
 2.7371	10.1159
 2.7357	10.1074
 2.7343	10.0993
 2.7328	10.1047
 2.7314	10.1123
 2.7299	10.1115
 2.7285	10.1164
 2.7271	10.1213
 2.7256	10.1128
 2.7242	10.1186
 2.7228	10.0915
 2.7213	10.0459
 2.7199	10.0605
 2.7185	10.1367
 2.7171	10.1823
 2.7156	10.1963
 2.7142	10.1987
 2.7128	10.2024
 2.7114	10.1948
 2.7100	10.2102
 2.7085	10.2346
 2.7071	10.2334
 2.7057	10.2341
 2.7043	10.2339
 2.7029	10.2209
 2.7015	10.2229
 2.7001	10.2495
 2.6987	10.2614
 2.6973	10.2676
 2.6959	10.2739
 2.6945	10.2683
 2.6931	10.2802
 2.6917	10.2973
 2.6903	10.3017
 2.6889	10.3144
 2.6875	10.3183
 2.6861	10.3239
 2.6847	10.3288
 2.6833	10.3330
 2.6819	10.3186
 2.6805	10.3095
 2.6791	10.3135
 2.6778	10.3132
 2.6764	10.2961
 2.6750	10.3069
 2.6736	10.3281
 2.6722	10.3198
 2.6709	10.2800
 2.6695	10.2998
 2.6681	10.3384
 2.6667	10.3398
 2.6654	10.3547
 2.6640	10.3674
 2.6626	10.3676
 2.6613	10.3410
 2.6599	10.3330
 2.6585	10.3513
 2.6572	10.3554
 2.6558	10.3584
 2.6545	10.3672
 2.6531	10.3598
 2.6517	10.3567
 2.6504	10.3567
 2.6490	10.3635
 2.6477	10.3572
 2.6463	10.3347
 2.6450	10.3232
 2.6436	10.3335
 2.6423	10.3393
 2.6409	10.3486
 2.6396	10.3520
 2.6382	10.3398
 2.6369	10.3423
 2.6356	10.3452
 2.6342	10.3371
 2.6329	10.3308
 2.6315	10.3166
 2.6302	10.3242
 2.6289	10.3371
 2.6275	10.3259
 2.6262	10.3132
 2.6249	10.3135
 2.6236	10.3135
 2.6222	10.3144
 2.6209	10.2993
 2.6196	10.2973
 2.6183	10.2859
 2.6169	10.2944
 2.6156	10.3091
 2.6143	10.2993
 2.6130	10.2878
 2.6117	10.3037
 2.6103	10.2966
 2.6090	10.2895
 2.6077	10.2937
 2.6064	10.2851
 2.6051	10.2876
 2.6038	10.2837
 2.6025	10.2812
 2.6012	10.2820
 2.5999	10.2868
 2.5986	10.2780
 2.5973	10.2827
 2.5960	10.2839
 2.5947	10.2634
 2.5934	10.2839
 2.5921	10.3081
 2.5908	10.3054
 2.5895	10.2895
 2.5882	10.2837
 2.5869	10.2805
 2.5856	10.2868
 2.5843	10.2539
 2.5830	10.2636
 2.5817	10.2961
 2.5805	10.2766
 2.5792	10.2734
 2.5779	10.2632
 2.5766	10.2697
 2.5753	10.2700
 2.5741	10.2636
 2.5728	10.2617
 2.5715	10.2763
 2.5702	10.2524
 2.5690	10.2448
 2.5677	10.2741
 2.5664	10.2624
 2.5651	10.2361
 2.5639	10.2390
 2.5626	10.2446
 2.5613	10.2412
 2.5601	10.2453
 2.5588	10.2468
 2.5575	10.2536
 2.5563	10.2448
 2.5550	10.2405
 2.5538	10.2419
 2.5525	10.2422
 2.5513	10.2368
 2.5500	10.2241
 2.5487	10.2243
 2.5475	10.2229
 2.5462	10.2307
 2.5450	10.2458
 2.5437	10.2414
 2.5425	10.2212
 2.5413	10.2214
 2.5400	10.2187
 2.5388	10.2094
 2.5375	10.2187
 2.5363	10.2204
 2.5350	10.2063
 2.5338	10.2055
 2.5326	10.1762
 2.5313	10.1777
 2.5301	10.1972
 2.5289	10.1987
 2.5276	10.1960
 2.5264	10.1826
 2.5252	10.1828
 2.5239	10.1694
 2.5227	10.1550
 2.5215	10.1472
 2.5202	10.1650
 2.5190	10.1631
 2.5178	10.1787
 2.5166	10.1848
 2.5154	10.2038
 2.5141	10.1968
 2.5129	10.1955
 2.5117	10.1943
 2.5105	10.1899
 2.5093	10.1753
 2.5081	10.1780
 2.5068	10.1718
 2.5056	10.1655
 2.5044	10.1723
 2.5032	10.1692
 2.5020	10.1604
 2.5008	10.1540
 2.4996	10.1504
 2.4984	10.1362
 2.4972	10.1299
 2.4960	10.1355
 2.4948	10.1513
 2.4936	10.1565
 2.4924	10.1501
 2.4912	10.1216
 2.4900	10.1076
 2.4888	10.1325
 2.4876	10.1494
 2.4864	10.1460
 2.4852	10.1450
 2.4840	10.1406
 2.4828	10.1406
 2.4816	10.1543
 2.4805	10.1772
 2.4793	10.1548
 2.4781	10.1347
 2.4769	10.1220
 2.4757	10.1318
 2.4745	10.1372
 2.4734	10.1235
 2.4722	10.1010
 2.4710	10.1152
 2.4698	10.1220
 2.4686	10.1106
 2.4675	10.0989
 2.4663	10.0757
 2.4651	10.0810
 2.4640	10.0908
 2.4628	10.0957
 2.4616	10.0957
 2.4604	10.1001
 2.4593	10.0964
 2.4581	10.0998
 2.4569	10.1123
 2.4558	10.1001
 2.4546	10.0822
 2.4535	10.0517
 2.4523	10.0674
 2.4511	10.0918
 2.4500	10.0808
 2.4488	10.0561
 2.4477	10.0527
 2.4465	10.0576
 2.4454	10.0278
 2.4442	10.0317
 2.4431	10.0608
 2.4419	10.0608
 2.4408	10.0591
 2.4396	10.0517
 2.4385	10.0429
 2.4373	10.0317
 2.4362	10.0400
 2.4350	10.0415
 2.4339	10.0324
 2.4327	10.0429
 2.4316	10.0547
 2.4305	10.0276
 2.4293	10.0259
 2.4282	10.0305
 2.4270	10.0283
 2.4259	10.0241
 2.4248	10.0283
 2.4236	 9.9975
 2.4225	 9.9922
 2.4214	10.0180
 2.4202	10.0190
 2.4191	10.0166
 2.4180	10.0239
 2.4169	10.0473
 2.4157	10.0542
 2.4146	10.0385
 2.4135	10.0090
 2.4124	10.0129
 2.4112	10.0176
 2.4101	 9.9975
 2.4090	10.0097
 2.4079	10.0266
 2.4068	10.0068
 2.4056	 9.9887
 2.4045	 9.9927
 2.4034	 9.9961
 2.4023	 9.9983
 2.4012	 9.9834
 2.4001	 9.9927
 2.3990	 9.9948
 2.3979	 9.9936
 2.3967	 9.9897
 2.3956	 9.9897
 2.3945	 9.9980
 2.3934	 9.9863
 2.3923	 9.9621
 2.3912	 9.9507
 2.3901	 9.9636
 2.3890	 9.9516
 2.3879	 9.9551
 2.3868	 9.9682
 2.3857	 9.9804
 2.3846	 9.9922
 2.3835	10.0017
 2.3824	 9.9897
 2.3813	 9.9814
 2.3802	 9.9721
 2.3791	 9.9653
 2.3781	 9.9585
 2.3770	 9.9741
 2.3759	 9.9548
 2.3748	 9.9267
 2.3737	 9.9345
 2.3726	 9.9585
 2.3715	 9.9800
 2.3704	 9.9580
 2.3694	 9.9450
 2.3683	 9.9316
 2.3672	 9.9150
 2.3661	 9.9223
 2.3650	 9.9565
 2.3640	 9.9497
 2.3629	 9.9287
 2.3618	 9.9062
 2.3607	 9.9106
 2.3597	 9.9150
 2.3586	 9.9033
 2.3575	 9.9294
 2.3564	 9.9499
 2.3554	 9.9292
 2.3543	 9.9380
 2.3532	 9.9546
 2.3522	 9.9336
 2.3511	 9.9404
 2.3500	 9.9397
 2.3490	 9.9179
 2.3479	 9.9160
 2.3468	 9.9433
 2.3458	 9.9394
 2.3447	 9.9106
 2.3436	 9.8857
 2.3426	 9.8872
 2.3415	 9.9067
 2.3405	 9.8960
 2.3394	 9.8930
 2.3384	 9.8979
 2.3373	 9.8940
 2.3363	 9.8789
 2.3352	 9.8845
 2.3342	 9.8850
 2.3331	 9.8779
 2.3321	 9.8423
 2.3310	 9.8408
 2.3300	 9.8691
 2.3289	 9.8681
 2.3279	 9.8584
 2.3268	 9.8701
 2.3258	 9.8696
 2.3247	 9.8559
 2.3237	 9.8799
 2.3226	 9.8667
 2.3216	 9.8745
 2.3206	 9.8886
 2.3195	 9.8652
 2.3185	 9.8667
 2.3175	 9.8740
 2.3164	 9.8579
 2.3154	 9.8618
 2.3144	 9.8725
 2.3133	 9.8769
 2.3123	 9.8711
 2.3113	 9.8637
 2.3102	 9.8501
 2.3092	 9.8474
 2.3082	 9.8423
 2.3071	 9.8374
 2.3061	 9.8139
 2.3051	 9.8374
 2.3041	 9.8552
 2.3030	 9.8537
 2.3020	 9.8362
 2.3010	 9.8503
 2.3000	 9.8611
 2.2990	 9.8794
 2.2979	 9.8781
 2.2969	 9.8591
 2.2959	 9.8435
 2.2949	 9.8418
 2.2939	 9.8408
 2.2929	 9.8349
 2.2918	 9.8232
 2.2908	 9.8225
 2.2898	 9.8286
 2.2888	 9.8559
 2.2878	 9.8716
 2.2868	 9.8447
 2.2858	 9.8266
 2.2848	 9.8440
 2.2838	 9.8281
 2.2828	 9.8232
 2.2818	 9.8149
 2.2808	 9.8423
 2.2798	 9.8528
 2.2787	 9.8159
 2.2777	 9.8198
 2.2767	 9.8154
 2.2757	 9.8159
 2.2747	 9.8264
 2.2738	 9.8381
 2.2728	 9.8257
 2.2718	 9.7934
 2.2708	 9.8030
 2.2698	 9.8357
 2.2688	 9.8244
 2.2678	 9.8130
 2.2668	 9.8125
 2.2658	 9.7971
 2.2648	 9.7937
 2.2638	 9.7837
 2.2628	 9.7661
 2.2618	 9.7568
 2.2609	 9.7588
 2.2599	 9.8081
 2.2589	 9.8052
 2.2579	 9.7912
 2.2569	 9.8174
 2.2559	 9.8257
 2.2550	 9.8176
 2.2540	 9.7890
 2.2530	 9.7759
 2.2520	 9.7846
 2.2510	 9.8069
 2.2501	 9.7866
 2.2491	 9.7878
 2.2481	 9.8147
 2.2471	 9.8225
 2.2462	 9.8052
 2.2452	 9.7934
 2.2442	 9.7944
 2.2433	 9.8235
 2.2423	 9.7956
 2.2413	 9.7627
 2.2403	 9.7451
 2.2394	 9.7221
 2.2384	 9.7541
 2.2374	 9.7729
 2.2365	 9.7890
 2.2355	 9.7737
 2.2345	 9.7832
 2.2336	 9.7734
 2.2326	 9.7705
 2.2317	 9.7658
 2.2307	 9.7822
 2.2297	 9.7944
 2.2288	 9.7829
 2.2278	 9.7798
 2.2269	 9.7763
 2.2259	 9.7534
 2.2250	 9.7619
 2.2240	 9.7700
 2.2231	 9.7514
 2.2221	 9.7451
 2.2211	 9.7690
 2.2202	 9.7766
 2.2192	 9.7834
 2.2183	 9.7710
 2.2173	 9.7636
 2.2164	 9.7661
 2.2155	 9.7715
 2.2145	 9.7771
 2.2136	 9.8010
 2.2126	 9.7651
 2.2117	 9.7514
 2.2107	 9.7749
 2.2098	 9.7695
 2.2088	 9.7463
 2.2079	 9.7607
 2.2070	 9.7724
 2.2060	 9.7446
 2.2051	 9.7456
 2.2041	 9.7617
 2.2032	 9.7551
 2.2023	 9.7563
 2.2013	 9.7856
 2.2004	 9.7739
 2.1995	 9.7392
 2.1985	 9.7170
 2.1976	 9.7231
 2.1967	 9.7407
 2.1957	 9.7397
 2.1948	 9.7241
 2.1939	 9.7138
 2.1930	 9.7456
 2.1920	 9.7671
 2.1911	 9.7505
 2.1902	 9.7436
 2.1893	 9.7407
 2.1883	 9.7290
 2.1874	 9.7270
 2.1865	 9.7268
 2.1856	 9.7231
 2.1846	 9.7519
 2.1837	 9.7365
 2.1828	 9.7053
 2.1819	 9.7226
 2.1810	 9.7346
 2.1800	 9.7138
 2.1791	 9.7324
 2.1782	 9.7353
 2.1773	 9.7431
 2.1764	 9.7439
 2.1755	 9.7519
 2.1746	 9.7314
 2.1736	 9.7453
 2.1727	 9.7715
 2.1718	 9.7602
 2.1709	 9.7182
 2.1700	 9.7182
 2.1691	 9.7422
 2.1682	 9.7851
 2.1673	 9.7666
 2.1664	 9.7668
 2.1655	 9.7807
 2.1646	 9.7729
 2.1637	 9.7685
 2.1628	 9.7793
 2.1619	 9.7778
 2.1610	 9.7834
 2.1601	 9.7990
 2.1592	 9.7895
 2.1583	 9.7671
 2.1574	 9.7451
 2.1565	 9.7348
 2.1556	 9.7553
 2.1547	 9.7446
 2.1538	 9.7304
 2.1529	 9.7541
 2.1520	 9.7383
 2.1511	 9.7268
 2.1502	 9.7251
 2.1493	 9.7160
 2.1484	 9.7270
 2.1475	 9.7356
 2.1466	 9.7522
 2.1458	 9.7539
 2.1449	 9.7280
 2.1440	 9.7239
 2.1431	 9.7685
 2.1422	 9.7656
 2.1413	 9.7593
 2.1404	 9.7627
 2.1396	 9.7363
 2.1387	 9.7297
 2.1378	 9.7309
 2.1369	 9.7529
 2.1360	 9.7580
 2.1352	 9.7873
 2.1343	 9.7627
 2.1334	 9.7483
 2.1325	 9.7798
 2.1316	 9.8076
 2.1308	 9.8156
 2.1299	 9.7815
 2.1290	 9.7629
 2.1281	 9.7778
 2.1273	 9.8105
 2.1264	 9.8188
 2.1255	 9.7766
 2.1247	 9.7502
 2.1238	 9.7544
 2.1229	 9.7805
 2.1220	 9.7737
 2.1212	 9.7617
 2.1203	 9.7846
 2.1194	 9.7942
 2.1186	 9.7612
 2.1177	 9.7483
 2.1168	 9.7375
 2.1160	 9.7531
 2.1151	 9.7793
 2.1143	 9.7807
 2.1134	 9.7734
 2.1125	 9.7612
 2.1117	 9.7707
 2.1108	 9.7715
 2.1100	 9.7668
 2.1091	 9.7783
 2.1082	 9.7854
 2.1074	 9.7715
 2.1065	 9.7561
 2.1057	 9.7768
 2.1048	 9.7861
 2.1040	 9.7851
 2.1031	 9.7959
 2.1023	 9.8479
 2.1014	 9.7998
 2.1005	 9.7981
 2.0997	 9.8371
 2.0988	 9.8564
 2.0980	 9.8271
 2.0971	 9.7993
 2.0963	 9.8459
 2.0955	 9.8247
 2.0946	 9.8244
 2.0938	 9.8420
 2.0929	 9.8664
 2.0921	 9.8403
 2.0912	 9.8408
 2.0904	 9.8606
 2.0895	 9.8589
 2.0887	 9.8261
 2.0879	 9.8271
 2.0870	 9.8781
 2.0862	 9.8557
 2.0853	 9.8056
 2.0845	 9.7949
 2.0837	 9.7851
 2.0828	 9.7903
 2.0820	 9.7959
 2.0812	 9.7815
 2.0803	 9.8086
 2.0795	 9.8108
