Name: Riebeckite Na2(Fe+2,Mg)3Fe2+3Si8O22(OH)2
Type: Mineral
Class: Silicate
Subclass: Inosilicate
Particle Size: Solid
Sample No.: riebeck_1
Owner: JHU
Wavelength Range: TIR
Origin: Hurricane Mountain, Conway, New Hampshire via theSmithsonian (sample no. NMNH 122689)
Collection Date: N/A
Description: The sample was an 11.54 g portion of a black crystal.  The crystal displayed a small amount of surficial limonitic stain, which could be brushed off.  The crushed sample was hand-picked to avoid grains containing small crystals of included quartz.  The resultant sample appeared very pure under the microscope (<1% impurities). Sample had cleavage face. (chain silicates); (Amphibole Group) Original ASTER Spectral Library name was jhu.nicolet.mineral.silicate.inosilicate.solid.riebec1.spectrum.txt
Measurement: Bidirectional reflectance
First Column: X
Second Column: Y
X Units: Wavelength (micrometers)
Y Units:Reflectance (percent)
First X Value: 25.0442
Last X Value:  2.0795
Number of X Values: 2287
Additional Information: mineral.silicate.inosilicate.solid.tir.riebeck_1.jhu.nicolet.ancillary.txt

25.0442	14.0683
24.9238	14.0390
24.8045	13.9511
24.6864	14.0996
24.5694	14.3574
24.4536	14.4536
24.3388	14.5312
24.2250	14.8066
24.1124	15.0527
24.0007	15.4336
23.8901	15.7754
23.7805	16.0400
23.6719	16.3891
23.5643	16.8447
23.4577	17.1406
23.3520	17.5683
23.2473	18.0556
23.1435	18.4711
23.0407	19.0205
22.9387	19.6877
22.8377	20.3901
22.7375	21.1874
22.6382	22.3222
22.5398	23.2636
22.4422	24.2455
22.3455	25.3989
22.2496	26.3820
22.1545	27.0888
22.0602	27.5419
21.9668	27.7697
21.8741	27.6359
21.7822	27.4074
21.6910	27.2118
21.6007	27.0507
21.5110	27.0041
21.4221	27.1887
21.3340	27.3779
21.2465	27.5424
21.1598	27.9826
21.0738	28.3820
20.9885	28.7326
20.9038	29.2551
20.8199	29.7607
20.7366	30.1279
20.6540	30.4643
20.5720	30.8432
20.4907	31.1271
20.4100	31.3515
20.3300	31.6088
20.2506	31.6491
20.1718	31.5961
20.0936	31.7758
20.0160	31.9264
19.9391	31.8627
19.8627	32.0048
19.7869	32.2023
19.7116	32.0990
19.6370	31.9767
19.5628	31.9003
19.4893	31.5107
19.4163	30.8398
19.3439	30.0751
19.2719	28.9999
19.2006	27.6059
19.1297	26.1481
19.0594	24.6904
18.9896	23.2516
18.9203	22.1564
18.8515	21.5458
18.7832	21.2687
18.7153	21.3315
18.6480	21.7187
18.5812	22.2009
18.5148	22.7324
18.4489	23.2377
18.3835	23.5773
18.3185	23.7817
18.2541	23.8627
18.1900	23.7001
18.1264	23.2870
18.0633	22.6943
18.0005	21.7421
17.9382	20.4160
17.8764	18.9482
17.8150	17.2988
17.7539	15.5532
17.6934	13.9084
17.6332	12.4341
17.5734	11.0263
17.5140	 9.7241
17.4551	 8.6181
17.3965	 7.6421
17.3383	 6.6806
17.2805	 5.8650
17.2231	 5.1753
17.1661	 4.5600
17.1094	 4.0640
17.0531	 3.6706
16.9972	 3.3730
16.9417	 3.1851
16.8865	 3.1265
16.8317	 3.1245
16.7772	 3.1536
16.7231	 3.2314
16.6693	 3.3393
16.6159	 3.3972
16.5628	 3.4524
16.5100	 3.5644
16.4576	 3.6982
16.4055	 3.7937
16.3538	 3.8745
16.3024	 3.9536
16.2513	 4.0432
16.2005	 4.1059
16.1500	 4.1826
16.0998	 4.2656
16.0500	 4.3530
16.0005	 4.4407
15.9513	 4.5598
15.9023	 4.6704
15.8537	 4.7319
15.8054	 4.8039
15.7573	 4.9097
15.7096	 5.0036
15.6621	 5.0652
15.6149	 5.1155
15.5680	 5.1760
15.5214	 5.1782
15.4751	 5.1177
15.4290	 5.0757
15.3832	 5.0210
15.3377	 4.9399
15.2925	 4.9336
15.2475	 5.0144
15.2028	 5.0945
15.1583	 5.1758
15.1141	 5.2641
15.0702	 5.2707
15.0265	 5.1555
14.9831	 4.9585
14.9399	 4.8179
14.8970	 4.7378
14.8543	 4.7436
14.8119	 4.8044
14.7697	 4.8428
14.7277	 4.8955
14.6860	 4.9582
14.6445	 4.9932
14.6033	 5.0471
14.5622	 5.0840
14.5214	 5.1484
14.4809	 5.1892
14.4405	 5.2290
14.4004	 5.2947
14.3605	 5.3203
14.3209	 5.3813
14.2814	 5.4375
14.2422	 5.4844
14.2032	 5.5481
14.1643	 5.5925
14.1258	 5.6262
14.0874	 5.6577
14.0492	 5.6711
14.0112	 5.7121
13.9734	 5.7864
13.9359	 5.8413
13.8985	 5.9211
13.8614	 5.9973
13.8244	 6.0683
13.7876	 6.1489
13.7511	 6.2327
13.7147	 6.3132
13.6785	 6.4023
13.6425	 6.4892
13.6067	 6.5705
13.5711	 6.6628
13.5356	 6.7532
13.5004	 6.8579
13.4653	 6.9783
13.4304	 7.0740
13.3957	 7.1343
13.3612	 7.1723
13.3269	 7.1965
13.2927	 7.1289
13.2587	 7.0046
13.2249	 6.8686
13.1912	 6.7353
13.1577	 6.5730
13.1244	 6.3984
13.0913	 6.2844
13.0583	 6.2180
13.0255	 6.2317
12.9929	 6.3127
12.9604	 6.3840
12.9281	 6.4016
12.8959	 6.3955
12.8639	 6.3701
12.8321	 6.3235
12.8004	 6.3293
12.7688	 6.3777
12.7375	 6.4521
12.7063	 6.5251
12.6752	 6.5903
12.6443	 6.6631
12.6135	 6.7431
12.5829	 6.8284
12.5524	 6.9013
12.5221	 6.9719
12.4919	 7.0351
12.4619	 7.0886
12.4320	 7.1506
12.4023	 7.2261
12.3727	 7.3078
12.3432	 7.3545
12.3139	 7.4145
12.2847	 7.5071
12.2557	 7.5671
12.2268	 7.6103
12.1980	 7.7041
12.1694	 7.7805
12.1409	 7.8288
12.1125	 7.8984
12.0843	 7.9712
12.0562	 8.0263
12.0282	 8.0740
12.0004	 8.1579
11.9726	 8.2519
11.9450	 8.3247
11.9176	 8.4006
11.8903	 8.4844
11.8631	 8.5647
11.8360	 8.6408
11.8090	 8.7285
11.7822	 8.8330
11.7555	 8.9267
11.7289	 9.0368
11.7024	 9.1518
11.6760	 9.2458
11.6498	 9.3786
11.6237	 9.4997
11.5977	 9.5945
11.5718	 9.7180
11.5460	 9.8452
11.5203	 9.9253
11.4948	10.0112
11.4694	10.0962
11.4440	10.1369
11.4188	10.1582
11.3937	10.2011
11.3688	10.2422
11.3439	10.2536
11.3191	10.2881
11.2944	10.3301
11.2699	10.3667
11.2455	10.4409
11.2211	10.5093
11.1969	10.5339
11.1727	10.5796
11.1487	10.6557
11.1248	10.7094
11.1010	10.7575
11.0773	10.8459
11.0536	10.9782
11.0301	11.1084
11.0067	11.2444
10.9834	11.4377
10.9602	11.6360
10.9370	11.8315
10.9140	12.0810
10.8911	12.3169
10.8682	12.5351
10.8455	12.8064
10.8229	13.0666
10.8003	13.2954
10.7779	13.5781
10.7555	13.9240
10.7332	14.2702
10.7111	14.6687
10.6890	15.1643
10.6670	15.6672
10.6451	16.1845
10.6233	16.7810
10.6015	17.3908
10.5799	18.0109
10.5584	18.7133
10.5369	19.4406
10.5155	20.1325
10.4942	20.8271
10.4730	21.5300
10.4519	22.1218
10.4309	22.6079
10.4099	23.0844
10.3891	23.5014
10.3683	23.8286
10.3476	24.1762
10.3270	24.5314
10.3065	24.8193
10.2860	25.1601
10.2656	25.5854
10.2454	25.9350
10.2251	26.1945
10.2050	26.4191
10.1850	26.4972
10.1650	26.4284
10.1451	26.4277
10.1253	26.5283
10.1056	26.6371
10.0859	26.8183
10.0663	27.0541
10.0468	27.1572
10.0274	27.1471
10.0080	27.1393
 9.9887	27.0278
 9.9695	26.7660
 9.9504	26.5046
 9.9313	26.2221
 9.9123	25.8242
 9.8934	25.4264
 9.8746	25.1147
 9.8558	24.7917
 9.8371	24.4684
 9.8185	24.2458
 9.7999	24.0810
 9.7814	23.9128
 9.7630	23.8146
 9.7447	23.7712
 9.7264	23.6957
 9.7082	23.6169
 9.6900	23.5392
 9.6719	23.3151
 9.6539	22.9208
 9.6360	22.4018
 9.6181	21.7001
 9.6003	20.8481
 9.5825	20.1000
 9.5649	19.5812
 9.5472	19.2739
 9.5297	19.2404
 9.5122	19.4602
 9.4948	19.7619
 9.4774	20.1362
 9.4601	20.5910
 9.4429	21.0192
 9.4257	21.3864
 9.4086	21.7846
 9.3916	22.1809
 9.3746	22.4936
 9.3577	22.8051
 9.3408	23.1433
 9.3240	23.4013
 9.3073	23.6140
 9.2906	23.8342
 9.2740	23.9467
 9.2574	23.8911
 9.2409	23.7355
 9.2245	23.4399
 9.2081	22.9499
 9.1918	22.3566
 9.1755	21.7509
 9.1593	21.0690
 9.1431	20.3791
 9.1270	19.7714
 9.1110	19.1430
 9.0950	18.4853
 9.0791	17.8815
 9.0632	17.3132
 9.0474	16.7236
 9.0316	16.1784
 9.0159	15.7426
 9.0003	15.3208
 8.9847	14.9453
 8.9691	14.6872
 8.9536	14.4790
 8.9382	14.3227
 8.9228	14.2590
 8.9075	14.2609
 8.8922	14.3315
 8.8770	14.5256
 8.8618	14.8781
 8.8467	15.3579
 8.8316	15.9589
 8.8166	16.6557
 8.8016	17.2824
 8.7867	17.7500
 8.7718	18.1425
 8.7570	18.4475
 8.7422	18.5983
 8.7275	18.6484
 8.7129	18.6152
 8.6982	18.4216
 8.6837	18.1127
 8.6692	17.7539
 8.6547	17.2475
 8.6403	16.5734
 8.6259	15.8086
 8.6116	14.9709
 8.5973	14.0464
 8.5830	13.1147
 8.5688	12.2297
 8.5547	11.3257
 8.5406	10.4270
 8.5266	 9.5842
 8.5126	 8.7571
 8.4986	 7.9363
 8.4847	 7.1445
 8.4708	 6.3887
 8.4570	 5.6633
 8.4432	 4.9682
 8.4295	 4.3276
 8.4158	 3.7390
 8.4022	 3.1887
 8.3886	 2.6929
 8.3750	 2.2744
 8.3615	 1.9287
 8.3481	 1.6565
 8.3347	 1.4558
 8.3213	 1.3040
 8.3079	 1.2004
 8.2946	 1.1438
 8.2814	 1.1160
 8.2682	 1.1106
 8.2550	 1.1296
 8.2419	 1.1548
 8.2288	 1.1782
 8.2158	 1.2087
 8.2028	 1.2402
 8.1898	 1.2744
 8.1769	 1.3171
 8.1640	 1.3555
 8.1512	 1.3975
 8.1384	 1.4402
 8.1256	 1.4768
 8.1129	 1.5168
 8.1002	 1.5654
 8.0876	 1.6064
 8.0750	 1.6455
 8.0624	 1.6875
 8.0499	 1.7214
 8.0374	 1.7541
 8.0250	 1.7969
 8.0126	 1.8381
 8.0002	 1.8765
 7.9879	 1.9123
 7.9756	 1.9402
 7.9634	 1.9736
 7.9512	 2.0164
 7.9390	 2.0498
 7.9268	 2.0845
 7.9147	 2.1155
 7.9027	 2.1428
 7.8906	 2.1821
 7.8786	 2.2302
 7.8667	 2.2629
 7.8548	 2.2876
 7.8429	 2.3130
 7.8310	 2.3398
 7.8192	 2.3686
 7.8075	 2.3970
 7.7957	 2.4270
 7.7840	 2.4551
 7.7723	 2.4849
 7.7607	 2.5127
 7.7491	 2.5386
 7.7375	 2.5566
 7.7260	 2.5859
 7.7145	 2.6157
 7.7031	 2.6384
 7.6916	 2.6631
 7.6802	 2.6912
 7.6689	 2.7100
 7.6575	 2.7292
 7.6462	 2.7566
 7.6350	 2.7761
 7.6238	 2.7956
 7.6126	 2.8220
 7.6014	 2.8411
 7.5903	 2.8581
 7.5792	 2.8870
 7.5681	 2.9131
 7.5571	 2.9292
 7.5461	 2.9431
 7.5351	 2.9622
 7.5242	 2.9809
 7.5133	 3.0034
 7.5024	 3.0271
 7.4916	 3.0498
 7.4807	 3.0679
 7.4700	 3.0862
 7.4592	 3.1020
 7.4485	 3.1206
 7.4378	 3.1484
 7.4272	 3.1736
 7.4165	 3.1865
 7.4059	 3.2082
 7.3954	 3.2300
 7.3848	 3.2434
 7.3743	 3.2556
 7.3639	 3.2722
 7.3534	 3.2883
 7.3430	 3.2978
 7.3326	 3.3186
 7.3223	 3.3467
 7.3119	 3.3625
 7.3016	 3.3740
 7.2914	 3.3894
 7.2811	 3.4045
 7.2709	 3.4258
 7.2607	 3.4451
 7.2506	 3.4541
 7.2404	 3.4617
 7.2303	 3.4792
 7.2203	 3.5005
 7.2102	 3.5129
 7.2002	 3.5254
 7.1902	 3.5452
 7.1803	 3.5569
 7.1703	 3.5576
 7.1604	 3.5708
 7.1506	 3.5908
 7.1407	 3.6074
 7.1309	 3.6230
 7.1211	 3.6357
 7.1113	 3.6487
 7.1016	 3.6689
 7.0919	 3.6821
 7.0822	 3.6931
 7.0725	 3.6997
 7.0629	 3.7187
 7.0533	 3.7278
 7.0437	 3.7329
 7.0341	 3.7534
 7.0246	 3.7705
 7.0151	 3.7812
 7.0056	 3.7908
 6.9962	 3.8059
 6.9867	 3.8245
 6.9773	 3.8381
 6.9679	 3.8423
 6.9586	 3.8501
 6.9493	 3.8674
 6.9400	 3.8855
 6.9307	 3.8989
 6.9214	 3.9028
 6.9122	 3.9075
 6.9030	 3.9248
 6.8938	 3.9390
 6.8847	 3.9446
 6.8755	 3.9512
 6.8664	 3.9558
 6.8573	 3.9729
 6.8483	 3.9861
 6.8393	 3.9956
 6.8302	 4.0088
 6.8213	 4.0151
 6.8123	 4.0239
 6.8034	 4.0283
 6.7944	 4.0283
 6.7855	 4.0444
 6.7767	 4.0586
 6.7678	 4.0618
 6.7590	 4.0754
 6.7502	 4.0884
 6.7414	 4.1040
 6.7327	 4.1138
 6.7239	 4.1186
 6.7152	 4.1228
 6.7065	 4.1328
 6.6979	 4.1533
 6.6892	 4.1560
 6.6806	 4.1555
 6.6720	 4.1704
 6.6634	 4.1836
 6.6549	 4.1836
 6.6464	 4.1819
 6.6378	 4.1882
 6.6294	 4.2075
 6.6209	 4.2195
 6.6124	 4.2248
 6.6040	 4.2356
 6.5956	 4.2400
 6.5872	 4.2561
 6.5789	 4.2659
 6.5705	 4.2678
 6.5622	 4.2825
 6.5539	 4.3030
 6.5456	 4.3179
 6.5374	 4.3174
 6.5292	 4.3242
 6.5209	 4.3352
 6.5128	 4.3376
 6.5046	 4.3376
 6.4964	 4.3401
 6.4883	 4.3420
 6.4802	 4.3464
 6.4721	 4.3623
 6.4640	 4.3745
 6.4560	 4.3672
 6.4480	 4.3635
 6.4399	 4.3696
 6.4320	 4.3723
 6.4240	 4.3689
 6.4160	 4.3660
 6.4081	 4.3718
 6.4002	 4.3845
 6.3923	 4.3933
 6.3844	 4.3948
 6.3766	 4.3953
 6.3687	 4.3948
 6.3609	 4.3984
 6.3531	 4.3891
 6.3454	 4.3782
 6.3376	 4.3889
 6.3299	 4.3935
 6.3221	 4.3874
 6.3144	 4.3904
 6.3068	 4.3913
 6.2991	 4.3901
 6.2914	 4.3874
 6.2838	 4.3916
 6.2762	 4.3879
 6.2686	 4.3877
 6.2611	 4.4016
 6.2535	 4.4026
 6.2460	 4.4036
 6.2385	 4.4126
 6.2310	 4.4170
 6.2235	 4.4155
 6.2160	 4.4253
 6.2086	 4.4280
 6.2011	 4.4199
 6.1937	 4.4167
 6.1863	 4.4219
 6.1790	 4.4338
 6.1716	 4.4473
 6.1643	 4.4582
 6.1570	 4.4590
 6.1496	 4.4551
 6.1424	 4.4643
 6.1351	 4.4753
 6.1278	 4.4744
 6.1206	 4.4790
 6.1134	 4.4878
 6.1062	 4.5017
 6.0990	 4.5090
 6.0918	 4.5134
 6.0847	 4.5173
 6.0776	 4.5210
 6.0704	 4.5300
 6.0633	 4.5434
 6.0563	 4.5300
 6.0492	 4.5249
 6.0421	 4.5571
 6.0351	 4.5715
 6.0281	 4.5693
 6.0211	 4.5688
 6.0141	 4.5810
 6.0071	 4.5876
 6.0002	 4.5840
 5.9932	 4.5835
 5.9863	 4.5862
 5.9794	 4.5964
 5.9725	 4.5967
 5.9657	 4.5901
 5.9588	 4.5950
 5.9520	 4.6042
 5.9451	 4.6018
 5.9383	 4.5820
 5.9315	 4.5913
 5.9247	 4.6079
 5.9180	 4.6113
 5.9112	 4.6189
 5.9045	 4.6262
 5.8978	 4.6086
 5.8911	 4.6089
 5.8844	 4.6138
 5.8777	 4.6284
 5.8711	 4.6528
 5.8644	 4.6589
 5.8578	 4.6645
 5.8512	 4.6616
 5.8446	 4.6604
 5.8380	 4.6631
 5.8314	 4.6616
 5.8249	 4.6577
 5.8184	 4.6699
 5.8118	 4.6833
 5.8053	 4.6880
 5.7988	 4.6963
 5.7924	 4.7024
 5.7859	 4.6951
 5.7794	 4.6899
 5.7730	 4.6919
 5.7666	 4.6865
 5.7602	 4.6970
 5.7538	 4.7029
 5.7474	 4.7016
 5.7410	 4.7043
 5.7347	 4.7063
 5.7283	 4.7078
 5.7220	 4.7099
 5.7157	 4.7075
 5.7094	 4.7002
 5.7031	 4.7097
 5.6969	 4.7192
 5.6906	 4.7200
 5.6844	 4.7168
 5.6782	 4.7158
 5.6719	 4.7236
 5.6657	 4.7317
 5.6596	 4.7290
 5.6534	 4.7280
 5.6472	 4.7305
 5.6411	 4.7197
 5.6349	 4.7244
 5.6288	 4.7463
 5.6227	 4.7515
 5.6166	 4.7444
 5.6106	 4.7532
 5.6045	 4.7605
 5.5984	 4.7620
 5.5924	 4.7732
 5.5864	 4.7773
 5.5804	 4.7773
 5.5744	 4.7866
 5.5684	 4.8027
 5.5624	 4.8115
 5.5564	 4.8140
 5.5505	 4.8176
 5.5445	 4.8354
 5.5386	 4.8435
 5.5327	 4.8528
 5.5268	 4.8684
 5.5209	 4.8760
 5.5151	 4.8796
 5.5092	 4.8887
 5.5033	 4.9026
 5.4975	 4.9106
 5.4917	 4.9233
 5.4859	 4.9292
 5.4801	 4.9350
 5.4743	 4.9451
 5.4685	 4.9497
 5.4628	 4.9551
 5.4570	 4.9653
 5.4513	 4.9741
 5.4455	 4.9827
 5.4398	 4.9910
 5.4341	 4.9975
 5.4284	 4.9968
 5.4228	 4.9973
 5.4171	 5.0112
 5.4114	 5.0320
 5.4058	 5.0466
 5.4002	 5.0495
 5.3945	 5.0522
 5.3889	 5.0591
 5.3833	 5.0710
 5.3778	 5.0847
 5.3722	 5.0959
 5.3666	 5.0972
 5.3611	 5.1103
 5.3555	 5.1225
 5.3500	 5.1308
 5.3445	 5.1423
 5.3390	 5.1506
 5.3335	 5.1631
 5.3280	 5.1733
 5.3225	 5.1799
 5.3171	 5.1841
 5.3116	 5.1890
 5.3062	 5.1919
 5.3008	 5.1958
 5.2954	 5.1963
 5.2900	 5.2014
 5.2846	 5.2097
 5.2792	 5.2185
 5.2738	 5.2278
 5.2684	 5.2317
 5.2631	 5.2348
 5.2578	 5.2402
 5.2524	 5.2519
 5.2471	 5.2656
 5.2418	 5.2649
 5.2365	 5.2659
 5.2312	 5.2746
 5.2260	 5.2746
 5.2207	 5.2776
 5.2154	 5.2873
 5.2102	 5.2959
 5.2050	 5.3003
 5.1998	 5.3047
 5.1945	 5.3088
 5.1893	 5.3127
 5.1842	 5.3181
 5.1790	 5.3296
 5.1738	 5.3367
 5.1686	 5.3359
 5.1635	 5.3418
 5.1584	 5.3508
 5.1532	 5.3462
 5.1481	 5.3457
 5.1430	 5.3557
 5.1379	 5.3608
 5.1328	 5.3628
 5.1277	 5.3745
 5.1227	 5.3830
 5.1176	 5.3821
 5.1126	 5.3818
 5.1075	 5.3887
 5.1025	 5.3945
 5.0975	 5.4006
 5.0925	 5.4104
 5.0875	 5.4114
 5.0825	 5.4128
 5.0775	 5.4258
 5.0726	 5.4302
 5.0676	 5.4263
 5.0627	 5.4294
 5.0577	 5.4392
 5.0528	 5.4453
 5.0479	 5.4531
 5.0430	 5.4617
 5.0380	 5.4548
 5.0332	 5.4575
 5.0283	 5.4702
 5.0234	 5.4814
 5.0185	 5.4797
 5.0137	 5.4844
 5.0088	 5.4980
 5.0040	 5.5002
 4.9992	 5.5039
 4.9944	 5.5115
 4.9896	 5.5122
 4.9848	 5.5144
 4.9800	 5.5266
 4.9752	 5.5371
 4.9704	 5.5454
 4.9657	 5.5569
 4.9609	 5.5654
 4.9562	 5.5754
 4.9514	 5.5810
 4.9467	 5.5779
 4.9420	 5.5840
 4.9373	 5.5979
 4.9326	 5.6162
 4.9279	 5.6272
 4.9232	 5.6362
 4.9186	 5.6445
 4.9139	 5.6543
 4.9092	 5.6645
 4.9046	 5.6723
 4.9000	 5.6846
 4.8953	 5.6907
 4.8907	 5.6980
 4.8861	 5.7143
 4.8815	 5.7314
 4.8769	 5.7275
 4.8723	 5.7348
 4.8678	 5.7546
 4.8632	 5.7627
 4.8586	 5.7717
 4.8541	 5.7890
 4.8495	 5.7952
 4.8450	 5.8037
 4.8405	 5.8130
 4.8360	 5.8179
 4.8315	 5.8264
 4.8270	 5.8359
 4.8225	 5.8511
 4.8180	 5.8569
 4.8135	 5.8589
 4.8090	 5.8752
 4.8046	 5.8848
 4.8001	 5.8852
 4.7957	 5.8904
 4.7913	 5.8987
 4.7868	 5.9121
 4.7824	 5.9275
 4.7780	 5.9358
 4.7736	 5.9402
 4.7692	 5.9460
 4.7648	 5.9634
 4.7605	 5.9719
 4.7561	 5.9714
 4.7517	 5.9800
 4.7474	 5.9770
 4.7431	 5.9883
 4.7387	 6.0005
 4.7344	 6.0049
 4.7301	 6.0054
 4.7258	 6.0141
 4.7215	 6.0278
 4.7172	 6.0386
 4.7129	 6.0473
 4.7086	 6.0649
 4.7043	 6.0705
 4.7000	 6.0759
 4.6958	 6.0989
 4.6915	 6.1150
 4.6873	 6.1196
 4.6831	 6.1308
 4.6788	 6.1465
 4.6746	 6.1543
 4.6704	 6.1692
 4.6662	 6.1916
 4.6620	 6.2014
 4.6578	 6.2104
 4.6536	 6.2261
 4.6495	 6.2397
 4.6453	 6.2534
 4.6411	 6.2578
 4.6370	 6.2749
 4.6328	 6.2976
 4.6287	 6.3159
 4.6246	 6.3335
 4.6205	 6.3508
 4.6163	 6.3625
 4.6122	 6.3833
 4.6081	 6.4111
 4.6040	 6.4331
 4.6000	 6.4509
 4.5959	 6.4717
 4.5918	 6.4951
 4.5877	 6.5261
 4.5837	 6.5505
 4.5796	 6.5661
 4.5756	 6.5837
 4.5716	 6.6101
 4.5675	 6.6330
 4.5635	 6.6492
 4.5595	 6.6750
 4.5555	 6.6972
 4.5515	 6.7139
 4.5475	 6.7348
 4.5435	 6.7541
 4.5395	 6.7712
 4.5356	 6.7883
 4.5316	 6.8108
 4.5276	 6.8293
 4.5237	 6.8423
 4.5197	 6.8562
 4.5158	 6.8738
 4.5119	 6.8877
 4.5080	 6.8979
 4.5040	 6.9153
 4.5001	 6.9309
 4.4962	 6.9443
 4.4923	 6.9599
 4.4884	 6.9729
 4.4846	 6.9873
 4.4807	 7.0000
 4.4768	 7.0183
 4.4730	 7.0393
 4.4691	 7.0430
 4.4652	 7.0510
 4.4614	 7.0676
 4.4576	 7.0805
 4.4537	 7.0898
 4.4499	 7.0925
 4.4461	 7.1040
 4.4423	 7.1179
 4.4385	 7.1323
 4.4347	 7.1430
 4.4309	 7.1531
 4.4271	 7.1716
 4.4233	 7.1741
 4.4196	 7.1726
 4.4158	 7.1904
 4.4120	 7.2048
 4.4083	 7.2082
 4.4045	 7.2160
 4.4008	 7.2178
 4.3971	 7.2173
 4.3934	 7.2253
 4.3896	 7.2368
 4.3859	 7.2407
 4.3822	 7.2514
 4.3785	 7.2678
 4.3748	 7.2715
 4.3711	 7.2822
 4.3674	 7.2922
 4.3638	 7.2947
 4.3601	 7.2930
 4.3564	 7.3049
 4.3528	 7.3130
 4.3491	 7.3130
 4.3455	 7.3218
 4.3418	 7.3313
 4.3382	 7.3335
 4.3346	 7.3386
 4.3310	 7.3562
 4.3273	 7.3642
 4.3237	 7.3603
 4.3201	 7.3669
 4.3165	 7.3760
 4.3129	 7.3811
 4.3094	 7.3843
 4.3058	 7.3904
 4.3022	 7.3945
 4.2986	 7.3962
 4.2951	 7.4050
 4.2915	 7.4167
 4.2880	 7.4214
 4.2844	 7.4223
 4.2809	 7.4314
 4.2774	 7.4419
 4.2738	 7.4487
 4.2703	 7.4534
 4.2668	 7.4519
 4.2633	 7.4548
 4.2598	 7.4653
 4.2563	 7.4770
 4.2528	 7.4790
 4.2493	 7.4802
 4.2458	 7.4851
 4.2424	 7.4892
 4.2389	 7.4900
 4.2354	 7.4941
 4.2320	 7.5034
 4.2285	 7.5056
 4.2251	 7.5036
 4.2216	 7.5180
 4.2182	 7.5364
 4.2148	 7.5359
 4.2113	 7.5344
 4.2079	 7.5408
 4.2045	 7.5471
 4.2011	 7.5539
 4.1977	 7.5598
 4.1943	 7.5659
 4.1909	 7.5681
 4.1875	 7.5752
 4.1841	 7.5786
 4.1808	 7.5810
 4.1774	 7.5942
 4.1740	 7.6054
 4.1707	 7.6040
 4.1673	 7.6059
 4.1640	 7.6169
 4.1606	 7.6179
 4.1573	 7.6216
 4.1540	 7.6369
 4.1506	 7.6448
 4.1473	 7.6457
 4.1440	 7.6504
 4.1407	 7.6518
 4.1374	 7.6543
 4.1341	 7.6616
 4.1308	 7.6662
 4.1275	 7.6667
 4.1242	 7.6755
 4.1209	 7.6843
 4.1177	 7.6941
 4.1144	 7.6965
 4.1111	 7.7004
 4.1079	 7.7107
 4.1046	 7.7158
 4.1014	 7.7190
 4.0981	 7.7265
 4.0949	 7.7304
 4.0917	 7.7336
 4.0884	 7.7422
 4.0852	 7.7490
 4.0820	 7.7488
 4.0788	 7.7561
 4.0756	 7.7612
 4.0724	 7.7685
 4.0692	 7.7776
 4.0660	 7.7785
 4.0628	 7.7722
 4.0596	 7.7793
 4.0565	 7.7976
 4.0533	 7.8020
 4.0501	 7.8008
 4.0470	 7.8074
 4.0438	 7.8098
 4.0406	 7.8061
 4.0375	 7.8161
 4.0344	 7.8303
 4.0312	 7.8371
 4.0281	 7.8432
 4.0250	 7.8591
 4.0218	 7.8642
 4.0187	 7.8674
 4.0156	 7.8769
 4.0125	 7.8874
 4.0094	 7.8855
 4.0063	 7.8882
 4.0032	 7.8965
 4.0001	 7.8982
 3.9970	 7.8991
 3.9940	 7.9111
 3.9909	 7.9150
 3.9878	 7.9114
 3.9847	 7.9206
 3.9817	 7.9302
 3.9786	 7.9370
 3.9756	 7.9475
 3.9725	 7.9543
 3.9695	 7.9616
 3.9665	 7.9643
 3.9634	 7.9697
 3.9604	 7.9763
 3.9574	 7.9858
 3.9544	 7.9897
 3.9513	 7.9949
 3.9483	 8.0090
 3.9453	 8.0137
 3.9423	 8.0127
 3.9393	 8.0178
 3.9363	 8.0271
 3.9333	 8.0342
 3.9304	 8.0381
 3.9274	 8.0390
 3.9244	 8.0512
 3.9214	 8.0554
 3.9185	 8.0554
 3.9155	 8.0686
 3.9126	 8.0805
 3.9096	 8.0852
 3.9067	 8.0847
 3.9037	 8.0862
 3.9008	 8.0954
 3.8979	 8.1098
 3.8949	 8.1133
 3.8920	 8.1194
 3.8891	 8.1220
 3.8862	 8.1179
 3.8833	 8.1291
 3.8804	 8.1440
 3.8775	 8.1487
 3.8746	 8.1548
 3.8717	 8.1516
 3.8688	 8.1506
 3.8659	 8.1535
 3.8630	 8.1567
 3.8601	 8.1594
 3.8573	 8.1660
 3.8544	 8.1726
 3.8515	 8.1706
 3.8487	 8.1733
 3.8458	 8.1738
 3.8430	 8.1777
 3.8401	 8.1816
 3.8373	 8.1885
 3.8344	 8.2007
 3.8316	 8.2043
 3.8288	 8.2053
 3.8259	 8.2160
 3.8231	 8.2195
 3.8203	 8.2236
 3.8175	 8.2243
 3.8147	 8.2236
 3.8119	 8.2297
 3.8091	 8.2383
 3.8063	 8.2400
 3.8035	 8.2392
 3.8007	 8.2414
 3.7979	 8.2458
 3.7951	 8.2473
 3.7924	 8.2502
 3.7896	 8.2561
 3.7868	 8.2610
 3.7841	 8.2661
 3.7813	 8.2705
 3.7785	 8.2741
 3.7758	 8.2812
 3.7730	 8.2890
 3.7703	 8.2978
 3.7676	 8.2976
 3.7648	 8.3083
 3.7621	 8.3122
 3.7594	 8.3083
 3.7566	 8.3091
 3.7539	 8.3164
 3.7512	 8.3220
 3.7485	 8.3198
 3.7458	 8.3181
 3.7431	 8.3222
 3.7404	 8.3296
 3.7377	 8.3415
 3.7350	 8.3425
 3.7323	 8.3374
 3.7296	 8.3476
 3.7269	 8.3611
 3.7242	 8.3677
 3.7216	 8.3618
 3.7189	 8.3625
 3.7162	 8.3703
 3.7136	 8.3760
 3.7109	 8.3786
 3.7083	 8.3745
 3.7056	 8.3718
 3.7030	 8.3772
 3.7003	 8.3855
 3.6977	 8.3813
 3.6950	 8.3725
 3.6924	 8.3779
 3.6898	 8.3847
 3.6872	 8.3862
 3.6845	 8.3867
 3.6819	 8.3999
 3.6793	 8.4087
 3.6767	 8.4053
 3.6741	 8.4116
 3.6715	 8.4236
 3.6689	 8.4209
 3.6663	 8.4250
 3.6637	 8.4260
 3.6611	 8.4233
 3.6585	 8.4282
 3.6560	 8.4270
 3.6534	 8.4267
 3.6508	 8.4299
 3.6482	 8.4380
 3.6457	 8.4455
 3.6431	 8.4385
 3.6406	 8.4360
 3.6380	 8.4424
 3.6355	 8.4555
 3.6329	 8.4563
 3.6304	 8.4548
 3.6278	 8.4560
 3.6253	 8.4636
 3.6227	 8.4670
 3.6202	 8.4697
 3.6177	 8.4663
 3.6152	 8.4678
 3.6127	 8.4758
 3.6101	 8.4751
 3.6076	 8.4753
 3.6051	 8.4787
 3.6026	 8.4782
 3.6001	 8.4795
 3.5976	 8.4795
 3.5951	 8.4782
 3.5926	 8.4736
 3.5901	 8.4768
 3.5876	 8.4853
 3.5852	 8.4785
 3.5827	 8.4695
 3.5802	 8.4780
 3.5777	 8.4829
 3.5753	 8.4739
 3.5728	 8.4621
 3.5704	 8.4597
 3.5679	 8.4587
 3.5654	 8.4558
 3.5630	 8.4514
 3.5605	 8.4436
 3.5581	 8.4392
 3.5557	 8.4319
 3.5532	 8.4223
 3.5508	 8.4194
 3.5484	 8.4136
 3.5459	 8.4001
 3.5435	 8.3894
 3.5411	 8.3935
 3.5387	 8.4087
 3.5363	 8.4145
 3.5338	 8.4138
 3.5314	 8.4157
 3.5290	 8.4248
 3.5266	 8.4241
 3.5242	 8.4153
 3.5218	 8.4111
 3.5195	 8.4101
 3.5171	 8.3955
 3.5147	 8.3723
 3.5123	 8.3489
 3.5099	 8.3200
 3.5075	 8.2959
 3.5052	 8.2734
 3.5028	 8.2649
 3.5004	 8.2768
 3.4981	 8.2903
 3.4957	 8.3052
 3.4934	 8.3276
 3.4910	 8.3440
 3.4887	 8.3413
 3.4863	 8.3418
 3.4840	 8.3471
 3.4816	 8.3493
 3.4793	 8.3496
 3.4770	 8.3625
 3.4746	 8.3764
 3.4723	 8.3808
 3.4700	 8.3889
 3.4677	 8.3926
 3.4653	 8.3911
 3.4630	 8.3767
 3.4607	 8.3720
 3.4584	 8.3733
 3.4561	 8.3645
 3.4538	 8.3506
 3.4515	 8.3369
 3.4492	 8.3249
 3.4469	 8.3110
 3.4446	 8.3003
 3.4423	 8.2917
 3.4400	 8.2751
 3.4378	 8.2563
 3.4355	 8.2407
 3.4332	 8.2146
 3.4309	 8.1919
 3.4287	 8.1592
 3.4264	 8.1240
 3.4241	 8.0932
 3.4219	 8.0671
 3.4196	 8.0527
 3.4174	 8.0459
 3.4151	 8.0503
 3.4129	 8.0505
 3.4106	 8.0615
 3.4084	 8.0766
 3.4061	 8.0906
 3.4039	 8.1040
 3.4017	 8.1196
 3.3994	 8.1286
 3.3972	 8.1394
 3.3950	 8.1604
 3.3928	 8.1709
 3.3906	 8.1604
 3.3883	 8.1460
 3.3861	 8.1438
 3.3839	 8.1350
 3.3817	 8.1252
 3.3795	 8.1294
 3.3773	 8.1301
 3.3751	 8.1416
 3.3729	 8.1572
 3.3707	 8.1618
 3.3685	 8.1770
 3.3663	 8.1936
 3.3641	 8.2143
 3.3620	 8.2331
 3.3598	 8.2475
 3.3576	 8.2622
 3.3554	 8.2695
 3.3533	 8.2761
 3.3511	 8.2776
 3.3489	 8.2822
 3.3468	 8.2893
 3.3446	 8.2959
 3.3425	 8.3056
 3.3403	 8.3122
 3.3382	 8.3139
 3.3360	 8.3188
 3.3339	 8.3183
 3.3317	 8.3110
 3.3296	 8.3037
 3.3274	 8.3113
 3.3253	 8.3110
 3.3232	 8.3095
 3.3210	 8.3154
 3.3189	 8.3235
 3.3168	 8.3130
 3.3147	 8.3025
 3.3126	 8.3015
 3.3104	 8.2949
 3.3083	 8.3066
 3.3062	 8.3227
 3.3041	 8.3252
 3.3020	 8.3320
 3.2999	 8.3301
 3.2978	 8.3379
 3.2957	 8.3557
 3.2936	 8.3738
 3.2915	 8.3926
 3.2894	 8.3991
 3.2874	 8.3999
 3.2853	 8.3972
 3.2832	 8.4175
 3.2811	 8.4358
 3.2790	 8.4328
 3.2770	 8.4341
 3.2749	 8.4450
 3.2728	 8.4519
 3.2708	 8.4621
 3.2687	 8.4748
 3.2666	 8.4743
 3.2646	 8.4726
 3.2625	 8.4761
 3.2605	 8.4687
 3.2584	 8.4680
 3.2564	 8.4656
 3.2543	 8.4665
 3.2523	 8.4731
 3.2503	 8.4878
 3.2482	 8.4873
 3.2462	 8.4673
 3.2442	 8.4658
 3.2421	 8.4702
 3.2401	 8.4682
 3.2381	 8.4599
 3.2361	 8.4590
 3.2340	 8.4541
 3.2320	 8.4536
 3.2300	 8.4424
 3.2280	 8.4306
 3.2260	 8.4350
 3.2240	 8.4419
 3.2220	 8.4365
 3.2200	 8.4365
 3.2180	 8.4416
 3.2160	 8.4409
 3.2140	 8.4350
 3.2120	 8.4394
 3.2100	 8.4470
 3.2080	 8.4521
 3.2060	 8.4570
 3.2040	 8.4531
 3.2021	 8.4458
 3.2001	 8.4499
 3.1981	 8.4546
 3.1961	 8.4614
 3.1942	 8.4607
 3.1922	 8.4541
 3.1902	 8.4609
 3.1883	 8.4736
 3.1863	 8.4739
 3.1844	 8.4717
 3.1824	 8.4878
 3.1805	 8.4924
 3.1785	 8.4858
 3.1766	 8.4902
 3.1746	 8.4863
 3.1727	 8.4868
 3.1707	 8.4975
 3.1688	 8.5093
 3.1669	 8.5132
 3.1649	 8.5097
 3.1630	 8.5119
 3.1611	 8.5215
 3.1591	 8.5232
 3.1572	 8.5207
 3.1553	 8.5156
 3.1534	 8.5163
 3.1515	 8.5141
 3.1495	 8.5129
 3.1476	 8.5300
 3.1457	 8.5266
 3.1438	 8.5207
 3.1419	 8.5215
 3.1400	 8.5210
 3.1381	 8.5127
 3.1362	 8.5093
 3.1343	 8.5176
 3.1324	 8.5210
 3.1305	 8.5083
 3.1286	 8.5088
 3.1268	 8.5168
 3.1249	 8.5119
 3.1230	 8.5029
 3.1211	 8.5029
 3.1192	 8.5161
 3.1174	 8.5266
 3.1155	 8.5166
 3.1136	 8.5051
 3.1117	 8.5137
 3.1099	 8.5215
 3.1080	 8.5141
 3.1061	 8.5044
 3.1043	 8.4985
 3.1024	 8.5080
 3.1006	 8.5115
 3.0987	 8.5163
 3.0969	 8.5161
 3.0950	 8.5124
 3.0932	 8.5039
 3.0913	 8.5049
 3.0895	 8.5000
 3.0876	 8.5000
 3.0858	 8.5061
 3.0840	 8.5002
 3.0821	 8.4958
 3.0803	 8.4900
 3.0785	 8.4853
 3.0766	 8.4868
 3.0748	 8.4741
 3.0730	 8.4638
 3.0712	 8.4780
 3.0694	 8.4829
 3.0675	 8.4765
 3.0657	 8.4761
 3.0639	 8.4648
 3.0621	 8.4577
 3.0603	 8.4619
 3.0585	 8.4663
 3.0567	 8.4653
 3.0549	 8.4634
 3.0531	 8.4609
 3.0513	 8.4673
 3.0495	 8.4785
 3.0477	 8.4717
 3.0459	 8.4575
 3.0441	 8.4599
 3.0423	 8.4604
 3.0406	 8.4641
 3.0388	 8.4643
 3.0370	 8.4707
 3.0352	 8.4778
 3.0334	 8.4763
 3.0317	 8.4770
 3.0299	 8.4795
 3.0281	 8.4653
 3.0264	 8.4590
 3.0246	 8.4697
 3.0228	 8.4680
 3.0211	 8.4465
 3.0193	 8.4507
 3.0176	 8.4638
 3.0158	 8.4512
 3.0140	 8.4443
 3.0123	 8.4597
 3.0105	 8.4624
 3.0088	 8.4565
 3.0070	 8.4565
 3.0053	 8.4546
 3.0036	 8.4468
 3.0018	 8.4551
 3.0001	 8.4558
 2.9984	 8.4428
 2.9966	 8.4477
 2.9949	 8.4707
 2.9932	 8.4717
 2.9914	 8.4609
 2.9897	 8.4678
 2.9880	 8.4800
 2.9863	 8.4883
 2.9845	 8.4966
 2.9828	 8.5022
 2.9811	 8.5097
 2.9794	 8.5134
 2.9777	 8.5151
 2.9760	 8.5185
 2.9743	 8.5215
 2.9726	 8.5166
 2.9709	 8.5071
 2.9692	 8.5010
 2.9675	 8.5195
 2.9658	 8.5315
 2.9641	 8.5190
 2.9624	 8.5102
 2.9607	 8.5127
 2.9590	 8.5195
 2.9573	 8.5278
 2.9556	 8.5307
 2.9539	 8.5256
 2.9523	 8.5237
 2.9506	 8.5322
 2.9489	 8.5376
 2.9472	 8.5361
 2.9455	 8.5273
 2.9439	 8.5290
 2.9422	 8.5503
 2.9405	 8.5556
 2.9389	 8.5498
 2.9372	 8.5620
 2.9355	 8.5649
 2.9339	 8.5664
 2.9322	 8.5552
 2.9306	 8.5503
 2.9289	 8.5588
 2.9272	 8.5683
 2.9256	 8.5703
 2.9239	 8.5603
 2.9223	 8.5493
 2.9207	 8.5469
 2.9190	 8.5542
 2.9174	 8.5630
 2.9157	 8.5613
 2.9141	 8.5615
 2.9124	 8.5578
 2.9108	 8.5635
 2.9092	 8.5644
 2.9075	 8.5703
 2.9059	 8.5879
 2.9043	 8.5791
 2.9027	 8.5693
 2.9010	 8.5688
 2.8994	 8.5747
 2.8978	 8.5837
 2.8962	 8.5928
 2.8946	 8.5915
 2.8929	 8.5805
 2.8913	 8.5791
 2.8897	 8.5815
 2.8881	 8.5786
 2.8865	 8.5722
 2.8849	 8.5674
 2.8833	 8.5703
 2.8817	 8.5669
 2.8801	 8.5571
 2.8785	 8.5532
 2.8769	 8.5539
 2.8753	 8.5532
 2.8737	 8.5581
 2.8721	 8.5732
 2.8705	 8.5744
 2.8689	 8.5698
 2.8673	 8.5674
 2.8658	 8.5515
 2.8642	 8.5503
 2.8626	 8.5539
 2.8610	 8.5569
 2.8594	 8.5710
 2.8579	 8.5879
 2.8563	 8.5932
 2.8547	 8.5805
 2.8531	 8.5803
 2.8516	 8.5903
 2.8500	 8.5845
 2.8484	 8.5796
 2.8469	 8.5849
 2.8453	 8.5876
 2.8437	 8.5903
 2.8422	 8.5888
 2.8406	 8.5932
 2.8391	 8.6098
 2.8375	 8.6128
 2.8360	 8.6074
 2.8344	 8.6147
 2.8329	 8.6211
 2.8313	 8.6140
 2.8298	 8.6142
 2.8282	 8.6164
 2.8267	 8.6015
 2.8252	 8.5971
 2.8236	 8.6054
 2.8221	 8.6040
 2.8205	 8.5996
 2.8190	 8.5918
 2.8175	 8.5888
 2.8159	 8.5898
 2.8144	 8.5835
 2.8129	 8.5757
 2.8114	 8.5703
 2.8098	 8.5698
 2.8083	 8.5639
 2.8068	 8.5591
 2.8053	 8.5473
 2.8038	 8.5200
 2.8022	 8.5190
 2.8007	 8.5185
 2.7992	 8.5005
 2.7977	 8.4912
 2.7962	 8.4829
 2.7947	 8.4726
 2.7932	 8.4658
 2.7917	 8.4580
 2.7902	 8.4345
 2.7887	 8.4160
 2.7872	 8.4175
 2.7857	 8.3999
 2.7842	 8.3696
 2.7827	 8.3174
 2.7812	 8.2446
 2.7797	 8.1257
 2.7782	 7.9795
 2.7767	 7.8130
 2.7752	 7.6445
 2.7738	 7.5102
 2.7723	 7.3999
 2.7708	 7.2429
 2.7693	 7.0058
 2.7678	 6.7451
 2.7664	 6.5180
 2.7649	 6.3442
 2.7634	 6.2368
 2.7619	 6.2285
 2.7605	 6.3032
 2.7590	 6.4673
 2.7575	 6.7305
 2.7561	 6.9761
 2.7546	 7.0937
 2.7531	 7.0688
 2.7517	 6.9458
 2.7502	 6.7842
 2.7488	 6.6582
 2.7473	 6.5840
 2.7458	 6.5415
 2.7444	 6.5320
 2.7429	 6.5556
 2.7415	 6.5923
 2.7400	 6.6413
 2.7386	 6.7158
 2.7371	 6.8320
 2.7357	 6.9790
 2.7343	 7.1924
 2.7328	 7.4497
 2.7314	 7.6836
 2.7299	 7.8887
 2.7285	 8.0234
 2.7271	 8.0913
 2.7256	 8.1162
 2.7242	 8.1428
 2.7228	 8.1797
 2.7213	 8.2131
 2.7199	 8.2705
 2.7185	 8.3176
 2.7171	 8.3586
 2.7156	 8.3867
 2.7142	 8.3611
 2.7128	 8.3147
 2.7114	 8.2424
 2.7100	 8.1694
 2.7085	 8.1108
 2.7071	 8.0666
 2.7057	 8.0576
 2.7043	 8.0674
 2.7029	 8.1316
 2.7015	 8.2285
 2.7001	 8.3796
 2.6987	 8.5539
 2.6973	 8.7358
 2.6959	 8.9057
 2.6945	 9.0583
 2.6931	 9.2197
 2.6917	 9.3637
 2.6903	 9.4699
 2.6889	 9.5549
 2.6875	 9.6247
 2.6861	 9.6870
 2.6847	 9.7512
 2.6833	 9.8056
 2.6819	 9.8457
 2.6805	 9.8750
 2.6791	 9.8857
 2.6778	 9.9016
 2.6764	 9.9167
 2.6750	 9.9416
 2.6736	 9.9497
 2.6722	 9.9380
 2.6709	 9.9238
 2.6695	 9.9455
 2.6681	 9.9580
 2.6667	 9.9614
 2.6654	 9.9802
 2.6640	 9.9917
 2.6626	 9.9809
 2.6613	 9.9682
 2.6599	 9.9746
 2.6585	 9.9677
 2.6572	 9.9682
 2.6558	 9.9746
 2.6545	 9.9756
 2.6531	 9.9707
 2.6517	 9.9763
 2.6504	 9.9941
 2.6490	10.0085
 2.6477	10.0049
 2.6463	10.0168
 2.6450	10.0183
 2.6436	10.0046
 2.6423	 9.9985
 2.6409	10.0190
 2.6396	10.0388
 2.6382	10.0339
 2.6369	10.0422
 2.6356	10.0783
 2.6342	10.0910
 2.6329	10.1106
 2.6315	10.1150
 2.6302	10.1164
 2.6289	10.1426
 2.6275	10.1506
 2.6262	10.1665
 2.6249	10.1902
 2.6236	10.1933
 2.6222	10.1789
 2.6209	10.1758
 2.6196	10.1863
 2.6183	10.1999
 2.6169	10.2094
 2.6156	10.2258
 2.6143	10.2221
 2.6130	10.2192
 2.6117	10.2336
 2.6103	10.2473
 2.6090	10.2490
 2.6077	10.2588
 2.6064	10.2492
 2.6051	10.2407
 2.6038	10.2458
 2.6025	10.2302
 2.6012	10.2339
 2.5999	10.2392
 2.5986	10.2492
 2.5973	10.2405
 2.5960	10.2090
 2.5947	10.2124
 2.5934	10.2558
 2.5921	10.2705
 2.5908	10.2593
 2.5895	10.2685
 2.5882	10.2602
 2.5869	10.2483
 2.5856	10.2680
 2.5843	10.2680
 2.5830	10.2756
 2.5817	10.2697
 2.5805	10.2695
 2.5792	10.2766
 2.5779	10.2688
 2.5766	10.2668
 2.5753	10.2890
 2.5741	10.2846
 2.5728	10.2727
 2.5715	10.2854
 2.5702	10.2910
 2.5690	10.2856
 2.5677	10.2873
 2.5664	10.2988
 2.5651	10.2951
 2.5639	10.2939
 2.5626	10.2964
 2.5613	10.2968
 2.5601	10.3120
 2.5588	10.3266
 2.5575	10.3156
 2.5563	10.3166
 2.5550	10.3166
 2.5538	10.3205
 2.5525	10.3139
 2.5513	10.3205
 2.5500	10.3186
 2.5487	10.3061
 2.5475	10.2939
 2.5462	10.2876
 2.5450	10.2905
 2.5437	10.2951
 2.5425	10.2929
 2.5413	10.2629
 2.5400	10.2636
 2.5388	10.2578
 2.5375	10.2522
 2.5363	10.2666
 2.5350	10.2619
 2.5338	10.2671
 2.5326	10.2602
 2.5313	10.2304
 2.5301	10.2236
 2.5289	10.2392
 2.5276	10.2212
 2.5264	10.2053
 2.5252	10.2221
 2.5239	10.2246
 2.5227	10.2251
 2.5215	10.2275
 2.5202	10.2187
 2.5190	10.2060
 2.5178	10.1987
 2.5166	10.1816
 2.5154	10.1816
 2.5141	10.1992
 2.5129	10.2324
 2.5117	10.2365
 2.5105	10.2180
 2.5093	10.2217
 2.5081	10.2226
 2.5068	10.2265
 2.5056	10.2358
 2.5044	10.2300
 2.5032	10.2265
 2.5020	10.2402
 2.5008	10.2531
 2.4996	10.2446
 2.4984	10.2231
 2.4972	10.2239
 2.4960	10.2334
 2.4948	10.2280
 2.4936	10.2329
 2.4924	10.2339
 2.4912	10.2490
 2.4900	10.2636
 2.4888	10.2910
 2.4876	10.2827
 2.4864	10.2805
 2.4852	10.2807
 2.4840	10.2817
 2.4828	10.3027
 2.4816	10.3213
 2.4805	10.3237
 2.4793	10.3105
 2.4781	10.3176
 2.4769	10.3332
 2.4757	10.3391
 2.4745	10.3430
 2.4734	10.3489
 2.4722	10.3423
 2.4710	10.3498
 2.4698	10.3584
 2.4686	10.3574
 2.4675	10.3410
 2.4663	10.3420
 2.4651	10.3498
 2.4640	10.3528
 2.4628	10.3740
 2.4616	10.3742
 2.4604	10.3598
 2.4593	10.3615
 2.4581	10.3760
 2.4569	10.3762
 2.4558	10.3476
 2.4546	10.3452
 2.4535	10.3713
 2.4523	10.3606
 2.4511	10.3418
 2.4500	10.3525
 2.4488	10.3423
 2.4477	10.3020
 2.4465	10.2910
 2.4454	10.2817
 2.4442	10.2795
 2.4431	10.2636
 2.4419	10.2666
 2.4408	10.2739
 2.4396	10.2636
 2.4385	10.2510
 2.4373	10.2424
 2.4362	10.2314
 2.4350	10.2016
 2.4339	10.1562
 2.4327	10.1469
 2.4316	10.1416
 2.4305	10.1074
 2.4293	10.0566
 2.4282	10.0327
 2.4270	10.0205
 2.4259	10.0019
 2.4248	 9.9604
 2.4236	 9.9377
 2.4225	 9.9170
 2.4214	 9.8882
 2.4202	 9.8657
 2.4191	 9.8178
 2.4180	 9.8147
 2.4169	 9.8242
 2.4157	 9.8193
 2.4146	 9.8232
 2.4135	 9.8147
 2.4124	 9.8008
 2.4112	 9.8117
 2.4101	 9.8232
 2.4090	 9.8235
 2.4079	 9.8244
 2.4068	 9.8691
 2.4056	 9.9101
 2.4045	 9.9228
 2.4034	 9.9414
 2.4023	 9.9931
 2.4012	10.0078
 2.4001	10.0176
 2.3990	10.0400
 2.3979	10.0664
 2.3967	10.0937
 2.3956	10.1289
 2.3945	10.1601
 2.3934	10.1904
 2.3923	10.2026
 2.3912	10.2158
 2.3901	10.2180
 2.3890	10.2490
 2.3879	10.2881
 2.3868	10.3125
 2.3857	10.3196
 2.3846	10.3315
 2.3835	10.3286
 2.3824	10.3235
 2.3813	10.3615
 2.3802	10.3877
 2.3791	10.3916
 2.3781	10.3860
 2.3770	10.3857
 2.3759	10.3850
 2.3748	10.4135
 2.3737	10.4131
 2.3726	10.4182
 2.3715	10.4231
 2.3704	10.4094
 2.3694	10.3838
 2.3683	10.3811
 2.3672	10.3760
 2.3661	10.3613
 2.3650	10.3078
 2.3640	10.2793
 2.3629	10.2607
 2.3618	10.2112
 2.3607	10.1360
 2.3597	10.0803
 2.3586	10.0256
 2.3575	 9.9416
 2.3564	 9.8647
 2.3554	 9.7900
 2.3543	 9.7295
 2.3532	 9.6164
 2.3522	 9.5158
 2.3511	 9.4531
 2.3500	 9.3752
 2.3490	 9.3095
 2.3479	 9.2695
 2.3468	 9.2275
 2.3458	 9.1748
 2.3447	 9.1321
 2.3436	 9.1184
 2.3426	 9.1291
 2.3415	 9.1242
 2.3405	 9.1223
 2.3394	 9.1389
 2.3384	 9.1943
 2.3373	 9.2209
 2.3363	 9.2444
 2.3352	 9.2929
 2.3342	 9.3449
 2.3331	 9.4175
 2.3321	 9.4463
 2.3310	 9.4531
 2.3300	 9.5083
 2.3289	 9.5649
 2.3279	 9.6015
 2.3268	 9.6762
 2.3258	 9.7597
 2.3247	 9.8061
 2.3237	 9.8510
 2.3226	 9.8711
 2.3216	 9.9126
 2.3206	 9.9951
 2.3195	10.0439
 2.3185	10.0786
 2.3175	10.1157
 2.3164	10.1328
 2.3154	10.1352
 2.3144	10.1499
 2.3133	10.1860
 2.3123	10.1924
 2.3113	10.2011
 2.3102	10.2099
 2.3092	10.1948
 2.3082	10.2202
 2.3071	10.2226
 2.3061	10.2324
 2.3051	10.2431
 2.3041	10.2705
 2.3030	10.2905
 2.3020	10.3100
 2.3010	10.3335
 2.3000	10.3506
 2.2990	10.3559
 2.2979	10.3911
 2.2969	10.4067
 2.2959	10.4111
 2.2949	10.4170
 2.2939	10.4453
 2.2929	10.4712
 2.2918	10.4502
 2.2908	10.4472
 2.2898	10.4394
 2.2888	10.4472
 2.2878	10.4585
 2.2868	10.4717
 2.2858	10.4834
 2.2848	10.4726
 2.2838	10.4677
 2.2828	10.4692
 2.2818	10.5014
 2.2808	10.5234
 2.2798	10.4936
 2.2787	10.4990
 2.2777	10.5468
 2.2767	10.5566
 2.2757	10.5224
 2.2747	10.5161
 2.2738	10.5161
 2.2728	10.5215
 2.2718	10.5381
 2.2708	10.5332
 2.2698	10.5356
 2.2688	10.5337
 2.2678	10.5405
 2.2668	10.5591
 2.2658	10.5649
 2.2648	10.5547
 2.2638	10.5620
 2.2628	10.5708
 2.2618	10.5796
 2.2609	10.5713
 2.2599	10.5683
 2.2589	10.5942
 2.2579	10.6040
 2.2569	10.6123
 2.2559	10.5903
 2.2550	10.5644
 2.2540	10.5488
 2.2530	10.5664
 2.2520	10.5600
 2.2510	10.5630
 2.2501	10.5688
 2.2491	10.5937
 2.2481	10.5747
 2.2471	10.5595
 2.2462	10.5468
 2.2452	10.5527
 2.2442	10.5449
 2.2433	10.5097
 2.2423	10.5400
 2.2413	10.5620
 2.2403	10.5488
 2.2394	10.5664
 2.2384	10.5610
 2.2374	10.5551
 2.2365	10.5830
 2.2355	10.5659
 2.2345	10.5493
 2.2336	10.5727
 2.2326	10.5649
 2.2317	10.5332
 2.2307	10.5288
 2.2297	10.5571
 2.2288	10.5586
 2.2278	10.5449
 2.2269	10.5083
 2.2259	10.5259
 2.2250	10.5478
 2.2240	10.5468
 2.2231	10.5512
 2.2221	10.5547
 2.2211	10.5508
 2.2202	10.5327
 2.2192	10.5317
 2.2183	10.5410
 2.2173	10.5449
 2.2164	10.5176
 2.2155	10.5156
 2.2145	10.5483
 2.2136	10.5576
 2.2126	10.5342
 2.2117	10.5244
 2.2107	10.5429
 2.2098	10.5293
 2.2088	10.4931
 2.2079	10.4814
 2.2070	10.5146
 2.2060	10.5293
 2.2051	10.5283
 2.2041	10.5254
 2.2032	10.4931
 2.2023	10.4843
 2.2013	10.5185
 2.2004	10.5371
 2.1995	10.5312
 2.1985	10.5166
 2.1976	10.5005
 2.1967	10.4990
 2.1957	10.5122
 2.1948	10.5576
 2.1939	10.5488
 2.1930	10.5312
 2.1920	10.5215
 2.1911	10.5215
 2.1902	10.5376
 2.1893	10.5547
 2.1883	10.5517
 2.1874	10.5229
 2.1865	10.5078
 2.1856	10.5058
 2.1846	10.4795
 2.1837	10.4829
 2.1828	10.5063
 2.1819	10.5000
 2.1810	10.5000
 2.1800	10.4970
 2.1791	10.4951
 2.1782	10.4673
 2.1773	10.4521
 2.1764	10.4677
 2.1755	10.4853
 2.1746	10.4892
 2.1736	10.5278
 2.1727	10.5508
 2.1718	10.5078
 2.1709	10.4824
 2.1700	10.4707
 2.1691	10.5049
 2.1682	10.5205
 2.1673	10.5009
 2.1664	10.5088
 2.1655	10.5415
 2.1646	10.5244
 2.1637	10.4868
 2.1628	10.4765
 2.1619	10.5161
 2.1610	10.5234
 2.1601	10.5302
 2.1592	10.5263
 2.1583	10.5185
 2.1574	10.5102
 2.1565	10.5205
 2.1556	10.5141
 2.1547	10.4824
 2.1538	10.4892
 2.1529	10.5063
 2.1520	10.4951
 2.1511	10.5000
 2.1502	10.4634
 2.1493	10.4228
 2.1484	10.4560
 2.1475	10.4673
 2.1466	10.4697
 2.1458	10.4751
 2.1449	10.4668
 2.1440	10.4482
 2.1431	10.4282
 2.1422	10.4438
 2.1413	10.4502
 2.1404	10.4551
 2.1396	10.4443
 2.1387	10.4614
 2.1378	10.4887
 2.1369	10.4985
 2.1360	10.4770
 2.1352	10.4516
 2.1343	10.4594
 2.1334	10.4531
 2.1325	10.4502
 2.1316	10.4438
 2.1308	10.4414
 2.1299	10.4731
 2.1290	10.4892
 2.1281	10.4970
 2.1273	10.4697
 2.1264	10.4853
 2.1255	10.4902
 2.1247	10.4907
 2.1238	10.4946
 2.1229	10.4883
 2.1220	10.4966
 2.1212	10.5044
 2.1203	10.4980
 2.1194	10.4765
 2.1186	10.4985
 2.1177	10.4931
 2.1168	10.4712
 2.1160	10.4619
 2.1151	10.4843
 2.1143	10.5273
 2.1134	10.4892
 2.1125	10.4946
 2.1117	10.5415
 2.1108	10.5234
 2.1100	10.4926
 2.1091	10.4941
 2.1082	10.4570
 2.1074	10.4472
 2.1065	10.4770
 2.1057	10.5044
 2.1048	10.4848
 2.1040	10.4477
 2.1031	10.4336
 2.1023	10.4394
 2.1014	10.4809
 2.1005	10.5180
 2.0997	10.4907
 2.0988	10.4902
 2.0980	10.5146
 2.0971	10.5283
 2.0963	10.5097
 2.0955	10.5312
 2.0946	10.5337
 2.0938	10.5293
 2.0929	10.5293
 2.0921	10.5293
 2.0912	10.5532
 2.0904	10.5078
 2.0895	10.5029
 2.0887	10.5449
 2.0879	10.5571
 2.0870	10.5634
 2.0862	10.5244
 2.0853	10.5058
 2.0845	10.5039
 2.0837	10.5259
 2.0828	10.5039
 2.0820	10.4502
 2.0812	10.4463
 2.0803	10.5088
 2.0795	10.5239
