Name: Analcime NaAlSi_2O_6.H_2O
Type: Mineral
Class: Silicate
Subclass: Tectosilicate
Particle Size: Fine
Sample No.: TS-18A
Owner: JPL
Wavelength Range: TIR
Origin: 
Collection Date: N/A
Description: Particle size was 0-45um.Collected by JPL Original ASTER Spectral Library name was jpl.nicolet.mineral.silicate.tectosilicate.fine.ts18a.spectrum.txt
Measurement: Hemispherical reflectance
First Column: X
Second Column: Y
X Units: Wavelength (micrometers)
Y Units:Reflectance (percent)
First X Value: 15.3853
Last X Value:  2.0003
Number of X Values: 2256
Additional Information: mineral.silicate.tectosilicate.fine.tir.ts-18a.jpl.nicolet.ancillary.txt

15.3853	 1.6711
15.3397	 1.6390
15.2945	 2.0787
15.2495	 2.0238
15.2048	 1.6755
15.1603	 1.7996
15.1161	 2.1106
15.0722	 2.2903
15.0285	 2.1563
14.9851	 2.0697
14.9419	 2.1944
14.8989	 2.2671
14.8563	 2.2146
14.8138	 2.0966
14.7716	 2.0706
14.7296	 2.1118
14.6879	 2.1793
14.6464	 2.1125
14.6052	 2.1832
14.5641	 2.3387
14.5233	 2.2885
14.4828	 2.1973
14.4424	 1.9619
14.4023	 2.1111
14.3624	 2.2997
14.3227	 2.2715
14.2833	 2.3255
14.2440	 2.1245
14.2050	 2.0230
14.1662	 2.0757
14.1276	 2.0854
14.0892	 2.0981
14.0510	 2.2864
14.0131	 2.2317
13.9753	 2.1040
13.9377	 2.2077
13.9004	 2.1947
13.8632	 2.0878
13.8262	 2.0189
13.7895	 2.0788
13.7529	 2.1322
13.7165	 2.2413
13.6803	 2.2978
13.6443	 2.2428
13.6085	 2.0007
13.5729	 1.7892
13.5374	 1.7452
13.5022	 1.7627
13.4671	 1.8395
13.4322	 1.8391
13.3975	 1.8331
13.3630	 1.7062
13.3286	 1.5192
13.2944	 1.4829
13.2604	 1.5280
13.2266	 1.4996
13.1930	 1.5313
13.1595	 1.5512
13.1262	 1.5653
13.0930	 1.5492
13.0600	 1.4302
13.0272	 1.3931
12.9946	 1.2403
12.9621	 0.9745
12.9298	 0.8686
12.8976	 0.9644
12.8656	 1.0433
12.8337	 0.9823
12.8021	 1.0412
12.7705	 1.0289
12.7391	 1.0023
12.7079	 1.1364
12.6769	 1.3413
12.6459	 1.4411
12.6152	 1.6722
12.5845	 1.8761
12.5541	 1.8979
12.5238	 1.9447
12.4936	 2.1323
12.4635	 2.4322
12.4337	 2.8368
12.4039	 3.1618
12.3743	 3.5111
12.3448	 3.7493
12.3155	 3.9655
12.2863	 4.0838
12.2573	 4.2149
12.2284	 4.4676
12.1996	 4.7282
12.1710	 4.9630
12.1425	 5.2262
12.1141	 5.4926
12.0859	 5.7270
12.0578	 5.8487
12.0298	 6.0503
12.0019	 6.2681
11.9742	 6.4778
11.9466	 6.7044
11.9192	 6.9095
11.8918	 7.0507
11.8646	 7.2099
11.8375	 7.3020
11.8106	 7.4908
11.7837	 7.5619
11.7570	 7.6128
11.7304	 7.6619
11.7039	 7.6527
11.6776	 7.8152
11.6513	 8.0347
11.6252	 8.0673
11.5992	 8.0821
11.5733	 8.2097
11.5475	 8.2603
11.5219	 8.2599
11.4963	 8.3363
11.4709	 8.4457
11.4455	 8.5571
11.4203	 8.4911
11.3952	 8.4908
11.3702	 8.5556
11.3454	 8.5809
11.3206	 8.6195
11.2959	 8.6383
11.2714	 8.5999
11.2469	 8.5355
11.2226	 8.5180
11.1983	 8.5115
11.1742	 8.5354
11.1502	 8.5538
11.1263	 8.3772
11.1024	 8.2619
11.0787	 8.1881
11.0551	 8.1254
11.0316	 8.1965
11.0081	 8.0716
10.9848	 7.9547
10.9616	 7.8670
10.9385	 7.8907
10.9154	 7.8736
10.8925	 7.7432
10.8697	 7.6563
10.8469	 7.4539
10.8243	 7.3059
10.8017	 7.3231
10.7793	 7.3071
10.7569	 7.1664
10.7346	 6.9929
10.7125	 6.8883
10.6904	 6.7930
10.6684	 6.7848
10.6465	 6.6980
10.6247	 6.6062
10.6029	 6.5217
10.5813	 6.3059
10.5597	 6.1595
10.5383	 6.0444
10.5169	 6.0509
10.4956	 6.0788
10.4744	 6.0159
10.4533	 5.8343
10.4323	 5.7654
10.4113	 5.8074
10.3904	 5.8284
10.3697	 5.8291
10.3490	 5.6560
10.3284	 5.4880
10.3078	 5.4967
10.2874	 5.4910
10.2670	 5.5771
10.2467	 5.7164
10.2265	 5.7684
10.2064	 5.8213
10.1863	 5.8162
10.1663	 5.7086
10.1464	 5.7283
10.1266	 5.9049
10.1069	 6.0301
10.0872	 6.1291
10.0676	 6.1833
10.0481	 6.2398
10.0287	 6.3888
10.0093	 6.5471
 9.9901	 6.6461
 9.9708	 6.8294
 9.9517	 7.0134
 9.9326	 7.1377
 9.9136	 7.1820
 9.8947	 7.2977
 9.8759	 7.6165
 9.8571	 7.8094
 9.8384	 7.8449
 9.8198	 7.8992
 9.8012	 7.9502
 9.7827	 8.0203
 9.7643	 8.0924
 9.7459	 8.1381
 9.7276	 8.2411
 9.7094	 8.3347
 9.6913	 8.5252
 9.6732	 8.7913
 9.6552	 8.8736
 9.6372	 8.9509
 9.6194	 9.1418
 9.6015	 9.2472
 9.5838	 9.3028
 9.5661	 9.4699
 9.5485	 9.5247
 9.5309	 9.6214
 9.5135	 9.6700
 9.4960	 9.6976
 9.4787	 9.7583
 9.4614	 9.6474
 9.4441	 9.6549
 9.4270	 9.6790
 9.4099	 9.5520
 9.3928	 9.3712
 9.3758	 9.2632
 9.3589	 9.0613
 9.3420	 8.8503
 9.3252	 8.5337
 9.3085	 8.2665
 9.2918	 7.9568
 9.2752	 7.5263
 9.2586	 7.2673
 9.2421	 7.0091
 9.2257	 6.5842
 9.2093	 6.3622
 9.1930	 6.1420
 9.1767	 5.7919
 9.1605	 5.6227
 9.1443	 5.5185
 9.1282	 5.4875
 9.1122	 5.3627
 9.0962	 5.2190
 9.0803	 5.0877
 9.0644	 5.0434
 9.0486	 5.1079
 9.0328	 5.1609
 9.0171	 5.1031
 9.0015	 4.9890
 8.9858	 4.9812
 8.9703	 5.0572
 8.9548	 5.0655
 8.9394	 5.0345
 8.9240	 5.0223
 8.9086	 5.0343
 8.8934	 5.0134
 8.8781	 5.0267
 8.8630	 4.9626
 8.8478	 4.7100
 8.8328	 4.6243
 8.8177	 4.7647
 8.8028	 4.7564
 8.7879	 4.5413
 8.7730	 4.5035
 8.7582	 4.5312
 8.7434	 4.3939
 8.7287	 4.2395
 8.7140	 4.0557
 8.6994	 3.9707
 8.6848	 3.8632
 8.6703	 3.7758
 8.6558	 3.5502
 8.6414	 3.3657
 8.6270	 3.2647
 8.6127	 3.2002
 8.5984	 3.2039
 8.5842	 3.2010
 8.5700	 3.1540
 8.5558	 2.9662
 8.5417	 2.8037
 8.5277	 2.7893
 8.5137	 2.7246
 8.4997	 2.6510
 8.4858	 2.4960
 8.4719	 2.1564
 8.4581	 2.0008
 8.4444	 2.0298
 8.4306	 1.9333
 8.4169	 1.7378
 8.4033	 1.5530
 8.3897	 1.4784
 8.3761	 1.4362
 8.3626	 1.3289
 8.3492	 1.0533
 8.3357	 0.8429
 8.3224	 0.9065
 8.3090	 0.9234
 8.2957	 0.7628
 8.2825	 0.6314
 8.2693	 0.6537
 8.2561	 0.5996
 8.2430	 0.4527
 8.2299	 0.3230
 8.2169	 0.2955
 8.2038	 0.3703
 8.1909	 0.4284
 8.1780	 0.4073
 8.1651	 0.3871
 8.1523	 0.2479
 8.1395	 0.0293
 8.1267	 0.0128
 8.1140	 0.1357
 8.1013	 0.1853
 8.0887	 0.1093
 8.0761	 0.0240
 8.0635	 0.0809
 8.0510	 0.2100
 8.0385	 0.0800
 8.0261	0.000
 8.0137	 0.0394
 8.0013	 0.0213
 7.9890	 0.0088
 7.9767	 0.0284
 7.9644	 0.0580
 7.9522	 0.1020
 7.9400	 0.1438
 7.9279	 0.0845
 7.9158	 0.0638
 7.9037	 0.1467
 7.8917	 0.1088
 7.8797	 0.1217
 7.8677	 0.2215
 7.8558	 0.2294
 7.8439	 0.2702
 7.8321	 0.2401
 7.8203	 0.1923
 7.8085	 0.2417
 7.7967	 0.2129
 7.7850	 0.2041
 7.7734	 0.2876
 7.7617	 0.3910
 7.7501	 0.4517
 7.7386	 0.4406
 7.7270	 0.4315
 7.7155	 0.4020
 7.7041	 0.5357
 7.6926	 0.5953
 7.6812	 0.5694
 7.6699	 0.6513
 7.6585	 0.7303
 7.6472	 0.6941
 7.6360	 0.7310
 7.6247	 0.8881
 7.6136	 0.8480
 7.6024	 0.8597
 7.5913	 0.9298
 7.5802	 0.9826
 7.5691	 1.1225
 7.5581	 1.1323
 7.5471	 1.1506
 7.5361	 1.1936
 7.5252	 1.1586
 7.5142	 1.1779
 7.5034	 1.3136
 7.4925	 1.4842
 7.4817	 1.5573
 7.4709	 1.5770
 7.4602	 1.6795
 7.4495	 1.7547
 7.4388	 1.7150
 7.4281	 1.7875
 7.4175	 1.8187
 7.4069	 1.8454
 7.3963	 1.9836
 7.3858	 2.0833
 7.3753	 2.1342
 7.3648	 2.2460
 7.3544	 2.2595
 7.3440	 2.2716
 7.3336	 2.4073
 7.3232	 2.5571
 7.3129	 2.6503
 7.3026	 2.7365
 7.2923	 2.7525
 7.2821	 2.7452
 7.2718	 2.7934
 7.2617	 2.8894
 7.2515	 2.9328
 7.2414	 2.9403
 7.2313	 2.9775
 7.2212	 3.0792
 7.2112	 3.1648
 7.2012	 3.2149
 7.1912	 3.2392
 7.1812	 3.3438
 7.1713	 3.4724
 7.1614	 3.5338
 7.1515	 3.5083
 7.1416	 3.5036
 7.1318	 3.6109
 7.1220	 3.7060
 7.1123	 3.6922
 7.1025	 3.6916
 7.0928	 3.7265
 7.0831	 3.7560
 7.0734	 3.8594
 7.0638	 3.9593
 7.0542	 3.9197
 7.0446	 3.9840
 7.0351	 4.0924
 7.0255	 4.1382
 7.0160	 4.1556
 7.0065	 4.2026
 6.9971	 4.2834
 6.9877	 4.3227
 6.9782	 4.3147
 6.9689	 4.3800
 6.9595	 4.4695
 6.9502	 4.3770
 6.9409	 4.3452
 6.9316	 4.4073
 6.9223	 4.5136
 6.9131	 4.5982
 6.9039	 4.5738
 6.8947	 4.5478
 6.8856	 4.5800
 6.8764	 4.6350
 6.8673	 4.7801
 6.8582	 4.8161
 6.8492	 4.6982
 6.8402	 4.7091
 6.8311	 4.7177
 6.8221	 4.7158
 6.8132	 4.6945
 6.8042	 4.7688
 6.7953	 4.8452
 6.7864	 4.8977
 6.7776	 4.8196
 6.7687	 4.8128
 6.7599	 4.8309
 6.7511	 4.8836
 6.7423	 4.8582
 6.7336	 4.8921
 6.7248	 5.0381
 6.7161	 5.1497
 6.7074	 5.2444
 6.6988	 5.3083
 6.6901	 5.3279
 6.6815	 5.3833
 6.6729	 5.5083
 6.6643	 5.6222
 6.6558	 5.6874
 6.6472	 5.8919
 6.6387	 6.1256
 6.6302	 6.1119
 6.6217	 6.1646
 6.6133	 6.2147
 6.6049	 6.2394
 6.5965	 6.3183
 6.5881	 6.4120
 6.5797	 6.6200
 6.5714	 6.7298
 6.5631	 6.6557
 6.5548	 6.6506
 6.5465	 6.6935
 6.5382	 6.7265
 6.5300	 6.6948
 6.5218	 6.6792
 6.5136	 6.6260
 6.5054	 6.7080
 6.4973	 6.9147
 6.4892	 6.8644
 6.4810	 6.6886
 6.4729	 6.6101
 6.4649	 6.5100
 6.4568	 6.3609
 6.4488	 6.2281
 6.4408	 6.1597
 6.4328	 6.1014
 6.4248	 6.0319
 6.4169	 6.0413
 6.4089	 5.8613
 6.4010	 5.6052
 6.3931	 5.4405
 6.3853	 5.2975
 6.3774	 5.2231
 6.3696	 5.2114
 6.3618	 5.0603
 6.3540	 4.9738
 6.3462	 5.0993
 6.3384	 5.0029
 6.3307	 4.8398
 6.3230	 4.7869
 6.3153	 4.6238
 6.3076	 4.5493
 6.2999	 4.5883
 6.2923	 4.5658
 6.2847	 4.4954
 6.2770	 4.4248
 6.2694	 4.2783
 6.2619	 3.9819
 6.2543	 3.8178
 6.2468	 3.7254
 6.2393	 3.5546
 6.2318	 3.4268
 6.2243	 3.2190
 6.2168	 2.9647
 6.2094	 2.7059
 6.2020	 2.4905
 6.1945	 2.2413
 6.1871	 1.9480
 6.1798	 1.6595
 6.1724	 1.4888
 6.1651	 1.3499
 6.1578	 1.2177
 6.1505	 1.1364
 6.1432	 1.0540
 6.1359	 1.0052
 6.1286	 0.9723
 6.1214	 0.8760
 6.1142	 0.7976
 6.1070	 0.8066
 6.0998	 0.7899
 6.0926	 0.7255
 6.0855	 0.7575
 6.0784	 0.8810
 6.0712	 1.0458
 6.0641	 1.1300
 6.0571	 1.2876
 6.0500	 1.5631
 6.0429	 1.6583
 6.0359	 1.7088
 6.0289	 1.8357
 6.0219	 1.9668
 6.0149	 2.1383
 6.0079	 2.3679
 6.0010	 2.6744
 5.9940	 3.0292
 5.9871	 3.3147
 5.9802	 3.5074
 5.9733	 3.7731
 5.9664	 4.0821
 5.9596	 4.2812
 5.9527	 4.5312
 5.9459	 4.8347
 5.9391	 5.0992
 5.9323	 5.1838
 5.9255	 5.2052
 5.9188	 5.3886
 5.9120	 5.5443
 5.9053	 5.7344
 5.8986	 5.9616
 5.8919	 6.0772
 5.8852	 6.2981
 5.8785	 6.4962
 5.8718	 6.4265
 5.8652	 6.4831
 5.8586	 6.5502
 5.8520	 6.6263
 5.8454	 6.8182
 5.8388	 6.9958
 5.8322	 7.1307
 5.8257	 7.3079
 5.8191	 7.3732
 5.8126	 7.2950
 5.8061	 7.2688
 5.7996	 7.3549
 5.7931	 7.4465
 5.7866	 7.5411
 5.7802	 7.6771
 5.7738	 7.8177
 5.7673	 7.9620
 5.7609	 7.8963
 5.7545	 7.8716
 5.7481	 7.9123
 5.7418	 7.8451
 5.7354	 7.9077
 5.7291	 7.9817
 5.7228	 8.1475
 5.7165	 8.3175
 5.7102	 8.3654
 5.7039	 8.2900
 5.6976	 8.2946
 5.6914	 8.3902
 5.6851	 8.5140
 5.6789	 8.6028
 5.6727	 8.6602
 5.6665	 8.6638
 5.6603	 8.6975
 5.6541	 8.8053
 5.6480	 9.0188
 5.6418	 9.1774
 5.6357	 9.1873
 5.6296	 9.2258
 5.6235	 9.3301
 5.6174	 9.4534
 5.6113	 9.5747
 5.6052	 9.6629
 5.5992	 9.7375
 5.5931	 9.8074
 5.5871	 9.9957
 5.5811	10.2107
 5.5751	10.2822
 5.5691	10.2685
 5.5631	10.3289
 5.5572	10.5247
 5.5512	10.6684
 5.5453	10.7682
 5.5393	10.8097
 5.5334	10.8824
 5.5275	11.1396
 5.5217	11.3123
 5.5158	11.4174
 5.5099	11.5882
 5.5041	11.7608
 5.4982	11.8591
 5.4924	11.9571
 5.4866	12.1368
 5.4808	12.4454
 5.4750	12.6006
 5.4692	12.7922
 5.4635	13.0231
 5.4577	13.1169
 5.4520	13.1713
 5.4463	13.2675
 5.4405	13.3797
 5.4348	13.5197
 5.4291	13.7396
 5.4235	13.9891
 5.4178	14.0303
 5.4121	14.0418
 5.4065	14.1780
 5.4009	14.3131
 5.3952	14.4498
 5.3896	14.4845
 5.3840	14.5247
 5.3785	14.6896
 5.3729	14.8415
 5.3673	14.9725
 5.3618	15.0740
 5.3562	15.1692
 5.3507	15.2948
 5.3452	15.3592
 5.3397	15.3826
 5.3342	15.5113
 5.3287	15.6211
 5.3232	15.7188
 5.3178	15.8055
 5.3123	15.8501
 5.3069	15.9634
 5.3015	16.0987
 5.2961	16.2579
 5.2907	16.3858
 5.2852	16.4764
 5.2799	16.6585
 5.2745	16.8288
 5.2691	16.8521
 5.2638	16.9029
 5.2584	17.0261
 5.2531	17.1150
 5.2478	17.1871
 5.2425	17.3111
 5.2372	17.4562
 5.2319	17.5195
 5.2267	17.5230
 5.2214	17.5998
 5.2161	17.7533
 5.2109	17.8518
 5.2057	17.9209
 5.2004	17.9837
 5.1952	18.0092
 5.1900	18.0789
 5.1848	18.1388
 5.1796	18.2496
 5.1745	18.3700
 5.1693	18.4235
 5.1642	18.5104
 5.1590	18.5585
 5.1539	18.6550
 5.1488	18.8379
 5.1437	18.9375
 5.1386	19.0412
 5.1335	19.1366
 5.1284	19.2656
 5.1234	19.4621
 5.1183	19.5564
 5.1132	19.6553
 5.1082	19.8315
 5.1032	20.0300
 5.0982	20.1321
 5.0932	20.1782
 5.0882	20.2956
 5.0832	20.4273
 5.0782	20.4735
 5.0732	20.5358
 5.0683	20.7289
 5.0633	20.8539
 5.0584	20.9395
 5.0534	21.0484
 5.0485	21.1251
 5.0436	21.1596
 5.0387	21.1898
 5.0338	21.2660
 5.0289	21.3047
 5.0241	21.3983
 5.0192	21.4483
 5.0144	21.4646
 5.0095	21.4705
 5.0047	21.4592
 4.9998	21.4722
 4.9950	21.5106
 4.9902	21.4387
 4.9854	21.3438
 4.9806	21.4033
 4.9759	21.4293
 4.9711	21.3439
 4.9663	21.3340
 4.9616	21.3523
 4.9568	21.3173
 4.9521	21.3056
 4.9474	21.2494
 4.9426	21.1875
 4.9379	21.1286
 4.9332	21.0953
 4.9286	21.1160
 4.9239	21.0695
 4.9192	21.0175
 4.9145	20.9694
 4.9099	20.9389
 4.9052	20.9689
 4.9006	20.9880
 4.8960	21.0202
 4.8914	21.0790
 4.8867	21.1250
 4.8821	21.1667
 4.8776	21.2272
 4.8730	21.3621
 4.8684	21.4286
 4.8638	21.6253
 4.8593	21.7734
 4.8547	21.7998
 4.8502	21.9116
 4.8456	22.1308
 4.8411	22.3012
 4.8366	22.3971
 4.8321	22.5358
 4.8276	22.6416
 4.8231	22.7565
 4.8186	22.8893
 4.8141	23.0061
 4.8097	23.0962
 4.8052	23.1553
 4.8008	23.2360
 4.7963	23.3601
 4.7919	23.4366
 4.7875	23.4972
 4.7831	23.5558
 4.7786	23.5943
 4.7743	23.6741
 4.7699	23.8094
 4.7655	23.8706
 4.7611	23.9361
 4.7567	24.0281
 4.7524	24.0926
 4.7480	24.1139
 4.7437	24.0957
 4.7393	24.1221
 4.7350	24.2025
 4.7307	24.2426
 4.7264	24.2782
 4.7221	24.3703
 4.7178	24.4757
 4.7135	24.4435
 4.7092	24.4772
 4.7049	24.6062
 4.7007	24.7177
 4.6964	24.8053
 4.6922	24.9495
 4.6879	25.0665
 4.6837	25.2245
 4.6795	25.3721
 4.6752	25.3985
 4.6710	25.5032
 4.6668	25.7793
 4.6626	26.0529
 4.6584	26.2270
 4.6543	26.3142
 4.6501	26.4693
 4.6459	26.7074
 4.6418	26.9182
 4.6376	27.1224
 4.6334	27.3513
 4.6293	27.4614
 4.6252	27.5928
 4.6211	27.9623
 4.6170	28.3283
 4.6128	28.5820
 4.6087	28.8371
 4.6047	29.0571
 4.6006	29.2632
 4.5965	29.5043
 4.5924	29.7835
 4.5884	30.0249
 4.5843	30.2957
 4.5802	30.6004
 4.5762	30.9271
 4.5722	31.2809
 4.5681	31.5446
 4.5641	31.7623
 4.5601	31.9520
 4.5561	32.2646
 4.5521	32.5946
 4.5481	32.8865
 4.5441	33.1891
 4.5401	33.4334
 4.5362	33.7345
 4.5322	34.0524
 4.5282	34.2947
 4.5243	34.5398
 4.5203	34.7917
 4.5164	35.0766
 4.5125	35.2215
 4.5085	35.3703
 4.5046	35.6932
 4.5007	36.0622
 4.4968	36.4127
 4.4929	36.6798
 4.4890	36.8791
 4.4851	37.1213
 4.4813	37.2851
 4.4774	37.4841
 4.4735	37.8338
 4.4697	38.0431
 4.4658	38.2355
 4.4620	38.5207
 4.4581	38.8543
 4.4543	39.1676
 4.4505	39.4182
 4.4467	39.6998
 4.4429	40.0075
 4.4391	40.3106
 4.4353	40.5935
 4.4315	40.8995
 4.4277	41.2215
 4.4239	41.5577
 4.4201	41.8504
 4.4164	42.2066
 4.4126	42.6064
 4.4089	42.9501
 4.4051	43.2223
 4.4014	43.5322
 4.3976	43.9562
 4.3939	44.2755
 4.3902	44.5572
 4.3865	44.9745
 4.3828	45.3804
 4.3791	45.6972
 4.3754	46.0041
 4.3717	46.3511
 4.3680	46.6665
 4.3643	47.0070
 4.3607	47.3783
 4.3570	47.7365
 4.3533	48.0465
 4.3497	48.3340
 4.3460	48.6457
 4.3424	48.9609
 4.3388	49.2522
 4.3351	49.6403
 4.3315	50.0054
 4.3279	50.1815
 4.3243	50.3794
 4.3207	50.6990
 4.3171	50.9784
 4.3135	51.3077
 4.3099	51.6121
 4.3063	51.9610
 4.3028	52.2196
 4.2992	52.4517
 4.2956	52.7067
 4.2921	52.9771
 4.2885	53.2256
 4.2850	53.3761
 4.2815	53.6617
 4.2779	54.0042
 4.2744	54.2357
 4.2709	54.4148
 4.2674	54.5627
 4.2638	54.7822
 4.2603	55.0785
 4.2568	55.3528
 4.2534	55.5574
 4.2499	55.7158
 4.2464	55.8943
 4.2429	56.0726
 4.2394	56.2356
 4.2360	56.3735
 4.2325	56.5489
 4.2291	56.8042
 4.2256	57.0822
 4.2222	57.3388
 4.2187	57.5732
 4.2153	57.7882
 4.2119	57.9898
 4.2085	58.1929
 4.2051	58.4211
 4.2016	58.6413
 4.1982	58.8144
 4.1948	58.9062
 4.1915	59.0902
 4.1881	59.3124
 4.1847	59.5228
 4.1813	59.7478
 4.1780	59.9748
 4.1746	60.1631
 4.1712	60.2995
 4.1679	60.4674
 4.1645	60.5903
 4.1612	60.6764
 4.1578	60.8220
 4.1545	61.0159
 4.1512	61.2103
 4.1479	61.4019
 4.1445	61.4943
 4.1412	61.5619
 4.1379	61.7546
 4.1346	61.9507
 4.1313	62.0216
 4.1280	62.1377
 4.1248	62.2866
 4.1215	62.4365
 4.1182	62.6107
 4.1150	62.7097
 4.1117	62.8308
 4.1084	63.0190
 4.1052	63.0989
 4.1019	63.2159
 4.0987	63.3667
 4.0954	63.5033
 4.0922	63.6188
 4.0890	63.6995
 4.0858	63.7587
 4.0826	63.8097
 4.0793	63.9074
 4.0761	64.1125
 4.0729	64.2804
 4.0697	64.3366
 4.0665	64.3981
 4.0633	64.5447
 4.0602	64.7017
 4.0570	64.8073
 4.0538	64.9260
 4.0507	64.9742
 4.0475	65.0132
 4.0443	65.0694
 4.0412	65.1185
 4.0380	65.2664
 4.0349	65.3642
 4.0317	65.3984
 4.0286	65.4755
 4.0255	65.4922
 4.0224	65.5205
 4.0193	65.6242
 4.0161	65.7591
 4.0130	65.8536
 4.0099	65.8436
 4.0068	65.9709
 4.0037	66.1011
 4.0006	66.0874
 3.9976	66.0859
 3.9945	66.1145
 3.9914	66.1738
 3.9883	66.2074
 3.9853	66.2203
 3.9822	66.3081
 3.9792	66.4073
 3.9761	66.4166
 3.9731	66.4248
 3.9700	66.5006
 3.9670	66.5989
 3.9639	66.6451
 3.9609	66.6512
 3.9579	66.7509
 3.9549	66.8714
 3.9519	66.9334
 3.9489	66.9440
 3.9458	67.0613
 3.9428	67.1528
 3.9398	67.1623
 3.9369	67.1920
 3.9339	67.2246
 3.9309	67.2679
 3.9279	67.2947
 3.9249	67.2740
 3.9220	67.2908
 3.9190	67.3700
 3.9160	67.3971
 3.9131	67.4610
 3.9101	67.5660
 3.9072	67.5765
 3.9042	67.5327
 3.9013	67.5025
 3.8984	67.5205
 3.8954	67.5667
 3.8925	67.5985
 3.8896	67.6168
 3.8867	67.5949
 3.8838	67.6519
 3.8809	67.6740
 3.8780	67.7489
 3.8751	67.7481
 3.8722	67.7658
 3.8693	67.7772
 3.8664	67.8040
 3.8635	67.8404
 3.8606	67.7846
 3.8578	67.7547
 3.8549	67.7226
 3.8520	67.7066
 3.8492	67.7372
 3.8463	67.7476
 3.8435	67.6781
 3.8406	67.6914
 3.8378	67.7374
 3.8349	67.7998
 3.8321	67.7715
 3.8293	67.6763
 3.8264	67.6218
 3.8236	67.6266
 3.8208	67.5795
 3.8180	67.5043
 3.8152	67.4497
 3.8124	67.4892
 3.8096	67.5080
 3.8068	67.4109
 3.8040	67.3149
 3.8012	67.2531
 3.7984	67.2566
 3.7956	67.2661
 3.7929	67.2486
 3.7901	67.1162
 3.7873	66.9883
 3.7845	66.9987
 3.7818	67.0730
 3.7790	67.0875
 3.7763	67.0310
 3.7735	67.1264
 3.7708	67.3051
 3.7681	67.3915
 3.7653	67.4980
 3.7626	67.6425
 3.7599	67.7000
 3.7571	67.7190
 3.7544	67.7214
 3.7517	67.6984
 3.7490	67.7500
 3.7463	67.7382
 3.7436	67.7062
 3.7409	67.5979
 3.7382	67.5290
 3.7355	67.5060
 3.7328	67.5236
 3.7301	67.5912
 3.7274	67.5819
 3.7247	67.5330
 3.7221	67.4718
 3.7194	67.4070
 3.7167	67.3492
 3.7141	67.2917
 3.7114	67.2967
 3.7088	67.2627
 3.7061	67.1773
 3.7035	67.1196
 3.7008	67.0663
 3.6982	67.0208
 3.6955	66.9550
 3.6929	66.8797
 3.6903	66.8407
 3.6877	66.8036
 3.6850	66.7216
 3.6824	66.6583
 3.6798	66.5563
 3.6772	66.4830
 3.6746	66.4127
 3.6720	66.3107
 3.6694	66.2002
 3.6668	66.1785
 3.6642	66.1807
 3.6616	66.1013
 3.6590	65.9242
 3.6564	65.8223
 3.6539	65.8487
 3.6513	65.7885
 3.6487	65.6378
 3.6462	65.5313
 3.6436	65.4505
 3.6410	65.3471
 3.6385	65.2647
 3.6359	65.1889
 3.6334	65.1653
 3.6308	65.0959
 3.6283	64.9727
 3.6258	64.8873
 3.6232	64.7743
 3.6207	64.7023
 3.6182	64.5977
 3.6156	64.4684
 3.6131	64.3793
 3.6106	64.3365
 3.6081	64.2296
 3.6056	64.0720
 3.6031	63.9796
 3.6006	63.9516
 3.5981	63.8845
 3.5956	63.7666
 3.5931	63.6556
 3.5906	63.5242
 3.5881	63.4862
 3.5856	63.4538
 3.5832	63.2941
 3.5807	63.1513
 3.5782	63.0426
 3.5758	62.9701
 3.5733	62.9858
 3.5708	62.8967
 3.5684	62.7259
 3.5659	62.6519
 3.5635	62.6507
 3.5610	62.5831
 3.5586	62.4773
 3.5561	62.4158
 3.5537	62.3329
 3.5513	62.2710
 3.5488	62.1593
 3.5464	61.9857
 3.5440	61.8910
 3.5415	61.8250
 3.5391	61.7306
 3.5367	61.6890
 3.5343	61.6979
 3.5319	61.6674
 3.5295	61.5954
 3.5271	61.4504
 3.5247	61.3115
 3.5223	61.2938
 3.5199	61.2621
 3.5175	61.1823
 3.5151	61.1354
 3.5128	61.0691
 3.5104	60.9779
 3.5080	60.8696
 3.5056	60.7753
 3.5033	60.6956
 3.5009	60.6131
 3.4985	60.6055
 3.4962	60.5185
 3.4938	60.3862
 3.4915	60.2303
 3.4891	60.1520
 3.4868	60.1634
 3.4844	60.1718
 3.4821	60.1365
 3.4798	60.0564
 3.4774	59.8891
 3.4751	59.7471
 3.4728	59.6726
 3.4704	59.6517
 3.4681	59.5492
 3.4658	59.3358
 3.4635	59.2117
 3.4612	59.2005
 3.4589	59.1736
 3.4566	59.0929
 3.4543	58.9558
 3.4520	58.7585
 3.4497	58.5817
 3.4474	58.5128
 3.4451	58.3313
 3.4428	58.1158
 3.4405	58.0271
 3.4382	57.9057
 3.4359	57.7572
 3.4337	57.6604
 3.4314	57.5420
 3.4291	57.3754
 3.4269	57.2628
 3.4246	57.1331
 3.4223	56.9148
 3.4201	56.6494
 3.4178	56.4177
 3.4156	56.2458
 3.4133	56.1582
 3.4111	56.1092
 3.4088	55.9715
 3.4066	55.7602
 3.4043	55.5180
 3.4021	55.3822
 3.3999	55.2764
 3.3977	55.1311
 3.3954	54.9629
 3.3932	54.8020
 3.3910	54.6468
 3.3888	54.4885
 3.3866	54.3648
 3.3844	54.2363
 3.3822	54.0097
 3.3799	53.8427
 3.3777	53.7000
 3.3755	53.4602
 3.3733	53.2538
 3.3712	53.1558
 3.3690	53.0071
 3.3668	52.7869
 3.3646	52.5848
 3.3624	52.4392
 3.3602	52.2665
 3.3580	52.1080
 3.3559	51.9392
 3.3537	51.7232
 3.3515	51.4576
 3.3494	51.2459
 3.3472	51.1510
 3.3451	51.0023
 3.3429	50.8190
 3.3407	50.6360
 3.3386	50.3805
 3.3364	50.1548
 3.3343	49.9862
 3.3321	49.8378
 3.3300	49.6806
 3.3279	49.5492
 3.3257	49.3653
 3.3236	49.1735
 3.3215	48.9977
 3.3194	48.7236
 3.3172	48.5749
 3.3151	48.4738
 3.3130	48.2649
 3.3109	47.9700
 3.3088	47.7941
 3.3066	47.6218
 3.3045	47.3893
 3.3024	47.1945
 3.3003	47.0281
 3.2982	46.8135
 3.2961	46.5733
 3.2940	46.4321
 3.2920	46.2776
 3.2899	46.0650
 3.2878	45.8679
 3.2857	45.6797
 3.2836	45.4338
 3.2815	45.2424
 3.2795	45.0173
 3.2774	44.8047
 3.2753	44.6603
 3.2732	44.4906
 3.2712	44.2928
 3.2691	44.0669
 3.2671	43.7690
 3.2650	43.5653
 3.2630	43.3769
 3.2609	43.2850
 3.2588	43.1828
 3.2568	42.9892
 3.2548	42.7320
 3.2527	42.5342
 3.2507	42.3817
 3.2486	42.1585
 3.2466	41.9639
 3.2446	41.7769
 3.2426	41.5357
 3.2405	41.3075
 3.2385	41.1499
 3.2365	40.8933
 3.2345	40.6084
 3.2324	40.2981
 3.2304	40.1105
 3.2284	40.0184
 3.2264	39.7923
 3.2244	39.4980
 3.2224	39.3076
 3.2204	39.1355
 3.2184	38.9194
 3.2164	38.6400
 3.2144	38.3793
 3.2124	38.1440
 3.2104	37.9247
 3.2084	37.5847
 3.2064	37.2454
 3.2045	37.0091
 3.2025	36.7970
 3.2005	36.5797
 3.1985	36.3451
 3.1966	36.0601
 3.1946	35.8098
 3.1926	35.6507
 3.1907	35.4126
 3.1887	35.1846
 3.1867	34.9092
 3.1848	34.6060
 3.1828	34.2419
 3.1809	33.9400
 3.1789	33.5965
 3.1770	33.3217
 3.1750	33.0802
 3.1731	32.8232
 3.1711	32.6109
 3.1692	32.3681
 3.1673	32.0001
 3.1653	31.7107
 3.1634	31.5493
 3.1615	31.3468
 3.1596	30.9516
 3.1576	30.6334
 3.1557	30.3517
 3.1538	30.0249
 3.1519	29.7377
 3.1500	29.5565
 3.1481	29.2957
 3.1461	28.9345
 3.1442	28.5902
 3.1423	28.3757
 3.1404	28.1608
 3.1385	27.7954
 3.1366	27.4540
 3.1347	27.2016
 3.1328	26.8750
 3.1309	26.5317
 3.1290	26.1993
 3.1272	25.8867
 3.1253	25.6134
 3.1234	25.2532
 3.1215	24.7908
 3.1196	24.3635
 3.1178	24.0678
 3.1159	23.7679
 3.1140	23.3152
 3.1121	22.8262
 3.1103	22.3857
 3.1084	22.0443
 3.1065	21.7785
 3.1047	21.4056
 3.1028	20.9601
 3.1010	20.5465
 3.0991	20.0998
 3.0973	19.6219
 3.0954	19.2481
 3.0936	18.8757
 3.0917	18.5756
 3.0899	18.1415
 3.0880	17.7551
 3.0862	17.5320
 3.0844	17.3383
 3.0825	17.0158
 3.0807	16.6759
 3.0789	16.3813
 3.0770	16.0677
 3.0752	15.9264
 3.0734	15.8846
 3.0716	15.6913
 3.0698	15.3853
 3.0680	15.2010
 3.0661	15.0566
 3.0643	14.9040
 3.0625	14.7502
 3.0607	14.5641
 3.0589	14.5123
 3.0571	14.5888
 3.0553	14.5349
 3.0535	14.4019
 3.0517	14.3677
 3.0499	14.2821
 3.0481	14.2676
 3.0463	14.2023
 3.0445	14.2012
 3.0427	14.2643
 3.0410	14.2410
 3.0392	14.1618
 3.0374	14.1099
 3.0356	14.0205
 3.0338	13.9070
 3.0321	13.9161
 3.0303	13.9908
 3.0285	14.0652
 3.0268	14.0489
 3.0250	13.8537
 3.0232	13.8310
 3.0215	13.8372
 3.0197	13.5966
 3.0179	13.4424
 3.0162	13.4421
 3.0144	13.4960
 3.0127	13.4543
 3.0109	13.3018
 3.0092	13.2259
 3.0074	13.0651
 3.0057	12.9313
 3.0040	12.8296
 3.0022	12.6461
 3.0005	12.5541
 2.9987	12.3593
 2.9970	12.1532
 2.9953	12.1383
 2.9935	12.1759
 2.9918	12.0460
 2.9901	11.9103
 2.9884	11.8606
 2.9867	11.6472
 2.9849	11.4451
 2.9832	11.2196
 2.9815	10.9436
 2.9798	10.8856
 2.9781	10.8775
 2.9764	10.6867
 2.9747	10.5235
 2.9729	10.4697
 2.9712	10.4034
 2.9695	10.3758
 2.9678	10.2195
 2.9661	10.0467
 2.9645	 9.8936
 2.9628	 9.6952
 2.9611	 9.5458
 2.9594	 9.4860
 2.9577	 9.3626
 2.9560	 9.0251
 2.9543	 8.8250
 2.9526	 8.7541
 2.9510	 8.6832
 2.9493	 8.6498
 2.9476	 8.6201
 2.9459	 8.4597
 2.9442	 8.1687
 2.9426	 7.9832
 2.9409	 7.8163
 2.9392	 7.7032
 2.9376	 7.6119
 2.9359	 7.4832
 2.9343	 7.3489
 2.9326	 7.2209
 2.9309	 7.0888
 2.9293	 6.9593
 2.9276	 6.7920
 2.9260	 6.8779
 2.9243	 6.7579
 2.9227	 6.4106
 2.9210	 6.3553
 2.9194	 6.3140
 2.9177	 6.1698
 2.9161	 6.0833
 2.9145	 6.0238
 2.9128	 5.9372
 2.9112	 5.7868
 2.9096	 5.5916
 2.9079	 5.4473
 2.9063	 5.3575
 2.9047	 5.3221
 2.9030	 5.2305
 2.9014	 5.1591
 2.8998	 5.1534
 2.8982	 4.9914
 2.8966	 4.9793
 2.8949	 4.9735
 2.8933	 4.8032
 2.8917	 4.6536
 2.8901	 4.6367
 2.8885	 4.6296
 2.8869	 4.4727
 2.8853	 4.4242
 2.8837	 4.4327
 2.8821	 4.2882
 2.8805	 4.0486
 2.8789	 4.0754
 2.8773	 4.1599
 2.8757	 4.0861
 2.8741	 4.0423
 2.8725	 4.0404
 2.8709	 4.0091
 2.8693	 3.8189
 2.8677	 3.6350
 2.8661	 3.7308
 2.8645	 3.8800
 2.8630	 3.8731
 2.8614	 3.8265
 2.8598	 3.7588
 2.8582	 3.7549
 2.8567	 3.6629
 2.8551	 3.6575
 2.8535	 3.6860
 2.8519	 3.5647
 2.8504	 3.3650
 2.8488	 3.4229
 2.8472	 3.4360
 2.8457	 3.3360
 2.8441	 3.1596
 2.8426	 2.9829
 2.8410	 3.0064
 2.8394	 2.9984
 2.8379	 2.9934
 2.8363	 3.0263
 2.8348	 2.8935
 2.8332	 2.7710
 2.8317	 2.8300
 2.8302	 2.9139
 2.8286	 2.9762
 2.8271	 2.7982
 2.8255	 2.6727
 2.8240	 2.7553
 2.8224	 2.8869
 2.8209	 2.7763
 2.8194	 2.6705
 2.8178	 2.5572
 2.8163	 2.5226
 2.8148	 2.4106
 2.8133	 2.4227
 2.8117	 2.4240
 2.8102	 2.4104
 2.8087	 2.5122
 2.8072	 2.5335
 2.8056	 2.4757
 2.8041	 2.5839
 2.8026	 2.5865
 2.8011	 2.6518
 2.7996	 2.7778
 2.7981	 2.8474
 2.7966	 2.8162
 2.7951	 2.5868
 2.7936	 2.3976
 2.7921	 2.4079
 2.7906	 2.5156
 2.7890	 2.5713
 2.7875	 2.5823
 2.7860	 2.7072
 2.7845	 2.6927
 2.7831	 2.3551
 2.7816	 1.8986
 2.7801	 1.7014
 2.7786	 1.9252
 2.7771	 2.1394
 2.7756	 2.1920
 2.7741	 2.1795
 2.7726	 2.1174
 2.7712	 2.0007
 2.7697	 1.9625
 2.7682	 1.8866
 2.7667	 1.8273
 2.7652	 1.7712
 2.7638	 1.8297
 2.7623	 1.9553
 2.7608	 1.7564
 2.7594	 1.6940
 2.7579	 1.8309
 2.7564	 1.9920
 2.7550	 2.0199
 2.7535	 2.1745
 2.7520	 2.3595
 2.7506	 2.3066
 2.7491	 2.3665
 2.7477	 2.4472
 2.7462	 2.6815
 2.7447	 2.8939
 2.7433	 3.0696
 2.7418	 3.4383
 2.7404	 4.0748
 2.7389	 4.5351
 2.7375	 4.7844
 2.7361	 5.2476
 2.7346	 5.6936
 2.7332	 5.9093
 2.7317	 6.1705
 2.7303	 6.5537
 2.7289	 6.8576
 2.7274	 6.9542
 2.7260	 7.0960
 2.7246	 7.4912
 2.7231	 7.8522
 2.7217	 8.0921
 2.7203	 8.3232
 2.7188	 8.3025
 2.7174	 8.4390
 2.7160	 8.8920
 2.7146	 9.3949
 2.7132	 9.8504
 2.7117	10.5744
 2.7103	11.2912
 2.7089	11.8291
 2.7075	12.4171
 2.7061	13.0341
 2.7047	13.5629
 2.7033	14.1639
 2.7018	14.7499
 2.7004	15.2445
 2.6990	15.8675
 2.6976	16.3887
 2.6962	16.8271
 2.6948	17.4258
 2.6934	17.9638
 2.6920	18.1934
 2.6906	18.6149
 2.6892	19.1594
 2.6878	19.5513
 2.6864	19.9629
 2.6850	20.3647
 2.6837	20.8721
 2.6823	21.2516
 2.6809	21.5802
 2.6795	22.0474
 2.6781	22.4456
 2.6767	22.9041
 2.6753	23.0950
 2.6740	23.1553
 2.6726	23.4670
 2.6712	24.1599
 2.6698	24.5072
 2.6685	24.4898
 2.6671	25.1567
 2.6657	25.7048
 2.6644	25.8481
 2.6630	25.8286
 2.6616	26.1298
 2.6603	26.4590
 2.6589	26.7235
 2.6575	26.8245
 2.6562	27.1428
 2.6548	27.5069
 2.6534	27.9713
 2.6521	28.1968
 2.6507	28.0800
 2.6494	28.2587
 2.6480	28.8270
 2.6467	29.4119
 2.6453	29.5973
 2.6440	29.6260
 2.6426	29.9800
 2.6413	30.1961
 2.6399	30.2367
 2.6386	30.3618
 2.6372	30.5157
 2.6359	30.8659
 2.6346	31.3496
 2.6332	31.4847
 2.6319	31.6410
 2.6306	32.0959
 2.6292	31.9637
 2.6279	31.9182
 2.6266	32.2061
 2.6252	32.0097
 2.6239	31.9683
 2.6226	32.1488
 2.6212	32.6214
 2.6199	32.7463
 2.6186	32.6222
 2.6173	33.0182
 2.6160	32.9504
 2.6146	32.6151
 2.6133	32.5605
 2.6120	32.4865
 2.6107	32.6037
 2.6094	32.8538
 2.6081	32.8505
 2.6067	32.8336
 2.6054	32.9933
 2.6041	32.7735
 2.6028	32.5591
 2.6015	32.6689
 2.6002	32.5095
 2.5989	32.2994
 2.5976	32.4660
 2.5963	32.8928
 2.5950	33.3587
 2.5937	32.7158
 2.5924	31.9017
 2.5911	31.6361
 2.5898	31.8182
 2.5885	31.8446
 2.5872	31.6977
 2.5859	31.4543
 2.5847	31.6283
 2.5834	31.5898
 2.5821	31.1246
 2.5808	30.7692
 2.5795	30.4447
 2.5782	30.4016
 2.5770	30.2514
 2.5757	29.9548
 2.5744	29.9977
 2.5731	29.7990
 2.5718	29.2981
 2.5706	29.2338
 2.5693	29.1487
 2.5680	28.7688
 2.5667	28.3092
 2.5655	28.1639
 2.5642	28.1148
 2.5629	27.8639
 2.5617	27.5734
 2.5604	27.1637
 2.5591	26.6442
 2.5579	26.4413
 2.5566	26.2921
 2.5554	25.9567
 2.5541	25.8059
 2.5528	25.7996
 2.5516	25.6902
 2.5503	25.3758
 2.5491	25.0686
 2.5478	24.9574
 2.5466	24.7895
 2.5453	24.6145
 2.5441	24.6007
 2.5428	24.7046
 2.5416	24.6120
 2.5403	24.4844
 2.5391	24.4770
 2.5379	24.4863
 2.5366	24.5423
 2.5354	24.5428
 2.5341	24.6190
 2.5329	24.6800
 2.5317	24.7020
 2.5304	24.9116
 2.5292	25.1656
 2.5280	25.1377
 2.5267	25.0645
 2.5255	25.2448
 2.5243	25.4474
 2.5230	25.5185
 2.5218	25.7039
 2.5206	25.8734
 2.5194	25.9711
 2.5181	26.1443
 2.5169	26.0853
 2.5157	26.0473
 2.5145	26.2480
 2.5133	26.4742
 2.5120	26.4475
 2.5108	26.3496
 2.5096	26.3508
 2.5084	26.4710
 2.5072	26.6297
 2.5060	26.7959
 2.5048	26.8633
 2.5035	26.7993
 2.5023	26.8195
 2.5011	26.8841
 2.4999	27.0375
 2.4987	27.0878
 2.4975	27.2232
 2.4963	27.3801
 2.4951	27.4278
 2.4939	27.5288
 2.4927	27.5538
 2.4915	27.5344
 2.4903	27.7044
 2.4891	27.9672
 2.4879	28.1699
 2.4867	28.3805
 2.4855	28.5688
 2.4844	28.5986
 2.4832	28.6527
 2.4820	29.0669
 2.4808	29.2793
 2.4796	29.5049
 2.4784	29.8895
 2.4772	30.1733
 2.4760	30.3067
 2.4749	30.4513
 2.4737	30.7314
 2.4725	31.1536
 2.4713	31.4928
 2.4701	31.7026
 2.4690	32.0227
 2.4678	32.3794
 2.4666	32.6305
 2.4655	32.9682
 2.4643	33.5145
 2.4631	33.8741
 2.4619	34.1401
 2.4608	34.3951
 2.4596	34.8111
 2.4584	35.2536
 2.4573	35.6711
 2.4561	36.2157
 2.4549	36.6307
 2.4538	36.9638
 2.4526	37.3791
 2.4515	37.8813
 2.4503	38.3938
 2.4491	38.8693
 2.4480	39.1905
 2.4468	39.6072
 2.4457	40.1221
 2.4445	40.6971
 2.4434	41.3039
 2.4422	41.8557
 2.4411	42.2674
 2.4399	42.7304
 2.4388	43.3341
 2.4376	43.8476
 2.4365	44.3733
 2.4353	44.8802
 2.4342	45.4707
 2.4331	46.0919
 2.4319	46.5491
 2.4308	47.1326
 2.4296	47.8577
 2.4285	48.4982
 2.4274	48.8838
 2.4262	49.2446
 2.4251	49.8527
 2.4240	50.4763
 2.4228	51.0308
 2.4217	51.4780
 2.4206	51.9471
 2.4194	52.4445
 2.4183	52.8626
 2.4172	53.2264
 2.4160	53.7709
 2.4149	54.2998
 2.4138	54.7651
 2.4127	55.2569
 2.4116	55.5468
 2.4104	55.7678
 2.4093	56.1961
 2.4082	56.7140
 2.4071	57.1197
 2.4059	57.4155
 2.4048	57.7813
 2.4037	58.2620
 2.4026	58.6449
 2.4015	58.9130
 2.4004	59.1822
 2.3993	59.4128
 2.3982	59.7603
 2.3971	59.9953
 2.3960	60.2729
 2.3948	60.5852
 2.3937	60.8725
 2.3926	61.2111
 2.3915	61.4802
 2.3904	61.5621
 2.3893	61.7222
 2.3882	62.0712
 2.3871	62.2408
 2.3860	62.3854
 2.3849	62.6077
 2.3838	62.8021
 2.3827	63.1449
 2.3816	63.3097
 2.3805	63.3784
 2.3795	63.6409
 2.3784	63.8992
 2.3773	64.0811
 2.3762	64.1476
 2.3751	64.2766
 2.3740	64.5356
 2.3729	64.6931
 2.3718	64.8550
 2.3708	65.0157
 2.3697	65.1254
 2.3686	65.3194
 2.3675	65.6090
 2.3664	65.8001
 2.3653	65.8408
 2.3643	65.9675
 2.3632	66.1660
 2.3621	66.2511
 2.3610	66.3754
 2.3600	66.5752
 2.3589	66.6830
 2.3578	66.8312
 2.3567	66.9524
 2.3557	67.1213
 2.3546	67.2510
 2.3535	67.1684
 2.3525	67.2310
 2.3514	67.3366
 2.3503	67.4709
 2.3493	67.7212
 2.3482	67.7866
 2.3471	67.7398
 2.3461	67.9729
 2.3450	68.2627
 2.3440	68.2611
 2.3429	68.1914
 2.3418	68.2278
 2.3408	68.4840
 2.3397	68.6433
 2.3387	68.7089
 2.3376	68.6607
 2.3366	68.7100
 2.3355	68.8756
 2.3345	68.9441
 2.3334	68.9313
 2.3324	68.9084
 2.3313	69.0933
 2.3303	69.2014
 2.3292	69.1931
 2.3282	69.3039
 2.3271	69.4550
 2.3261	69.4943
 2.3250	69.5367
 2.3240	69.6702
 2.3230	69.8201
 2.3219	69.8793
 2.3209	69.9130
 2.3198	69.8535
 2.3188	69.9208
 2.3178	70.1227
 2.3167	70.2440
 2.3157	70.2769
 2.3147	70.2812
 2.3136	70.2566
 2.3126	70.2887
 2.3116	70.3613
 2.3105	70.5778
 2.3095	70.6969
 2.3085	70.6443
 2.3074	70.5916
 2.3064	70.6208
 2.3054	70.7456
 2.3044	70.7696
 2.3034	70.9010
 2.3023	71.0782
 2.3013	71.3230
 2.3003	71.3801
 2.2993	71.3056
 2.2982	71.3023
 2.2972	71.4437
 2.2962	71.4446
 2.2952	71.4564
 2.2942	71.5190
 2.2932	71.6854
 2.2921	71.9175
 2.2911	71.9916
 2.2901	71.9482
 2.2891	71.9103
 2.2881	72.0344
 2.2871	72.1368
 2.2861	72.2744
 2.2851	72.4033
 2.2841	72.4698
 2.2831	72.4456
 2.2821	72.4593
 2.2811	72.5446
 2.2801	72.6247
 2.2790	72.7319
 2.2780	72.7389
 2.2771	72.8078
 2.2761	72.9137
 2.2750	72.9511
 2.2740	72.9605
 2.2731	72.9565
 2.2721	72.8920
 2.2711	72.9661
 2.2701	73.2075
 2.2691	73.2463
 2.2681	73.2038
 2.2671	73.3179
 2.2661	73.4078
 2.2651	73.4854
 2.2641	73.5561
 2.2631	73.4397
 2.2621	73.4884
 2.2612	73.6306
 2.2602	73.6606
 2.2592	73.6063
 2.2582	73.7065
 2.2572	73.8847
 2.2562	73.9422
 2.2553	74.0242
 2.2543	74.1465
 2.2533	73.9680
 2.2523	73.8658
 2.2513	73.9775
 2.2504	74.0908
 2.2494	74.1645
 2.2484	74.1296
 2.2474	74.0932
 2.2465	74.0931
 2.2455	74.1828
 2.2445	74.3205
 2.2435	74.2854
 2.2426	74.3084
 2.2416	74.2978
 2.2406	74.3026
 2.2397	74.4075
 2.2387	74.5055
 2.2377	74.4267
 2.2368	74.4168
 2.2358	74.5280
 2.2348	74.5920
 2.2339	74.4745
 2.2329	74.3737
 2.2320	74.4083
 2.2310	74.4496
 2.2300	74.5423
 2.2291	74.6391
 2.2281	74.7235
 2.2272	74.7328
 2.2262	74.6669
 2.2252	74.6852
 2.2243	74.7275
 2.2233	74.6575
 2.2224	74.7241
 2.2214	74.8878
 2.2205	74.9134
 2.2195	74.7843
 2.2186	74.8170
 2.2176	74.9082
 2.2167	74.8354
 2.2157	74.8346
 2.2148	74.8418
 2.2138	74.9660
 2.2129	74.9367
 2.2120	74.7666
 2.2110	74.8707
 2.2101	74.9807
 2.2091	74.8779
 2.2082	74.8858
 2.2073	74.9707
 2.2063	74.9726
 2.2054	74.8607
 2.2044	74.9389
 2.2035	75.1809
 2.2026	75.1754
 2.2016	75.0458
 2.2007	75.0400
 2.1998	75.0725
 2.1988	75.0859
 2.1979	75.1701
 2.1970	75.1581
 2.1960	75.0491
 2.1951	74.9110
 2.1942	74.9350
 2.1932	74.9648
 2.1923	74.9467
 2.1914	74.8394
 2.1905	74.8480
 2.1895	74.9903
 2.1886	74.9280
 2.1877	74.9390
 2.1868	74.9141
 2.1858	74.8692
 2.1849	74.8556
 2.1840	74.8742
 2.1831	74.8984
 2.1822	75.0312
 2.1812	75.1173
 2.1803	74.8975
 2.1794	74.6818
 2.1785	74.8176
 2.1776	74.9404
 2.1767	74.7909
 2.1758	74.6587
 2.1749	74.5220
 2.1739	74.6692
 2.1730	74.7151
 2.1721	74.6382
 2.1712	74.7780
 2.1703	74.7892
 2.1694	74.6799
 2.1685	74.4650
 2.1676	74.3862
 2.1667	74.4880
 2.1658	74.6240
 2.1649	74.6239
 2.1639	74.3886
 2.1631	74.3323
 2.1622	74.3917
 2.1612	74.3692
 2.1604	74.2758
 2.1595	74.2028
 2.1585	73.9975
 2.1576	73.8280
 2.1568	73.9286
 2.1559	73.9380
 2.1550	73.8997
 2.1541	73.8693
 2.1532	73.7279
 2.1523	73.5790
 2.1514	73.5408
 2.1505	73.6610
 2.1496	73.5775
 2.1487	73.4387
 2.1478	73.3635
 2.1469	73.2758
 2.1460	73.3559
 2.1452	73.3254
 2.1443	73.1601
 2.1434	73.1651
 2.1425	73.2193
 2.1416	73.3218
 2.1407	73.2785
 2.1398	73.3334
 2.1390	73.3574
 2.1381	73.3000
 2.1372	73.2320
 2.1363	73.1547
 2.1354	73.1391
 2.1345	73.2084
 2.1337	73.2521
 2.1328	73.1960
 2.1319	73.0999
 2.1311	72.8892
 2.1302	73.1275
 2.1293	73.3730
 2.1284	73.2909
 2.1275	73.3481
 2.1267	73.4209
 2.1258	73.3780
 2.1249	73.4698
 2.1241	73.5615
 2.1232	73.6772
 2.1223	73.6784
 2.1214	73.7625
 2.1206	73.8938
 2.1197	73.8151
 2.1189	73.8753
 2.1180	74.0003
 2.1171	74.0304
 2.1163	74.3889
 2.1154	74.5249
 2.1145	74.4765
 2.1137	74.5400
 2.1128	74.4791
 2.1120	74.6359
 2.1111	74.7876
 2.1102	74.7733
 2.1094	74.7748
 2.1085	74.9673
 2.1077	75.0759
 2.1068	74.7650
 2.1059	74.8286
 2.1051	75.1469
 2.1042	75.3428
 2.1034	75.1688
 2.1025	75.4289
 2.1017	75.7993
 2.1008	75.7135
 2.1000	75.6875
 2.0991	75.7753
 2.0983	75.7479
 2.0974	75.6358
 2.0966	75.7307
 2.0957	75.8561
 2.0949	75.9495
 2.0940	76.0506
 2.0932	76.0026
 2.0924	76.1503
 2.0915	76.1954
 2.0907	76.2546
 2.0898	76.3872
 2.0890	76.5246
 2.0881	76.5668
 2.0873	76.7047
 2.0865	76.7727
 2.0856	76.6133
 2.0848	76.3982
 2.0839	76.3461
 2.0831	76.6230
 2.0823	76.8874
 2.0814	76.8062
 2.0806	76.5644
 2.0798	76.4261
 2.0789	76.5162
 2.0781	76.6815
 2.0773	76.6430
 2.0764	76.7671
 2.0756	76.8515
 2.0748	76.7654
 2.0739	76.8452
 2.0731	76.7534
 2.0723	76.8231
 2.0715	77.0650
 2.0706	77.2296
 2.0698	77.0105
 2.0690	76.6429
 2.0681	76.6897
 2.0673	76.7032
 2.0665	76.5923
 2.0657	76.6783
 2.0648	76.8815
 2.0640	77.0334
 2.0632	76.8629
 2.0624	76.7214
 2.0616	76.7728
 2.0607	76.7970
 2.0599	76.8458
 2.0591	76.8953
 2.0583	76.8836
 2.0575	76.7688
 2.0567	76.4710
 2.0558	76.5346
 2.0550	76.7313
 2.0542	76.7436
 2.0534	76.6408
 2.0526	76.8539
 2.0518	77.0580
 2.0510	76.8549
 2.0501	76.7306
 2.0493	76.7816
 2.0485	76.5031
 2.0477	76.4979
 2.0469	76.6010
 2.0461	76.6382
 2.0453	76.5518
 2.0445	76.6166
 2.0437	76.7539
 2.0429	76.6231
 2.0421	76.5232
 2.0413	76.5073
 2.0405	76.4583
 2.0397	76.4327
 2.0389	76.3261
 2.0381	76.4135
 2.0373	76.4329
 2.0365	76.4846
 2.0357	76.6756
 2.0349	76.4374
 2.0341	76.3095
 2.0333	76.5215
 2.0325	76.5428
 2.0317	76.3269
 2.0309	76.2890
 2.0301	76.4365
 2.0293	76.3192
 2.0285	76.1918
 2.0277	76.1408
 2.0269	76.2621
 2.0261	76.2807
 2.0253	76.2500
 2.0245	76.4170
 2.0237	76.3857
 2.0229	76.0187
 2.0222	75.7947
 2.0214	75.9576
 2.0206	76.0432
 2.0198	76.1669
 2.0190	76.3082
 2.0182	76.2441
 2.0174	75.8971
 2.0167	75.7738
 2.0159	75.7315
 2.0151	75.8275
 2.0143	75.9002
 2.0135	75.9199
 2.0128	75.8641
 2.0120	75.7733
 2.0112	75.7994
 2.0104	75.7943
 2.0096	75.7992
 2.0088	75.7790
 2.0081	75.7684
 2.0073	75.7259
 2.0065	75.5981
 2.0057	75.4815
 2.0050	75.2833
 2.0042	75.2931
 2.0034	75.2792
 2.0026	75.1267
 2.0019	74.9490
 2.0011	74.9182
 2.0003	75.0050
