Name: Montmorillonite (Na,Ca)_0.33(Al,Mg)_2Si_4O_10(OH)_2.H_2O
Type: Mineral
Class: Silicate
Subclass: Phyllosilicate
Particle Size: Fine
Sample No.: PS-2D
Owner: JPL
Wavelength Range: VSWIR
Origin: USA, Wyoming, Crook County
Collection Date: N/A
Description: Particle size was 0-45um.Collected by Clay Mineral Society Original ASTER Spectral Library name was jpl.beckman.mineral.silicate.phyllosilicate.fine.ps02d.spectrum.txt
Measurement: Hemispherical reflectance
First Column: X
Second Column: Y
X Units: Wavelength (micrometers)
Y Units:Reflectance (percent)
First X Value:  0.4000
Last X Value:  2.5000
Number of X Values: 826
Additional Information: mineral.silicate.phyllosilicate.fine.vswir.ps-2d.jpl.beckman.ancillary.txt

 0.4000	53.4900
 0.4010	53.8200
 0.4020	54.1800
 0.4030	54.4400
 0.4040	54.7500
 0.4050	55.0000
 0.4060	55.2900
 0.4070	55.5100
 0.4080	55.7600
 0.4090	56.2200
 0.4100	56.4300
 0.4110	56.5600
 0.4120	56.9200
 0.4130	57.2400
 0.4140	57.5900
 0.4150	57.7600
 0.4160	58.0100
 0.4170	58.3800
 0.4180	58.5900
 0.4190	58.8800
 0.4200	59.1800
 0.4210	59.4000
 0.4220	59.6600
 0.4230	59.8900
 0.4240	60.1100
 0.4250	60.3400
 0.4260	60.6000
 0.4270	60.8000
 0.4280	60.9800
 0.4290	61.2200
 0.4300	61.4400
 0.4310	61.6800
 0.4320	61.7700
 0.4330	61.8900
 0.4340	62.1200
 0.4350	62.2700
 0.4360	62.5600
 0.4370	62.9200
 0.4380	63.1200
 0.4390	63.3700
 0.4400	63.5700
 0.4410	63.9300
 0.4420	64.0700
 0.4430	64.1700
 0.4440	64.3500
 0.4450	64.7000
 0.4460	64.8800
 0.4470	64.9600
 0.4480	65.1400
 0.4490	65.2700
 0.4500	65.4300
 0.4510	65.5500
 0.4520	65.7500
 0.4530	65.8200
 0.4540	65.8900
 0.4550	66.1000
 0.4560	66.2200
 0.4570	66.4700
 0.4580	66.4800
 0.4590	66.5800
 0.4600	66.6500
 0.4610	66.9400
 0.4620	66.9400
 0.4630	67.0600
 0.4640	67.2200
 0.4650	67.2900
 0.4660	67.4400
 0.4670	67.5200
 0.4680	67.5200
 0.4690	67.7300
 0.4700	67.8600
 0.4710	67.9700
 0.4720	67.9900
 0.4730	68.0900
 0.4740	68.1900
 0.4750	68.2300
 0.4760	68.3900
 0.4770	68.3400
 0.4780	68.3800
 0.4790	68.6100
 0.4800	68.6700
 0.4810	68.6000
 0.4820	68.7800
 0.4830	68.7900
 0.4840	68.8900
 0.4850	68.8500
 0.4860	68.8900
 0.4870	69.0700
 0.4880	68.9800
 0.4890	69.1700
 0.4900	69.1200
 0.4910	69.2500
 0.4920	69.3900
 0.4930	69.4300
 0.4940	69.5800
 0.4950	69.6700
 0.4960	69.7400
 0.4970	69.8300
 0.4980	69.8700
 0.4990	70.0600
 0.5000	70.0700
 0.5010	70.1500
 0.5020	70.2400
 0.5030	70.2400
 0.5040	70.4500
 0.5050	70.5800
 0.5060	70.5900
 0.5070	70.8100
 0.5080	70.7100
 0.5090	70.9300
 0.5100	71.1200
 0.5110	71.2200
 0.5120	71.3800
 0.5130	71.4700
 0.5140	71.7400
 0.5150	71.8100
 0.5160	71.9700
 0.5170	72.1000
 0.5180	72.2500
 0.5190	72.4700
 0.5200	72.6000
 0.5210	72.7200
 0.5220	72.9500
 0.5230	72.9300
 0.5240	73.0600
 0.5250	73.2700
 0.5260	73.2600
 0.5270	73.5100
 0.5280	73.5500
 0.5290	73.6100
 0.5300	73.6200
 0.5310	73.6300
 0.5320	73.8200
 0.5330	73.8300
 0.5340	73.8600
 0.5350	73.9000
 0.5360	73.9400
 0.5370	74.1800
 0.5380	74.3000
 0.5390	74.3000
 0.5400	74.4800
 0.5410	74.4600
 0.5420	74.7100
 0.5430	74.6900
 0.5440	74.6600
 0.5450	74.7600
 0.5460	74.8700
 0.5470	75.1300
 0.5480	75.0000
 0.5490	75.0300
 0.5500	75.1900
 0.5510	75.1500
 0.5520	75.3600
 0.5530	75.3400
 0.5540	75.3400
 0.5550	75.4500
 0.5560	75.3900
 0.5570	75.5400
 0.5580	75.4900
 0.5590	75.4000
 0.5600	75.5900
 0.5610	75.8500
 0.5620	75.9900
 0.5630	76.0500
 0.5640	76.0800
 0.5650	76.0500
 0.5660	75.9600
 0.5670	76.1000
 0.5680	76.0900
 0.5690	75.9600
 0.5700	75.9600
 0.5710	75.9200
 0.5720	75.9800
 0.5730	75.9800
 0.5740	75.8900
 0.5750	75.9800
 0.5760	75.8100
 0.5770	75.9800
 0.5780	75.8800
 0.5790	75.9700
 0.5800	76.0300
 0.5810	75.7800
 0.5820	75.8400
 0.5830	75.7900
 0.5840	75.7500
 0.5850	75.9400
 0.5860	75.8100
 0.5870	75.8100
 0.5880	75.8000
 0.5890	75.8000
 0.5900	75.9400
 0.5910	75.8200
 0.5920	75.8600
 0.5930	75.8400
 0.5940	75.8400
 0.5950	75.9300
 0.5960	75.8600
 0.5970	75.8500
 0.5980	75.9500
 0.5990	75.8100
 0.6000	76.0400
 0.6010	76.0400
 0.6020	76.0700
 0.6030	75.9400
 0.6040	75.8300
 0.6050	76.0000
 0.6060	76.0800
 0.6070	75.9000
 0.6080	76.0000
 0.6090	75.8800
 0.6100	76.0100
 0.6110	75.9700
 0.6120	75.9400
 0.6130	76.0600
 0.6140	75.8800
 0.6150	75.8400
 0.6160	75.8000
 0.6170	75.7900
 0.6180	75.9000
 0.6190	75.8100
 0.6200	75.7000
 0.6210	75.7700
 0.6220	75.8000
 0.6230	75.8700
 0.6240	75.7800
 0.6250	75.8600
 0.6260	75.8800
 0.6270	75.8300
 0.6280	75.8000
 0.6290	75.9000
 0.6300	75.8600
 0.6310	75.8300
 0.6320	75.7800
 0.6330	75.9300
 0.6340	75.9300
 0.6350	75.8000
 0.6360	75.9100
 0.6370	75.8800
 0.6380	75.9000
 0.6390	75.9000
 0.6400	75.9700
 0.6410	76.0100
 0.6420	75.9200
 0.6430	75.9700
 0.6440	75.9700
 0.6450	76.0600
 0.6460	76.1400
 0.6470	76.0000
 0.6480	76.0400
 0.6490	75.9800
 0.6500	76.0200
 0.6510	76.1900
 0.6520	76.2000
 0.6530	76.2100
 0.6540	76.2100
 0.6550	76.2300
 0.6560	76.4200
 0.6570	76.3500
 0.6580	76.3400
 0.6590	76.4700
 0.6600	76.3400
 0.6610	76.5000
 0.6620	76.5100
 0.6630	76.5900
 0.6640	76.6000
 0.6650	76.5400
 0.6660	76.7300
 0.6670	76.8500
 0.6680	76.7100
 0.6690	76.7400
 0.6700	76.7500
 0.6710	76.8700
 0.6720	76.9000
 0.6730	76.8100
 0.6740	76.9700
 0.6750	76.9200
 0.6760	76.9700
 0.6770	76.9500
 0.6780	77.0700
 0.6790	77.1300
 0.6800	77.0600
 0.6810	77.0700
 0.6820	77.0700
 0.6830	77.2100
 0.6840	77.3700
 0.6850	77.2700
 0.6860	77.3400
 0.6870	77.3800
 0.6880	77.3800
 0.6890	77.4300
 0.6900	77.4400
 0.6910	77.4900
 0.6920	77.5200
 0.6930	77.4900
 0.6940	77.5400
 0.6950	77.5000
 0.6960	77.5700
 0.6970	77.5200
 0.6980	77.5600
 0.6990	77.7200
 0.7000	77.6700
 0.7010	77.6900
 0.7020	77.7500
 0.7030	77.7500
 0.7040	77.8500
 0.7050	77.8600
 0.7060	77.9600
 0.7070	77.8800
 0.7080	77.9100
 0.7090	78.0200
 0.7100	78.0900
 0.7110	78.1800
 0.7120	78.0900
 0.7130	78.0200
 0.7140	78.0900
 0.7150	78.0800
 0.7160	78.1200
 0.7170	78.1200
 0.7180	78.1100
 0.7190	78.2400
 0.7200	78.2800
 0.7210	78.3600
 0.7220	78.3400
 0.7230	78.2000
 0.7240	78.3100
 0.7250	78.3600
 0.7260	78.4300
 0.7270	78.3900
 0.7280	78.4100
 0.7290	78.3700
 0.7300	78.3700
 0.7310	78.3600
 0.7320	78.3500
 0.7330	78.4400
 0.7340	78.3700
 0.7350	78.3900
 0.7360	78.5200
 0.7370	78.5300
 0.7380	78.4700
 0.7390	78.3900
 0.7400	78.4200
 0.7410	78.5000
 0.7420	78.5000
 0.7430	78.5700
 0.7440	78.6800
 0.7450	78.6000
 0.7460	78.6200
 0.7470	78.5500
 0.7480	78.4300
 0.7490	78.6100
 0.7500	78.5200
 0.7510	78.5000
 0.7520	78.6900
 0.7530	78.6700
 0.7540	78.6800
 0.7550	78.5400
 0.7560	78.5100
 0.7570	78.6000
 0.7580	78.6600
 0.7590	78.6200
 0.7600	78.6000
 0.7610	78.5800
 0.7620	78.6300
 0.7630	78.6100
 0.7640	78.6800
 0.7650	78.6800
 0.7660	78.6100
 0.7670	78.7300
 0.7680	78.7400
 0.7690	78.6900
 0.7700	78.7300
 0.7710	78.8200
 0.7720	78.7400
 0.7730	78.7100
 0.7740	78.7600
 0.7750	78.7300
 0.7760	78.7400
 0.7770	78.7500
 0.7780	78.7100
 0.7790	78.6800
 0.7800	78.6700
 0.7810	78.7300
 0.7820	78.8200
 0.7830	78.7400
 0.7840	78.7100
 0.7850	78.7800
 0.7860	78.7300
 0.7870	78.7700
 0.7880	78.8000
 0.7890	78.7500
 0.7900	78.8100
 0.7910	78.7300
 0.7920	78.8900
 0.7930	78.8300
 0.7940	78.8800
 0.7950	78.9300
 0.7960	78.8200
 0.7970	78.9100
 0.7980	78.9600
 0.7990	79.0100
 0.8000	79.0700
 0.8040	79.1200
 0.8080	78.9900
 0.8120	79.0400
 0.8160	79.0000
 0.8200	79.0200
 0.8240	78.9100
 0.8280	78.8900
 0.8320	78.9000
 0.8360	78.8500
 0.8400	78.9100
 0.8440	78.9500
 0.8480	78.9600
 0.8520	78.9400
 0.8560	79.0100
 0.8600	78.9800
 0.8640	79.0000
 0.8680	78.9800
 0.8720	78.9700
 0.8760	78.9300
 0.8800	78.9000
 0.8840	78.8400
 0.8880	78.9300
 0.8920	78.9500
 0.8960	78.8600
 0.9000	78.8200
 0.9040	78.8400
 0.9080	78.8100
 0.9120	78.7900
 0.9160	78.8400
 0.9200	78.8000
 0.9240	78.8900
 0.9280	78.9300
 0.9320	78.9400
 0.9360	78.9400
 0.9400	79.0000
 0.9440	79.0800
 0.9480	78.9600
 0.9520	79.0200
 0.9560	79.0000
 0.9600	79.0200
 0.9640	79.1200
 0.9680	79.1600
 0.9720	79.2100
 0.9760	79.3200
 0.9800	79.3000
 0.9840	79.3800
 0.9880	79.3800
 0.9920	79.4300
 0.9960	79.5300
 1.0000	79.6100
 1.0040	79.5600
 1.0080	79.6000
 1.0120	79.6900
 1.0160	79.6900
 1.0200	79.7900
 1.0240	79.8400
 1.0280	79.8000
 1.0320	79.9400
 1.0360	80.0300
 1.0400	80.0800
 1.0440	80.0800
 1.0480	80.0700
 1.0520	80.0900
 1.0560	80.2400
 1.0600	80.1800
 1.0640	80.1900
 1.0680	80.2100
 1.0720	80.2300
 1.0760	80.2600
 1.0800	80.2200
 1.0840	80.2700
 1.0880	80.2600
 1.0920	80.3200
 1.0960	80.2700
 1.1000	80.3000
 1.1040	80.2700
 1.1080	80.3000
 1.1120	80.3500
 1.1160	80.3700
 1.1200	80.3700
 1.1240	80.4100
 1.1280	80.5400
 1.1320	80.4400
 1.1360	80.3500
 1.1400	80.2000
 1.1440	80.0800
 1.1480	80.0100
 1.1520	80.0200
 1.1560	80.1400
 1.1600	80.2200
 1.1640	80.1900
 1.1680	80.2000
 1.1720	80.2300
 1.1760	80.2900
 1.1800	80.3200
 1.1840	80.3900
 1.1880	80.3600
 1.1920	80.4300
 1.1960	80.4600
 1.2000	80.5000
 1.2040	80.5800
 1.2080	80.6200
 1.2120	80.6700
 1.2160	80.6300
 1.2200	80.6500
 1.2240	80.6900
 1.2280	80.7000
 1.2320	80.6900
 1.2360	80.7900
 1.2400	80.7200
 1.2440	80.7400
 1.2480	80.7700
 1.2520	80.8300
 1.2560	80.8200
 1.2600	80.8200
 1.2640	80.8400
 1.2680	80.8400
 1.2720	80.9600
 1.2760	80.8700
 1.2800	80.8800
 1.2840	80.9400
 1.2880	80.9300
 1.2920	80.8900
 1.2960	80.8300
 1.3000	80.8200
 1.3040	80.7400
 1.3080	80.6400
 1.3120	80.5400
 1.3160	80.5300
 1.3200	80.4800
 1.3240	80.3600
 1.3280	80.3400
 1.3320	80.2900
 1.3360	80.1500
 1.3400	80.0800
 1.3440	80.0200
 1.3480	79.9500
 1.3520	79.8300
 1.3560	79.7100
 1.3600	79.5800
 1.3640	79.1500
 1.3680	78.6600
 1.3720	78.1400
 1.3760	77.2500
 1.3800	76.2200
 1.3840	74.7700
 1.3880	73.1500
 1.3920	71.2900
 1.3960	69.6500
 1.4000	68.1700
 1.4040	67.1300
 1.4080	66.8800
 1.4120	67.6200
 1.4160	68.9700
 1.4200	70.6000
 1.4240	72.0900
 1.4280	73.2600
 1.4320	74.0900
 1.4360	74.7800
 1.4400	75.1000
 1.4440	75.3400
 1.4480	75.4500
 1.4520	75.5000
 1.4560	75.5600
 1.4600	75.7400
 1.4640	76.0900
 1.4680	76.4800
 1.4720	76.8900
 1.4760	77.2300
 1.4800	77.6200
 1.4840	77.8800
 1.4880	78.1600
 1.4920	78.3000
 1.4960	78.5600
 1.5000	78.7000
 1.5040	78.9700
 1.5080	79.1500
 1.5120	79.3500
 1.5160	79.4600
 1.5200	79.6400
 1.5240	79.7600
 1.5280	79.8900
 1.5320	79.9300
 1.5360	80.0800
 1.5400	80.1800
 1.5440	80.3100
 1.5480	80.3800
 1.5520	80.4600
 1.5560	80.5700
 1.5600	80.6600
 1.5640	80.6100
 1.5680	80.7400
 1.5720	80.8200
 1.5760	80.8900
 1.5800	80.9500
 1.5840	80.9800
 1.5880	81.0700
 1.5920	81.1700
 1.5960	81.1500
 1.6000	81.2000
 1.6040	81.1800
 1.6080	81.3300
 1.6120	81.3700
 1.6160	81.3600
 1.6200	81.3700
 1.6240	81.4400
 1.6280	81.4400
 1.6320	81.5300
 1.6360	81.5200
 1.6400	81.5600
 1.6440	81.6100
 1.6480	81.6800
 1.6520	81.6400
 1.6560	81.6600
 1.6600	81.7400
 1.6640	81.7200
 1.6680	81.7100
 1.6720	81.7400
 1.6760	81.7400
 1.6800	81.7900
 1.6840	81.7500
 1.6880	81.7500
 1.6920	81.6600
 1.6960	81.7200
 1.7000	81.6800
 1.7040	81.6600
 1.7080	81.6300
 1.7120	81.6600
 1.7160	81.5200
 1.7200	81.4200
 1.7240	81.3600
 1.7280	81.3100
 1.7320	81.1200
 1.7360	81.0700
 1.7400	80.9500
 1.7440	80.9400
 1.7480	80.7600
 1.7520	80.7100
 1.7560	80.6600
 1.7600	80.6300
 1.7640	80.4600
 1.7680	80.4100
 1.7720	80.4300
 1.7760	80.3800
 1.7800	80.2800
 1.7840	80.2300
 1.7880	80.1700
 1.7920	80.1400
 1.7960	80.0400
 1.8000	80.0100
 1.8040	79.9900
 1.8080	80.0000
 1.8120	79.8500
 1.8160	79.7200
 1.8200	79.6900
 1.8240	79.5800
 1.8280	79.5300
 1.8320	79.4500
 1.8360	79.2600
 1.8400	79.0300
 1.8440	78.7500
 1.8480	78.5100
 1.8520	78.0800
 1.8560	77.5200
 1.8600	76.7100
 1.8640	75.5300
 1.8680	73.9900
 1.8720	72.0200
 1.8760	69.5100
 1.8800	66.6500
 1.8840	63.3100
 1.8880	59.9400
 1.8920	56.8300
 1.8960	54.5600
 1.9000	53.4900
 1.9040	53.5800
 1.9080	54.5300
 1.9120	56.1000
 1.9160	57.7700
 1.9200	59.2800
 1.9240	60.6600
 1.9280	61.7000
 1.9320	62.5400
 1.9360	63.1400
 1.9400	63.6000
 1.9440	63.9600
 1.9480	64.3000
 1.9520	64.5900
 1.9560	64.9500
 1.9600	65.2900
 1.9640	65.5500
 1.9680	66.0200
 1.9720	66.5200
 1.9760	67.0000
 1.9800	67.4800
 1.9840	68.0500
 1.9880	68.6000
 1.9920	69.1400
 1.9960	69.6800
 2.0000	70.2100
 2.0040	70.6100
 2.0080	71.1100
 2.0120	71.5400
 2.0160	72.0000
 2.0200	72.3900
 2.0240	72.7300
 2.0280	73.0100
 2.0320	73.3000
 2.0360	73.5700
 2.0400	73.8000
 2.0440	73.9800
 2.0480	74.1800
 2.0520	74.2600
 2.0560	74.3900
 2.0600	74.5900
 2.0640	74.5400
 2.0680	74.6300
 2.0720	74.6400
 2.0760	74.6100
 2.0800	74.7800
 2.0840	74.7900
 2.0880	74.7600
 2.0920	74.8600
 2.0960	74.9700
 2.1000	75.0600
 2.1040	75.2500
 2.1080	75.3400
 2.1120	75.4000
 2.1160	75.5800
 2.1200	75.6500
 2.1240	75.5800
 2.1280	75.5400
 2.1320	75.4400
 2.1360	75.2200
 2.1400	75.1200
 2.1440	74.7600
 2.1480	74.3800
 2.1520	73.7800
 2.1560	73.1600
 2.1600	72.3900
 2.1640	71.5500
 2.1680	70.5400
 2.1720	69.5600
 2.1760	68.3200
 2.1800	67.2100
 2.1840	66.0100
 2.1880	64.8300
 2.1920	63.8500
 2.1960	63.1700
 2.2000	62.7900
 2.2040	62.6300
 2.2080	63.0400
 2.2120	63.7200
 2.2160	64.4700
 2.2200	65.3900
 2.2240	66.1700
 2.2280	66.8800
 2.2320	67.4800
 2.2360	68.0700
 2.2400	68.7200
 2.2440	69.3100
 2.2480	69.8800
 2.2520	70.3800
 2.2560	70.6400
 2.2600	70.8500
 2.2640	70.9200
 2.2680	70.9500
 2.2720	70.7700
 2.2760	70.6100
 2.2800	70.3300
 2.2840	70.0000
 2.2880	69.6900
 2.2920	69.2600
 2.2960	68.8400
 2.3000	68.3800
 2.3040	67.8300
 2.3080	67.5400
 2.3120	67.1600
 2.3160	66.7700
 2.3200	66.4100
 2.3240	66.0800
 2.3280	65.6200
 2.3320	65.2400
 2.3360	64.7900
 2.3400	64.2700
 2.3440	63.8200
 2.3480	63.4000
 2.3520	63.0500
 2.3560	62.6500
 2.3600	62.2800
 2.3640	61.9100
 2.3680	61.5000
 2.3720	61.1700
 2.3760	60.8600
 2.3800	60.4500
 2.3840	60.1000
 2.3880	59.7500
 2.3920	59.3200
 2.3960	59.0200
 2.4000	58.6800
 2.4040	58.3200
 2.4080	57.9700
 2.4120	57.6900
 2.4160	57.2200
 2.4200	56.8000
 2.4240	56.4200
 2.4280	56.0400
 2.4320	55.6400
 2.4360	55.3300
 2.4400	54.9000
 2.4440	54.5800
 2.4480	54.2600
 2.4520	53.9500
 2.4560	53.6000
 2.4600	53.3700
 2.4640	53.1100
 2.4680	52.8700
 2.4720	52.6300
 2.4760	52.3400
 2.4800	52.2500
 2.4840	52.0500
 2.4880	51.8000
 2.4920	51.5800
 2.4960	51.3800
 2.5000	51.2600
