Name: Hedenbergite CaFe+2Si2O6
Type: Mineral
Class: Silicate
Subclass: Inosilicate
Particle Size: Solid
Sample No.: hedenber_1
Owner: JHU
Wavelength Range: TIR
Origin: Eureka Mine, 2nd Level, Sub-level 1, 135 N, 645E, Ducktown,Tennesse, via the Smithsonian (sample no. NMNH 119197)
Collection Date: N/A
Description: The sample was made up of three large pieces and three small fragments, weighing altogether about 28 g.  All pieces are deep green and parts of single crystals.  They display a very small amount of veining.  Surfaces of the pieces have a veneer of contamination Ñprobably the same as the veining.  There is also an extremely small amount of sulphide contamination. (Single chain Pyroxene Group) Original ASTER Spectral Library name was jhu.nicolet.mineral.silicate.inosilicate.solid.hedenb1.spectrum.txt
Measurement: Bidirectional reflectance
First Column: X
Second Column: Y
X Units: Wavelength (micrometers)
Y Units:Reflectance (percent)
First X Value: 25.0442
Last X Value:  2.0795
Number of X Values: 2287
Additional Information: mineral.silicate.inosilicate.solid.tir.hedenber_1.jhu.nicolet.ancillary.txt

25.0442	33.8954
24.9238	33.1757
24.8045	32.0126
24.6864	30.9511
24.5694	30.4335
24.4536	29.3857
24.3388	27.9516
24.2250	27.0058
24.1124	26.1367
24.0007	25.8212
23.8901	26.0712
23.7805	26.5370
23.6719	27.1747
23.5643	27.9008
23.4577	28.5634
23.3520	29.1269
23.2473	29.5278
23.1435	29.9277
23.0407	29.9550
22.9387	29.7717
22.8377	29.7209
22.7375	29.8515
22.6382	30.7392
22.5398	31.6967
22.4422	32.8027
22.3455	34.1671
22.2496	35.6298
22.1545	36.8944
22.0602	37.8026
21.9668	38.5990
21.8741	39.3585
21.7822	40.0077
21.6910	40.5980
21.6007	41.1156
21.5110	41.4796
21.4221	42.0587
21.3340	42.6366
21.2465	42.8898
21.1598	43.2284
21.0738	43.7892
20.9885	44.2523
20.9038	44.6981
20.8199	45.0704
20.7366	45.2665
20.6540	45.4630
20.5720	45.5531
20.4907	45.2919
20.4100	45.0189
20.3300	45.1122
20.2506	45.5961
20.1718	46.2059
20.0936	46.8131
20.0160	47.3380
19.9391	47.5851
19.8627	47.7648
19.7869	47.9069
19.7116	47.6852
19.6370	47.1876
19.5628	46.6393
19.4893	46.0013
19.4163	45.1659
19.3439	44.3187
19.2719	43.5565
19.2006	42.8165
19.1297	42.2147
19.0594	41.9808
18.9896	41.9965
18.9203	42.1156
18.8515	42.5558
18.7832	43.1586
18.7153	43.7787
18.6480	44.4818
18.5812	45.3522
18.5148	46.2877
18.4489	47.2050
18.3835	48.1727
18.3185	49.1781
18.2541	50.1346
18.1900	50.9330
18.1264	51.7062
18.0633	52.4281
18.0005	52.8561
17.9382	52.9520
17.8764	52.8612
17.8150	52.4388
17.7539	51.6239
17.6934	50.6456
17.6332	49.4579
17.5734	47.8988
17.5140	45.9088
17.4551	43.7079
17.3965	41.1898
17.3383	38.2777
17.2805	35.2375
17.2231	32.3324
17.1661	29.4150
17.1094	26.5820
17.0531	24.0441
16.9972	21.6914
16.9417	19.3566
16.8865	17.1782
16.8317	15.3232
16.7772	13.7964
16.7231	12.6916
16.6693	12.1015
16.6159	11.9062
16.5628	11.9470
16.5100	12.1562
16.4576	12.4194
16.4055	12.6794
16.3538	12.9458
16.3024	13.2436
16.2513	13.5791
16.2005	13.8701
16.1500	14.1831
16.0998	14.5630
16.0500	14.9350
16.0005	15.2690
15.9513	15.6660
15.9023	16.1689
15.8537	16.6899
15.8054	17.0969
15.7573	17.4611
15.7096	17.5959
15.6621	17.2746
15.6149	16.5373
15.5680	15.4709
15.5214	14.1372
15.4751	12.8176
15.4290	11.8049
15.3832	11.3691
15.3377	11.4240
15.2925	11.6997
15.2475	12.0798
15.2028	12.5056
15.1583	12.9030
15.1141	13.2758
15.0702	13.7055
15.0265	14.1172
14.9831	14.5102
14.9399	14.9377
14.8970	15.2365
14.8543	15.1381
14.8119	14.5688
14.7697	13.6374
14.7277	12.6941
14.6860	12.1799
14.6445	12.1294
14.6033	12.3325
14.5622	12.6208
14.5214	12.8694
14.4809	13.0725
14.4405	13.2336
14.4004	13.2954
14.3605	13.2307
14.3209	13.1806
14.2814	13.2165
14.2422	13.2854
14.2032	13.3535
14.1643	13.4438
14.1258	13.5317
14.0874	13.6364
14.0492	13.7500
14.0112	13.8525
13.9734	13.9401
13.9359	14.0122
13.8985	14.1018
13.8614	14.2065
13.8244	14.2339
13.7876	14.2868
13.7511	14.3874
13.7147	14.4441
13.6785	14.4880
13.6425	14.5708
13.6067	14.6621
13.5711	14.7338
13.5356	14.8076
13.5004	14.9160
13.4653	15.0088
13.4304	15.0993
13.3957	15.2212
13.3612	15.3413
13.3269	15.4558
13.2927	15.5378
13.2587	15.5857
13.2249	15.6535
13.1912	15.7458
13.1577	15.8000
13.1244	15.8576
13.0913	15.9643
13.0583	16.1076
13.0255	16.2363
12.9929	16.4011
12.9604	16.6237
12.9281	16.8525
12.8959	17.0861
12.8639	17.3344
12.8321	17.5730
12.8004	17.7133
12.7688	17.7844
12.7375	17.7856
12.7063	17.7658
12.6752	17.7863
12.6443	17.8608
12.6135	17.9692
12.5829	18.1042
12.5524	18.2636
12.5221	18.3603
12.4919	18.3928
12.4619	18.3503
12.4320	18.1804
12.4023	17.9636
12.3727	17.8042
12.3432	17.6254
12.3139	17.4545
12.2847	17.4138
12.2557	17.4604
12.2268	17.5283
12.1980	17.6699
12.1694	17.8745
12.1409	18.0888
12.1125	18.3110
12.0843	18.5861
12.0562	18.8723
12.0282	19.1582
12.0004	19.5473
11.9726	19.9728
11.9450	20.3930
11.9176	20.9045
11.8903	21.5336
11.8631	22.2309
11.8360	23.0434
11.8090	24.1315
11.7822	25.5036
11.7555	27.0661
11.7289	28.7443
11.7024	30.2485
11.6760	31.4477
11.6498	32.4374
11.6237	33.2297
11.5977	33.8295
11.5718	34.3446
11.5460	34.7904
11.5203	35.1252
11.4948	35.4567
11.4694	35.7961
11.4440	36.0238
11.4188	36.2140
11.3937	36.4521
11.3688	36.6195
11.3439	36.7216
11.3191	36.9262
11.2944	37.1415
11.2699	37.2194
11.2455	37.3437
11.2211	37.5609
11.1969	37.6723
11.1727	37.7135
11.1487	37.8715
11.1248	38.0331
11.1010	38.0543
11.0773	38.1308
11.0536	38.3241
11.0301	38.3844
11.0067	38.4210
10.9834	38.6164
10.9602	38.7487
10.9370	38.8053
10.9140	38.9779
10.8911	39.1461
10.8682	39.1632
10.8455	39.1007
10.8229	38.8664
10.8003	38.1515
10.7779	36.9733
10.7555	35.5675
10.7332	34.3493
10.7111	33.8534
10.6890	34.1357
10.6670	34.7040
10.6451	35.1620
10.6233	35.5194
10.6015	35.7653
10.5799	35.8876
10.5584	36.1459
10.5369	36.6803
10.5155	37.2746
10.4942	37.8646
10.4730	38.5197
10.4519	39.1344
10.4309	39.6586
10.4099	40.1085
10.3891	40.2687
10.3683	39.9469
10.3476	39.3388
10.3270	38.5907
10.3065	37.6132
10.2860	36.4999
10.2656	35.4345
10.2454	34.3634
10.2251	33.2524
10.2050	32.2402
10.1850	31.2424
10.1650	30.0932
10.1451	28.8427
10.1253	27.5407
10.1056	26.1801
10.0859	24.9597
10.0663	24.1357
10.0468	23.6862
10.0274	23.5104
10.0080	23.6078
 9.9887	23.9172
 9.9695	24.3237
 9.9504	24.8032
 9.9313	25.3264
 9.9123	25.7514
 9.8934	26.0444
 9.8746	26.3139
 9.8558	26.4672
 9.8371	26.4784
 9.8185	26.4506
 9.7999	26.3925
 9.7814	26.2736
 9.7630	26.1728
 9.7447	26.1166
 9.7264	26.0287
 9.7082	25.9157
 9.6900	25.8471
 9.6719	25.7878
 9.6539	25.7245
 9.6360	25.7184
 9.6181	25.7888
 9.6003	25.8720
 9.5825	26.0187
 9.5649	26.3027
 9.5472	26.6730
 9.5297	27.1581
 9.5122	27.9147
 9.4948	28.8625
 9.4774	29.9274
 9.4601	31.1449
 9.4429	32.4006
 9.4257	33.4655
 9.4086	34.3578
 9.3916	35.1322
 9.3746	35.6776
 9.3577	36.0736
 9.3408	36.4738
 9.3240	36.8161
 9.3073	37.0297
 9.2906	37.2221
 9.2740	37.3766
 9.2574	37.4064
 9.2409	37.4272
 9.2245	37.5006
 9.2081	37.5407
 9.1918	37.5265
 9.1755	37.5680
 9.1593	37.6046
 9.1431	37.6095
 9.1270	37.7101
 9.1110	37.8505
 9.0950	37.9279
 9.0791	38.0358
 9.0632	38.2101
 9.0474	38.3537
 9.0316	38.4999
 9.0159	38.7406
 9.0003	38.9499
 8.9847	39.0810
 8.9691	39.2616
 8.9536	39.4357
 8.9382	39.5519
 8.9228	39.7103
 8.9075	39.9298
 8.8922	40.1537
 8.8770	40.4967
 8.8618	41.0785
 8.8467	41.8038
 8.8316	42.5343
 8.8166	43.0919
 8.8016	43.2059
 8.7867	42.7921
 8.7718	42.0739
 8.7570	41.1569
 8.7422	39.9857
 8.7275	38.6820
 8.7129	37.3461
 8.6982	35.9071
 8.6837	34.3925
 8.6692	32.8988
 8.6547	31.3757
 8.6403	29.8012
 8.6259	28.3776
 8.6116	27.1723
 8.5973	26.0305
 8.5830	24.8439
 8.5688	23.5676
 8.5547	22.1789
 8.5406	20.7148
 8.5266	19.2792
 8.5126	17.8813
 8.4986	16.5412
 8.4847	15.3112
 8.4708	14.1909
 8.4570	13.1235
 8.4432	12.1228
 8.4295	11.2368
 8.4158	10.4602
 8.4022	 9.8056
 8.3886	 9.3308
 8.3750	 9.0454
 8.3615	 8.9272
 8.3481	 8.9531
 8.3347	 9.0696
 8.3213	 9.2180
 8.3079	 9.3713
 8.2946	 9.5305
 8.2814	 9.6719
 8.2682	 9.8027
 8.2550	 9.9341
 8.2419	10.0512
 8.2288	10.1455
 8.2158	10.2341
 8.2028	10.3213
 8.1898	10.3672
 8.1769	10.3928
 8.1640	10.4133
 8.1512	10.3977
 8.1384	10.3520
 8.1256	10.2959
 8.1129	10.2265
 8.1002	10.1428
 8.0876	10.0761
 8.0750	10.0176
 8.0624	 9.9426
 8.0499	 9.8701
 8.0374	 9.8159
 8.0250	 9.7590
 8.0126	 9.6970
 8.0002	 9.6462
 7.9879	 9.6001
 7.9756	 9.5385
 7.9634	 9.4856
 7.9512	 9.4424
 7.9390	 9.3816
 7.9268	 9.3159
 7.9147	 9.2744
 7.9027	 9.2402
 7.8906	 9.1921
 7.8786	 9.1506
 7.8667	 9.1386
 7.8548	 9.1260
 7.8429	 9.1035
 7.8310	 9.0935
 7.8192	 9.0854
 7.8075	 9.0788
 7.7957	 9.0774
 7.7840	 9.0654
 7.7723	 9.0434
 7.7607	 9.0229
 7.7491	 9.0232
 7.7375	 9.0136
 7.7260	 8.9887
 7.7145	 8.9731
 7.7031	 8.9616
 7.6916	 8.9446
 7.6802	 8.9255
 7.6689	 8.8977
 7.6575	 8.8725
 7.6462	 8.8445
 7.6350	 8.8200
 7.6238	 8.7907
 7.6126	 8.7585
 7.6014	 8.7395
 7.5903	 8.7224
 7.5792	 8.7077
 7.5681	 8.6938
 7.5571	 8.6611
 7.5461	 8.6391
 7.5351	 8.6306
 7.5242	 8.6106
 7.5133	 8.5891
 7.5024	 8.5754
 7.4916	 8.5737
 7.4807	 8.5595
 7.4700	 8.5407
 7.4592	 8.5303
 7.4485	 8.5249
 7.4378	 8.5222
 7.4272	 8.5158
 7.4165	 8.4978
 7.4059	 8.4834
 7.3954	 8.4885
 7.3848	 8.4944
 7.3743	 8.4797
 7.3639	 8.4678
 7.3534	 8.4875
 7.3430	 8.5044
 7.3326	 8.4912
 7.3223	 8.4878
 7.3119	 8.4968
 7.3016	 8.4973
 7.2914	 8.4944
 7.2811	 8.4988
 7.2709	 8.5032
 7.2607	 8.5068
 7.2506	 8.5171
 7.2404	 8.5266
 7.2303	 8.5259
 7.2203	 8.5312
 7.2102	 8.5398
 7.2002	 8.5520
 7.1902	 8.5705
 7.1803	 8.5813
 7.1703	 8.5825
 7.1604	 8.6052
 7.1506	 8.6377
 7.1407	 8.6491
 7.1309	 8.6523
 7.1211	 8.6694
 7.1113	 8.6894
 7.1016	 8.6953
 7.0919	 8.7024
 7.0822	 8.7229
 7.0725	 8.7309
 7.0629	 8.7282
 7.0533	 8.7273
 7.0437	 8.7280
 7.0341	 8.7326
 7.0246	 8.7473
 7.0151	 8.7607
 7.0056	 8.7546
 6.9962	 8.7549
 6.9867	 8.7654
 6.9773	 8.7739
 6.9679	 8.7619
 6.9586	 8.7512
 6.9493	 8.7556
 6.9400	 8.7500
 6.9307	 8.7514
 6.9214	 8.7512
 6.9122	 8.7402
 6.9030	 8.7502
 6.8938	 8.7700
 6.8847	 8.7656
 6.8755	 8.7615
 6.8664	 8.7522
 6.8573	 8.7685
 6.8483	 8.7954
 6.8393	 8.8176
 6.8302	 8.8369
 6.8213	 8.8542
 6.8123	 8.8664
 6.8034	 8.8667
 6.7944	 8.8508
 6.7855	 8.8486
 6.7767	 8.8611
 6.7678	 8.8596
 6.7590	 8.8620
 6.7502	 8.8659
 6.7414	 8.8645
 6.7327	 8.8569
 6.7239	 8.8569
 6.7152	 8.8650
 6.7065	 8.8716
 6.6979	 8.8823
 6.6892	 8.8869
 6.6806	 8.8799
 6.6720	 8.8782
 6.6634	 8.8950
 6.6549	 8.9055
 6.6464	 8.8808
 6.6378	 8.8677
 6.6294	 8.9031
 6.6209	 8.9275
 6.6124	 8.9265
 6.6040	 8.9365
 6.5956	 8.9350
 6.5872	 8.9284
 6.5789	 8.9355
 6.5705	 8.9455
 6.5622	 8.9514
 6.5539	 8.9548
 6.5456	 8.9734
 6.5374	 8.9756
 6.5292	 8.9670
 6.5209	 8.9685
 6.5128	 8.9870
 6.5046	 8.9792
 6.4964	 8.9577
 6.4883	 8.9678
 6.4802	 8.9934
 6.4721	 9.0139
 6.4640	 9.0259
 6.4560	 9.0281
 6.4480	 9.0322
 6.4399	 9.0425
 6.4320	 9.0417
 6.4240	 9.0202
 6.4160	 9.0088
 6.4081	 9.0388
 6.4002	 9.0698
 6.3923	 9.0844
 6.3844	 9.0957
 6.3766	 9.0910
 6.3687	 9.0986
 6.3609	 9.1289
 6.3531	 9.1269
 6.3454	 9.1118
 6.3376	 9.1369
 6.3299	 9.1670
 6.3221	 9.1704
 6.3144	 9.1753
 6.3068	 9.1860
 6.2991	 9.1870
 6.2914	 9.1916
 6.2838	 9.2068
 6.2762	 9.2114
 6.2686	 9.2070
 6.2611	 9.2121
 6.2535	 9.2156
 6.2460	 9.2114
 6.2385	 9.2236
 6.2310	 9.2339
 6.2235	 9.2353
 6.2160	 9.2397
 6.2086	 9.2541
 6.2011	 9.2610
 6.1937	 9.2563
 6.1863	 9.2536
 6.1790	 9.2654
 6.1716	 9.2805
 6.1643	 9.2773
 6.1570	 9.2768
 6.1496	 9.2729
 6.1424	 9.2571
 6.1351	 9.2519
 6.1278	 9.2512
 6.1206	 9.2353
 6.1134	 9.2185
 6.1062	 9.2265
 6.0990	 9.2326
 6.0918	 9.2334
 6.0847	 9.2385
 6.0776	 9.2199
 6.0704	 9.2256
 6.0633	 9.2522
 6.0563	 9.2334
 6.0492	 9.1987
 6.0421	 9.2280
 6.0351	 9.2558
 6.0281	 9.2505
 6.0211	 9.2434
 6.0141	 9.2422
 6.0071	 9.2365
 6.0002	 9.2358
 5.9932	 9.2356
 5.9863	 9.2256
 5.9794	 9.2112
 5.9725	 9.2058
 5.9657	 9.2068
 5.9588	 9.2087
 5.9520	 9.2043
 5.9451	 9.1982
 5.9383	 9.1679
 5.9315	 9.1738
 5.9247	 9.2048
 5.9180	 9.2175
 5.9112	 9.2168
 5.9045	 9.2077
 5.8978	 9.1889
 5.8911	 9.1928
 5.8844	 9.1784
 5.8777	 9.1838
 5.8711	 9.2073
 5.8644	 9.2112
 5.8578	 9.2158
 5.8512	 9.2102
 5.8446	 9.1970
 5.8380	 9.1904
 5.8314	 9.1855
 5.8249	 9.1679
 5.8184	 9.1826
 5.8118	 9.2163
 5.8053	 9.2334
 5.7988	 9.2556
 5.7924	 9.2895
 5.7859	 9.3191
 5.7794	 9.3406
 5.7730	 9.3581
 5.7666	 9.3725
 5.7602	 9.4145
 5.7538	 9.4524
 5.7474	 9.4880
 5.7410	 9.5178
 5.7347	 9.5300
 5.7283	 9.5493
 5.7220	 9.5486
 5.7157	 9.5281
 5.7094	 9.5173
 5.7031	 9.5241
 5.6969	 9.5178
 5.6906	 9.5124
 5.6844	 9.5146
 5.6782	 9.5019
 5.6719	 9.5019
 5.6657	 9.5163
 5.6596	 9.5075
 5.6534	 9.4939
 5.6472	 9.4944
 5.6411	 9.4929
 5.6349	 9.5027
 5.6288	 9.5134
 5.6227	 9.5097
 5.6166	 9.5027
 5.6106	 9.5024
 5.6045	 9.5068
 5.5984	 9.5112
 5.5924	 9.5176
 5.5864	 9.5117
 5.5804	 9.5022
 5.5744	 9.5005
 5.5684	 9.5073
 5.5624	 9.5158
 5.5564	 9.5102
 5.5505	 9.5080
 5.5445	 9.5161
 5.5386	 9.5124
 5.5327	 9.5078
 5.5268	 9.5063
 5.5209	 9.5124
 5.5151	 9.5112
 5.5092	 9.5034
 5.5033	 9.5017
 5.4975	 9.4980
 5.4917	 9.5046
 5.4859	 9.5105
 5.4801	 9.5012
 5.4743	 9.4941
 5.4685	 9.4948
 5.4628	 9.5017
 5.4570	 9.5041
 5.4513	 9.4980
 5.4455	 9.4865
 5.4398	 9.4848
 5.4341	 9.4936
 5.4284	 9.4892
 5.4228	 9.4758
 5.4171	 9.4809
 5.4114	 9.4944
 5.4058	 9.4941
 5.4002	 9.4831
 5.3945	 9.4809
 5.3889	 9.4831
 5.3833	 9.4748
 5.3778	 9.4726
 5.3722	 9.4787
 5.3666	 9.4800
 5.3611	 9.4724
 5.3555	 9.4629
 5.3500	 9.4599
 5.3445	 9.4658
 5.3390	 9.4641
 5.3335	 9.4646
 5.3280	 9.4680
 5.3225	 9.4656
 5.3171	 9.4673
 5.3116	 9.4665
 5.3062	 9.4631
 5.3008	 9.4643
 5.2954	 9.4616
 5.2900	 9.4607
 5.2846	 9.4724
 5.2792	 9.4782
 5.2738	 9.4719
 5.2684	 9.4751
 5.2631	 9.4912
 5.2578	 9.4948
 5.2524	 9.4914
 5.2471	 9.4907
 5.2418	 9.4948
 5.2365	 9.5024
 5.2312	 9.5088
 5.2260	 9.5088
 5.2207	 9.5010
 5.2154	 9.5085
 5.2102	 9.5276
 5.2050	 9.5288
 5.1998	 9.5224
 5.1945	 9.5263
 5.1893	 9.5256
 5.1842	 9.5256
 5.1790	 9.5290
 5.1738	 9.5285
 5.1686	 9.5200
 5.1635	 9.5219
 5.1584	 9.5315
 5.1532	 9.5327
 5.1481	 9.5339
 5.1430	 9.5393
 5.1379	 9.5385
 5.1328	 9.5339
 5.1277	 9.5388
 5.1227	 9.5366
 5.1176	 9.5168
 5.1126	 9.5151
 5.1075	 9.5293
 5.1025	 9.5317
 5.0975	 9.5227
 5.0925	 9.5210
 5.0875	 9.5198
 5.0825	 9.5088
 5.0775	 9.5110
 5.0726	 9.5154
 5.0676	 9.5097
 5.0627	 9.5095
 5.0577	 9.5156
 5.0528	 9.5168
 5.0479	 9.5144
 5.0430	 9.5161
 5.0380	 9.5141
 5.0332	 9.5132
 5.0283	 9.5139
 5.0234	 9.5110
 5.0185	 9.5102
 5.0137	 9.5139
 5.0088	 9.5205
 5.0040	 9.5188
 4.9992	 9.5188
 4.9944	 9.5207
 4.9896	 9.5205
 4.9848	 9.5110
 4.9800	 9.5205
 4.9752	 9.5249
 4.9704	 9.5171
 4.9657	 9.5210
 4.9609	 9.5256
 4.9562	 9.5227
 4.9514	 9.5232
 4.9467	 9.5271
 4.9420	 9.5249
 4.9373	 9.5246
 4.9326	 9.5334
 4.9279	 9.5332
 4.9232	 9.5251
 4.9186	 9.5302
 4.9139	 9.5327
 4.9092	 9.5271
 4.9046	 9.5344
 4.9000	 9.5381
 4.8953	 9.5305
 4.8907	 9.5315
 4.8861	 9.5378
 4.8815	 9.5420
 4.8769	 9.5437
 4.8723	 9.5422
 4.8678	 9.5461
 4.8632	 9.5515
 4.8586	 9.5552
 4.8541	 9.5591
 4.8495	 9.5561
 4.8450	 9.5556
 4.8405	 9.5666
 4.8360	 9.5744
 4.8315	 9.5686
 4.8270	 9.5749
 4.8225	 9.5901
 4.8180	 9.5888
 4.8135	 9.5813
 4.8090	 9.5871
 4.8046	 9.6047
 4.8001	 9.6035
 4.7957	 9.5937
 4.7913	 9.5947
 4.7868	 9.5962
 4.7824	 9.6064
 4.7780	 9.6135
 4.7736	 9.6125
 4.7692	 9.6050
 4.7648	 9.6103
 4.7605	 9.6181
 4.7561	 9.6191
 4.7517	 9.6269
 4.7474	 9.6335
 4.7431	 9.6340
 4.7387	 9.6340
 4.7344	 9.6362
 4.7301	 9.6384
 4.7258	 9.6460
 4.7215	 9.6548
 4.7172	 9.6675
 4.7129	 9.6721
 4.7086	 9.6823
 4.7043	 9.6909
 4.7000	 9.6943
 4.6958	 9.7041
 4.6915	 9.7170
 4.6873	 9.7273
 4.6831	 9.7263
 4.6788	 9.7365
 4.6746	 9.7402
 4.6704	 9.7451
 4.6662	 9.7510
 4.6620	 9.7602
 4.6578	 9.7610
 4.6536	 9.7656
 4.6495	 9.7827
 4.6453	 9.7829
 4.6411	 9.7846
 4.6370	 9.8071
 4.6328	 9.8176
 4.6287	 9.8161
 4.6246	 9.8269
 4.6205	 9.8391
 4.6163	 9.8427
 4.6122	 9.8528
 4.6081	 9.8672
 4.6040	 9.8794
 4.6000	 9.8882
 4.5959	 9.9004
 4.5918	 9.9101
 4.5877	 9.9206
 4.5837	 9.9328
 4.5796	 9.9441
 4.5756	 9.9460
 4.5716	 9.9509
 4.5675	 9.9641
 4.5635	 9.9746
 4.5595	 9.9836
 4.5555	 9.9922
 4.5515	 9.9973
 4.5475	10.0093
 4.5435	10.0229
 4.5395	10.0342
 4.5356	10.0356
 4.5316	10.0473
 4.5276	10.0632
 4.5237	10.0705
 4.5197	10.0788
 4.5158	10.0923
 4.5119	10.0910
 4.5080	10.0935
 4.5040	10.1084
 4.5001	10.1164
 4.4962	10.1238
 4.4923	10.1255
 4.4884	10.1257
 4.4846	10.1396
 4.4807	10.1499
 4.4768	10.1535
 4.4730	10.1565
 4.4691	10.1565
 4.4652	10.1557
 4.4614	10.1570
 4.4576	10.1645
 4.4537	10.1706
 4.4499	10.1787
 4.4461	10.1821
 4.4423	10.1823
 4.4385	10.1875
 4.4347	10.1919
 4.4309	10.1858
 4.4271	10.1906
 4.4233	10.1963
 4.4196	10.1938
 4.4158	10.2024
 4.4120	10.1987
 4.4083	10.1936
 4.4045	10.2072
 4.4008	10.2160
 4.3971	10.2119
 4.3934	10.2092
 4.3896	10.2143
 4.3859	10.2273
 4.3822	10.2297
 4.3785	10.2302
 4.3748	10.2412
 4.3711	10.2419
 4.3674	10.2448
 4.3638	10.2500
 4.3601	10.2534
 4.3564	10.2497
 4.3528	10.2510
 4.3491	10.2558
 4.3455	10.2600
 4.3418	10.2636
 4.3382	10.2651
 4.3346	10.2676
 4.3310	10.2624
 4.3273	10.2722
 4.3237	10.2922
 4.3201	10.2983
 4.3165	10.2947
 4.3129	10.2932
 4.3094	10.2934
 4.3058	10.2947
 4.3022	10.2917
 4.2986	10.3012
 4.2951	10.3108
 4.2915	10.3103
 4.2880	10.3113
 4.2844	10.3154
 4.2809	10.3191
 4.2774	10.3227
 4.2738	10.3322
 4.2703	10.3369
 4.2668	10.3379
 4.2633	10.3430
 4.2598	10.3449
 4.2563	10.3462
 4.2528	10.3464
 4.2493	10.3510
 4.2458	10.3545
 4.2424	10.3586
 4.2389	10.3615
 4.2354	10.3618
 4.2320	10.3640
 4.2285	10.3613
 4.2251	10.3659
 4.2216	10.3755
 4.2182	10.3828
 4.2148	10.3838
 4.2113	10.3735
 4.2079	10.3662
 4.2045	10.3747
 4.2011	10.3825
 4.1977	10.3882
 4.1943	10.3899
 4.1909	10.3857
 4.1875	10.3984
 4.1841	10.4135
 4.1808	10.4106
 4.1774	10.4016
 4.1740	10.4067
 4.1707	10.4106
 4.1673	10.4145
 4.1640	10.4194
 4.1606	10.4106
 4.1573	10.4067
 4.1540	10.4082
 4.1506	10.4177
 4.1473	10.4243
 4.1440	10.4192
 4.1407	10.4189
 4.1374	10.4260
 4.1341	10.4267
 4.1308	10.4282
 4.1275	10.4277
 4.1242	10.4253
 4.1209	10.4194
 4.1177	10.4260
 4.1144	10.4360
 4.1111	10.4355
 4.1079	10.4414
 4.1046	10.4497
 4.1014	10.4511
 4.0981	10.4597
 4.0949	10.4597
 4.0917	10.4602
 4.0884	10.4616
 4.0852	10.4619
 4.0820	10.4692
 4.0788	10.4756
 4.0756	10.4739
 4.0724	10.4673
 4.0692	10.4616
 4.0660	10.4592
 4.0628	10.4594
 4.0596	10.4629
 4.0565	10.4702
 4.0533	10.4702
 4.0501	10.4614
 4.0470	10.4626
 4.0438	10.4760
 4.0406	10.4765
 4.0375	10.4673
 4.0344	10.4697
 4.0312	10.4753
 4.0281	10.4790
 4.0250	10.4795
 4.0218	10.4660
 4.0187	10.4636
 4.0156	10.4653
 4.0125	10.4712
 4.0094	10.4775
 4.0063	10.4780
 4.0032	10.4719
 4.0001	10.4663
 3.9970	10.4599
 3.9940	10.4655
 3.9909	10.4690
 3.9878	10.4553
 3.9847	10.4524
 3.9817	10.4621
 3.9786	10.4602
 3.9756	10.4570
 3.9725	10.4590
 3.9695	10.4670
 3.9665	10.4704
 3.9634	10.4668
 3.9604	10.4739
 3.9574	10.4814
 3.9544	10.4807
 3.9513	10.4856
 3.9483	10.4939
 3.9453	10.5009
 3.9423	10.5029
 3.9393	10.5017
 3.9363	10.5034
 3.9333	10.5149
 3.9304	10.5229
 3.9274	10.5227
 3.9244	10.5229
 3.9214	10.5381
 3.9185	10.5451
 3.9155	10.5344
 3.9126	10.5259
 3.9096	10.5383
 3.9067	10.5459
 3.9037	10.5486
 3.9008	10.5449
 3.8979	10.5410
 3.8949	10.5444
 3.8920	10.5434
 3.8891	10.5366
 3.8862	10.5473
 3.8833	10.5559
 3.8804	10.5493
 3.8775	10.5473
 3.8746	10.5515
 3.8717	10.5429
 3.8688	10.5371
 3.8659	10.5376
 3.8630	10.5500
 3.8601	10.5498
 3.8573	10.5456
 3.8544	10.5537
 3.8515	10.5510
 3.8487	10.5593
 3.8458	10.5674
 3.8430	10.5652
 3.8401	10.5710
 3.8373	10.5732
 3.8344	10.5676
 3.8316	10.5676
 3.8288	10.5761
 3.8259	10.5776
 3.8231	10.5766
 3.8203	10.5776
 3.8175	10.5766
 3.8147	10.5747
 3.8119	10.5725
 3.8091	10.5705
 3.8063	10.5801
 3.8035	10.5832
 3.8007	10.5805
 3.7979	10.5798
 3.7951	10.5725
 3.7924	10.5788
 3.7896	10.5866
 3.7868	10.5940
 3.7841	10.5954
 3.7813	10.5935
 3.7785	10.6074
 3.7758	10.6050
 3.7730	10.5976
 3.7703	10.6015
 3.7676	10.6032
 3.7648	10.6050
 3.7621	10.6111
 3.7594	10.6135
 3.7566	10.6189
 3.7539	10.6220
 3.7512	10.6155
 3.7485	10.6174
 3.7458	10.6164
 3.7431	10.6050
 3.7404	10.6030
 3.7377	10.6111
 3.7350	10.6123
 3.7323	10.6040
 3.7296	10.5988
 3.7269	10.5986
 3.7242	10.6013
 3.7216	10.6015
 3.7189	10.5988
 3.7162	10.6086
 3.7136	10.6147
 3.7109	10.6189
 3.7083	10.6223
 3.7056	10.6164
 3.7030	10.6130
 3.7003	10.6169
 3.6977	10.6155
 3.6950	10.6176
 3.6924	10.6128
 3.6898	10.6133
 3.6872	10.6196
 3.6845	10.6111
 3.6819	10.6062
 3.6793	10.6103
 3.6767	10.6125
 3.6741	10.6181
 3.6715	10.6115
 3.6689	10.6072
 3.6663	10.6098
 3.6637	10.6106
 3.6611	10.6137
 3.6585	10.6159
 3.6560	10.6211
 3.6534	10.6218
 3.6508	10.6155
 3.6482	10.6133
 3.6457	10.6084
 3.6431	10.6069
 3.6406	10.6140
 3.6380	10.6081
 3.6355	10.5959
 3.6329	10.6059
 3.6304	10.6133
 3.6278	10.5898
 3.6253	10.5791
 3.6227	10.5940
 3.6202	10.5974
 3.6177	10.5918
 3.6152	10.5835
 3.6127	10.5840
 3.6101	10.5908
 3.6076	10.5981
 3.6051	10.5932
 3.6026	10.5969
 3.6001	10.5969
 3.5976	10.6045
 3.5951	10.6123
 3.5926	10.6125
 3.5901	10.6128
 3.5876	10.6101
 3.5852	10.6003
 3.5827	10.5930
 3.5802	10.5908
 3.5777	10.5927
 3.5753	10.5835
 3.5728	10.5935
 3.5704	10.6010
 3.5679	10.5952
 3.5654	10.5932
 3.5630	10.6008
 3.5605	10.5988
 3.5581	10.5859
 3.5557	10.5886
 3.5532	10.5849
 3.5508	10.5710
 3.5484	10.5676
 3.5459	10.5556
 3.5435	10.5544
 3.5411	10.5605
 3.5387	10.5674
 3.5363	10.5622
 3.5338	10.5500
 3.5314	10.5415
 3.5290	10.5493
 3.5266	10.5490
 3.5242	10.5451
 3.5218	10.5398
 3.5195	10.5429
 3.5171	10.5366
 3.5147	10.5266
 3.5123	10.5381
 3.5099	10.5522
 3.5075	10.5500
 3.5052	10.5403
 3.5028	10.5295
 3.5004	10.5317
 3.4981	10.5405
 3.4957	10.5449
 3.4934	10.5483
 3.4910	10.5576
 3.4887	10.5537
 3.4863	10.5510
 3.4840	10.5515
 3.4816	10.5571
 3.4793	10.5508
 3.4770	10.5564
 3.4746	10.5703
 3.4723	10.5705
 3.4700	10.5666
 3.4677	10.5637
 3.4653	10.5566
 3.4630	10.5593
 3.4607	10.5598
 3.4584	10.5671
 3.4561	10.5718
 3.4538	10.5659
 3.4515	10.5688
 3.4492	10.5686
 3.4469	10.5681
 3.4446	10.5703
 3.4423	10.5647
 3.4400	10.5593
 3.4378	10.5644
 3.4355	10.5622
 3.4332	10.5622
 3.4309	10.5678
 3.4287	10.5718
 3.4264	10.5730
 3.4241	10.5796
 3.4219	10.5844
 3.4196	10.5815
 3.4174	10.5903
 3.4151	10.6028
 3.4129	10.5949
 3.4106	10.5905
 3.4084	10.5896
 3.4061	10.5940
 3.4039	10.5918
 3.4017	10.5898
 3.3994	10.5954
 3.3972	10.5971
 3.3950	10.5908
 3.3928	10.5825
 3.3906	10.5766
 3.3883	10.5669
 3.3861	10.5615
 3.3839	10.5683
 3.3817	10.5832
 3.3795	10.5945
 3.3773	10.5986
 3.3751	10.5986
 3.3729	10.6074
 3.3707	10.6255
 3.3685	10.6223
 3.3663	10.6162
 3.3641	10.6145
 3.3620	10.6101
 3.3598	10.6074
 3.3576	10.5959
 3.3554	10.5849
 3.3533	10.5813
 3.3511	10.5774
 3.3489	10.5578
 3.3468	10.5490
 3.3446	10.5515
 3.3425	10.5547
 3.3403	10.5544
 3.3382	10.5520
 3.3360	10.5434
 3.3339	10.5425
 3.3317	10.5363
 3.3296	10.5227
 3.3274	10.5176
 3.3253	10.5271
 3.3232	10.5232
 3.3210	10.5144
 3.3189	10.5107
 3.3168	10.4968
 3.3147	10.5014
 3.3126	10.5168
 3.3104	10.4978
 3.3083	10.4870
 3.3062	10.4863
 3.3041	10.4900
 3.3020	10.4853
 3.2999	10.4834
 3.2978	10.4839
 3.2957	10.4773
 3.2936	10.4756
 3.2915	10.4887
 3.2894	10.4875
 3.2874	10.4870
 3.2853	10.4712
 3.2832	10.4475
 3.2811	10.4455
 3.2790	10.4477
 3.2770	10.4438
 3.2749	10.4353
 3.2728	10.4353
 3.2708	10.4394
 3.2687	10.4280
 3.2666	10.4114
 3.2646	10.3965
 3.2625	10.4035
 3.2605	10.4138
 3.2584	10.4001
 3.2564	10.3935
 3.2543	10.3926
 3.2523	10.3784
 3.2503	10.3808
 3.2482	10.3845
 3.2462	10.3740
 3.2442	10.3711
 3.2421	10.3742
 3.2401	10.3667
 3.2381	10.3528
 3.2361	10.3525
 3.2340	10.3447
 3.2320	10.3342
 3.2300	10.3320
 3.2280	10.3354
 3.2260	10.3479
 3.2240	10.3481
 3.2220	10.3369
 3.2200	10.3332
 3.2180	10.3266
 3.2160	10.3274
 3.2140	10.3222
 3.2120	10.3056
 3.2100	10.3044
 3.2080	10.3130
 3.2060	10.3039
 3.2040	10.3027
 3.2021	10.3015
 3.2001	10.2824
 3.1981	10.2690
 3.1961	10.2763
 3.1942	10.2737
 3.1922	10.2614
 3.1902	10.2593
 3.1883	10.2683
 3.1863	10.2715
 3.1844	10.2676
 3.1824	10.2602
 3.1805	10.2544
 3.1785	10.2517
 3.1766	10.2297
 3.1746	10.2199
 3.1727	10.2239
 3.1707	10.2280
 3.1688	10.2231
 3.1669	10.2107
 3.1649	10.2173
 3.1630	10.2209
 3.1611	10.2104
 3.1591	10.2041
 3.1572	10.2068
 3.1553	10.2016
 3.1534	10.1904
 3.1515	10.1841
 3.1495	10.1838
 3.1476	10.1865
 3.1457	10.1684
 3.1438	10.1482
 3.1419	10.1531
 3.1400	10.1516
 3.1381	10.1460
 3.1362	10.1386
 3.1343	10.1323
 3.1324	10.1343
 3.1305	10.1408
 3.1286	10.1284
 3.1268	10.1250
 3.1249	10.1213
 3.1230	10.1169
 3.1211	10.1176
 3.1192	10.1101
 3.1174	10.1030
 3.1155	10.0927
 3.1136	10.0898
 3.1117	10.0981
 3.1099	10.1062
 3.1080	10.0959
 3.1061	10.0766
 3.1043	10.0776
 3.1024	10.0952
 3.1006	10.0879
 3.0987	10.0737
 3.0969	10.0739
 3.0950	10.0757
 3.0932	10.0639
 3.0913	10.0508
 3.0895	10.0398
 3.0876	10.0346
 3.0858	10.0368
 3.0840	10.0378
 3.0821	10.0371
 3.0803	10.0300
 3.0785	10.0180
 3.0766	10.0219
 3.0748	10.0300
 3.0730	10.0312
 3.0712	10.0278
 3.0694	10.0105
 3.0675	 9.9922
 3.0657	 9.9829
 3.0639	10.0034
 3.0621	10.0122
 3.0603	10.0010
 3.0585	 9.9834
 3.0567	 9.9831
 3.0549	 9.9853
 3.0531	 9.9809
 3.0513	 9.9712
 3.0495	 9.9648
 3.0477	 9.9724
 3.0459	 9.9707
 3.0441	 9.9609
 3.0423	 9.9624
 3.0406	 9.9599
 3.0388	 9.9568
 3.0370	 9.9614
 3.0352	 9.9609
 3.0334	 9.9433
 3.0317	 9.9321
 3.0299	 9.9392
 3.0281	 9.9553
 3.0264	 9.9543
 3.0246	 9.9431
 3.0228	 9.9341
 3.0211	 9.9189
 3.0193	 9.9079
 3.0176	 9.9145
 3.0158	 9.9043
 3.0140	 9.9009
 3.0123	 9.9106
 3.0105	 9.9065
 3.0088	 9.8979
 3.0070	 9.8843
 3.0053	 9.8686
 3.0036	 9.8747
 3.0018	 9.8764
 3.0001	 9.8633
 2.9984	 9.8593
 2.9966	 9.8711
 2.9949	 9.8637
 2.9932	 9.8498
 2.9914	 9.8418
 2.9897	 9.8535
 2.9880	 9.8513
 2.9863	 9.8452
 2.9845	 9.8489
 2.9828	 9.8413
 2.9811	 9.8423
 2.9794	 9.8440
 2.9777	 9.8308
 2.9760	 9.8281
 2.9743	 9.8303
 2.9726	 9.8266
 2.9709	 9.8252
 2.9692	 9.8247
 2.9675	 9.8225
 2.9658	 9.8149
 2.9641	 9.8081
 2.9624	 9.7910
 2.9607	 9.7822
 2.9590	 9.7956
 2.9573	 9.8069
 2.9556	 9.8218
 2.9539	 9.8257
 2.9523	 9.8325
 2.9506	 9.8498
 2.9489	 9.8486
 2.9472	 9.8364
 2.9455	 9.8237
 2.9439	 9.8359
 2.9422	 9.8457
 2.9405	 9.8393
 2.9389	 9.8423
 2.9372	 9.8359
 2.9355	 9.8291
 2.9339	 9.8388
 2.9322	 9.8391
 2.9306	 9.8193
 2.9289	 9.8105
 2.9272	 9.8117
 2.9256	 9.8081
 2.9239	 9.8261
 2.9223	 9.8232
 2.9207	 9.8056
 2.9190	 9.7932
 2.9174	 9.7949
 2.9157	 9.8020
 2.9141	 9.7937
 2.9124	 9.7846
 2.9108	 9.7929
 2.9092	 9.7856
 2.9075	 9.7763
 2.9059	 9.7968
 2.9043	 9.7822
 2.9027	 9.7641
 2.9010	 9.7654
 2.8994	 9.7641
 2.8978	 9.7575
 2.8962	 9.7617
 2.8946	 9.7700
 2.8929	 9.7583
 2.8913	 9.7617
 2.8897	 9.7634
 2.8881	 9.7490
 2.8865	 9.7617
 2.8849	 9.7739
 2.8833	 9.7763
 2.8817	 9.7807
 2.8801	 9.7876
 2.8785	 9.7903
 2.8769	 9.7793
 2.8753	 9.7885
 2.8737	 9.7995
 2.8721	 9.8161
 2.8705	 9.8330
 2.8689	 9.8257
 2.8673	 9.8164
 2.8658	 9.8340
 2.8642	 9.8559
 2.8626	 9.8525
 2.8610	 9.8506
 2.8594	 9.8633
 2.8579	 9.8593
 2.8563	 9.8569
 2.8547	 9.8564
 2.8531	 9.8535
 2.8516	 9.8564
 2.8500	 9.8589
 2.8484	 9.8633
 2.8469	 9.8716
 2.8453	 9.8755
 2.8437	 9.8730
 2.8422	 9.8613
 2.8406	 9.8628
 2.8391	 9.8677
 2.8375	 9.8733
 2.8360	 9.8730
 2.8344	 9.8554
 2.8329	 9.8545
 2.8313	 9.8598
 2.8298	 9.8579
 2.8282	 9.8567
 2.8267	 9.8603
 2.8252	 9.8694
 2.8236	 9.8706
 2.8221	 9.8813
 2.8205	 9.8879
 2.8190	 9.8965
 2.8175	 9.8847
 2.8159	 9.8916
 2.8144	 9.9101
 2.8129	 9.9170
 2.8114	 9.9204
 2.8098	 9.9282
 2.8083	 9.9321
 2.8068	 9.9404
 2.8053	 9.9463
 2.8038	 9.9546
 2.8022	 9.9477
 2.8007	 9.9521
 2.7992	 9.9692
 2.7977	 9.9800
 2.7962	 9.9790
 2.7947	 9.9922
 2.7932	 9.9985
 2.7917	 9.9980
 2.7902	 9.9975
 2.7887	 9.9902
 2.7872	 9.9873
 2.7857	 9.9878
 2.7842	 9.9941
 2.7827	10.0097
 2.7812	10.0156
 2.7797	 9.9990
 2.7782	 9.9863
 2.7767	 9.9883
 2.7752	 9.9961
 2.7738	10.0063
 2.7723	 9.9912
 2.7708	 9.9809
 2.7693	 9.9931
 2.7678	10.0058
 2.7664	10.0073
 2.7649	10.0063
 2.7634	10.0034
 2.7619	10.0063
 2.7605	10.0014
 2.7590	 9.9922
 2.7575	 9.9907
 2.7561	 9.9868
 2.7546	10.0083
 2.7531	10.0342
 2.7517	10.0249
 2.7502	10.0307
 2.7488	10.0361
 2.7473	10.0132
 2.7458	 9.9970
 2.7444	 9.9897
 2.7429	10.0029
 2.7415	10.0312
 2.7400	10.0508
 2.7386	10.0771
 2.7371	10.0986
 2.7357	10.0879
 2.7343	10.0581
 2.7328	10.0639
 2.7314	10.0654
 2.7299	10.0625
 2.7285	10.1274
 2.7271	10.1924
 2.7256	10.1863
 2.7242	10.1562
 2.7228	10.1352
 2.7213	10.0844
 2.7199	10.0840
 2.7185	10.1845
 2.7171	10.2881
 2.7156	10.3401
 2.7142	10.3498
 2.7128	10.3569
 2.7114	10.3525
 2.7100	10.3586
 2.7085	10.3901
 2.7071	10.3879
 2.7057	10.3911
 2.7043	10.3991
 2.7029	10.3955
 2.7015	10.3906
 2.7001	10.3950
 2.6987	10.3877
 2.6973	10.3916
 2.6959	10.4089
 2.6945	10.4323
 2.6931	10.4106
 2.6917	10.4201
 2.6903	10.4270
 2.6889	10.4084
 2.6875	10.4001
 2.6861	10.4287
 2.6847	10.4492
 2.6833	10.4348
 2.6819	10.4262
 2.6805	10.4482
 2.6791	10.4521
 2.6778	10.4516
 2.6764	10.4565
 2.6750	10.4726
 2.6736	10.4729
 2.6722	10.4463
 2.6709	10.4153
 2.6695	10.4321
 2.6681	10.4397
 2.6667	10.4380
 2.6654	10.4326
 2.6640	10.4338
 2.6626	10.4465
 2.6613	10.4546
 2.6599	10.4602
 2.6585	10.4375
 2.6572	10.4326
 2.6558	10.4275
 2.6545	10.4267
 2.6531	10.4331
 2.6517	10.4321
 2.6504	10.4153
 2.6490	10.4194
 2.6477	10.3999
 2.6463	10.3833
 2.6450	10.4006
 2.6436	10.4072
 2.6423	10.3957
 2.6409	10.3969
 2.6396	10.3930
 2.6382	10.3938
 2.6369	10.4004
 2.6356	10.3923
 2.6342	10.3864
 2.6329	10.4060
 2.6315	10.3982
 2.6302	10.3850
 2.6289	10.3926
 2.6275	10.3991
 2.6262	10.3957
 2.6249	10.3843
 2.6236	10.3803
 2.6222	10.3794
 2.6209	10.3647
 2.6196	10.3630
 2.6183	10.3623
 2.6169	10.3686
 2.6156	10.3711
 2.6143	10.3701
 2.6130	10.3655
 2.6117	10.3371
 2.6103	10.3310
 2.6090	10.3457
 2.6077	10.3537
 2.6064	10.3567
 2.6051	10.3369
 2.6038	10.3467
 2.6025	10.3550
 2.6012	10.3681
 2.5999	10.3696
 2.5986	10.3569
 2.5973	10.3554
 2.5960	10.3220
 2.5947	10.2898
 2.5934	10.3149
 2.5921	10.3540
 2.5908	10.3508
 2.5895	10.3344
 2.5882	10.3208
 2.5869	10.3203
 2.5856	10.3371
 2.5843	10.3401
 2.5830	10.3359
 2.5817	10.3330
 2.5805	10.3303
 2.5792	10.3325
 2.5779	10.3186
 2.5766	10.3166
 2.5753	10.3413
 2.5741	10.3352
 2.5728	10.3283
 2.5715	10.3315
 2.5702	10.3183
 2.5690	10.3213
 2.5677	10.3081
 2.5664	10.2864
 2.5651	10.2978
 2.5639	10.2983
 2.5626	10.3008
 2.5613	10.3027
 2.5601	10.3135
 2.5588	10.3142
 2.5575	10.2978
 2.5563	10.3030
 2.5550	10.2912
 2.5538	10.2871
 2.5525	10.2824
 2.5513	10.2925
 2.5500	10.2988
 2.5487	10.2944
 2.5475	10.2861
 2.5462	10.2876
 2.5450	10.2932
 2.5437	10.2729
 2.5425	10.2502
 2.5413	10.2671
 2.5400	10.2846
 2.5388	10.2932
 2.5375	10.3010
 2.5363	10.2834
 2.5350	10.2827
 2.5338	10.2920
 2.5326	10.2778
 2.5313	10.2549
 2.5301	10.2485
 2.5289	10.2519
 2.5276	10.2490
 2.5264	10.2531
 2.5252	10.2480
 2.5239	10.2593
 2.5227	10.2602
 2.5215	10.2334
 2.5202	10.2236
 2.5190	10.2343
 2.5178	10.2466
 2.5166	10.2407
 2.5154	10.2470
 2.5141	10.2561
 2.5129	10.2260
 2.5117	10.2265
 2.5105	10.2649
 2.5093	10.2588
 2.5081	10.2553
 2.5068	10.2470
 2.5056	10.2383
 2.5044	10.2217
 2.5032	10.2151
 2.5020	10.2297
 2.5008	10.2229
 2.4996	10.2070
 2.4984	10.2270
 2.4972	10.2424
 2.4960	10.2383
 2.4948	10.2434
 2.4936	10.2300
 2.4924	10.2307
 2.4912	10.2412
 2.4900	10.2075
 2.4888	10.1955
 2.4876	10.2002
 2.4864	10.2102
 2.4852	10.2046
 2.4840	10.1877
 2.4828	10.1975
 2.4816	10.1975
 2.4805	10.1992
 2.4793	10.2031
 2.4781	10.2131
 2.4769	10.2231
 2.4757	10.2229
 2.4745	10.1975
 2.4734	10.1782
 2.4722	10.1780
 2.4710	10.1965
 2.4698	10.1904
 2.4686	10.1789
 2.4675	10.1555
 2.4663	10.1721
 2.4651	10.1770
 2.4640	10.1567
 2.4628	10.1635
 2.4616	10.1587
 2.4604	10.1670
 2.4593	10.2046
 2.4581	10.2190
 2.4569	10.1792
 2.4558	10.1762
 2.4546	10.2102
 2.4535	10.2031
 2.4523	10.1731
 2.4511	10.1838
 2.4500	10.1819
 2.4488	10.1614
 2.4477	10.1399
 2.4465	10.1496
 2.4454	10.1555
 2.4442	10.1701
 2.4431	10.1836
 2.4419	10.1731
 2.4408	10.1867
 2.4396	10.1799
 2.4385	10.1489
 2.4373	10.1260
 2.4362	10.1382
 2.4350	10.1562
 2.4339	10.1582
 2.4327	10.1699
 2.4316	10.1616
 2.4305	10.1604
 2.4293	10.1787
 2.4282	10.1924
 2.4270	10.1867
 2.4259	10.1548
 2.4248	10.1255
 2.4236	10.1133
 2.4225	10.1406
 2.4214	10.1592
 2.4202	10.1623
 2.4191	10.1574
 2.4180	10.1369
 2.4169	10.1506
 2.4157	10.1477
 2.4146	10.1538
 2.4135	10.1660
 2.4124	10.1474
 2.4112	10.1340
 2.4101	10.1548
 2.4090	10.1596
 2.4079	10.1506
 2.4068	10.1438
 2.4056	10.1428
 2.4045	10.1545
 2.4034	10.1360
 2.4023	10.1174
 2.4012	10.1201
 2.4001	10.1233
 2.3990	10.1125
 2.3979	10.1037
 2.3967	10.1299
 2.3956	10.1496
 2.3945	10.1396
 2.3934	10.1516
 2.3923	10.1269
 2.3912	10.1145
 2.3901	10.1318
 2.3890	10.1386
 2.3879	10.1269
 2.3868	10.1181
 2.3857	10.1113
 2.3846	10.1308
 2.3835	10.1281
 2.3824	10.1018
 2.3813	10.1301
 2.3802	10.1438
 2.3791	10.1184
 2.3781	10.0949
 2.3770	10.1252
 2.3759	10.1379
 2.3748	10.1357
 2.3737	10.1445
 2.3726	10.1321
 2.3715	10.1318
 2.3704	10.1406
 2.3694	10.1272
 2.3683	10.1281
 2.3672	10.1194
 2.3661	10.1347
 2.3650	10.1340
 2.3640	10.1465
 2.3629	10.1386
 2.3618	10.1330
 2.3607	10.1377
 2.3597	10.1220
 2.3586	10.1328
 2.3575	10.1389
 2.3564	10.1142
 2.3554	10.1250
 2.3543	10.1311
 2.3532	10.1203
 2.3522	10.1369
 2.3511	10.1484
 2.3500	10.1504
 2.3490	10.1565
 2.3479	10.1330
 2.3468	10.1289
 2.3458	10.1408
 2.3447	10.1653
 2.3436	10.1474
 2.3426	10.1262
 2.3415	10.1357
 2.3405	10.1386
 2.3394	10.1426
 2.3384	10.1582
 2.3373	10.1552
 2.3363	10.1113
 2.3352	10.1074
 2.3342	10.1386
 2.3331	10.1377
 2.3321	10.1245
 2.3310	10.1216
 2.3300	10.1245
 2.3289	10.1416
 2.3279	10.1386
 2.3268	10.1196
 2.3258	10.1240
 2.3247	10.1445
 2.3237	10.1557
 2.3226	10.1426
 2.3216	10.1269
 2.3206	10.1294
 2.3195	10.1538
 2.3185	10.1455
 2.3175	10.1274
 2.3164	10.1386
 2.3154	10.1543
 2.3144	10.1357
 2.3133	10.1176
 2.3123	10.1411
 2.3113	10.1484
 2.3102	10.1469
 2.3092	10.1440
 2.3082	10.1460
 2.3071	10.1513
 2.3061	10.1567
 2.3051	10.1484
 2.3041	10.1294
 2.3030	10.1455
 2.3020	10.1445
 2.3010	10.1299
 2.3000	10.1391
 2.2990	10.1455
 2.2979	10.1650
 2.2969	10.1596
 2.2959	10.1572
 2.2949	10.1748
 2.2939	10.1943
 2.2929	10.1855
 2.2918	10.1728
 2.2908	10.1704
 2.2898	10.1640
 2.2888	10.1816
 2.2878	10.1889
 2.2868	10.1753
 2.2858	10.1694
 2.2848	10.1592
 2.2838	10.1631
 2.2828	10.1606
 2.2818	10.1474
 2.2808	10.1494
 2.2798	10.1430
 2.2787	10.1240
 2.2777	10.1640
 2.2767	10.1797
 2.2757	10.1728
 2.2747	10.1606
 2.2738	10.1709
 2.2728	10.1821
 2.2718	10.1924
 2.2708	10.1704
 2.2698	10.1714
 2.2688	10.1919
 2.2678	10.1582
 2.2668	10.1675
 2.2658	10.2094
 2.2648	10.2090
 2.2638	10.1787
 2.2628	10.1772
 2.2618	10.2197
 2.2609	10.2153
 2.2599	10.1933
 2.2589	10.1728
 2.2579	10.2192
 2.2569	10.2231
 2.2559	10.1928
 2.2550	10.2187
 2.2540	10.2104
 2.2530	10.2163
 2.2520	10.2285
 2.2510	10.2163
 2.2501	10.1914
 2.2491	10.2241
 2.2481	10.2265
 2.2471	10.2085
 2.2462	10.2119
 2.2452	10.2055
 2.2442	10.1841
 2.2433	10.1714
 2.2423	10.1821
 2.2413	10.1992
 2.2403	10.1933
 2.2394	10.2002
 2.2384	10.2368
 2.2374	10.2617
 2.2365	10.2539
 2.2355	10.2016
 2.2345	10.1816
 2.2336	10.1982
 2.2326	10.2270
 2.2317	10.2422
 2.2307	10.2075
 2.2297	10.2002
 2.2288	10.2270
 2.2278	10.1972
 2.2269	10.1787
 2.2259	10.2094
 2.2250	10.2519
 2.2240	10.2295
 2.2231	10.2114
 2.2221	10.2099
 2.2211	10.2612
 2.2202	10.2656
 2.2192	10.2368
 2.2183	10.2441
 2.2173	10.2339
 2.2164	10.2212
 2.2155	10.2368
 2.2145	10.2490
 2.2136	10.2627
 2.2126	10.2461
 2.2117	10.1914
 2.2107	10.1938
 2.2098	10.2304
 2.2088	10.2246
 2.2079	10.1992
 2.2070	10.1714
 2.2060	10.2075
 2.2051	10.2314
 2.2041	10.2138
 2.2032	10.2231
 2.2023	10.2622
 2.2013	10.2632
 2.2004	10.2285
 2.1995	10.2138
 2.1985	10.2368
 2.1976	10.2426
 2.1967	10.2207
 2.1957	10.2168
 2.1948	10.2285
 2.1939	10.1972
 2.1930	10.1777
 2.1920	10.1982
 2.1911	10.2285
 2.1902	10.2646
 2.1893	10.2304
 2.1883	10.2431
 2.1874	10.2817
 2.1865	10.2666
 2.1856	10.2485
 2.1846	10.2656
 2.1837	10.2593
 2.1828	10.2636
 2.1819	10.2529
 2.1810	10.2407
 2.1800	10.2256
 2.1791	10.2373
 2.1782	10.2524
 2.1773	10.2602
 2.1764	10.2426
 2.1755	10.2324
 2.1746	10.2412
 2.1736	10.2217
 2.1727	10.2407
 2.1718	10.2954
 2.1709	10.2954
 2.1700	10.2695
 2.1691	10.2759
 2.1682	10.2939
 2.1673	10.3095
 2.1664	10.3066
 2.1655	10.3027
 2.1646	10.3027
 2.1637	10.3213
 2.1628	10.3110
 2.1619	10.2802
 2.1610	10.2993
 2.1601	10.3310
 2.1592	10.3203
 2.1583	10.3242
 2.1574	10.3418
 2.1565	10.3344
 2.1556	10.3193
 2.1547	10.2646
 2.1538	10.2656
 2.1529	10.2485
 2.1520	10.2700
 2.1511	10.2549
 2.1502	10.2656
 2.1493	10.2529
 2.1484	10.2246
 2.1475	10.2373
 2.1466	10.2368
 2.1458	10.2246
 2.1449	10.2544
 2.1440	10.2451
 2.1431	10.2134
 2.1422	10.2446
 2.1413	10.2412
 2.1404	10.2153
 2.1396	10.2363
 2.1387	10.2470
 2.1378	10.2407
 2.1369	10.2646
 2.1360	10.2480
 2.1352	10.2549
 2.1343	10.2700
 2.1334	10.2431
 2.1325	10.2256
 2.1316	10.2490
 2.1308	10.2446
 2.1299	10.2470
 2.1290	10.2622
 2.1281	10.2695
 2.1273	10.2685
 2.1264	10.2363
 2.1255	10.2426
 2.1247	10.2754
 2.1238	10.2309
 2.1229	10.2129
 2.1220	10.2246
 2.1212	10.2563
 2.1203	10.2783
 2.1194	10.2968
 2.1186	10.2988
 2.1177	10.2754
 2.1168	10.2563
 2.1160	10.2700
 2.1151	10.2817
 2.1143	10.2949
 2.1134	10.2715
 2.1125	10.2426
 2.1117	10.2763
 2.1108	10.2910
 2.1100	10.2744
 2.1091	10.2666
 2.1082	10.2739
 2.1074	10.2773
 2.1065	10.2802
 2.1057	10.2695
 2.1048	10.2900
 2.1040	10.2973
 2.1031	10.2680
 2.1023	10.2563
 2.1014	10.2368
 2.1005	10.2505
 2.0997	10.2773
 2.0988	10.2715
 2.0980	10.2895
 2.0971	10.2949
 2.0963	10.2802
 2.0955	10.2973
 2.0946	10.3291
 2.0938	10.3423
 2.0929	10.3242
 2.0921	10.3027
 2.0912	10.3071
 2.0904	10.3144
 2.0895	10.3091
 2.0887	10.3135
 2.0879	10.3144
 2.0870	10.3130
 2.0862	10.2876
 2.0853	10.2988
 2.0845	10.3349
 2.0837	10.3222
 2.0828	10.2949
 2.0820	10.2856
 2.0812	10.2622
 2.0803	10.2485
 2.0795	10.2505
