Name: Labradorite (Feldspar) (NaSi,CaAl)AlSi_2O_8
Type: Mineral
Class: Silicate
Subclass: Tectosilicate
Particle Size: Fine
Sample No.: TS-2B
Owner: JPL
Wavelength Range: TIR
Origin: Canada, Quebec, Lake St. John
Collection Date: N/A
Description: Particle size was 0-45um.Collected by Ward's Original ASTER Spectral Library name was jpl.nicolet.mineral.silicate.tectosilicate.fine.ts02b.spectrum.txt
Measurement: Hemispherical reflectance
First Column: X
Second Column: Y
X Units: Wavelength (micrometers)
Y Units:Reflectance (percent)
First X Value: 15.3853
Last X Value:  2.0003
Number of X Values: 2256
Additional Information: mineral.silicate.tectosilicate.fine.tir.ts-2b.jpl.nicolet.ancillary.txt

15.3853	 3.6472
15.3397	 3.6487
15.2945	 3.0607
15.2495	 2.7463
15.2048	 2.7651
15.1603	 2.6984
15.1161	 2.6181
15.0722	 2.3716
15.0285	 2.4230
14.9851	 2.5770
14.9419	 2.3693
14.8989	 2.3392
14.8563	 2.5353
14.8138	 2.6395
14.7716	 2.6567
14.7296	 2.6050
14.6879	 2.7022
14.6464	 2.8416
14.6052	 2.8326
14.5641	 2.8141
14.5233	 2.6710
14.4828	 2.5595
14.4424	 2.7438
14.4023	 2.9213
14.3624	 2.9194
14.3227	 2.7455
14.2833	 2.8151
14.2440	 2.9681
14.2050	 3.0356
14.1662	 3.2059
14.1276	 3.2264
14.0892	 3.1125
14.0510	 2.9244
14.0131	 2.9396
13.9753	 3.1897
13.9377	 3.2657
13.9004	 3.2061
13.8632	 3.1885
13.8262	 3.1311
13.7895	 3.0230
13.7529	 3.0995
13.7165	 3.0989
13.6803	 3.0365
13.6443	 3.0304
13.6085	 3.1498
13.5729	 3.0934
13.5374	 2.9705
13.5022	 3.2603
13.4671	 3.3863
13.4322	 3.3137
13.3975	 3.2496
13.3630	 3.1907
13.3286	 3.1482
13.2944	 3.0485
13.2604	 2.9412
13.2266	 2.8973
13.1930	 2.9706
13.1595	 2.9987
13.1262	 3.0701
13.0930	 2.9592
13.0600	 3.0078
13.0272	 3.1879
12.9946	 3.1465
12.9621	 3.0604
12.9298	 3.0515
12.8976	 3.3176
12.8656	 3.3951
12.8337	 3.2115
12.8021	 3.2458
12.7705	 3.5008
12.7391	 3.5348
12.7079	 3.5326
12.6769	 3.6747
12.6459	 3.9189
12.6152	 4.1685
12.5845	 4.4037
12.5541	 4.6042
12.5238	 4.7960
12.4936	 5.2570
12.4635	 5.7573
12.4337	 6.2295
12.4039	 6.6931
12.3743	 7.3449
12.3448	 8.1160
12.3155	 8.6164
12.2863	 9.1030
12.2573	 9.6541
12.2284	10.2818
12.1996	10.8602
12.1710	11.2544
12.1425	11.4513
12.1141	11.5625
12.0859	11.6076
12.0578	11.7668
12.0298	11.7328
12.0019	11.6363
11.9742	11.5779
11.9466	11.3477
11.9192	11.2468
11.8918	11.1824
11.8646	10.9124
11.8375	10.7628
11.8106	10.6100
11.7837	10.5018
11.7570	10.3585
11.7304	10.0474
11.7039	 9.9700
11.6776	10.0546
11.6513	 9.9451
11.6252	 9.7705
11.5992	 9.8131
11.5733	 9.7471
11.5475	 9.6773
11.5219	 9.6571
11.4963	 9.4830
11.4709	 9.3234
11.4455	 9.1602
11.4203	 9.0613
11.3952	 8.8706
11.3702	 8.6601
11.3454	 8.4279
11.3206	 8.2353
11.2959	 8.0939
11.2714	 7.7219
11.2469	 7.3597
11.2226	 7.2079
11.1983	 7.0123
11.1742	 6.8106
11.1502	 6.5873
11.1263	 6.3743
11.1024	 6.2920
11.0787	 6.0969
11.0551	 5.9632
11.0316	 5.9515
11.0081	 5.9720
10.9848	 6.0069
10.9616	 6.1280
10.9385	 6.2139
10.9154	 6.2038
10.8925	 6.0395
10.8697	 5.9244
10.8469	 5.8700
10.8243	 5.9682
10.8017	 6.0890
10.7793	 6.0979
10.7569	 6.0631
10.7346	 6.0541
10.7125	 5.9687
10.6904	 6.0130
10.6684	 6.1307
10.6465	 6.1274
10.6247	 6.0884
10.6029	 6.1379
10.5813	 6.0878
10.5597	 5.9488
10.5383	 5.9259
10.5169	 6.0085
10.4956	 5.9754
10.4744	 5.9297
10.4533	 5.9359
10.4323	 5.8741
10.4113	 5.8738
10.3904	 5.9382
10.3697	 5.9648
10.3490	 5.8338
10.3284	 5.6936
10.3078	 5.6054
10.2874	 5.5140
10.2670	 5.5859
10.2467	 5.7340
10.2265	 5.7888
10.2064	 5.7986
10.1863	 5.7645
10.1663	 5.7487
10.1464	 5.7574
10.1266	 5.8216
10.1069	 5.8317
10.0872	 5.8041
10.0676	 5.9091
10.0481	 6.1259
10.0287	 6.1705
10.0093	 6.0897
 9.9901	 5.9746
 9.9708	 6.0193
 9.9517	 6.0523
 9.9326	 5.9509
 9.9136	 5.9794
 9.8947	 6.0764
 9.8759	 6.0060
 9.8571	 5.9217
 9.8384	 5.9002
 9.8198	 5.8085
 9.8012	 5.6660
 9.7827	 5.5124
 9.7643	 5.4699
 9.7459	 5.5570
 9.7276	 5.5582
 9.7094	 5.4266
 9.6913	 5.4126
 9.6732	 5.4480
 9.6552	 5.3677
 9.6372	 5.3259
 9.6194	 5.3067
 9.6015	 5.2130
 9.5838	 5.1567
 9.5661	 5.0563
 9.5485	 4.8458
 9.5309	 4.7312
 9.5135	 4.6773
 9.4960	 4.6523
 9.4787	 4.6456
 9.4614	 4.5232
 9.4441	 4.4605
 9.4270	 4.2935
 9.4099	 4.1339
 9.3928	 4.1355
 9.3758	 4.0075
 9.3589	 3.8996
 9.3420	 3.8959
 9.3252	 3.8305
 9.3085	 3.7640
 9.2918	 3.7057
 9.2752	 3.7697
 9.2586	 3.7688
 9.2421	 3.6249
 9.2257	 3.6362
 9.2093	 3.7424
 9.1930	 3.9185
 9.1767	 3.9802
 9.1605	 3.8431
 9.1443	 3.7950
 9.1282	 3.8929
 9.1122	 4.0648
 9.0962	 4.1904
 9.0803	 4.3150
 9.0644	 4.3244
 9.0486	 4.3761
 9.0328	 4.5729
 9.0171	 4.6043
 9.0015	 4.6426
 8.9858	 4.7901
 8.9703	 4.7968
 8.9548	 4.6346
 8.9394	 4.6825
 8.9240	 4.8340
 8.9086	 4.7984
 8.8934	 4.8125
 8.8781	 4.7912
 8.8630	 4.9545
 8.8478	 5.0473
 8.8328	 5.0838
 8.8177	 5.0602
 8.8028	 5.1245
 8.7879	 5.2408
 8.7730	 5.3578
 8.7582	 5.4348
 8.7434	 5.3925
 8.7287	 5.3782
 8.7140	 5.2420
 8.6994	 5.1483
 8.6848	 5.2113
 8.6703	 5.2261
 8.6558	 5.2145
 8.6414	 5.2508
 8.6270	 5.2257
 8.6127	 5.2069
 8.5984	 5.2235
 8.5842	 5.3161
 8.5700	 5.3402
 8.5558	 5.2905
 8.5417	 5.2739
 8.5277	 5.2385
 8.5137	 5.2477
 8.4997	 5.3408
 8.4858	 5.3639
 8.4719	 5.3850
 8.4581	 5.4991
 8.4444	 5.5511
 8.4306	 5.6660
 8.4169	 5.6985
 8.4033	 5.6029
 8.3897	 5.5983
 8.3761	 5.7721
 8.3626	 5.7644
 8.3492	 5.5460
 8.3357	 5.4361
 8.3224	 5.2926
 8.3090	 5.1772
 8.2957	 5.0545
 8.2825	 4.8608
 8.2693	 4.6170
 8.2561	 4.3814
 8.2430	 4.1127
 8.2299	 3.8606
 8.2169	 3.6130
 8.2038	 3.3557
 8.1909	 3.4548
 8.1780	 3.3073
 8.1651	 2.9918
 8.1523	 2.8625
 8.1395	 2.7962
 8.1267	 2.7555
 8.1140	 2.6023
 8.1013	 2.4885
 8.0887	 2.4153
 8.0761	 2.4552
 8.0635	 2.4301
 8.0510	 2.3342
 8.0385	 2.2947
 8.0261	 2.2637
 8.0137	 2.2976
 8.0013	 2.3183
 7.9890	 2.2552
 7.9767	 2.2207
 7.9644	 2.3413
 7.9522	 2.3951
 7.9400	 2.4108
 7.9279	 2.4538
 7.9158	 2.5166
 7.9037	 2.5557
 7.8917	 2.6012
 7.8797	 2.7489
 7.8677	 2.8163
 7.8558	 2.8087
 7.8439	 2.8929
 7.8321	 2.9476
 7.8203	 2.9884
 7.8085	 3.1496
 7.7967	 3.3015
 7.7850	 3.4017
 7.7734	 3.4339
 7.7617	 3.5197
 7.7501	 3.6251
 7.7386	 3.6918
 7.7270	 3.7924
 7.7155	 3.9391
 7.7041	 4.1018
 7.6926	 4.2015
 7.6812	 4.1912
 7.6699	 4.2632
 7.6585	 4.5097
 7.6472	 4.6771
 7.6360	 4.6575
 7.6247	 4.7519
 7.6136	 4.9074
 7.6024	 5.0947
 7.5913	 5.2364
 7.5802	 5.3509
 7.5691	 5.4570
 7.5581	 5.6391
 7.5471	 5.7111
 7.5361	 5.7592
 7.5252	 5.9033
 7.5142	 6.0741
 7.5034	 6.2352
 7.4925	 6.3992
 7.4817	 6.4552
 7.4709	 6.6308
 7.4602	 6.8618
 7.4495	 6.9254
 7.4388	 7.0189
 7.4281	 7.0888
 7.4175	 7.1507
 7.4069	 7.3620
 7.3963	 7.5404
 7.3858	 7.6292
 7.3753	 7.7912
 7.3648	 7.9734
 7.3544	 8.0847
 7.3440	 8.1639
 7.3336	 8.2691
 7.3232	 8.3393
 7.3129	 8.4494
 7.3026	 8.5760
 7.2923	 8.6366
 7.2821	 8.6789
 7.2718	 8.7541
 7.2617	 8.8140
 7.2515	 8.9166
 7.2414	 9.0714
 7.2313	 9.2352
 7.2212	 9.3521
 7.2112	 9.4432
 7.2012	 9.5474
 7.1912	 9.5499
 7.1812	 9.5744
 7.1713	 9.7607
 7.1614	 9.8992
 7.1515	 9.9203
 7.1416	 9.8507
 7.1318	 9.8704
 7.1220	 9.9440
 7.1123	10.0706
 7.1025	10.1657
 7.0928	10.2908
 7.0831	10.3594
 7.0734	10.3529
 7.0638	10.4467
 7.0542	10.7115
 7.0446	10.7948
 7.0351	10.6279
 7.0255	10.6328
 7.0160	10.6918
 7.0065	10.7037
 6.9971	10.7801
 6.9877	10.8291
 6.9782	10.8163
 6.9689	10.8810
 6.9595	11.0979
 6.9502	11.0560
 6.9409	11.0646
 6.9316	11.1769
 6.9223	11.2422
 6.9131	11.2824
 6.9039	11.3656
 6.8947	11.3905
 6.8856	11.4051
 6.8764	11.5614
 6.8673	11.9156
 6.8582	11.9356
 6.8492	11.7758
 6.8402	11.8354
 6.8311	12.0381
 6.8221	12.1097
 6.8132	12.0619
 6.8042	12.1401
 6.7953	12.4384
 6.7864	12.6750
 6.7776	12.6272
 6.7687	12.5230
 6.7599	12.5586
 6.7511	12.7149
 6.7423	12.8369
 6.7336	12.9380
 6.7248	13.0491
 6.7161	13.2370
 6.7074	13.3450
 6.6988	13.2930
 6.6901	13.5063
 6.6815	13.7929
 6.6729	13.8427
 6.6643	13.8405
 6.6558	13.8517
 6.6472	14.1859
 6.6387	14.7464
 6.6302	14.7492
 6.6217	14.5404
 6.6133	14.5444
 6.6049	14.6591
 6.5965	14.9530
 6.5881	15.0861
 6.5797	15.2885
 6.5714	15.5753
 6.5631	15.5149
 6.5548	15.5766
 6.5465	15.6160
 6.5382	15.6075
 6.5300	15.7864
 6.5218	16.0451
 6.5136	16.0227
 6.5054	16.1341
 6.4973	16.6349
 6.4892	16.7980
 6.4810	16.5879
 6.4729	16.4601
 6.4649	16.3833
 6.4568	16.3876
 6.4488	16.5053
 6.4408	16.6187
 6.4328	16.7294
 6.4248	16.9584
 6.4169	17.5653
 6.4089	17.4623
 6.4010	16.7913
 6.3931	16.5952
 6.3853	16.6160
 6.3774	16.6915
 6.3696	16.8680
 6.3618	16.7704
 6.3540	16.7424
 6.3462	16.9807
 6.3384	16.7317
 6.3307	16.3596
 6.3230	16.4597
 6.3153	16.5298
 6.3076	16.6207
 6.2999	16.6046
 6.2923	16.6099
 6.2847	16.6378
 6.2770	16.6582
 6.2694	16.6767
 6.2619	16.6374
 6.2543	16.6466
 6.2468	16.7076
 6.2393	16.7137
 6.2318	16.7005
 6.2243	16.7738
 6.2168	16.8463
 6.2094	16.9055
 6.2020	16.9504
 6.1945	17.0822
 6.1871	17.3346
 6.1798	17.2480
 6.1724	17.0530
 6.1651	17.1752
 6.1578	17.2471
 6.1505	17.2306
 6.1432	17.2673
 6.1359	17.1823
 6.1286	17.1470
 6.1214	17.4215
 6.1142	17.7581
 6.1070	17.5741
 6.0998	17.3777
 6.0926	17.3816
 6.0855	17.5336
 6.0784	17.8715
 6.0712	17.9794
 6.0641	17.7784
 6.0571	18.0797
 6.0500	18.8151
 6.0429	18.4716
 6.0359	17.9633
 6.0289	17.9165
 6.0219	18.0445
 6.0149	18.1823
 6.0079	18.1633
 6.0010	18.2043
 5.9940	18.4827
 5.9871	18.6194
 5.9802	18.5708
 5.9733	18.7341
 5.9664	18.8285
 5.9596	18.7103
 5.9527	18.8545
 5.9459	19.0575
 5.9391	19.5605
 5.9323	19.5458
 5.9255	19.2187
 5.9188	19.1914
 5.9120	19.2503
 5.9053	19.5116
 5.8986	20.0509
 5.8919	20.1377
 5.8852	20.3387
 5.8785	20.4498
 5.8718	20.0755
 5.8652	20.2216
 5.8586	20.2123
 5.8520	20.2100
 5.8454	20.2681
 5.8388	20.4510
 5.8322	20.8233
 5.8257	21.2648
 5.8191	21.3363
 5.8126	21.0259
 5.8061	20.9558
 5.7996	21.1170
 5.7931	21.1911
 5.7866	21.2871
 5.7802	21.4695
 5.7738	21.7978
 5.7673	22.2977
 5.7609	22.1443
 5.7545	21.9048
 5.7481	22.0850
 5.7418	22.0778
 5.7354	22.0492
 5.7291	22.0602
 5.7228	22.2192
 5.7165	22.4718
 5.7102	22.6352
 5.7039	22.4274
 5.6976	22.4172
 5.6914	22.6183
 5.6851	22.6502
 5.6789	22.8065
 5.6727	22.9129
 5.6665	22.8549
 5.6603	22.9992
 5.6541	23.1227
 5.6480	23.3423
 5.6418	23.6251
 5.6357	23.4524
 5.6296	23.2955
 5.6235	23.2709
 5.6174	23.3953
 5.6113	23.5326
 5.6052	23.6313
 5.5992	23.6814
 5.5931	23.6649
 5.5871	23.7261
 5.5811	23.8935
 5.5751	23.8985
 5.5691	23.7571
 5.5631	23.8023
 5.5572	23.9768
 5.5512	24.2452
 5.5453	24.4011
 5.5393	24.5712
 5.5334	24.7232
 5.5275	24.9054
 5.5217	25.1125
 5.5158	25.2001
 5.5099	25.2167
 5.5041	25.3738
 5.4982	25.5746
 5.4924	25.7331
 5.4866	25.7977
 5.4808	26.0050
 5.4750	26.1593
 5.4692	26.3733
 5.4635	26.5272
 5.4577	26.4441
 5.4520	26.4674
 5.4463	26.6390
 5.4405	26.8359
 5.4348	26.9502
 5.4291	27.1629
 5.4235	27.5804
 5.4178	27.6672
 5.4121	27.5608
 5.4065	27.6229
 5.4009	27.7745
 5.3952	27.9539
 5.3896	28.1350
 5.3840	28.2584
 5.3785	28.2791
 5.3729	28.3633
 5.3673	28.5867
 5.3618	28.7618
 5.3562	28.9428
 5.3507	29.1787
 5.3452	29.2044
 5.3397	29.2179
 5.3342	29.2932
 5.3287	29.4074
 5.3232	29.5445
 5.3178	29.6348
 5.3123	29.7174
 5.3069	29.8759
 5.3015	29.9889
 5.2961	30.0851
 5.2907	30.1901
 5.2852	30.2881
 5.2799	30.4382
 5.2745	30.5952
 5.2691	30.6796
 5.2638	30.7135
 5.2584	30.8145
 5.2531	30.9052
 5.2478	31.0235
 5.2425	31.1292
 5.2372	31.2693
 5.2319	31.3702
 5.2267	31.5512
 5.2214	31.8086
 5.2161	32.0854
 5.2109	32.1772
 5.2057	32.1332
 5.2004	32.3090
 5.1952	32.5002
 5.1900	32.6703
 5.1848	32.8404
 5.1796	33.0265
 5.1745	33.1748
 5.1693	33.3799
 5.1642	33.5499
 5.1590	33.6747
 5.1539	33.8724
 5.1488	34.1343
 5.1437	34.3330
 5.1386	34.4878
 5.1335	34.6168
 5.1284	34.8214
 5.1234	35.0605
 5.1183	35.2249
 5.1132	35.4272
 5.1082	35.5827
 5.1032	35.7582
 5.0982	35.9785
 5.0932	36.1631
 5.0882	36.4039
 5.0832	36.6909
 5.0782	36.8355
 5.0732	36.9235
 5.0683	37.1117
 5.0633	37.3270
 5.0584	37.5336
 5.0534	37.7111
 5.0485	37.8671
 5.0436	38.0964
 5.0387	38.2432
 5.0338	38.4071
 5.0289	38.5485
 5.0241	38.7642
 5.0192	38.9878
 5.0144	39.0963
 5.0095	39.2853
 5.0047	39.4283
 4.9998	39.5214
 4.9950	39.6479
 4.9902	39.7292
 4.9854	39.8186
 4.9806	39.9466
 4.9759	40.0995
 4.9711	40.2097
 4.9663	40.3004
 4.9616	40.3887
 4.9568	40.4706
 4.9521	40.5655
 4.9474	40.7191
 4.9426	40.8461
 4.9379	40.9007
 4.9332	40.9413
 4.9286	41.0302
 4.9239	41.1093
 4.9192	41.1764
 4.9145	41.2376
 4.9099	41.2839
 4.9052	41.3944
 4.9006	41.5386
 4.8960	41.5967
 4.8914	41.6962
 4.8867	41.8027
 4.8821	41.9100
 4.8776	41.9189
 4.8730	41.9485
 4.8684	42.0463
 4.8638	42.1430
 4.8593	42.1508
 4.8547	42.2090
 4.8502	42.2922
 4.8456	42.3413
 4.8411	42.3952
 4.8366	42.5003
 4.8321	42.6178
 4.8276	42.6215
 4.8231	42.6807
 4.8186	42.7791
 4.8141	42.8592
 4.8097	42.9068
 4.8052	42.9633
 4.8008	43.0340
 4.7963	43.0311
 4.7919	43.1451
 4.7875	43.2665
 4.7831	43.3299
 4.7786	43.3552
 4.7743	43.4304
 4.7699	43.4973
 4.7655	43.6085
 4.7611	43.7413
 4.7567	43.8534
 4.7524	43.8983
 4.7480	43.8979
 4.7437	43.9255
 4.7393	44.0411
 4.7350	44.1640
 4.7307	44.2183
 4.7264	44.2812
 4.7221	44.3844
 4.7178	44.4576
 4.7135	44.5610
 4.7092	44.6508
 4.7049	44.6947
 4.7007	44.7524
 4.6964	44.8233
 4.6922	44.9492
 4.6879	45.0488
 4.6837	45.0920
 4.6795	45.2130
 4.6752	45.3894
 4.6710	45.4291
 4.6668	45.4453
 4.6626	45.5503
 4.6584	45.7129
 4.6543	45.8510
 4.6501	45.9123
 4.6459	46.0257
 4.6418	46.1772
 4.6376	46.3205
 4.6334	46.4205
 4.6293	46.5193
 4.6252	46.6091
 4.6211	46.7620
 4.6170	46.8661
 4.6128	46.9570
 4.6087	47.0244
 4.6047	47.1341
 4.6006	47.2752
 4.5965	47.4434
 4.5924	47.5634
 4.5884	47.7051
 4.5843	47.8125
 4.5802	47.8934
 4.5762	47.9006
 4.5722	48.0484
 4.5681	48.2253
 4.5641	48.2871
 4.5601	48.4238
 4.5561	48.5944
 4.5521	48.6437
 4.5481	48.7367
 4.5441	48.8887
 4.5401	49.0039
 4.5362	49.0787
 4.5322	49.1630
 4.5282	49.2133
 4.5243	49.2601
 4.5203	49.3431
 4.5164	49.4016
 4.5125	49.4885
 4.5085	49.6327
 4.5046	49.7631
 4.5007	49.8818
 4.4968	49.9678
 4.4929	50.0462
 4.4890	50.1069
 4.4851	50.1491
 4.4813	50.2462
 4.4774	50.3552
 4.4735	50.4299
 4.4697	50.4681
 4.4658	50.5168
 4.4620	50.5873
 4.4581	50.6611
 4.4543	50.7460
 4.4505	50.7978
 4.4467	50.8247
 4.4429	50.8561
 4.4391	50.9495
 4.4353	51.1026
 4.4315	51.1799
 4.4277	51.2164
 4.4239	51.3045
 4.4201	51.3635
 4.4164	51.4132
 4.4126	51.4402
 4.4089	51.4676
 4.4051	51.5778
 4.4014	51.6892
 4.3976	51.7256
 4.3939	51.7983
 4.3902	51.8583
 4.3865	51.8946
 4.3828	52.0348
 4.3791	52.1084
 4.3754	52.1799
 4.3717	52.2701
 4.3680	52.2910
 4.3643	52.2850
 4.3607	52.2868
 4.3570	52.4356
 4.3533	52.5517
 4.3497	52.5446
 4.3460	52.5308
 4.3424	52.5906
 4.3388	52.6881
 4.3351	52.7202
 4.3315	52.7298
 4.3279	52.7506
 4.3243	52.7516
 4.3207	52.7300
 4.3171	52.6902
 4.3135	52.7049
 4.3099	52.7384
 4.3063	52.6408
 4.3028	52.5551
 4.2992	52.5488
 4.2956	52.4821
 4.2921	52.4484
 4.2885	52.4818
 4.2850	52.5665
 4.2815	52.5696
 4.2779	52.5892
 4.2744	52.6462
 4.2709	52.6994
 4.2674	52.7916
 4.2638	52.9488
 4.2603	53.2638
 4.2568	53.5499
 4.2534	53.4450
 4.2499	53.2122
 4.2464	52.9742
 4.2429	52.7923
 4.2394	52.7810
 4.2360	52.7691
 4.2325	52.7477
 4.2291	52.8555
 4.2256	53.0274
 4.2222	53.1812
 4.2187	53.3428
 4.2153	53.5196
 4.2119	53.7228
 4.2085	53.9502
 4.2051	54.0931
 4.2016	54.2389
 4.1982	54.3880
 4.1948	54.4399
 4.1915	54.4532
 4.1881	54.4776
 4.1847	54.5148
 4.1813	54.4856
 4.1780	54.5249
 4.1746	54.5386
 4.1712	54.5293
 4.1679	54.5240
 4.1645	54.4998
 4.1612	54.5606
 4.1578	54.6129
 4.1545	54.6159
 4.1512	54.6037
 4.1479	54.6598
 4.1445	54.7301
 4.1412	54.7618
 4.1379	54.7283
 4.1346	54.6900
 4.1313	54.7067
 4.1280	54.7506
 4.1248	54.7817
 4.1215	54.7881
 4.1182	54.7888
 4.1150	54.7860
 4.1117	54.8024
 4.1084	54.7908
 4.1052	54.7819
 4.1019	54.8357
 4.0987	54.8035
 4.0954	54.8128
 4.0922	54.8416
 4.0890	54.8505
 4.0858	54.8200
 4.0826	54.8245
 4.0793	54.8652
 4.0761	54.8379
 4.0729	54.7674
 4.0697	54.8107
 4.0665	54.9123
 4.0633	54.9002
 4.0602	54.8603
 4.0570	54.8641
 4.0538	54.8593
 4.0507	54.8656
 4.0475	54.8340
 4.0443	54.8276
 4.0412	54.8221
 4.0380	54.7400
 4.0349	54.6648
 4.0317	54.6504
 4.0286	54.6715
 4.0255	54.6880
 4.0224	54.6076
 4.0193	54.5100
 4.0161	54.4629
 4.0130	54.4474
 4.0099	54.3649
 4.0068	54.2858
 4.0037	54.2608
 4.0006	54.1211
 3.9976	53.8946
 3.9945	53.7004
 3.9914	53.5598
 3.9883	53.4017
 3.9853	53.3151
 3.9822	53.3498
 3.9792	53.3856
 3.9761	53.4194
 3.9731	53.4284
 3.9700	53.4245
 3.9670	53.4997
 3.9639	53.6020
 3.9609	53.7276
 3.9579	53.8473
 3.9549	53.9305
 3.9519	53.9848
 3.9489	54.1203
 3.9458	54.2581
 3.9428	54.3666
 3.9398	54.4828
 3.9369	54.5941
 3.9339	54.5675
 3.9309	54.5202
 3.9279	54.6061
 3.9249	54.6687
 3.9220	54.7284
 3.9190	54.7481
 3.9160	54.7622
 3.9131	54.7849
 3.9101	54.7523
 3.9072	54.7886
 3.9042	54.8410
 3.9013	54.8431
 3.8984	54.8200
 3.8954	54.8159
 3.8925	54.8407
 3.8896	54.8739
 3.8867	54.8683
 3.8838	54.8696
 3.8809	54.8765
 3.8780	54.8636
 3.8751	54.8212
 3.8722	54.8567
 3.8693	54.8661
 3.8664	54.8459
 3.8635	54.9501
 3.8606	54.9995
 3.8578	54.9946
 3.8549	54.9831
 3.8520	54.9148
 3.8492	54.8765
 3.8463	54.9255
 3.8435	55.0222
 3.8406	55.0267
 3.8378	55.0328
 3.8349	55.0748
 3.8321	55.1016
 3.8293	55.1362
 3.8264	55.2145
 3.8236	55.2273
 3.8208	55.2239
 3.8180	55.1720
 3.8152	55.1566
 3.8124	55.2619
 3.8096	55.3325
 3.8068	55.3259
 3.8040	55.3095
 3.8012	55.3533
 3.7984	55.3928
 3.7956	55.3702
 3.7929	55.3262
 3.7901	55.4013
 3.7873	55.4469
 3.7845	55.4328
 3.7818	55.4371
 3.7790	55.4791
 3.7763	55.5059
 3.7735	55.4808
 3.7708	55.4260
 3.7681	55.4382
 3.7653	55.4427
 3.7626	55.4430
 3.7599	55.4601
 3.7571	55.4887
 3.7544	55.4091
 3.7517	55.4435
 3.7490	55.4430
 3.7463	55.3746
 3.7436	55.4167
 3.7409	55.5079
 3.7382	55.4960
 3.7355	55.4530
 3.7328	55.3977
 3.7301	55.4299
 3.7274	55.3975
 3.7247	55.4366
 3.7221	55.5198
 3.7194	55.4110
 3.7167	55.3514
 3.7141	55.3821
 3.7114	55.3925
 3.7088	55.3707
 3.7061	55.4145
 3.7035	55.4032
 3.7008	55.3508
 3.6982	55.3623
 3.6955	55.3890
 3.6929	55.3853
 3.6903	55.3294
 3.6877	55.3667
 3.6850	55.3882
 3.6824	55.3307
 3.6798	55.3106
 3.6772	55.2429
 3.6746	55.2165
 3.6720	55.2067
 3.6694	55.2718
 3.6668	55.2967
 3.6642	55.1957
 3.6616	55.2287
 3.6590	55.2625
 3.6564	55.2392
 3.6539	55.2163
 3.6513	55.2363
 3.6487	55.2319
 3.6462	55.1746
 3.6436	55.1463
 3.6410	55.1899
 3.6385	55.1775
 3.6359	55.1695
 3.6334	55.2075
 3.6308	55.1776
 3.6283	55.0882
 3.6258	55.0975
 3.6232	55.0937
 3.6207	55.0803
 3.6182	55.0869
 3.6156	55.0825
 3.6131	55.0760
 3.6106	54.9892
 3.6081	55.0375
 3.6056	55.0419
 3.6031	55.0014
 3.6006	55.0246
 3.5981	54.9804
 3.5956	54.9363
 3.5931	54.9529
 3.5906	54.9891
 3.5881	54.9802
 3.5856	54.8928
 3.5832	54.8541
 3.5807	54.8104
 3.5782	54.7784
 3.5758	54.8711
 3.5733	54.8756
 3.5708	54.7643
 3.5684	54.7205
 3.5659	54.7693
 3.5635	54.8113
 3.5610	54.7693
 3.5586	54.6257
 3.5561	54.5430
 3.5537	54.5727
 3.5513	54.6359
 3.5488	54.6140
 3.5464	54.6075
 3.5440	54.5706
 3.5415	54.5545
 3.5391	54.4767
 3.5367	54.4552
 3.5343	54.3982
 3.5319	54.3959
 3.5295	54.3501
 3.5271	54.1995
 3.5247	54.0566
 3.5223	54.0136
 3.5199	54.0017
 3.5175	53.9007
 3.5151	53.8510
 3.5128	53.7977
 3.5104	53.6875
 3.5080	53.6453
 3.5056	53.5843
 3.5033	53.5204
 3.5009	53.5077
 3.4985	53.4826
 3.4962	53.4415
 3.4938	53.3739
 3.4915	53.3089
 3.4891	53.2396
 3.4868	53.1585
 3.4844	53.2046
 3.4821	53.1976
 3.4798	53.1625
 3.4774	53.2051
 3.4751	53.2224
 3.4728	53.1975
 3.4704	53.1711
 3.4681	53.1942
 3.4658	53.2193
 3.4635	53.3106
 3.4612	53.3682
 3.4589	53.3941
 3.4566	53.3512
 3.4543	53.3174
 3.4520	53.2760
 3.4497	53.2296
 3.4474	53.2293
 3.4451	53.2697
 3.4428	53.2761
 3.4405	53.2332
 3.4382	53.1712
 3.4359	53.1065
 3.4337	53.0732
 3.4314	52.9017
 3.4291	52.8259
 3.4269	52.9287
 3.4246	52.8351
 3.4223	52.6948
 3.4201	52.6590
 3.4178	52.5633
 3.4156	52.5699
 3.4133	52.6363
 3.4111	52.5985
 3.4088	52.5234
 3.4066	52.5403
 3.4043	52.6095
 3.4021	52.6132
 3.3999	52.6074
 3.3977	52.5767
 3.3954	52.5437
 3.3932	52.5639
 3.3910	52.6177
 3.3888	52.6045
 3.3866	52.5860
 3.3844	52.5955
 3.3822	52.4737
 3.3799	52.3994
 3.3777	52.3059
 3.3755	52.3533
 3.3733	52.3716
 3.3712	52.2940
 3.3690	52.2611
 3.3668	52.2671
 3.3646	52.2379
 3.3624	52.2284
 3.3602	52.2190
 3.3580	52.1615
 3.3559	52.1853
 3.3537	52.0524
 3.3515	51.9308
 3.3494	52.0302
 3.3472	52.1443
 3.3451	52.2669
 3.3429	52.2557
 3.3407	52.1660
 3.3386	52.2054
 3.3364	52.2524
 3.3343	52.2464
 3.3321	52.2189
 3.3300	52.2496
 3.3279	52.2927
 3.3257	52.3011
 3.3236	52.2910
 3.3215	52.2934
 3.3194	52.1772
 3.3172	52.0681
 3.3151	52.0638
 3.3130	52.0594
 3.3109	52.0416
 3.3088	52.0433
 3.3066	51.9682
 3.3045	51.8674
 3.3024	51.9430
 3.3003	51.9965
 3.2982	51.8790
 3.2961	51.7889
 3.2940	51.7495
 3.2920	51.7442
 3.2899	51.7736
 3.2878	51.7202
 3.2857	51.5976
 3.2836	51.6295
 3.2815	51.7056
 3.2795	51.6906
 3.2774	51.6391
 3.2753	51.6122
 3.2732	51.6024
 3.2712	51.5144
 3.2691	51.3609
 3.2671	51.2954
 3.2650	51.2945
 3.2630	51.3376
 3.2609	51.3338
 3.2588	51.2293
 3.2568	51.1717
 3.2548	51.1876
 3.2527	51.1937
 3.2507	51.0702
 3.2486	51.0236
 3.2466	51.0960
 3.2446	51.0873
 3.2426	50.9091
 3.2405	50.8167
 3.2385	50.7843
 3.2365	50.6957
 3.2345	50.6917
 3.2324	50.7530
 3.2304	50.7884
 3.2284	50.7539
 3.2264	50.6340
 3.2244	50.6116
 3.2224	50.6173
 3.2204	50.5180
 3.2184	50.3285
 3.2164	50.3249
 3.2144	50.3280
 3.2124	50.2629
 3.2104	50.3110
 3.2084	50.2786
 3.2064	50.1246
 3.2045	50.1537
 3.2025	50.1010
 3.2005	49.9596
 3.1985	49.9629
 3.1966	49.9743
 3.1946	49.8674
 3.1926	49.7640
 3.1907	49.7915
 3.1887	49.7229
 3.1867	49.6226
 3.1848	49.6048
 3.1828	49.6271
 3.1809	49.6164
 3.1789	49.5457
 3.1770	49.4549
 3.1750	49.3773
 3.1731	49.2802
 3.1711	49.2446
 3.1692	49.3210
 3.1673	49.3110
 3.1653	49.1824
 3.1634	49.0863
 3.1615	48.9965
 3.1596	48.9676
 3.1576	48.9892
 3.1557	48.8794
 3.1538	48.8073
 3.1519	48.7573
 3.1500	48.7353
 3.1481	48.7055
 3.1461	48.6640
 3.1442	48.5895
 3.1423	48.5268
 3.1404	48.4597
 3.1385	48.3663
 3.1366	48.2882
 3.1347	48.3106
 3.1328	48.2733
 3.1309	48.2494
 3.1290	48.1306
 3.1272	48.0700
 3.1253	48.0698
 3.1234	48.0609
 3.1215	48.0533
 3.1196	48.0051
 3.1178	47.8651
 3.1159	47.8371
 3.1140	47.8159
 3.1121	47.7521
 3.1103	47.6756
 3.1084	47.6146
 3.1065	47.6356
 3.1047	47.6214
 3.1028	47.5152
 3.1010	47.4003
 3.0991	47.3598
 3.0973	47.3853
 3.0954	47.4066
 3.0936	47.2718
 3.0917	47.1711
 3.0899	47.1274
 3.0880	46.9935
 3.0862	46.9600
 3.0844	46.9436
 3.0825	46.9035
 3.0807	46.8585
 3.0789	46.8009
 3.0770	46.7511
 3.0752	46.6850
 3.0734	46.6269
 3.0716	46.6260
 3.0698	46.6794
 3.0680	46.6856
 3.0661	46.6670
 3.0643	46.5515
 3.0625	46.4945
 3.0607	46.4875
 3.0589	46.4226
 3.0571	46.3194
 3.0553	46.3230
 3.0535	46.3197
 3.0517	46.1982
 3.0499	46.0760
 3.0481	46.0468
 3.0463	45.9975
 3.0445	45.8664
 3.0427	45.8179
 3.0410	45.8292
 3.0392	45.8289
 3.0374	45.8260
 3.0356	45.6780
 3.0338	45.6431
 3.0321	45.6415
 3.0303	45.5271
 3.0285	45.4345
 3.0268	45.3896
 3.0250	45.4087
 3.0232	45.4223
 3.0215	45.2841
 3.0197	45.1526
 3.0179	45.2018
 3.0162	45.2251
 3.0144	45.1187
 3.0127	45.0044
 3.0109	44.8961
 3.0092	44.7575
 3.0074	44.8971
 3.0057	44.9956
 3.0040	44.7950
 3.0022	44.7210
 3.0005	44.7767
 2.9987	44.7212
 2.9970	44.6138
 2.9953	44.6165
 2.9935	44.5779
 2.9918	44.4053
 2.9901	44.2588
 2.9884	44.1840
 2.9867	44.2547
 2.9849	44.2057
 2.9832	44.1348
 2.9815	44.1246
 2.9798	43.9729
 2.9781	43.8637
 2.9764	43.7373
 2.9747	43.6910
 2.9729	43.7569
 2.9712	43.8222
 2.9695	43.7040
 2.9678	43.5337
 2.9661	43.4147
 2.9645	43.3709
 2.9628	43.4047
 2.9611	43.4955
 2.9594	43.3795
 2.9577	43.2317
 2.9560	43.1259
 2.9543	43.1662
 2.9526	43.2187
 2.9510	43.1440
 2.9493	43.0573
 2.9476	43.0585
 2.9459	43.0936
 2.9442	43.1097
 2.9426	42.9964
 2.9409	42.8308
 2.9392	42.8423
 2.9376	42.8763
 2.9359	42.8341
 2.9343	42.7910
 2.9326	42.7235
 2.9309	42.7797
 2.9293	42.7601
 2.9276	42.6628
 2.9260	42.7003
 2.9243	42.8043
 2.9227	42.8408
 2.9210	42.6729
 2.9194	42.6611
 2.9177	42.7125
 2.9161	42.7071
 2.9145	42.7520
 2.9128	42.7867
 2.9112	42.7039
 2.9096	42.7852
 2.9079	42.7884
 2.9063	42.5832
 2.9047	42.6668
 2.9030	42.7852
 2.9014	42.7499
 2.8998	42.7045
 2.8982	42.6411
 2.8966	42.6403
 2.8949	42.6526
 2.8933	42.6801
 2.8917	42.7144
 2.8901	42.9019
 2.8885	42.9782
 2.8869	42.8405
 2.8853	42.8326
 2.8837	42.9236
 2.8821	42.9571
 2.8805	42.8987
 2.8789	42.8426
 2.8773	42.8521
 2.8757	42.8470
 2.8741	42.7100
 2.8725	42.7022
 2.8709	42.7646
 2.8693	42.8484
 2.8677	42.9764
 2.8661	43.0186
 2.8645	42.9006
 2.8630	42.8387
 2.8614	42.7637
 2.8598	42.6750
 2.8582	42.7148
 2.8567	42.8450
 2.8551	42.9694
 2.8535	42.9396
 2.8519	42.8057
 2.8504	42.7483
 2.8488	42.8304
 2.8472	42.7489
 2.8457	42.6713
 2.8441	42.6204
 2.8426	42.5551
 2.8410	42.5823
 2.8394	42.7136
 2.8379	42.6779
 2.8363	42.6194
 2.8348	42.6973
 2.8332	42.6328
 2.8317	42.5347
 2.8302	42.4505
 2.8286	42.4832
 2.8271	42.5577
 2.8255	42.6450
 2.8240	42.5053
 2.8224	42.4491
 2.8209	42.4661
 2.8194	42.5348
 2.8178	42.4864
 2.8163	42.4793
 2.8148	42.4256
 2.8133	42.3061
 2.8117	42.2727
 2.8102	42.3481
 2.8087	42.2804
 2.8072	42.2561
 2.8056	42.4033
 2.8041	42.5792
 2.8026	42.5193
 2.8011	42.3674
 2.7996	42.2642
 2.7981	42.1062
 2.7966	42.0402
 2.7951	41.9592
 2.7936	41.8381
 2.7921	41.7523
 2.7906	41.6308
 2.7890	41.8053
 2.7875	42.0019
 2.7860	41.6907
 2.7845	41.2754
 2.7831	41.0762
 2.7816	40.9682
 2.7801	40.7544
 2.7786	40.4380
 2.7771	40.2110
 2.7756	40.0553
 2.7741	40.0236
 2.7726	40.0410
 2.7712	39.8990
 2.7697	39.6647
 2.7682	39.4629
 2.7667	39.3126
 2.7652	39.1290
 2.7638	39.1474
 2.7623	39.1607
 2.7608	38.8377
 2.7594	38.6429
 2.7579	38.8124
 2.7564	39.3973
 2.7550	39.6043
 2.7535	39.2171
 2.7520	39.2541
 2.7506	39.4019
 2.7491	39.6171
 2.7477	39.9736
 2.7462	40.1746
 2.7447	40.3027
 2.7433	40.6569
 2.7418	41.3644
 2.7404	42.1149
 2.7389	42.1980
 2.7375	42.0365
 2.7361	42.4391
 2.7346	42.8972
 2.7332	42.8197
 2.7317	43.0304
 2.7303	43.3719
 2.7289	43.8783
 2.7274	44.6271
 2.7260	45.5841
 2.7246	46.4908
 2.7231	46.5444
 2.7217	47.2849
 2.7203	48.3201
 2.7188	48.2070
 2.7174	48.4509
 2.7160	48.9121
 2.7146	49.3694
 2.7132	49.8180
 2.7117	50.9496
 2.7103	51.7137
 2.7089	51.8319
 2.7075	51.9456
 2.7061	52.2413
 2.7047	52.6117
 2.7033	53.1662
 2.7018	53.7727
 2.7004	53.9113
 2.6990	53.9688
 2.6976	54.2652
 2.6962	54.9416
 2.6948	55.6787
 2.6934	55.9037
 2.6920	55.4780
 2.6906	55.4181
 2.6892	55.6050
 2.6878	55.7555
 2.6864	55.8932
 2.6850	56.0896
 2.6837	56.2614
 2.6823	56.2169
 2.6809	56.3389
 2.6795	56.9603
 2.6781	57.1276
 2.6767	57.3563
 2.6753	57.0126
 2.6740	56.6996
 2.6726	56.9576
 2.6712	58.0677
 2.6698	58.2216
 2.6685	57.4675
 2.6671	58.0763
 2.6657	58.2824
 2.6644	57.6949
 2.6630	56.8446
 2.6616	56.7921
 2.6603	56.9674
 2.6589	56.9172
 2.6575	56.6688
 2.6562	56.8610
 2.6548	56.8141
 2.6534	57.0725
 2.6521	57.2216
 2.6507	56.8286
 2.6494	56.5887
 2.6480	56.6814
 2.6467	56.9350
 2.6453	56.9166
 2.6440	56.7132
 2.6426	56.8041
 2.6413	56.7632
 2.6399	56.6645
 2.6386	56.6756
 2.6372	56.7609
 2.6359	56.8398
 2.6346	57.1036
 2.6332	57.1137
 2.6319	57.3981
 2.6306	58.0058
 2.6292	57.4363
 2.6279	57.3010
 2.6266	57.7009
 2.6252	57.1019
 2.6239	56.7373
 2.6226	56.7953
 2.6212	57.6099
 2.6199	57.8188
 2.6186	57.3516
 2.6173	57.6873
 2.6160	57.5409
 2.6146	57.0468
 2.6133	57.0556
 2.6120	56.9650
 2.6107	57.0361
 2.6094	57.1068
 2.6081	57.1758
 2.6067	57.5165
 2.6054	57.8610
 2.6041	57.4132
 2.6028	57.2244
 2.6015	57.1745
 2.6002	56.9843
 2.5989	56.8759
 2.5976	57.1995
 2.5963	58.1707
 2.5950	59.2454
 2.5937	58.3051
 2.5924	57.1352
 2.5911	56.9906
 2.5898	57.1971
 2.5885	57.2723
 2.5872	57.3092
 2.5859	57.1153
 2.5847	57.6079
 2.5834	57.8197
 2.5821	57.3106
 2.5808	57.1605
 2.5795	56.9506
 2.5782	57.0932
 2.5770	57.3158
 2.5757	57.1044
 2.5744	57.1455
 2.5731	57.4781
 2.5718	57.1258
 2.5706	57.2582
 2.5693	57.3681
 2.5680	56.9658
 2.5667	56.7915
 2.5655	57.0615
 2.5642	57.4935
 2.5629	57.6357
 2.5617	57.5833
 2.5604	57.3140
 2.5591	56.9169
 2.5579	56.8504
 2.5566	56.8658
 2.5554	56.8366
 2.5541	56.9307
 2.5528	57.0251
 2.5516	56.9972
 2.5503	56.9475
 2.5491	56.8656
 2.5478	56.9077
 2.5466	56.8663
 2.5453	56.8644
 2.5441	56.9317
 2.5428	56.9505
 2.5416	56.8362
 2.5403	56.7858
 2.5391	56.8032
 2.5379	56.7501
 2.5366	56.8265
 2.5354	56.9355
 2.5341	56.9758
 2.5329	56.9738
 2.5317	56.7856
 2.5304	56.8301
 2.5292	57.0452
 2.5280	56.9241
 2.5267	56.8144
 2.5255	56.8352
 2.5243	56.7966
 2.5230	56.6742
 2.5218	56.6853
 2.5206	56.8152
 2.5194	56.8074
 2.5181	56.8164
 2.5169	56.8340
 2.5157	56.8424
 2.5145	56.7840
 2.5133	56.7337
 2.5120	56.7312
 2.5108	56.7461
 2.5096	56.8434
 2.5084	56.8317
 2.5072	56.8040
 2.5060	56.7656
 2.5048	56.6908
 2.5035	56.7056
 2.5023	56.6468
 2.5011	56.7155
 2.4999	56.8473
 2.4987	56.8349
 2.4975	56.7797
 2.4963	56.7789
 2.4951	56.8358
 2.4939	56.7953
 2.4927	56.6157
 2.4915	56.6581
 2.4903	56.6882
 2.4891	56.6509
 2.4879	56.6952
 2.4867	56.7887
 2.4855	56.8593
 2.4844	56.9182
 2.4832	56.8246
 2.4820	56.6046
 2.4808	56.5331
 2.4796	56.6317
 2.4784	56.7905
 2.4772	56.7253
 2.4760	56.6428
 2.4749	56.7200
 2.4737	56.8102
 2.4725	56.8564
 2.4713	56.7702
 2.4701	56.6025
 2.4690	56.6032
 2.4678	56.6694
 2.4666	56.6615
 2.4655	56.6609
 2.4643	56.6738
 2.4631	56.7343
 2.4619	56.7646
 2.4608	56.7754
 2.4596	56.8415
 2.4584	56.8552
 2.4573	56.8156
 2.4561	56.7159
 2.4549	56.7442
 2.4538	56.7054
 2.4526	56.5538
 2.4515	56.6382
 2.4503	56.7796
 2.4491	56.8187
 2.4480	56.9486
 2.4468	56.8465
 2.4457	56.7171
 2.4445	56.6763
 2.4434	56.6880
 2.4422	56.7367
 2.4411	56.7725
 2.4399	56.7447
 2.4388	56.6703
 2.4376	56.7642
 2.4365	56.8121
 2.4353	56.7590
 2.4342	56.8356
 2.4331	56.8669
 2.4319	56.7382
 2.4308	56.6985
 2.4296	56.8079
 2.4285	56.8018
 2.4274	56.6226
 2.4262	56.5659
 2.4251	56.6512
 2.4240	56.6624
 2.4228	56.7060
 2.4217	56.8284
 2.4206	56.8345
 2.4194	56.8755
 2.4183	56.8643
 2.4172	56.6824
 2.4160	56.6586
 2.4149	56.8141
 2.4138	56.9123
 2.4127	56.9069
 2.4116	56.7915
 2.4104	56.6231
 2.4093	56.6038
 2.4082	56.7648
 2.4071	56.8631
 2.4059	56.8338
 2.4048	56.7315
 2.4037	56.7780
 2.4026	56.8496
 2.4015	56.9463
 2.4004	56.8848
 2.3993	56.8056
 2.3982	56.6755
 2.3971	56.7188
 2.3960	56.8468
 2.3948	56.9919
 2.3937	56.9940
 2.3926	56.8367
 2.3915	56.8565
 2.3904	56.9659
 2.3893	56.9970
 2.3882	56.9347
 2.3871	56.8592
 2.3860	56.7796
 2.3849	56.7095
 2.3838	56.6211
 2.3827	56.6738
 2.3816	56.7264
 2.3805	56.8444
 2.3795	56.9703
 2.3784	56.8997
 2.3773	56.7604
 2.3762	56.8335
 2.3751	56.8670
 2.3740	56.9207
 2.3729	56.9011
 2.3718	56.7497
 2.3708	56.8094
 2.3697	56.8692
 2.3686	56.8455
 2.3675	56.9082
 2.3664	56.8821
 2.3653	56.7526
 2.3643	56.7227
 2.3632	56.8351
 2.3621	56.9065
 2.3610	56.8487
 2.3600	56.7521
 2.3589	56.6996
 2.3578	56.8791
 2.3567	57.0140
 2.3557	56.7857
 2.3546	56.6509
 2.3535	56.7140
 2.3525	56.7542
 2.3514	56.8462
 2.3503	56.8528
 2.3493	56.8929
 2.3482	56.8404
 2.3471	56.7425
 2.3461	56.7189
 2.3450	56.8386
 2.3440	56.8636
 2.3429	56.7206
 2.3418	56.6150
 2.3408	56.6946
 2.3397	56.7407
 2.3387	56.7692
 2.3376	56.8251
 2.3366	56.9102
 2.3355	56.8461
 2.3345	56.7579
 2.3334	56.8152
 2.3324	56.7776
 2.3313	56.7481
 2.3303	56.8080
 2.3292	56.8137
 2.3282	56.8341
 2.3271	56.9050
 2.3261	56.8949
 2.3250	56.8056
 2.3240	56.7684
 2.3230	56.8512
 2.3219	56.8236
 2.3209	56.8069
 2.3198	56.9281
 2.3188	56.9033
 2.3178	56.7345
 2.3167	56.6970
 2.3157	56.7927
 2.3147	56.8745
 2.3136	56.9231
 2.3126	56.7724
 2.3116	56.6236
 2.3105	56.7519
 2.3095	56.9027
 2.3085	56.8892
 2.3074	56.9393
 2.3064	56.8866
 2.3054	56.8396
 2.3044	56.8438
 2.3034	56.9084
 2.3023	56.8596
 2.3013	56.7115
 2.3003	56.8445
 2.2993	56.9160
 2.2982	56.8527
 2.2972	56.8327
 2.2962	56.7872
 2.2952	56.7436
 2.2942	56.7956
 2.2932	56.8328
 2.2921	57.0199
 2.2911	57.0309
 2.2901	56.8827
 2.2891	56.8537
 2.2881	56.9535
 2.2871	56.9240
 2.2861	56.7121
 2.2851	56.6290
 2.2841	56.7930
 2.2831	56.9231
 2.2821	56.8933
 2.2811	56.8174
 2.2801	56.8082
 2.2790	56.7477
 2.2780	56.8078
 2.2771	56.9210
 2.2761	56.9013
 2.2750	56.8838
 2.2740	56.9203
 2.2731	56.9996
 2.2721	57.1117
 2.2711	56.9990
 2.2701	56.6728
 2.2691	56.7702
 2.2681	56.8839
 2.2671	56.9098
 2.2661	57.0116
 2.2651	56.8365
 2.2641	56.7158
 2.2631	56.8069
 2.2621	56.9337
 2.2612	56.8510
 2.2602	56.7014
 2.2592	56.5708
 2.2582	56.5598
 2.2572	56.7588
 2.2562	56.8908
 2.2553	56.8287
 2.2543	56.8104
 2.2533	56.9563
 2.2523	56.9955
 2.2513	56.8453
 2.2504	56.7388
 2.2494	56.8002
 2.2484	56.8313
 2.2474	56.8481
 2.2465	56.9155
 2.2455	56.8863
 2.2445	56.9310
 2.2435	56.9312
 2.2426	56.8079
 2.2416	56.8038
 2.2406	56.6362
 2.2397	56.6509
 2.2387	56.9526
 2.2377	56.9780
 2.2368	56.9341
 2.2358	56.9242
 2.2348	56.8609
 2.2339	56.9489
 2.2329	56.9855
 2.2320	56.8376
 2.2310	56.8781
 2.2300	56.9350
 2.2291	56.8908
 2.2281	56.8980
 2.2272	56.9029
 2.2262	56.9303
 2.2252	56.8229
 2.2243	56.8466
 2.2233	56.9275
 2.2224	56.9631
 2.2214	56.8917
 2.2205	56.8246
 2.2195	56.8156
 2.2186	56.7251
 2.2176	56.5810
 2.2167	56.7186
 2.2157	56.8595
 2.2148	56.8750
 2.2138	56.9279
 2.2129	56.9467
 2.2120	56.8144
 2.2110	56.6758
 2.2101	56.6653
 2.2091	56.7317
 2.2082	56.7190
 2.2073	56.6249
 2.2063	56.6775
 2.2054	56.8365
 2.2044	56.8654
 2.2035	56.7648
 2.2026	56.7753
 2.2016	56.7895
 2.2007	56.8011
 2.1998	56.7812
 2.1988	56.8438
 2.1979	56.8587
 2.1970	56.7878
 2.1960	56.8160
 2.1951	56.7645
 2.1942	56.7452
 2.1932	56.7232
 2.1923	56.7090
 2.1914	56.7489
 2.1905	56.7025
 2.1895	56.7217
 2.1886	56.7537
 2.1877	56.9259
 2.1868	57.0781
 2.1858	56.9783
 2.1849	56.8377
 2.1840	56.8678
 2.1831	56.7480
 2.1822	56.6622
 2.1812	56.6992
 2.1803	56.7298
 2.1794	56.8154
 2.1785	56.8581
 2.1776	56.8879
 2.1767	56.9110
 2.1758	56.9862
 2.1749	56.8873
 2.1739	56.7374
 2.1730	56.7918
 2.1721	57.0273
 2.1712	57.0639
 2.1703	56.9961
 2.1694	56.8160
 2.1685	56.7820
 2.1676	56.9141
 2.1667	56.9905
 2.1658	56.9788
 2.1649	56.8348
 2.1639	56.8899
 2.1631	56.9795
 2.1622	56.8122
 2.1612	56.8256
 2.1604	56.8928
 2.1595	56.7903
 2.1585	56.7158
 2.1576	56.7952
 2.1568	56.9224
 2.1559	56.9398
 2.1550	56.9753
 2.1541	57.0169
 2.1532	56.9242
 2.1523	56.8875
 2.1514	56.9563
 2.1505	56.9312
 2.1496	57.0889
 2.1487	57.2018
 2.1478	57.0158
 2.1469	56.9772
 2.1460	57.0219
 2.1452	57.0429
 2.1443	57.0387
 2.1434	57.0937
 2.1425	57.1727
 2.1416	57.0374
 2.1407	56.9218
 2.1398	56.9692
 2.1390	57.0073
 2.1381	56.9743
 2.1372	56.9116
 2.1363	56.8590
 2.1354	56.8237
 2.1345	56.7811
 2.1337	56.9841
 2.1328	57.1564
 2.1319	56.9636
 2.1311	56.8558
 2.1302	56.9293
 2.1293	57.0278
 2.1284	57.0240
 2.1275	57.0323
 2.1267	57.0214
 2.1258	56.8900
 2.1249	56.9260
 2.1241	56.8804
 2.1232	57.0076
 2.1223	57.0446
 2.1214	56.7796
 2.1206	56.6652
 2.1197	56.9088
 2.1189	57.1493
 2.1180	57.2121
 2.1171	57.0818
 2.1163	56.9925
 2.1154	56.9680
 2.1145	56.9049
 2.1137	56.8176
 2.1128	56.9308
 2.1120	57.0243
 2.1111	57.1320
 2.1102	56.8947
 2.1094	56.8416
 2.1085	57.0872
 2.1077	57.0190
 2.1068	56.8787
 2.1059	56.8903
 2.1051	57.1238
 2.1042	57.2422
 2.1034	57.0469
 2.1025	56.8869
 2.1017	56.8009
 2.1008	56.8073
 2.1000	56.9215
 2.0991	56.8279
 2.0983	56.9216
 2.0974	57.2193
 2.0966	57.3186
 2.0957	57.2117
 2.0949	57.0832
 2.0940	57.0295
 2.0932	56.8272
 2.0924	56.8425
 2.0915	57.0920
 2.0907	56.9169
 2.0898	56.9743
 2.0890	57.0409
 2.0881	56.7810
 2.0873	56.7228
 2.0865	56.9769
 2.0856	57.0408
 2.0848	56.7542
 2.0839	56.6885
 2.0831	56.9652
 2.0823	56.8112
 2.0814	56.6049
 2.0806	56.8427
 2.0798	56.8429
 2.0789	56.6076
 2.0781	56.7261
 2.0773	56.8544
 2.0764	56.8199
 2.0756	57.0020
 2.0748	57.1190
 2.0739	57.0075
 2.0731	57.0326
 2.0723	57.3385
 2.0715	56.8255
 2.0706	56.6019
 2.0698	56.8876
 2.0690	57.0903
 2.0681	57.4161
 2.0673	57.2821
 2.0665	56.9308
 2.0657	56.9290
 2.0648	57.0693
 2.0640	57.1136
 2.0632	57.0024
 2.0624	56.8215
 2.0616	56.8325
 2.0607	56.9572
 2.0599	56.9266
 2.0591	56.8101
 2.0583	56.9181
 2.0575	56.9921
 2.0567	56.8736
 2.0558	56.7645
 2.0550	56.8847
 2.0542	56.9933
 2.0534	56.8529
 2.0526	57.0557
 2.0518	57.1616
 2.0510	56.9372
 2.0501	56.9873
 2.0493	57.1292
 2.0485	57.0158
 2.0477	57.0920
 2.0469	57.1130
 2.0461	57.0060
 2.0453	56.8986
 2.0445	56.9077
 2.0437	56.8644
 2.0429	56.9135
 2.0421	57.0005
 2.0413	57.1102
 2.0405	57.1086
 2.0397	57.0664
 2.0389	56.9139
 2.0381	57.0545
 2.0373	57.1282
 2.0365	56.9232
 2.0357	56.9885
 2.0349	57.1822
 2.0341	56.9836
 2.0333	56.8197
 2.0325	56.8878
 2.0317	56.7781
 2.0309	56.8483
 2.0301	57.1210
 2.0293	57.1557
 2.0285	57.2509
 2.0277	57.0554
 2.0269	56.8662
 2.0261	56.9214
 2.0253	57.0115
 2.0245	56.9781
 2.0237	56.8953
 2.0229	57.0628
 2.0222	57.0195
 2.0214	56.7481
 2.0206	56.7838
 2.0198	57.1791
 2.0190	57.1463
 2.0182	56.9953
 2.0174	57.1265
 2.0167	57.0643
 2.0159	56.8276
 2.0151	56.7734
 2.0143	56.7594
 2.0135	57.0093
 2.0128	57.2244
 2.0120	57.3061
 2.0112	57.2428
 2.0104	57.2092
 2.0096	57.1244
 2.0088	56.9357
 2.0081	56.8901
 2.0073	56.8128
 2.0065	56.8462
 2.0057	57.0395
 2.0050	56.9996
 2.0042	56.9552
 2.0034	56.8531
 2.0026	56.8141
 2.0019	56.8431
 2.0011	56.8681
 2.0003	56.9651
