Name: Calcite CaCO_3
Type: Mineral
Class: Carbonate
Subclass: None
Particle Size: Medium
Sample No.: C-3A
Owner: JPL
Wavelength Range: TIR
Origin: Italy
Collection Date: N/A
Description: TravertineParticle size was 45-125um.Collected by Ward's Original ASTER Spectral Library name was jpl.nicolet.mineral.carbonate.none.medium.c03a.spectrum.txt
Measurement: Hemispherical reflectance
First Column: X
Second Column: Y
X Units: Wavelength (micrometers)
Y Units:Reflectance (percent)
First X Value: 15.3853
Last X Value:  2.0003
Number of X Values: 2256
Additional Information: mineral.carbonate.none.medium.tir.c-3a.jpl.nicolet.ancillary.txt

15.3853	13.3202
15.3397	13.5808
15.2945	13.8870
15.2495	14.0518
15.2048	13.8962
15.1603	13.8202
15.1161	13.8178
15.0722	13.5478
15.0285	13.1565
14.9851	12.9592
14.9419	12.9619
14.8989	13.0825
14.8563	13.5228
14.8138	14.1380
14.7716	14.7527
14.7296	15.1430
14.6879	15.3719
14.6464	15.4808
14.6052	15.6567
14.5641	15.7652
14.5233	15.6796
14.4828	15.0032
14.4424	13.9787
14.4023	12.9178
14.3624	11.8722
14.3227	10.5748
14.2833	 9.0777
14.2440	 7.3472
14.2050	 5.5832
14.1662	 4.2748
14.1276	 3.2217
14.0892	 2.7456
14.0510	 2.7328
14.0131	 2.2376
13.9753	 1.4993
13.9377	 1.5536
13.9004	 2.5848
13.8632	 4.4236
13.8262	 6.7161
13.7895	 8.9890
13.7529	11.0874
13.7165	13.0697
13.6803	14.8267
13.6443	16.2840
13.6085	17.4809
13.5729	18.6764
13.5374	20.0240
13.5022	21.0593
13.4671	21.6829
13.4322	22.1051
13.3975	22.4604
13.3630	22.8048
13.3286	22.8876
13.2944	22.8071
13.2604	22.6382
13.2266	22.3325
13.1930	21.9257
13.1595	21.5690
13.1262	21.0694
13.0930	20.1537
13.0600	19.5226
13.0272	18.8857
12.9946	18.1525
12.9621	17.8139
12.9298	17.5357
12.8976	17.2880
12.8656	17.3501
12.8337	17.3354
12.8021	17.1703
12.7705	17.1819
12.7391	17.4482
12.7079	17.8258
12.6769	18.0270
12.6459	18.3525
12.6152	18.7142
12.5845	18.8714
12.5541	18.9583
12.5238	19.1714
12.4936	19.4593
12.4635	19.6561
12.4337	19.8983
12.4039	20.1628
12.3743	20.0333
12.3448	19.6524
12.3155	19.4583
12.2863	19.5334
12.2573	19.9038
12.2284	20.2703
12.1996	20.4985
12.1710	20.6254
12.1425	20.7327
12.1141	20.7983
12.0859	20.6724
12.0578	20.4647
12.0298	20.2716
12.0019	19.8223
11.9742	19.0765
11.9466	18.3654
11.9192	17.5974
11.8918	16.4348
11.8646	14.4670
11.8375	11.1373
11.8106	 6.8517
11.7837	 5.2073
11.7570	 7.6924
11.7304	10.1689
11.7039	10.3879
11.6776	 9.4408
11.6513	 8.3248
11.6252	 7.3507
11.5992	 6.4648
11.5733	 5.7521
11.5475	 5.4811
11.5219	 5.6765
11.4963	 6.4322
11.4709	 7.8838
11.4455	 9.3455
11.4203	10.7199
11.3952	12.3725
11.3702	13.7414
11.3454	14.2788
11.3206	14.8733
11.2959	16.7348
11.2714	19.3946
11.2469	20.4322
11.2226	19.7540
11.1983	19.5415
11.1742	20.0152
11.1502	20.5268
11.1263	20.9542
11.1024	21.3634
11.0787	21.7231
11.0551	21.9251
11.0316	22.1534
11.0081	22.3700
10.9848	22.5347
10.9616	22.6177
10.9385	22.6304
10.9154	22.6311
10.8925	22.4193
10.8697	21.9750
10.8469	21.3744
10.8243	20.7040
10.8017	19.9097
10.7793	19.1200
10.7569	18.4960
10.7346	17.8843
10.7125	17.3364
10.6904	17.0820
10.6684	17.0290
10.6465	17.0853
10.6247	17.2446
10.6029	17.3824
10.5813	17.3005
10.5597	17.2466
10.5383	17.3748
10.5169	17.6734
10.4956	18.1214
10.4744	18.5016
10.4533	19.0210
10.4323	19.5095
10.4113	19.8473
10.3904	20.0969
10.3697	20.2472
10.3490	20.2869
10.3284	20.2577
10.3078	20.1566
10.2874	19.7416
10.2670	19.1007
10.2467	18.4337
10.2265	17.8682
10.2064	17.5488
10.1863	17.5518
10.1663	17.6363
10.1464	17.5976
10.1266	17.4151
10.1069	16.9460
10.0872	16.3307
10.0676	15.7717
10.0481	15.4055
10.0287	15.2056
10.0093	15.0415
 9.9901	14.8811
 9.9708	14.6519
 9.9517	14.3515
 9.9326	13.9092
 9.9136	13.6531
 9.8947	13.4374
 9.8759	13.2168
 9.8571	13.1987
 9.8384	13.3593
 9.8198	13.5205
 9.8012	13.8351
 9.7827	14.0888
 9.7643	14.2121
 9.7459	14.5209
 9.7276	15.0805
 9.7094	15.5914
 9.6913	16.0246
 9.6732	16.5438
 9.6552	16.9432
 9.6372	17.1307
 9.6194	17.1682
 9.6015	17.1296
 9.5838	17.3551
 9.5661	17.6496
 9.5485	17.8515
 9.5309	17.9923
 9.5135	18.0341
 9.4960	17.9687
 9.4787	17.7793
 9.4614	17.4463
 9.4441	16.9332
 9.4270	16.3465
 9.4099	15.8441
 9.3928	15.2728
 9.3758	14.6094
 9.3589	14.3098
 9.3420	14.2102
 9.3252	14.1195
 9.3085	14.0556
 9.2918	13.9729
 9.2752	13.5202
 9.2586	12.6952
 9.2421	11.5746
 9.2257	10.7987
 9.2093	10.7248
 9.1930	11.0831
 9.1767	11.7274
 9.1605	12.3854
 9.1443	12.7136
 9.1282	12.7396
 9.1122	12.6944
 9.0962	12.5729
 9.0803	12.4038
 9.0644	12.2458
 9.0486	12.0515
 9.0328	11.7720
 9.0171	11.4231
 9.0015	11.0408
 8.9858	10.7030
 8.9703	10.2755
 8.9548	 9.7606
 8.9394	 9.2396
 8.9240	 8.6725
 8.9086	 8.1997
 8.8934	 7.6819
 8.8781	 7.3009
 8.8630	 6.9450
 8.8478	 6.5653
 8.8328	 6.2955
 8.8177	 5.9413
 8.8028	 5.6657
 8.7879	 5.5767
 8.7730	 5.4742
 8.7582	 5.3571
 8.7434	 5.2975
 8.7287	 5.3251
 8.7140	 5.3493
 8.6994	 5.2846
 8.6848	 5.1173
 8.6703	 4.7826
 8.6558	 4.5559
 8.6414	 4.5045
 8.6270	 4.5392
 8.6127	 4.4248
 8.5984	 4.3886
 8.5842	 4.5700
 8.5700	 4.7003
 8.5558	 4.6576
 8.5417	 4.6471
 8.5277	 4.7865
 8.5137	 4.7635
 8.4997	 4.8680
 8.4858	 5.0014
 8.4719	 4.9410
 8.4581	 4.9652
 8.4444	 5.2306
 8.4306	 5.4196
 8.4169	 5.7010
 8.4033	 5.8766
 8.3897	 6.1243
 8.3761	 6.6440
 8.3626	 7.0776
 8.3492	 7.3681
 8.3357	 7.6064
 8.3224	 7.8931
 8.3090	 8.1014
 8.2957	 8.1940
 8.2825	 8.4307
 8.2693	 8.6344
 8.2561	 8.8108
 8.2430	 8.9433
 8.2299	 9.1017
 8.2169	 9.2447
 8.2038	 9.2835
 8.1909	 9.2999
 8.1780	 9.2661
 8.1651	 9.2127
 8.1523	 9.1807
 8.1395	 9.0388
 8.1267	 8.8796
 8.1140	 8.7022
 8.1013	 8.5547
 8.0887	 8.5032
 8.0761	 8.2951
 8.0635	 8.1512
 8.0510	 8.2638
 8.0385	 8.3856
 8.0261	 8.3651
 8.0137	 8.3482
 8.0013	 8.4038
 7.9890	 8.4450
 7.9767	 8.4230
 7.9644	 8.3482
 7.9522	 8.2581
 7.9400	 8.0784
 7.9279	 7.8066
 7.9158	 7.6128
 7.9037	 7.5330
 7.8917	 7.5123
 7.8797	 7.5489
 7.8677	 7.5884
 7.8558	 7.6449
 7.8439	 7.6385
 7.8321	 7.4641
 7.8203	 7.2790
 7.8085	 7.1438
 7.7967	 7.0777
 7.7850	 7.0931
 7.7734	 7.0228
 7.7617	 7.0202
 7.7501	 6.9998
 7.7386	 6.9301
 7.7270	 6.8008
 7.7155	 6.6655
 7.7041	 6.5382
 7.6926	 6.4112
 7.6812	 6.3095
 7.6699	 6.1040
 7.6585	 5.9234
 7.6472	 5.8033
 7.6360	 5.7958
 7.6247	 5.7397
 7.6136	 5.6913
 7.6024	 5.6086
 7.5913	 5.5657
 7.5802	 5.4906
 7.5691	 5.4545
 7.5581	 5.5090
 7.5471	 5.5411
 7.5361	 5.6308
 7.5252	 5.6535
 7.5142	 5.7004
 7.5034	 5.7873
 7.4925	 5.8141
 7.4817	 5.7594
 7.4709	 5.7436
 7.4602	 5.7255
 7.4495	 5.7035
 7.4388	 5.7658
 7.4281	 5.8244
 7.4175	 5.8562
 7.4069	 5.8944
 7.3963	 5.9402
 7.3858	 6.0400
 7.3753	 6.0675
 7.3648	 6.0926
 7.3544	 6.1851
 7.3440	 6.2984
 7.3336	 6.3892
 7.3232	 6.4412
 7.3129	 6.5175
 7.3026	 6.6273
 7.2923	 6.7019
 7.2821	 6.8896
 7.2718	 7.1430
 7.2617	 7.2529
 7.2515	 7.4889
 7.2414	 7.7662
 7.2313	 7.9314
 7.2212	 8.1858
 7.2112	 8.5291
 7.2012	 8.8761
 7.1912	 9.3072
 7.1812	 9.8476
 7.1713	10.3836
 7.1614	10.8343
 7.1515	11.2593
 7.1416	11.5713
 7.1318	11.9603
 7.1220	12.6967
 7.1123	13.6205
 7.1025	14.5287
 7.0928	15.2796
 7.0831	15.7911
 7.0734	16.1129
 7.0638	16.3015
 7.0542	16.4751
 7.0446	16.5369
 7.0351	16.4730
 7.0255	16.5512
 7.0160	16.5103
 7.0065	16.4214
 6.9971	16.4705
 6.9877	16.4677
 6.9782	16.4116
 6.9689	16.4473
 6.9595	16.4856
 6.9502	16.3568
 6.9409	16.3327
 6.9316	16.3179
 6.9223	16.3644
 6.9131	16.5945
 6.9039	16.8553
 6.8947	16.9155
 6.8856	17.0442
 6.8764	17.2673
 6.8673	17.6470
 6.8582	17.7680
 6.8492	17.5757
 6.8402	17.6114
 6.8311	17.8546
 6.8221	17.9337
 6.8132	17.9307
 6.8042	18.0917
 6.7953	18.3881
 6.7864	18.5817
 6.7776	18.5602
 6.7687	18.5548
 6.7599	18.6915
 6.7511	18.8758
 6.7423	18.9993
 6.7336	19.2181
 6.7248	19.4750
 6.7161	19.7653
 6.7074	19.9958
 6.6988	20.0758
 6.6901	20.3642
 6.6815	20.8045
 6.6729	20.9495
 6.6643	20.9796
 6.6558	21.1741
 6.6472	21.6558
 6.6387	22.2046
 6.6302	22.2753
 6.6217	22.3610
 6.6133	22.6453
 6.6049	22.9175
 6.5965	23.3638
 6.5881	23.8039
 6.5797	24.1599
 6.5714	24.4544
 6.5631	24.5348
 6.5548	24.7129
 6.5465	24.6992
 6.5382	24.7074
 6.5300	24.8322
 6.5218	25.0816
 6.5136	25.0115
 6.5054	25.0278
 6.4973	25.4036
 6.4892	25.2544
 6.4810	24.6727
 6.4729	24.0787
 6.4649	23.3179
 6.4568	22.3593
 6.4488	21.0634
 6.4408	19.5819
 6.4328	17.9020
 6.4248	16.3129
 6.4169	15.0956
 6.4089	13.5144
 6.4010	11.9991
 6.3931	10.9871
 6.3853	10.0015
 6.3774	 9.1314
 6.3696	 8.3856
 6.3618	 7.6347
 6.3540	 6.9345
 6.3462	 6.1884
 6.3384	 5.3049
 6.3307	 4.6462
 6.3230	 4.1978
 6.3153	 3.8179
 6.3076	 3.5241
 6.2999	 3.2628
 6.2923	 3.1406
 6.2847	 3.1580
 6.2770	 3.1620
 6.2694	 3.1066
 6.2619	 3.0376
 6.2543	 2.9678
 6.2468	 2.9160
 6.2393	 2.8206
 6.2318	 2.6299
 6.2243	 2.4241
 6.2168	 2.4184
 6.2094	 2.4816
 6.2020	 2.3849
 6.1945	 2.2694
 6.1871	 2.2471
 6.1798	 2.2239
 6.1724	 2.1249
 6.1651	 2.0236
 6.1578	 1.9838
 6.1505	 2.0247
 6.1432	 2.0554
 6.1359	 2.1215
 6.1286	 2.1625
 6.1214	 2.2062
 6.1142	 2.1761
 6.1070	 2.1312
 6.0998	 2.0590
 6.0926	 1.9941
 6.0855	 2.0730
 6.0784	 2.1759
 6.0712	 2.2215
 6.0641	 2.3175
 6.0571	 2.4291
 6.0500	 2.5694
 6.0429	 2.5330
 6.0359	 2.4523
 6.0289	 2.4855
 6.0219	 2.6690
 6.0149	 2.8504
 6.0079	 2.9138
 6.0010	 2.8812
 5.9940	 2.9351
 5.9871	 3.0200
 5.9802	 3.0478
 5.9733	 3.1143
 5.9664	 3.1674
 5.9596	 3.2563
 5.9527	 3.2646
 5.9459	 3.3344
 5.9391	 3.4808
 5.9323	 3.4967
 5.9255	 3.5413
 5.9188	 3.6359
 5.9120	 3.7258
 5.9053	 3.8751
 5.8986	 4.0044
 5.8919	 4.0098
 5.8852	 4.0000
 5.8785	 4.0449
 5.8718	 4.0682
 5.8652	 4.0890
 5.8586	 4.0492
 5.8520	 3.9563
 5.8454	 3.8952
 5.8388	 3.9643
 5.8322	 3.9648
 5.8257	 3.9369
 5.8191	 3.9905
 5.8126	 3.8684
 5.8061	 3.7656
 5.7996	 3.7654
 5.7931	 3.6907
 5.7866	 3.6057
 5.7802	 3.5391
 5.7738	 3.4969
 5.7673	 3.4719
 5.7609	 3.4951
 5.7545	 3.4973
 5.7481	 3.4905
 5.7418	 3.5266
 5.7354	 3.6821
 5.7291	 3.8795
 5.7228	 4.0233
 5.7165	 4.1087
 5.7102	 4.2871
 5.7039	 4.4206
 5.6976	 4.5736
 5.6914	 4.7515
 5.6851	 4.8717
 5.6789	 5.1271
 5.6727	 5.3998
 5.6665	 5.5773
 5.6603	 5.8162
 5.6541	 6.1007
 5.6480	 6.2944
 5.6418	 6.2961
 5.6357	 6.0165
 5.6296	 5.6175
 5.6235	 5.1274
 5.6174	 4.5168
 5.6113	 3.7637
 5.6052	 3.0584
 5.5992	 2.4078
 5.5931	 1.7765
 5.5871	 1.2767
 5.5811	 1.0479
 5.5751	 0.9519
 5.5691	 0.8907
 5.5631	 0.8527
 5.5572	 0.8114
 5.5512	 0.9713
 5.5453	 1.4469
 5.5393	 2.2665
 5.5334	 3.4752
 5.5275	 4.7737
 5.5217	 6.1414
 5.5158	 7.4441
 5.5099	 8.5999
 5.5041	 9.8273
 5.4982	10.9640
 5.4924	11.9741
 5.4866	12.9559
 5.4808	13.9732
 5.4750	14.9331
 5.4692	15.9116
 5.4635	16.9216
 5.4577	17.8073
 5.4520	18.7158
 5.4463	19.6428
 5.4405	20.5541
 5.4348	21.4374
 5.4291	22.3740
 5.4235	23.3575
 5.4178	24.1104
 5.4121	24.8174
 5.4065	25.6476
 5.4009	26.3686
 5.3952	27.0973
 5.3896	27.7778
 5.3840	28.4200
 5.3785	29.0001
 5.3729	29.6721
 5.3673	30.3637
 5.3618	31.0140
 5.3562	31.6605
 5.3507	32.2480
 5.3452	32.7769
 5.3397	33.3589
 5.3342	34.0011
 5.3287	34.6604
 5.3232	35.2779
 5.3178	35.8178
 5.3123	36.3962
 5.3069	36.9522
 5.3015	37.4753
 5.2961	38.0187
 5.2907	38.5608
 5.2852	38.9575
 5.2799	39.4088
 5.2745	39.8198
 5.2691	40.2221
 5.2638	40.6208
 5.2584	41.0280
 5.2531	41.4823
 5.2478	42.0305
 5.2425	42.4955
 5.2372	42.9403
 5.2319	43.3711
 5.2267	43.8430
 5.2214	44.2237
 5.2161	44.6457
 5.2109	45.0282
 5.2057	45.3202
 5.2004	45.6229
 5.1952	45.9117
 5.1900	46.1588
 5.1848	46.3809
 5.1796	46.5424
 5.1745	46.6401
 5.1693	46.7273
 5.1642	46.9594
 5.1590	47.1880
 5.1539	47.3232
 5.1488	47.5143
 5.1437	47.6442
 5.1386	47.6418
 5.1335	47.6391
 5.1284	47.5455
 5.1234	47.2739
 5.1183	46.5147
 5.1132	44.6646
 5.1082	41.5212
 5.1032	38.1937
 5.0982	37.2471
 5.0932	40.2077
 5.0882	44.1516
 5.0832	46.7360
 5.0782	48.0677
 5.0732	48.7966
 5.0683	49.2087
 5.0633	49.4260
 5.0584	49.5476
 5.0534	49.6362
 5.0485	49.6934
 5.0436	49.6922
 5.0387	49.6173
 5.0338	49.6496
 5.0289	49.6765
 5.0241	49.6636
 5.0192	49.6137
 5.0144	49.5285
 5.0095	49.4410
 5.0047	49.4546
 4.9998	49.4971
 4.9950	49.5144
 4.9902	49.4806
 4.9854	49.4331
 4.9806	49.5046
 4.9759	49.5224
 4.9711	49.5144
 4.9663	49.6123
 4.9616	49.6422
 4.9568	49.6113
 4.9521	49.6462
 4.9474	49.7347
 4.9426	49.7093
 4.9379	49.7254
 4.9332	49.8062
 4.9286	49.8345
 4.9239	49.8731
 4.9192	50.0564
 4.9145	50.2752
 4.9099	50.4904
 4.9052	50.6380
 4.9006	50.8708
 4.8960	51.1389
 4.8914	51.3001
 4.8867	51.4189
 4.8821	51.5770
 4.8776	51.7294
 4.8730	51.8959
 4.8684	51.9856
 4.8638	51.9959
 4.8593	52.0341
 4.8547	52.1552
 4.8502	52.2054
 4.8456	52.2532
 4.8411	52.4129
 4.8366	52.4837
 4.8321	52.4516
 4.8276	52.4535
 4.8231	52.4326
 4.8186	52.3987
 4.8141	52.3615
 4.8097	52.3398
 4.8052	52.2750
 4.8008	52.2312
 4.7963	52.1785
 4.7919	52.0364
 4.7875	51.9016
 4.7831	51.8058
 4.7786	51.6601
 4.7743	51.3360
 4.7699	50.8438
 4.7655	50.3156
 4.7611	49.7332
 4.7567	49.1762
 4.7524	48.5792
 4.7480	47.8725
 4.7437	47.0073
 4.7393	46.0520
 4.7350	45.0025
 4.7307	43.7750
 4.7264	42.2417
 4.7221	40.3088
 4.7178	38.0595
 4.7135	35.6484
 4.7092	33.3137
 4.7049	31.2507
 4.7007	29.3932
 4.6964	27.8363
 4.6922	26.6367
 4.6879	25.7027
 4.6837	24.9846
 4.6795	24.5487
 4.6752	24.2872
 4.6710	24.2005
 4.6668	24.3033
 4.6626	24.5031
 4.6584	24.9410
 4.6543	25.8261
 4.6501	27.0687
 4.6459	28.4067
 4.6418	29.8507
 4.6376	31.4701
 4.6334	33.1181
 4.6293	34.4354
 4.6252	35.5155
 4.6211	36.5278
 4.6170	37.4003
 4.6128	38.1418
 4.6087	38.7359
 4.6047	39.1496
 4.6006	39.3850
 4.5965	39.6995
 4.5924	40.0737
 4.5884	40.3887
 4.5843	40.5989
 4.5802	40.7576
 4.5762	40.9094
 4.5722	41.0366
 4.5681	41.1056
 4.5641	41.1708
 4.5601	41.2518
 4.5561	41.4229
 4.5521	41.5533
 4.5481	41.6701
 4.5441	41.7102
 4.5401	41.7600
 4.5362	41.8428
 4.5322	41.8902
 4.5282	41.9303
 4.5243	41.9665
 4.5203	42.0331
 4.5164	42.0899
 4.5125	42.1538
 4.5085	42.2312
 4.5046	42.3352
 4.5007	42.5863
 4.4968	42.9028
 4.4929	43.2146
 4.4890	43.5802
 4.4851	44.1005
 4.4813	44.6242
 4.4774	45.0791
 4.4735	45.5827
 4.4697	46.1358
 4.4658	46.6043
 4.4620	46.9485
 4.4581	47.2673
 4.4543	47.5812
 4.4505	47.9219
 4.4467	48.3460
 4.4429	48.8310
 4.4391	49.3015
 4.4353	49.7491
 4.4315	50.0788
 4.4277	50.3317
 4.4239	50.5958
 4.4201	50.8531
 4.4164	51.1311
 4.4126	51.3461
 4.4089	51.5328
 4.4051	51.6531
 4.4014	51.7501
 4.3976	51.8877
 4.3939	52.0137
 4.3902	52.1051
 4.3865	52.1631
 4.3828	52.2940
 4.3791	52.3918
 4.3754	52.3596
 4.3717	52.2124
 4.3680	52.0137
 4.3643	51.7342
 4.3607	51.2845
 4.3570	50.7637
 4.3533	50.2585
 4.3497	49.9804
 4.3460	49.8570
 4.3424	49.8060
 4.3388	49.7016
 4.3351	49.6075
 4.3315	49.5826
 4.3279	49.6033
 4.3243	49.5964
 4.3207	49.6010
 4.3171	49.5638
 4.3135	49.5536
 4.3099	49.6537
 4.3063	49.8108
 4.3028	50.0435
 4.2992	50.2838
 4.2956	50.3629
 4.2921	50.3312
 4.2885	50.1629
 4.2850	49.9584
 4.2815	49.6399
 4.2779	49.1441
 4.2744	48.4197
 4.2709	47.7657
 4.2674	47.4034
 4.2638	47.5439
 4.2603	48.1944
 4.2568	48.9094
 4.2534	49.3086
 4.2499	49.5132
 4.2464	49.6071
 4.2429	49.6317
 4.2394	49.5403
 4.2360	49.3701
 4.2325	49.2595
 4.2291	49.1536
 4.2256	49.0513
 4.2222	48.9620
 4.2187	48.8478
 4.2153	48.7587
 4.2119	48.7247
 4.2085	48.6456
 4.2051	48.4451
 4.2016	48.2108
 4.1982	47.9446
 4.1948	47.6754
 4.1915	47.3883
 4.1881	47.1600
 4.1847	46.9180
 4.1813	46.6698
 4.1780	46.3917
 4.1746	46.1179
 4.1712	45.8349
 4.1679	45.4530
 4.1645	45.0532
 4.1612	44.6435
 4.1578	44.2477
 4.1545	43.8119
 4.1512	43.2887
 4.1479	42.8030
 4.1445	42.2956
 4.1412	41.7196
 4.1379	41.1244
 4.1346	40.4340
 4.1313	39.7116
 4.1280	39.0414
 4.1248	38.4445
 4.1215	37.8477
 4.1182	37.2115
 4.1150	36.4901
 4.1117	35.7104
 4.1084	34.9913
 4.1052	34.2859
 4.1019	33.6142
 4.0987	32.9635
 4.0954	32.2116
 4.0922	31.5047
 4.0890	30.8076
 4.0858	30.0568
 4.0826	29.2362
 4.0793	28.2929
 4.0761	27.3679
 4.0729	26.4022
 4.0697	25.3807
 4.0665	24.3986
 4.0633	23.4461
 4.0602	22.4170
 4.0570	21.3308
 4.0538	20.0708
 4.0507	18.6042
 4.0475	16.9965
 4.0443	15.2749
 4.0412	13.4794
 4.0380	11.7858
 4.0349	10.4636
 4.0317	 9.4001
 4.0286	 8.3876
 4.0255	 7.4756
 4.0224	 6.7128
 4.0193	 6.0785
 4.0161	 5.3322
 4.0130	 4.5884
 4.0099	 4.0166
 4.0068	 3.5146
 4.0037	 3.1351
 4.0006	 2.7625
 3.9976	 2.5269
 3.9945	 2.4162
 3.9914	 2.2491
 3.9883	 2.1757
 3.9853	 2.1423
 3.9822	 1.9917
 3.9792	 2.0334
 3.9761	 2.0744
 3.9731	 2.0558
 3.9700	 2.0260
 3.9670	 2.1040
 3.9639	 2.1681
 3.9609	 2.2321
 3.9579	 2.3178
 3.9549	 2.3911
 3.9519	 2.5590
 3.9489	 2.7726
 3.9458	 3.1420
 3.9428	 3.5767
 3.9398	 4.0218
 3.9369	 4.4072
 3.9339	 4.5573
 3.9309	 4.6047
 3.9279	 4.7480
 3.9249	 4.9400
 3.9220	 5.1078
 3.9190	 5.1648
 3.9160	 5.2549
 3.9131	 5.3804
 3.9101	 5.4639
 3.9072	 5.5588
 3.9042	 5.6208
 3.9013	 5.6814
 3.8984	 5.7617
 3.8954	 5.8767
 3.8925	 5.9492
 3.8896	 6.0093
 3.8867	 6.0209
 3.8838	 5.9794
 3.8809	 5.9981
 3.8780	 6.0644
 3.8751	 6.1822
 3.8722	 6.1903
 3.8693	 6.2510
 3.8664	 6.3673
 3.8635	 6.3950
 3.8606	 6.4328
 3.8578	 6.4843
 3.8549	 6.6050
 3.8520	 6.7541
 3.8492	 6.8313
 3.8463	 6.9604
 3.8435	 7.1353
 3.8406	 7.3456
 3.8378	 7.6550
 3.8349	 8.0995
 3.8321	 8.8252
 3.8293	 9.6624
 3.8264	10.3819
 3.8236	11.2477
 3.8208	12.2420
 3.8180	13.2193
 3.8152	14.2506
 3.8124	15.4037
 3.8096	16.8342
 3.8068	18.4703
 3.8040	20.2069
 3.8012	22.1567
 3.7984	24.4978
 3.7956	27.0468
 3.7929	29.6312
 3.7901	31.9911
 3.7873	33.9455
 3.7845	35.5329
 3.7818	36.7590
 3.7790	37.7591
 3.7763	38.5557
 3.7735	39.3779
 3.7708	40.1914
 3.7681	40.7972
 3.7653	41.2739
 3.7626	41.7263
 3.7599	42.1401
 3.7571	42.4376
 3.7544	42.6346
 3.7517	42.8219
 3.7490	43.0363
 3.7463	43.3441
 3.7436	43.7468
 3.7409	44.1146
 3.7382	44.5055
 3.7355	44.9101
 3.7328	45.2767
 3.7301	45.5519
 3.7274	45.7080
 3.7247	45.9029
 3.7221	46.0827
 3.7194	46.2343
 3.7167	46.3392
 3.7141	46.3666
 3.7114	46.4418
 3.7088	46.5426
 3.7061	46.6362
 3.7035	46.6878
 3.7008	46.7092
 3.6982	46.7351
 3.6955	46.7912
 3.6929	46.8480
 3.6903	46.7713
 3.6877	46.7091
 3.6850	46.6974
 3.6824	46.6403
 3.6798	46.5424
 3.6772	46.3914
 3.6746	46.3157
 3.6720	46.3108
 3.6694	46.1591
 3.6668	46.0182
 3.6642	45.8513
 3.6616	45.6944
 3.6590	45.5880
 3.6564	45.4048
 3.6539	45.2003
 3.6513	45.0340
 3.6487	44.8348
 3.6462	44.6018
 3.6436	44.4163
 3.6410	44.1880
 3.6385	43.8781
 3.6359	43.6128
 3.6334	43.4228
 3.6308	43.2652
 3.6283	43.0670
 3.6258	42.8030
 3.6232	42.4923
 3.6207	42.1543
 3.6182	41.8529
 3.6156	41.5282
 3.6131	41.1787
 3.6106	40.8160
 3.6081	40.4375
 3.6056	39.9970
 3.6031	39.4689
 3.6006	38.8950
 3.5981	38.3215
 3.5956	37.6998
 3.5931	36.9972
 3.5906	36.2765
 3.5881	35.4766
 3.5856	34.5555
 3.5832	33.5050
 3.5807	32.3979
 3.5782	31.1763
 3.5758	30.0400
 3.5733	29.3433
 3.5708	29.0502
 3.5684	28.9838
 3.5659	29.0271
 3.5635	29.0050
 3.5610	28.8204
 3.5586	28.4798
 3.5561	27.9788
 3.5537	27.3416
 3.5513	26.6155
 3.5488	25.7347
 3.5464	24.6466
 3.5440	23.4984
 3.5415	22.4418
 3.5391	21.3104
 3.5367	19.9097
 3.5343	18.3715
 3.5319	16.8013
 3.5295	15.1186
 3.5271	13.3263
 3.5247	11.7065
 3.5223	10.2967
 3.5199	 9.0150
 3.5175	 8.0317
 3.5151	 7.2900
 3.5128	 6.7081
 3.5104	 6.3781
 3.5080	 6.0074
 3.5056	 5.7131
 3.5033	 5.4348
 3.5009	 5.2208
 3.4985	 4.9936
 3.4962	 4.7256
 3.4938	 4.4998
 3.4915	 4.3057
 3.4891	 4.0883
 3.4868	 3.9572
 3.4844	 3.8645
 3.4821	 3.6930
 3.4798	 3.6017
 3.4774	 3.6038
 3.4751	 3.6771
 3.4728	 3.8708
 3.4704	 4.2313
 3.4681	 4.8064
 3.4658	 5.4611
 3.4635	 6.1078
 3.4612	 6.6335
 3.4589	 6.8651
 3.4566	 7.1458
 3.4543	 7.3886
 3.4520	 7.4428
 3.4497	 7.5084
 3.4474	 7.6109
 3.4451	 7.7038
 3.4428	 7.7713
 3.4405	 7.7557
 3.4382	 7.7609
 3.4359	 7.8336
 3.4337	 7.8168
 3.4314	 7.7330
 3.4291	 7.7776
 3.4269	 7.9439
 3.4246	 8.0093
 3.4223	 8.0327
 3.4201	 7.9796
 3.4178	 7.8835
 3.4156	 7.7525
 3.4133	 7.7655
 3.4111	 7.7601
 3.4088	 7.6448
 3.4066	 7.5274
 3.4043	 7.5320
 3.4021	 7.4738
 3.3999	 7.4422
 3.3977	 7.3941
 3.3954	 7.3471
 3.3932	 7.3286
 3.3910	 7.2342
 3.3888	 7.1161
 3.3866	 7.0239
 3.3844	 6.9759
 3.3822	 6.9151
 3.3799	 6.8340
 3.3777	 6.7854
 3.3755	 6.7681
 3.3733	 6.7563
 3.3712	 6.7055
 3.3690	 6.5239
 3.3668	 6.4059
 3.3646	 6.4010
 3.3624	 6.2036
 3.3602	 5.8739
 3.3580	 5.5723
 3.3559	 5.3310
 3.3537	 5.0904
 3.3515	 5.0963
 3.3494	 5.3060
 3.3472	 5.7168
 3.3451	 6.4820
 3.3429	 7.7303
 3.3407	 9.4731
 3.3386	11.5128
 3.3364	13.5741
 3.3343	15.4722
 3.3321	17.1636
 3.3300	18.5926
 3.3279	19.7772
 3.3257	20.7439
 3.3236	21.6364
 3.3215	22.3111
 3.3194	22.8559
 3.3172	23.4187
 3.3151	24.0117
 3.3130	24.5495
 3.3109	24.9942
 3.3088	25.4166
 3.3066	25.7042
 3.3045	26.0207
 3.3024	26.3178
 3.3003	26.5814
 3.2982	26.8766
 3.2961	27.2133
 3.2940	27.3963
 3.2920	27.4860
 3.2899	27.7228
 3.2878	27.9754
 3.2857	28.1448
 3.2836	28.2425
 3.2815	28.4100
 3.2795	28.5389
 3.2774	28.6804
 3.2753	28.7903
 3.2732	28.9528
 3.2712	29.1046
 3.2691	29.1143
 3.2671	29.1633
 3.2650	29.2718
 3.2630	29.2984
 3.2609	29.3530
 3.2588	29.3935
 3.2568	29.4747
 3.2548	29.5961
 3.2527	29.7130
 3.2507	29.7098
 3.2486	29.6840
 3.2466	29.6157
 3.2446	29.5865
 3.2426	29.5939
 3.2405	29.6261
 3.2385	29.7314
 3.2365	29.8013
 3.2345	29.7098
 3.2324	29.6495
 3.2304	29.6329
 3.2284	29.6492
 3.2264	29.6862
 3.2244	29.6645
 3.2224	29.6120
 3.2204	29.6523
 3.2184	29.6558
 3.2164	29.5288
 3.2144	29.4781
 3.2124	29.4587
 3.2104	29.4706
 3.2084	29.5079
 3.2064	29.4877
 3.2045	29.4897
 3.2025	29.4395
 3.2005	29.3309
 3.1985	29.3536
 3.1966	29.2622
 3.1946	29.2096
 3.1926	29.1636
 3.1907	28.9283
 3.1887	28.8912
 3.1867	29.0130
 3.1848	28.9594
 3.1828	28.6986
 3.1809	28.5905
 3.1789	28.5714
 3.1770	28.4478
 3.1750	28.2753
 3.1731	28.1421
 3.1711	28.0263
 3.1692	27.8658
 3.1673	27.6145
 3.1653	27.2978
 3.1634	27.0962
 3.1615	26.8652
 3.1596	26.6098
 3.1576	26.3956
 3.1557	26.2264
 3.1538	26.1233
 3.1519	25.9476
 3.1500	25.8714
 3.1481	25.8477
 3.1461	25.8420
 3.1442	25.9006
 3.1423	25.8274
 3.1404	25.7955
 3.1385	25.7773
 3.1366	25.7916
 3.1347	25.8264
 3.1328	25.9217
 3.1309	25.9700
 3.1290	25.8113
 3.1272	25.6927
 3.1253	25.6019
 3.1234	25.5111
 3.1215	25.4672
 3.1196	25.3193
 3.1178	25.1328
 3.1159	24.8336
 3.1140	24.6180
 3.1121	24.5177
 3.1103	24.4675
 3.1084	24.4687
 3.1065	24.4210
 3.1047	24.4167
 3.1028	24.4460
 3.1010	24.5129
 3.0991	24.5402
 3.0973	24.6305
 3.0954	24.7158
 3.0936	24.8371
 3.0917	24.9058
 3.0899	24.9607
 3.0880	25.0904
 3.0862	25.2399
 3.0844	25.1993
 3.0825	25.1367
 3.0807	25.1933
 3.0789	25.1690
 3.0770	25.2127
 3.0752	25.3146
 3.0734	25.3533
 3.0716	25.3462
 3.0698	25.3203
 3.0680	25.3358
 3.0661	25.4357
 3.0643	25.3793
 3.0625	25.3197
 3.0607	25.3604
 3.0589	25.3683
 3.0571	25.4021
 3.0553	25.4039
 3.0535	25.3950
 3.0517	25.3486
 3.0499	25.3608
 3.0481	25.2488
 3.0463	25.1918
 3.0445	25.3781
 3.0427	25.3710
 3.0410	25.3177
 3.0392	25.3534
 3.0374	25.4262
 3.0356	25.4919
 3.0338	25.5277
 3.0321	25.4610
 3.0303	25.2920
 3.0285	25.1896
 3.0268	25.1755
 3.0250	25.3100
 3.0232	25.4216
 3.0215	25.4364
 3.0197	25.3453
 3.0179	25.2684
 3.0162	25.2948
 3.0144	25.3847
 3.0127	25.3895
 3.0109	25.3356
 3.0092	25.2521
 3.0074	25.1642
 3.0057	25.1365
 3.0040	25.2029
 3.0022	25.2120
 3.0005	25.2154
 2.9987	25.2663
 2.9970	25.2468
 2.9953	25.0791
 2.9935	24.9532
 2.9918	24.9517
 2.9901	24.8863
 2.9884	24.8506
 2.9867	24.8541
 2.9849	24.8825
 2.9832	24.9689
 2.9815	25.0957
 2.9798	25.0109
 2.9781	24.8023
 2.9764	24.7911
 2.9747	24.7886
 2.9729	24.7842
 2.9712	24.8635
 2.9695	24.8893
 2.9678	24.7483
 2.9661	24.7412
 2.9645	24.7795
 2.9628	24.6819
 2.9611	24.5942
 2.9594	24.6173
 2.9577	24.6331
 2.9560	24.6262
 2.9543	24.6586
 2.9526	24.7457
 2.9510	24.6705
 2.9493	24.5948
 2.9476	24.6545
 2.9459	24.7499
 2.9442	24.7623
 2.9426	24.7381
 2.9409	24.6952
 2.9392	24.7269
 2.9376	24.8398
 2.9359	24.9308
 2.9343	24.8432
 2.9326	24.8770
 2.9309	24.9508
 2.9293	24.9682
 2.9276	24.9341
 2.9260	24.9868
 2.9243	25.0873
 2.9227	25.2175
 2.9210	25.1707
 2.9194	25.2671
 2.9177	25.4165
 2.9161	25.3926
 2.9145	25.3898
 2.9128	25.4277
 2.9112	25.5029
 2.9096	25.5802
 2.9079	25.6417
 2.9063	25.6289
 2.9047	25.6576
 2.9030	25.8498
 2.9014	25.9975
 2.8998	26.1026
 2.8982	26.1227
 2.8966	25.9967
 2.8949	26.0112
 2.8933	26.1689
 2.8917	26.2666
 2.8901	26.2799
 2.8885	26.3252
 2.8869	26.4463
 2.8853	26.6241
 2.8837	26.7533
 2.8821	26.8410
 2.8805	26.8548
 2.8789	26.9835
 2.8773	27.1663
 2.8757	27.2832
 2.8741	27.3526
 2.8725	27.3822
 2.8709	27.4426
 2.8693	27.6052
 2.8677	27.6838
 2.8661	27.6777
 2.8645	27.7847
 2.8630	28.0021
 2.8614	28.2027
 2.8598	28.3813
 2.8582	28.4522
 2.8567	28.5283
 2.8551	28.6571
 2.8535	28.7736
 2.8519	28.9938
 2.8504	29.1712
 2.8488	29.2693
 2.8472	29.2251
 2.8457	29.3980
 2.8441	29.6451
 2.8426	29.8004
 2.8410	29.8503
 2.8394	29.8838
 2.8379	30.0396
 2.8363	30.2462
 2.8348	30.3244
 2.8332	30.5221
 2.8317	30.7331
 2.8302	30.6337
 2.8286	30.7168
 2.8271	30.9874
 2.8255	31.1310
 2.8240	31.2678
 2.8224	31.4095
 2.8209	31.4565
 2.8194	31.5708
 2.8178	31.7712
 2.8163	32.0019
 2.8148	32.1859
 2.8133	32.1932
 2.8117	32.2690
 2.8102	32.3757
 2.8087	32.4774
 2.8072	32.5767
 2.8056	32.6568
 2.8041	32.8342
 2.8026	32.9645
 2.8011	32.8914
 2.7996	32.8808
 2.7981	32.8049
 2.7966	32.5890
 2.7951	32.4082
 2.7936	32.3231
 2.7921	32.2745
 2.7906	32.2194
 2.7890	32.2539
 2.7875	32.6919
 2.7860	33.1195
 2.7845	33.4273
 2.7831	34.0706
 2.7816	34.8883
 2.7801	35.5009
 2.7786	36.1466
 2.7771	36.9001
 2.7756	37.5680
 2.7741	38.2874
 2.7726	39.1252
 2.7712	39.9773
 2.7697	40.6292
 2.7682	41.3523
 2.7667	42.0568
 2.7652	42.5639
 2.7638	43.3624
 2.7623	44.1846
 2.7608	44.6599
 2.7594	45.2640
 2.7579	46.0679
 2.7564	46.8205
 2.7550	47.2688
 2.7535	47.4503
 2.7520	47.9737
 2.7506	48.4975
 2.7491	49.1207
 2.7477	49.7796
 2.7462	50.5137
 2.7447	51.1333
 2.7433	51.6519
 2.7418	52.4930
 2.7404	53.3607
 2.7389	53.8190
 2.7375	54.2314
 2.7361	54.9335
 2.7346	55.5861
 2.7332	55.9833
 2.7317	56.4492
 2.7303	57.1049
 2.7289	57.7017
 2.7274	58.3397
 2.7260	59.2283
 2.7246	60.1912
 2.7231	60.6582
 2.7217	61.4612
 2.7203	62.3299
 2.7188	62.4500
 2.7174	62.8446
 2.7160	63.3439
 2.7146	63.9619
 2.7132	64.6342
 2.7117	65.7262
 2.7103	66.4818
 2.7089	66.6563
 2.7075	66.8950
 2.7061	67.3265
 2.7047	67.9927
 2.7033	68.6289
 2.7018	69.2870
 2.7004	69.8785
 2.6990	70.3924
 2.6976	70.9710
 2.6962	71.7405
 2.6948	72.6445
 2.6934	73.1847
 2.6920	73.2263
 2.6906	73.5607
 2.6892	74.0840
 2.6878	74.5135
 2.6864	74.9714
 2.6850	75.2754
 2.6837	75.5634
 2.6823	75.7532
 2.6809	76.0846
 2.6795	76.7006
 2.6781	77.0310
 2.6767	77.3525
 2.6753	77.2814
 2.6740	77.1453
 2.6726	77.4115
 2.6712	78.3742
 2.6698	78.6309
 2.6685	78.3606
 2.6671	78.8607
 2.6657	78.9967
 2.6644	78.8037
 2.6630	78.4513
 2.6616	78.6512
 2.6603	78.9043
 2.6589	78.9609
 2.6575	78.9274
 2.6562	79.1802
 2.6548	79.2175
 2.6534	79.3234
 2.6521	79.5241
 2.6507	79.4505
 2.6494	79.3956
 2.6480	79.5588
 2.6467	79.8104
 2.6453	79.8338
 2.6440	79.6547
 2.6426	79.7291
 2.6413	79.7248
 2.6399	79.7522
 2.6386	79.8428
 2.6372	79.8931
 2.6359	79.9745
 2.6346	80.2271
 2.6332	80.2309
 2.6319	80.4387
 2.6306	80.7947
 2.6292	80.4185
 2.6279	80.2900
 2.6266	80.6287
 2.6252	80.3631
 2.6239	80.0363
 2.6226	80.0150
 2.6212	80.5411
 2.6199	80.6333
 2.6186	80.3342
 2.6173	80.6898
 2.6160	80.5872
 2.6146	80.1890
 2.6133	80.1506
 2.6120	80.0612
 2.6107	80.1301
 2.6094	80.1834
 2.6081	80.1441
 2.6067	80.2937
 2.6054	80.4502
 2.6041	80.0626
 2.6028	79.6671
 2.6015	79.3284
 2.6002	79.0132
 2.5989	78.8481
 2.5976	78.8829
 2.5963	79.3521
 2.5950	80.0574
 2.5937	79.2700
 2.5924	78.2295
 2.5911	77.7445
 2.5898	77.5838
 2.5885	77.4693
 2.5872	77.2609
 2.5859	76.7080
 2.5847	76.7077
 2.5834	76.5786
 2.5821	76.0986
 2.5808	75.8681
 2.5795	75.5323
 2.5782	75.4833
 2.5770	75.4256
 2.5757	75.0501
 2.5744	74.9559
 2.5731	74.7475
 2.5718	74.0638
 2.5706	73.6989
 2.5693	73.2286
 2.5680	72.4937
 2.5667	72.0056
 2.5655	71.5549
 2.5642	70.9528
 2.5629	70.1758
 2.5617	69.2873
 2.5604	68.1301
 2.5591	66.8995
 2.5579	65.8006
 2.5566	64.7142
 2.5554	63.6167
 2.5541	62.5281
 2.5528	61.2720
 2.5516	59.8686
 2.5503	58.5524
 2.5491	57.2446
 2.5478	56.0920
 2.5466	54.9942
 2.5453	53.9493
 2.5441	52.9902
 2.5428	52.1911
 2.5416	51.4817
 2.5403	50.7324
 2.5391	50.2980
 2.5379	50.1484
 2.5366	50.0447
 2.5354	50.0641
 2.5341	50.2865
 2.5329	50.6603
 2.5317	50.9769
 2.5304	51.4275
 2.5292	52.0540
 2.5280	52.7164
 2.5267	53.2883
 2.5255	53.8796
 2.5243	54.5876
 2.5230	55.2439
 2.5218	55.7757
 2.5206	56.2598
 2.5194	56.8125
 2.5181	57.2276
 2.5169	57.5621
 2.5157	57.9028
 2.5145	58.2009
 2.5133	58.4835
 2.5120	58.6410
 2.5108	58.8054
 2.5096	58.9964
 2.5084	59.2048
 2.5072	59.4009
 2.5060	59.5404
 2.5048	59.6581
 2.5035	59.7082
 2.5023	59.7185
 2.5011	59.8855
 2.4999	60.0701
 2.4987	60.1909
 2.4975	60.2738
 2.4963	60.4089
 2.4951	60.6378
 2.4939	60.7922
 2.4927	60.8811
 2.4915	61.1034
 2.4903	61.3456
 2.4891	61.4657
 2.4879	61.6090
 2.4867	61.8273
 2.4855	62.1440
 2.4844	62.4437
 2.4832	62.6873
 2.4820	63.0273
 2.4808	63.5044
 2.4796	64.0123
 2.4784	64.4483
 2.4772	64.8600
 2.4760	65.3559
 2.4749	65.8347
 2.4737	66.2286
 2.4725	66.7344
 2.4713	67.2767
 2.4701	67.8197
 2.4690	68.3457
 2.4678	68.7840
 2.4666	69.2006
 2.4655	69.6994
 2.4643	70.2985
 2.4631	70.8969
 2.4619	71.4366
 2.4608	71.7736
 2.4596	72.0385
 2.4584	72.4171
 2.4573	72.7897
 2.4561	73.1683
 2.4549	73.6169
 2.4538	73.9986
 2.4526	74.2466
 2.4515	74.3997
 2.4503	74.6764
 2.4491	75.0521
 2.4480	75.3616
 2.4468	75.5464
 2.4457	75.8914
 2.4445	76.2370
 2.4434	76.4659
 2.4422	76.7704
 2.4411	76.9740
 2.4399	77.1563
 2.4388	77.3448
 2.4376	77.5129
 2.4365	77.7487
 2.4353	78.1287
 2.4342	78.3940
 2.4331	78.6127
 2.4319	78.7678
 2.4308	78.9764
 2.4296	79.2479
 2.4285	79.4933
 2.4274	79.6613
 2.4262	79.9557
 2.4251	80.2049
 2.4240	80.3933
 2.4228	80.5257
 2.4217	80.5553
 2.4206	80.6989
 2.4194	81.0328
 2.4183	81.2006
 2.4172	81.2073
 2.4160	81.2956
 2.4149	81.3826
 2.4138	81.5596
 2.4127	81.8379
 2.4116	81.8662
 2.4104	81.7783
 2.4093	81.8604
 2.4082	81.8907
 2.4071	81.8339
 2.4059	81.9246
 2.4048	81.9248
 2.4037	81.9371
 2.4026	81.9276
 2.4015	81.9563
 2.4004	82.0659
 2.3993	82.0549
 2.3982	82.0728
 2.3971	82.2227
 2.3960	82.4386
 2.3948	82.5564
 2.3937	82.5351
 2.3926	82.4845
 2.3915	82.5983
 2.3904	82.6882
 2.3893	82.7116
 2.3882	82.6204
 2.3871	82.6036
 2.3860	82.5884
 2.3849	82.4264
 2.3838	82.3319
 2.3827	82.3311
 2.3816	82.2905
 2.3805	82.1246
 2.3795	81.8879
 2.3784	81.6496
 2.3773	81.4552
 2.3762	81.2818
 2.3751	80.9976
 2.3740	80.7259
 2.3729	80.4203
 2.3718	80.0514
 2.3708	79.6883
 2.3697	79.2070
 2.3686	78.7827
 2.3675	78.3304
 2.3664	77.7538
 2.3653	77.1550
 2.3643	76.5159
 2.3632	75.6753
 2.3621	74.8652
 2.3610	74.1576
 2.3600	73.3451
 2.3589	72.5231
 2.3578	71.8130
 2.3567	71.0980
 2.3557	70.2645
 2.3546	69.6036
 2.3535	68.9137
 2.3525	68.1307
 2.3514	67.5444
 2.3503	67.0127
 2.3493	66.3971
 2.3482	65.8275
 2.3471	65.4749
 2.3461	65.1209
 2.3450	64.7528
 2.3440	64.5829
 2.3429	64.3884
 2.3418	64.1915
 2.3408	64.0897
 2.3397	63.9816
 2.3387	63.9018
 2.3376	64.1216
 2.3366	64.2344
 2.3355	64.3395
 2.3345	64.5611
 2.3334	64.9836
 2.3324	65.3503
 2.3313	65.6752
 2.3303	65.9974
 2.3292	66.2550
 2.3282	66.6373
 2.3271	67.1010
 2.3261	67.6248
 2.3250	67.9428
 2.3240	68.0313
 2.3230	68.4369
 2.3219	68.7944
 2.3209	69.0509
 2.3198	69.3147
 2.3188	69.5052
 2.3178	69.8371
 2.3167	70.1038
 2.3157	70.1837
 2.3147	70.4226
 2.3136	70.6219
 2.3126	70.7609
 2.3116	70.9699
 2.3105	71.1885
 2.3095	71.2511
 2.3085	71.2774
 2.3074	71.2034
 2.3064	71.2263
 2.3054	71.5005
 2.3044	71.6777
 2.3034	71.8592
 2.3023	72.0180
 2.3013	72.0756
 2.3003	72.1324
 2.2993	72.2167
 2.2982	72.2999
 2.2972	72.4402
 2.2962	72.6105
 2.2952	72.7722
 2.2942	73.0219
 2.2932	73.2664
 2.2921	73.4445
 2.2911	73.5373
 2.2901	73.6931
 2.2891	74.0194
 2.2881	74.3416
 2.2871	74.6335
 2.2861	74.8586
 2.2851	75.0272
 2.2841	75.1396
 2.2831	75.4310
 2.2821	75.8456
 2.2811	76.1478
 2.2801	76.4114
 2.2790	76.7210
 2.2780	77.0330
 2.2771	77.2299
 2.2761	77.5924
 2.2750	78.0310
 2.2740	78.3353
 2.2731	78.5410
 2.2721	78.8111
 2.2711	79.0742
 2.2701	79.3229
 2.2691	79.6542
 2.2681	79.9063
 2.2671	80.0480
 2.2661	80.0793
 2.2651	80.2819
 2.2641	80.6105
 2.2631	80.7823
 2.2621	80.9302
 2.2612	81.1298
 2.2602	81.3559
 2.2592	81.5824
 2.2582	81.7030
 2.2572	81.7830
 2.2562	81.9946
 2.2553	82.2149
 2.2543	82.3414
 2.2533	82.5661
 2.2523	82.8335
 2.2513	82.9606
 2.2504	82.9810
 2.2494	82.9898
 2.2484	83.0367
 2.2474	83.2285
 2.2465	83.5880
 2.2455	83.7768
 2.2445	83.8577
 2.2435	84.0023
 2.2426	84.2287
 2.2416	84.3442
 2.2406	84.3955
 2.2397	84.5448
 2.2387	84.7211
 2.2377	84.7053
 2.2368	84.7051
 2.2358	84.9613
 2.2348	85.2257
 2.2339	85.3317
 2.2329	85.3513
 2.2320	85.4585
 2.2310	85.5197
 2.2300	85.5506
 2.2291	85.6399
 2.2281	85.7562
 2.2272	85.8718
 2.2262	85.9280
 2.2252	85.9272
 2.2243	86.0764
 2.2233	86.2601
 2.2224	86.3572
 2.2214	86.4658
 2.2205	86.4972
 2.2195	86.4629
 2.2186	86.5415
 2.2176	86.7048
 2.2167	86.7420
 2.2157	86.6958
 2.2148	86.7128
 2.2138	86.8315
 2.2129	86.9178
 2.2120	86.9793
 2.2110	87.0520
 2.2101	87.0396
 2.2091	87.0704
 2.2082	87.1927
 2.2073	87.2358
 2.2063	87.2858
 2.2054	87.3496
 2.2044	87.4606
 2.2035	87.5244
 2.2026	87.5493
 2.2016	87.5363
 2.2007	87.5364
 2.1998	87.5113
 2.1988	87.4813
 2.1979	87.5704
 2.1970	87.6330
 2.1960	87.6410
 2.1951	87.5733
 2.1942	87.5887
 2.1932	87.6834
 2.1923	87.5770
 2.1914	87.4929
 2.1905	87.6540
 2.1895	87.7478
 2.1886	87.6922
 2.1877	87.7198
 2.1868	87.8200
 2.1858	87.7946
 2.1849	87.7149
 2.1840	87.6781
 2.1831	87.5271
 2.1822	87.3683
 2.1812	87.4760
 2.1803	87.5601
 2.1794	87.4290
 2.1785	87.2701
 2.1776	87.2266
 2.1767	87.3299
 2.1758	87.3117
 2.1749	87.1600
 2.1739	87.0124
 2.1730	86.9390
 2.1721	86.8655
 2.1712	86.7658
 2.1703	86.7568
 2.1694	86.8486
 2.1685	86.7950
 2.1676	86.7059
 2.1667	86.6643
 2.1658	86.6384
 2.1649	86.3962
 2.1639	86.1823
 2.1631	86.1390
 2.1622	86.2051
 2.1612	86.2659
 2.1604	86.2658
 2.1595	86.1946
 2.1585	86.1510
 2.1576	86.2467
 2.1568	86.2388
 2.1559	86.1740
 2.1550	86.2082
 2.1541	86.1801
 2.1532	86.2498
 2.1523	86.3480
 2.1514	86.3072
 2.1505	86.2872
 2.1496	86.4239
 2.1487	86.4666
 2.1478	86.2664
 2.1469	86.1926
 2.1460	86.3490
 2.1452	86.5534
 2.1443	86.7409
 2.1434	86.8982
 2.1425	87.0119
 2.1416	87.1626
 2.1407	87.3006
 2.1398	87.3569
 2.1390	87.4756
 2.1381	87.4132
 2.1372	87.3546
 2.1363	87.5623
 2.1354	87.8438
 2.1345	87.8590
 2.1337	87.7167
 2.1328	87.7675
 2.1319	87.7876
 2.1311	87.6973
 2.1302	87.7615
 2.1293	87.8049
 2.1284	87.8344
 2.1275	87.8833
 2.1267	87.9654
 2.1258	87.8954
 2.1249	87.8398
 2.1241	87.9483
 2.1232	88.0091
 2.1223	88.0889
 2.1214	88.1640
 2.1206	88.0503
 2.1197	87.9567
 2.1189	87.9281
 2.1180	88.0000
 2.1171	88.1080
 2.1163	88.0379
 2.1154	87.9895
 2.1145	88.0544
 2.1137	88.1743
 2.1128	88.3304
 2.1120	88.1538
 2.1111	88.0893
 2.1102	88.1008
 2.1094	88.0235
 2.1085	88.1633
 2.1077	88.3394
 2.1068	88.1503
 2.1059	88.1264
 2.1051	88.3549
 2.1042	88.4378
 2.1034	88.3055
 2.1025	88.3573
 2.1017	88.6609
 2.1008	88.6557
 2.1000	88.5211
 2.0991	88.5237
 2.0983	88.4796
 2.0974	88.4229
 2.0966	88.4330
 2.0957	88.4316
 2.0949	88.4976
 2.0940	88.5901
 2.0932	88.4926
 2.0924	88.4249
 2.0915	88.5094
 2.0907	88.5463
 2.0898	88.4864
 2.0890	88.3936
 2.0881	88.2275
 2.0873	88.2672
 2.0865	88.3288
 2.0856	88.2316
 2.0848	88.1259
 2.0839	88.3938
 2.0831	88.7848
 2.0823	88.8154
 2.0814	88.7254
 2.0806	88.9326
 2.0798	89.0033
 2.0789	88.7847
 2.0781	88.5714
 2.0773	88.2776
 2.0764	88.2339
 2.0756	88.4635
 2.0748	88.5563
 2.0739	88.3240
 2.0731	88.2267
 2.0723	88.4395
 2.0715	88.6821
 2.0706	88.5422
 2.0698	88.4624
 2.0690	88.4506
 2.0681	88.4548
 2.0673	88.4919
 2.0665	88.5288
 2.0657	88.4930
 2.0648	88.4603
 2.0640	88.4667
 2.0632	88.5410
 2.0624	88.4984
 2.0616	88.3573
 2.0607	88.3249
 2.0599	88.5135
 2.0591	88.5922
 2.0583	88.3756
 2.0575	88.3987
 2.0567	88.5127
 2.0558	88.3306
 2.0550	88.2599
 2.0542	88.4002
 2.0534	88.4795
 2.0526	88.4337
 2.0518	88.3364
 2.0510	88.4581
 2.0501	88.3625
 2.0493	88.2636
 2.0485	88.3940
 2.0477	88.3846
 2.0469	88.1844
 2.0461	88.0875
 2.0453	88.1188
 2.0445	88.2242
 2.0437	88.2909
 2.0429	88.3197
 2.0421	88.2411
 2.0413	88.1853
 2.0405	88.0958
 2.0397	88.0150
 2.0389	87.9999
 2.0381	88.0211
 2.0373	88.0295
 2.0365	87.9452
 2.0357	87.8485
 2.0349	87.9083
 2.0341	87.9592
 2.0333	87.7591
 2.0325	87.8248
 2.0317	88.0679
 2.0309	88.1073
 2.0301	87.9850
 2.0293	87.8206
 2.0285	87.7567
 2.0277	87.6664
 2.0269	87.6125
 2.0261	87.6237
 2.0253	87.6375
 2.0245	87.2482
 2.0237	87.1008
 2.0229	87.4088
 2.0222	87.5335
 2.0214	87.4469
 2.0206	87.2848
 2.0198	87.1610
 2.0190	87.2498
 2.0182	87.2456
 2.0174	87.1662
 2.0167	87.2655
 2.0159	87.0584
 2.0151	86.8574
 2.0143	86.8617
 2.0135	86.8206
 2.0128	86.8197
 2.0120	86.6007
 2.0112	86.6268
 2.0104	86.6397
 2.0096	86.5255
 2.0088	86.3323
 2.0081	86.1857
 2.0073	85.9541
 2.0065	85.9653
 2.0057	85.8951
 2.0050	85.5585
 2.0042	85.4360
 2.0034	85.3276
 2.0026	85.1355
 2.0019	85.0311
 2.0011	85.0191
 2.0003	84.9344
