Name: Pyrolusite MnO_2
Type: Mineral
Class: Oxide
Subclass: None
Particle Size: Coarse
Sample No.: O-6A
Owner: JPL
Wavelength Range: TIR
Origin: Mexico, Chihuahua
Collection Date: N/A
Description: Particle size was 125-500um.Collected by Grieger's Inc. Original ASTER Spectral Library name was jpl.nicolet.mineral.oxide.none.coarse.o06a.spectrum.txt
Measurement: Hemispherical reflectance
First Column: X
Second Column: Y
X Units: Wavelength (micrometers)
Y Units:Reflectance (percent)
First X Value: 15.3853
Last X Value:  2.0003
Number of X Values: 2256
Additional Information: mineral.oxide.none.coarse.tir.o-6a.jpl.nicolet.ancillary.txt

15.3853	32.8267
15.3397	32.7483
15.2945	32.5676
15.2495	32.3038
15.2048	32.1289
15.1603	31.9423
15.1161	31.6572
15.0722	31.2741
15.0285	31.0492
14.9851	30.7813
14.9419	30.2883
14.8989	29.8959
14.8563	29.6097
14.8138	29.4707
14.7716	29.3837
14.7296	28.9508
14.6879	28.5020
14.6464	28.2396
14.6052	27.8793
14.5641	27.1145
14.5233	26.4377
14.4828	25.9063
14.4424	25.3615
14.4023	24.7721
14.3624	23.9154
14.3227	22.8155
14.2833	21.6827
14.2440	20.4975
14.2050	19.2184
14.1662	17.9216
14.1276	16.5267
14.0892	15.0840
14.0510	13.9082
14.0131	13.1558
13.9753	12.3766
13.9377	11.5419
13.9004	10.9368
13.8632	10.4786
13.8262	10.2196
13.7895	 9.9055
13.7529	 9.4794
13.7165	 9.2376
13.6803	 8.9722
13.6443	 8.7530
13.6085	 8.7161
13.5729	 8.3828
13.5374	 7.9748
13.5022	 7.6323
13.4671	 7.2346
13.4322	 6.8125
13.3975	 6.3982
13.3630	 5.7398
13.3286	 5.0603
13.2944	 4.5560
13.2604	 3.9266
13.2266	 3.3724
13.1930	 2.9685
13.1595	 2.7157
13.1262	 2.6150
13.0930	 2.5446
13.0600	 2.5032
13.0272	 2.4949
12.9946	 2.5240
12.9621	 2.6326
12.9298	 2.6805
12.8976	 2.6860
12.8656	 2.7883
12.8337	 2.8311
12.8021	 2.8893
12.7705	 2.8790
12.7391	 2.8071
12.7079	 3.0132
12.6769	 3.4280
12.6459	 3.6274
12.6152	 3.5778
12.5845	 3.4652
12.5541	 3.5922
12.5238	 3.8849
12.4936	 3.8337
12.4635	 3.7816
12.4337	 3.9563
12.4039	 4.0428
12.3743	 4.2718
12.3448	 4.6175
12.3155	 4.7291
12.2863	 4.7406
12.2573	 4.7591
12.2284	 4.8784
12.1996	 4.9911
12.1710	 5.0099
12.1425	 5.0861
12.1141	 5.1499
12.0859	 5.1734
12.0578	 5.2234
12.0298	 5.2843
12.0019	 5.4276
11.9742	 5.4765
11.9466	 5.4907
11.9192	 5.6544
11.8918	 5.7312
11.8646	 5.8026
11.8375	 5.7982
11.8106	 5.8955
11.7837	 5.8933
11.7570	 5.8793
11.7304	 6.0359
11.7039	 6.0906
11.6776	 6.1410
11.6513	 6.2085
11.6252	 6.2215
11.5992	 6.2931
11.5733	 6.3636
11.5475	 6.6204
11.5219	 6.7556
11.4963	 6.7037
11.4709	 6.6645
11.4455	 6.7650
11.4203	 6.8192
11.3952	 6.7928
11.3702	 6.8990
11.3454	 7.0183
11.3206	 7.0065
11.2959	 6.9532
11.2714	 6.8944
11.2469	 6.9974
11.2226	 7.1651
11.1983	 7.3198
11.1742	 7.2790
11.1502	 7.2505
11.1263	 7.2894
11.1024	 7.3869
11.0787	 7.4524
11.0551	 7.4993
11.0316	 7.6006
11.0081	 7.6550
10.9848	 7.7237
10.9616	 7.7601
10.9385	 7.8067
10.9154	 7.7933
10.8925	 7.7547
10.8697	 7.8806
10.8469	 8.0300
10.8243	 8.0925
10.8017	 8.0859
10.7793	 8.1726
10.7569	 8.1121
10.7346	 8.0990
10.7125	 8.2477
10.6904	 8.1979
10.6684	 8.2221
10.6465	 8.3867
10.6247	 8.3873
10.6029	 8.3309
10.5813	 8.3837
10.5597	 8.2756
10.5383	 8.1973
10.5169	 8.4419
10.4956	 8.6872
10.4744	 8.6410
10.4533	 8.5241
10.4323	 8.6217
10.4113	 8.6905
10.3904	 8.6898
10.3697	 8.7330
10.3490	 8.7932
10.3284	 8.7568
10.3078	 8.6900
10.2874	 8.7140
10.2670	 8.8742
10.2467	 9.0078
10.2265	 8.9913
10.2064	 8.8133
10.1863	 8.9160
10.1663	 9.0097
10.1464	 9.0419
10.1266	 9.1296
10.1069	 9.1074
10.0872	 8.9885
10.0676	 9.0230
10.0481	 9.1768
10.0287	 9.1206
10.0093	 9.1396
 9.9901	 9.1890
 9.9708	 9.3296
 9.9517	 9.3867
 9.9326	 9.2954
 9.9136	 9.2786
 9.8947	 9.4443
 9.8759	 9.6398
 9.8571	 9.5999
 9.8384	 9.5530
 9.8198	 9.5146
 9.8012	 9.5575
 9.7827	 9.6616
 9.7643	 9.6934
 9.7459	 9.6485
 9.7276	 9.6057
 9.7094	 9.6138
 9.6913	 9.7831
 9.6732	 9.9325
 9.6552	 9.9765
 9.6372	 9.9674
 9.6194	 9.8352
 9.6015	 9.7797
 9.5838	 9.8087
 9.5661	 9.7956
 9.5485	 9.9224
 9.5309	10.0544
 9.5135	 9.9918
 9.4960	 9.9226
 9.4787	 9.9812
 9.4614	 9.9495
 9.4441	10.0109
 9.4270	10.0630
 9.4099	10.0145
 9.3928	 9.9642
 9.3758	10.0332
 9.3589	10.1458
 9.3420	10.1878
 9.3252	10.1174
 9.3085	10.0344
 9.2918	 9.8926
 9.2752	 9.8582
 9.2586	 9.8716
 9.2421	 9.8289
 9.2257	 9.7810
 9.2093	 9.7719
 9.1930	 9.8108
 9.1767	 9.8192
 9.1605	 9.9080
 9.1443	 9.9747
 9.1282	10.0235
 9.1122	 9.9582
 9.0962	 9.8036
 9.0803	 9.6513
 9.0644	 9.6265
 9.0486	 9.6194
 9.0328	 9.6994
 9.0171	 9.8022
 9.0015	 9.7930
 8.9858	 9.7129
 8.9703	 9.7009
 8.9548	 9.7006
 8.9394	 9.7007
 8.9240	 9.8728
 8.9086	 9.8835
 8.8934	 9.7645
 8.8781	 9.8041
 8.8630	 9.9736
 8.8478	10.0587
 8.8328	10.1020
 8.8177	10.1202
 8.8028	10.0896
 8.7879	10.1905
 8.7730	10.3073
 8.7582	10.3154
 8.7434	10.2441
 8.7287	10.1706
 8.7140	10.1561
 8.6994	10.1903
 8.6848	10.2258
 8.6703	10.3101
 8.6558	10.4316
 8.6414	10.3580
 8.6270	10.3050
 8.6127	10.3681
 8.5984	10.3957
 8.5842	10.4392
 8.5700	10.5509
 8.5558	10.5901
 8.5417	10.5026
 8.5277	10.6208
 8.5137	10.7625
 8.4997	10.6877
 8.4858	10.7107
 8.4719	10.7817
 8.4581	10.8689
 8.4444	10.8951
 8.4306	10.9290
 8.4169	10.8799
 8.4033	10.8622
 8.3897	10.9584
 8.3761	11.0379
 8.3626	11.1330
 8.3492	11.1221
 8.3357	11.0379
 8.3224	11.1041
 8.3090	11.1593
 8.2957	11.0644
 8.2825	11.0841
 8.2693	11.1975
 8.2561	11.3293
 8.2430	11.4928
 8.2299	11.5149
 8.2169	11.4671
 8.2038	11.3867
 8.1909	11.3821
 8.1780	11.3684
 8.1651	11.4354
 8.1523	11.4879
 8.1395	11.5448
 8.1267	11.5422
 8.1140	11.5747
 8.1013	11.6778
 8.0887	11.6174
 8.0761	11.6331
 8.0635	11.6737
 8.0510	11.6628
 8.0385	11.7548
 8.0261	11.6958
 8.0137	11.6165
 8.0013	11.7028
 7.9890	11.7508
 7.9767	11.7171
 7.9644	11.7608
 7.9522	11.8414
 7.9400	11.8018
 7.9279	11.7570
 7.9158	11.7409
 7.9037	11.7898
 7.8917	11.8881
 7.8797	11.9100
 7.8677	11.8774
 7.8558	11.8543
 7.8439	11.8595
 7.8321	11.8386
 7.8203	11.7441
 7.8085	11.7483
 7.7967	11.7712
 7.7850	11.8473
 7.7734	11.9279
 7.7617	11.8691
 7.7501	11.7705
 7.7386	11.8145
 7.7270	11.8423
 7.7155	11.8860
 7.7041	11.9260
 7.6926	11.9014
 7.6812	11.8796
 7.6699	11.8627
 7.6585	11.8963
 7.6472	11.9332
 7.6360	12.0089
 7.6247	12.0028
 7.6136	11.9838
 7.6024	12.0235
 7.5913	12.0765
 7.5802	12.1398
 7.5691	12.1737
 7.5581	12.1235
 7.5471	12.1114
 7.5361	12.1352
 7.5252	12.1931
 7.5142	12.2346
 7.5034	12.2811
 7.4925	12.3719
 7.4817	12.4728
 7.4709	12.4269
 7.4602	12.4888
 7.4495	12.5693
 7.4388	12.4819
 7.4281	12.4647
 7.4175	12.5194
 7.4069	12.5758
 7.3963	12.6000
 7.3858	12.6746
 7.3753	12.7205
 7.3648	12.7186
 7.3544	12.8452
 7.3440	12.8899
 7.3336	12.7686
 7.3232	12.7147
 7.3129	12.8285
 7.3026	12.9094
 7.2923	12.8766
 7.2821	12.9408
 7.2718	13.0284
 7.2617	13.0084
 7.2515	12.9781
 7.2414	12.9721
 7.2313	12.9790
 7.2212	12.9768
 7.2112	13.1309
 7.2012	13.1328
 7.1912	13.0361
 7.1812	13.0710
 7.1713	13.1714
 7.1614	13.2075
 7.1515	13.2948
 7.1416	13.2921
 7.1318	13.2146
 7.1220	13.2636
 7.1123	13.2326
 7.1025	13.1631
 7.0928	13.2431
 7.0831	13.3196
 7.0734	13.2865
 7.0638	13.2946
 7.0542	13.4360
 7.0446	13.5324
 7.0351	13.3778
 7.0255	13.3291
 7.0160	13.3968
 7.0065	13.4676
 6.9971	13.4062
 6.9877	13.2919
 6.9782	13.2438
 6.9689	13.3820
 6.9595	13.5393
 6.9502	13.4232
 6.9409	13.3876
 6.9316	13.4092
 6.9223	13.4864
 6.9131	13.4843
 6.9039	13.3556
 6.8947	13.3106
 6.8856	13.3825
 6.8764	13.4414
 6.8673	13.6781
 6.8582	13.7346
 6.8492	13.5484
 6.8402	13.4930
 6.8311	13.6094
 6.8221	13.6421
 6.8132	13.4655
 6.8042	13.5138
 6.7953	13.7757
 6.7864	13.8069
 6.7776	13.6708
 6.7687	13.6513
 6.7599	13.6126
 6.7511	13.5678
 6.7423	13.4896
 6.7336	13.4780
 6.7248	13.5898
 6.7161	13.6662
 6.7074	13.6792
 6.6988	13.6221
 6.6901	13.7971
 6.6815	13.9324
 6.6729	13.8279
 6.6643	13.6899
 6.6558	13.5945
 6.6472	13.7771
 6.6387	14.1564
 6.6302	14.1604
 6.6217	13.9431
 6.6133	13.8630
 6.6049	13.7963
 6.5965	13.7798
 6.5881	13.8006
 6.5797	14.0250
 6.5714	14.2068
 6.5631	13.9868
 6.5548	13.9009
 6.5465	13.8716
 6.5382	13.8894
 6.5300	13.9688
 6.5218	14.0838
 6.5136	14.0120
 6.5054	13.9871
 6.4973	14.2822
 6.4892	14.3593
 6.4810	14.2318
 6.4729	14.1119
 6.4649	13.9614
 6.4568	13.9457
 6.4488	13.9607
 6.4408	13.9425
 6.4328	13.9967
 6.4248	14.1559
 6.4169	14.5356
 6.4089	14.4002
 6.4010	14.0005
 6.3931	13.9534
 6.3853	13.9985
 6.3774	14.0901
 6.3696	14.1185
 6.3618	13.9999
 6.3540	14.0974
 6.3462	14.2301
 6.3384	14.0334
 6.3307	13.8603
 6.3230	13.8728
 6.3153	13.8285
 6.3076	13.9030
 6.2999	13.9685
 6.2923	13.8669
 6.2847	13.7865
 6.2770	13.8547
 6.2694	13.9258
 6.2619	13.9076
 6.2543	13.8733
 6.2468	13.8772
 6.2393	13.8620
 6.2318	13.8664
 6.2243	13.9296
 6.2168	13.9272
 6.2094	13.8882
 6.2020	13.8866
 6.1945	13.9059
 6.1871	14.0868
 6.1798	14.0114
 6.1724	13.9991
 6.1651	14.1266
 6.1578	14.1879
 6.1505	14.1243
 6.1432	14.0823
 6.1359	14.0288
 6.1286	14.0284
 6.1214	14.1900
 6.1142	14.4480
 6.1070	14.3545
 6.0998	14.1536
 6.0926	14.1468
 6.0855	14.1418
 6.0784	14.3093
 6.0712	14.4566
 6.0641	14.3647
 6.0571	14.5895
 6.0500	15.0036
 6.0429	14.5989
 6.0359	14.2110
 6.0289	14.1949
 6.0219	14.2518
 6.0149	14.4088
 6.0079	14.3524
 6.0010	14.2460
 5.9940	14.3285
 5.9871	14.4528
 5.9802	14.4412
 5.9733	14.5077
 5.9664	14.5559
 5.9596	14.4059
 5.9527	14.3492
 5.9459	14.3613
 5.9391	14.7099
 5.9323	14.7608
 5.9255	14.5397
 5.9188	14.4721
 5.9120	14.4110
 5.9053	14.3934
 5.8986	14.6192
 5.8919	14.6684
 5.8852	14.7419
 5.8785	14.8239
 5.8718	14.5659
 5.8652	14.4267
 5.8586	14.3554
 5.8520	14.4490
 5.8454	14.5138
 5.8388	14.5356
 5.8322	14.6940
 5.8257	14.8189
 5.8191	14.7540
 5.8126	14.5738
 5.8061	14.5338
 5.7996	14.5497
 5.7931	14.5203
 5.7866	14.5116
 5.7802	14.5542
 5.7738	14.6553
 5.7673	14.8689
 5.7609	14.7384
 5.7545	14.6363
 5.7481	14.6997
 5.7418	14.6162
 5.7354	14.5900
 5.7291	14.6028
 5.7228	14.5958
 5.7165	14.6716
 5.7102	14.7692
 5.7039	14.6802
 5.6976	14.6302
 5.6914	14.7196
 5.6851	14.6735
 5.6789	14.6647
 5.6727	14.6912
 5.6665	14.5787
 5.6603	14.5372
 5.6541	14.5938
 5.6480	14.7090
 5.6418	14.7814
 5.6357	14.6493
 5.6296	14.6223
 5.6235	14.6250
 5.6174	14.6066
 5.6113	14.5953
 5.6052	14.5871
 5.5992	14.6125
 5.5931	14.5972
 5.5871	14.6855
 5.5811	14.8442
 5.5751	14.7262
 5.5691	14.5541
 5.5631	14.5692
 5.5572	14.6568
 5.5512	14.7046
 5.5453	14.6692
 5.5393	14.6033
 5.5334	14.5886
 5.5275	14.6982
 5.5217	14.7569
 5.5158	14.7077
 5.5099	14.6046
 5.5041	14.5751
 5.4982	14.5849
 5.4924	14.6860
 5.4866	14.7310
 5.4808	14.7831
 5.4750	14.7530
 5.4692	14.7342
 5.4635	14.7680
 5.4577	14.7551
 5.4520	14.7770
 5.4463	14.7836
 5.4405	14.7445
 5.4348	14.6592
 5.4291	14.7144
 5.4235	14.8253
 5.4178	14.7582
 5.4121	14.7377
 5.4065	14.7817
 5.4009	14.8110
 5.3952	14.8277
 5.3896	14.7209
 5.3840	14.6498
 5.3785	14.6666
 5.3729	14.6989
 5.3673	14.7682
 5.3618	14.8089
 5.3562	14.8479
 5.3507	14.9255
 5.3452	14.8003
 5.3397	14.7123
 5.3342	14.7665
 5.3287	14.8527
 5.3232	14.9018
 5.3178	14.8447
 5.3123	14.7942
 5.3069	14.7279
 5.3015	14.7578
 5.2961	14.7956
 5.2907	14.7661
 5.2852	14.7912
 5.2799	14.8380
 5.2745	14.8480
 5.2691	14.8519
 5.2638	14.8659
 5.2584	14.8966
 5.2531	14.8837
 5.2478	14.8766
 5.2425	14.8684
 5.2372	14.8147
 5.2319	14.7724
 5.2267	14.7538
 5.2214	14.8102
 5.2161	14.8679
 5.2109	14.8203
 5.2057	14.8186
 5.2004	14.8906
 5.1952	14.9176
 5.1900	14.8568
 5.1848	14.8345
 5.1796	14.8731
 5.1745	14.9072
 5.1693	14.9305
 5.1642	14.9652
 5.1590	14.9492
 5.1539	14.9236
 5.1488	14.9530
 5.1437	14.9630
 5.1386	14.9845
 5.1335	14.9414
 5.1284	14.8761
 5.1234	14.8730
 5.1183	14.8908
 5.1132	14.9263
 5.1082	14.9676
 5.1032	14.9908
 5.0982	15.0296
 5.0932	15.0726
 5.0882	15.0789
 5.0832	15.0655
 5.0782	14.9442
 5.0732	14.9353
 5.0683	14.9732
 5.0633	14.9928
 5.0584	15.0076
 5.0534	15.0398
 5.0485	15.0882
 5.0436	15.0194
 5.0387	14.9318
 5.0338	14.9439
 5.0289	14.9815
 5.0241	15.0231
 5.0192	14.9720
 5.0144	14.8735
 5.0095	14.8680
 5.0047	15.0413
 4.9998	15.1412
 4.9950	15.0773
 4.9902	15.0719
 4.9854	15.1106
 4.9806	15.0397
 4.9759	14.9793
 4.9711	15.0166
 4.9663	15.0684
 4.9616	15.0997
 4.9568	15.0574
 4.9521	15.0262
 4.9474	15.0143
 4.9426	15.0134
 4.9379	15.0224
 4.9332	15.0125
 4.9286	15.0216
 4.9239	15.0936
 4.9192	15.1233
 4.9145	15.0429
 4.9099	15.0044
 4.9052	15.0631
 4.9006	15.1265
 4.8960	15.1297
 4.8914	15.1259
 4.8867	15.0848
 4.8821	15.0679
 4.8776	15.1264
 4.8730	15.1249
 4.8684	15.0317
 4.8638	15.0078
 4.8593	15.0396
 4.8547	15.0862
 4.8502	15.1397
 4.8456	15.1385
 4.8411	15.0930
 4.8366	15.0998
 4.8321	15.1527
 4.8276	15.1210
 4.8231	15.1027
 4.8186	15.1827
 4.8141	15.2128
 4.8097	15.1995
 4.8052	15.1675
 4.8008	15.1387
 4.7963	15.1432
 4.7919	15.0962
 4.7875	15.0294
 4.7831	15.1295
 4.7786	15.2543
 4.7743	15.2422
 4.7699	15.2631
 4.7655	15.3145
 4.7611	15.2483
 4.7567	15.1880
 4.7524	15.1858
 4.7480	15.1761
 4.7437	15.1800
 4.7393	15.2269
 4.7350	15.2506
 4.7307	15.2233
 4.7264	15.1841
 4.7221	15.1444
 4.7178	15.1245
 4.7135	15.1258
 4.7092	15.1941
 4.7049	15.2384
 4.7007	15.2205
 4.6964	15.2256
 4.6922	15.2209
 4.6879	15.2209
 4.6837	15.2209
 4.6795	15.2430
 4.6752	15.2770
 4.6710	15.2471
 4.6668	15.2661
 4.6626	15.2688
 4.6584	15.2857
 4.6543	15.2822
 4.6501	15.2662
 4.6459	15.2676
 4.6418	15.2394
 4.6376	15.2588
 4.6334	15.2946
 4.6293	15.2849
 4.6252	15.3487
 4.6211	15.3969
 4.6170	15.3126
 4.6128	15.3192
 4.6087	15.3727
 4.6047	15.3079
 4.6006	15.2515
 4.5965	15.2637
 4.5924	15.3120
 4.5884	15.2948
 4.5843	15.3022
 4.5802	15.3212
 4.5762	15.3454
 4.5722	15.3235
 4.5681	15.2596
 4.5641	15.2856
 4.5601	15.3041
 4.5561	15.3023
 4.5521	15.3426
 4.5481	15.3394
 4.5441	15.3460
 4.5401	15.3608
 4.5362	15.3610
 4.5322	15.4080
 4.5282	15.4295
 4.5243	15.3333
 4.5203	15.3040
 4.5164	15.2880
 4.5125	15.3144
 4.5085	15.4164
 4.5046	15.4316
 4.5007	15.4231
 4.4968	15.4027
 4.4929	15.4297
 4.4890	15.4524
 4.4851	15.3206
 4.4813	15.3118
 4.4774	15.3861
 4.4735	15.3961
 4.4697	15.3900
 4.4658	15.4179
 4.4620	15.4346
 4.4581	15.4334
 4.4543	15.4474
 4.4505	15.4029
 4.4467	15.3702
 4.4429	15.4084
 4.4391	15.4558
 4.4353	15.4374
 4.4315	15.3826
 4.4277	15.3659
 4.4239	15.3968
 4.4201	15.4218
 4.4164	15.4246
 4.4126	15.4195
 4.4089	15.5055
 4.4051	15.5251
 4.4014	15.4401
 4.3976	15.3791
 4.3939	15.4250
 4.3902	15.4591
 4.3865	15.4934
 4.3828	15.5340
 4.3791	15.4799
 4.3754	15.4489
 4.3717	15.4758
 4.3680	15.5323
 4.3643	15.5610
 4.3607	15.5119
 4.3570	15.4980
 4.3533	15.4744
 4.3497	15.4342
 4.3460	15.3909
 4.3424	15.3999
 4.3388	15.4774
 4.3351	15.5295
 4.3315	15.5113
 4.3279	15.4493
 4.3243	15.4920
 4.3207	15.5582
 4.3171	15.5029
 4.3135	15.4501
 4.3099	15.4863
 4.3063	15.4984
 4.3028	15.5033
 4.2992	15.4989
 4.2956	15.4156
 4.2921	15.4300
 4.2885	15.4667
 4.2850	15.5009
 4.2815	15.4938
 4.2779	15.4615
 4.2744	15.4774
 4.2709	15.4803
 4.2674	15.4375
 4.2638	15.4030
 4.2603	15.4332
 4.2568	15.4230
 4.2534	15.4712
 4.2499	15.5353
 4.2464	15.5522
 4.2429	15.4983
 4.2394	15.4281
 4.2360	15.4719
 4.2325	15.4825
 4.2291	15.4734
 4.2256	15.4603
 4.2222	15.4329
 4.2187	15.4940
 4.2153	15.5993
 4.2119	15.5631
 4.2085	15.5280
 4.2051	15.5250
 4.2016	15.5596
 4.1982	15.5983
 4.1948	15.6367
 4.1915	15.6750
 4.1881	15.5479
 4.1847	15.4481
 4.1813	15.5195
 4.1780	15.5883
 4.1746	15.6315
 4.1712	15.6265
 4.1679	15.6739
 4.1645	15.6660
 4.1612	15.5968
 4.1578	15.5942
 4.1545	15.6018
 4.1512	15.5985
 4.1479	15.6112
 4.1445	15.5385
 4.1412	15.5162
 4.1379	15.5954
 4.1346	15.6612
 4.1313	15.6533
 4.1280	15.6932
 4.1248	15.7061
 4.1215	15.6859
 4.1182	15.6751
 4.1150	15.5787
 4.1117	15.5026
 4.1084	15.5983
 4.1052	15.5880
 4.1019	15.5696
 4.0987	15.6247
 4.0954	15.6425
 4.0922	15.6646
 4.0890	15.6664
 4.0858	15.6685
 4.0826	15.6801
 4.0793	15.6763
 4.0761	15.6598
 4.0729	15.6875
 4.0697	15.6555
 4.0665	15.5932
 4.0633	15.6126
 4.0602	15.6001
 4.0570	15.6704
 4.0538	15.7807
 4.0507	15.8060
 4.0475	15.7313
 4.0443	15.6553
 4.0412	15.6466
 4.0380	15.6747
 4.0349	15.6730
 4.0317	15.6896
 4.0286	15.6985
 4.0255	15.6990
 4.0224	15.7139
 4.0193	15.7411
 4.0161	15.8058
 4.0130	15.8320
 4.0099	15.7856
 4.0068	15.7923
 4.0037	15.8444
 4.0006	15.8128
 3.9976	15.8413
 3.9945	15.8464
 3.9914	15.7198
 3.9883	15.6996
 3.9853	15.7649
 3.9822	15.8068
 3.9792	15.7650
 3.9761	15.7276
 3.9731	15.7382
 3.9700	15.7787
 3.9670	15.7939
 3.9639	15.8050
 3.9609	15.7921
 3.9579	15.7370
 3.9549	15.7302
 3.9519	15.7838
 3.9489	15.8553
 3.9458	15.8891
 3.9428	15.8186
 3.9398	15.6830
 3.9369	15.6571
 3.9339	15.7575
 3.9309	15.7875
 3.9279	15.7353
 3.9249	15.7913
 3.9220	15.8670
 3.9190	15.8315
 3.9160	15.8035
 3.9131	15.8115
 3.9101	15.7519
 3.9072	15.7503
 3.9042	15.8176
 3.9013	15.8251
 3.8984	15.8768
 3.8954	15.8844
 3.8925	15.8297
 3.8896	15.8189
 3.8867	15.8202
 3.8838	15.7938
 3.8809	15.8825
 3.8780	15.8452
 3.8751	15.7644
 3.8722	15.7150
 3.8693	15.7417
 3.8664	15.7686
 3.8635	15.8331
 3.8606	15.8815
 3.8578	15.8793
 3.8549	15.8877
 3.8520	15.8664
 3.8492	15.8446
 3.8463	15.8641
 3.8435	15.9493
 3.8406	15.9757
 3.8378	15.9769
 3.8349	15.9107
 3.8321	15.8125
 3.8293	15.7755
 3.8264	15.8193
 3.8236	15.8222
 3.8208	15.8045
 3.8180	15.8267
 3.8152	15.8251
 3.8124	15.8546
 3.8096	15.9298
 3.8068	15.8710
 3.8040	15.8859
 3.8012	15.8431
 3.7984	15.8468
 3.7956	15.8690
 3.7929	15.7985
 3.7901	15.8701
 3.7873	15.9017
 3.7845	15.8783
 3.7818	15.8749
 3.7790	15.7685
 3.7763	15.7248
 3.7735	15.7879
 3.7708	15.8241
 3.7681	15.8386
 3.7653	15.9070
 3.7626	15.9842
 3.7599	15.9401
 3.7571	15.8457
 3.7544	15.8678
 3.7517	15.9254
 3.7490	15.8783
 3.7463	15.8275
 3.7436	15.8557
 3.7409	15.8821
 3.7382	15.8687
 3.7355	15.8327
 3.7328	15.8464
 3.7301	15.9057
 3.7274	15.9128
 3.7247	15.8767
 3.7221	15.9007
 3.7194	15.9537
 3.7167	15.9404
 3.7141	15.8341
 3.7114	15.8420
 3.7088	15.8363
 3.7061	15.8085
 3.7035	15.8700
 3.7008	15.9420
 3.6982	15.8839
 3.6955	15.8673
 3.6929	15.9035
 3.6903	15.9471
 3.6877	15.8686
 3.6850	15.7656
 3.6824	15.8701
 3.6798	16.0123
 3.6772	15.9108
 3.6746	15.8218
 3.6720	15.8411
 3.6694	15.8921
 3.6668	16.0122
 3.6642	15.9554
 3.6616	15.8599
 3.6590	15.8126
 3.6564	15.9144
 3.6539	15.9833
 3.6513	15.8827
 3.6487	15.8580
 3.6462	15.9058
 3.6436	15.9250
 3.6410	15.9038
 3.6385	15.8881
 3.6359	15.8099
 3.6334	15.8171
 3.6308	15.9033
 3.6283	15.8873
 3.6258	15.8862
 3.6232	15.9290
 3.6207	15.9642
 3.6182	15.9602
 3.6156	15.9226
 3.6131	15.9175
 3.6106	15.8692
 3.6081	15.8387
 3.6056	15.9683
 3.6031	15.9613
 3.6006	15.8845
 3.5981	15.9142
 3.5956	15.9188
 3.5931	15.9789
 3.5906	15.9072
 3.5881	15.8752
 3.5856	15.8543
 3.5832	15.8238
 3.5807	15.8093
 3.5782	15.8316
 3.5758	15.8413
 3.5733	15.8742
 3.5708	15.8967
 3.5684	15.9464
 3.5659	15.9453
 3.5635	15.9775
 3.5610	16.0150
 3.5586	15.9166
 3.5561	15.8756
 3.5537	15.9158
 3.5513	15.9043
 3.5488	15.8291
 3.5464	15.8333
 3.5440	15.9041
 3.5415	15.9112
 3.5391	15.9608
 3.5367	15.8994
 3.5343	15.8574
 3.5319	15.9382
 3.5295	16.0118
 3.5271	15.9599
 3.5247	15.9239
 3.5223	15.9397
 3.5199	16.0119
 3.5175	16.0028
 3.5151	15.8489
 3.5128	15.8500
 3.5104	15.9190
 3.5080	15.9670
 3.5056	15.9732
 3.5033	15.9928
 3.5009	16.0975
 3.4985	16.0935
 3.4962	16.0801
 3.4938	15.9454
 3.4915	15.8839
 3.4891	16.0587
 3.4868	16.0625
 3.4844	16.0314
 3.4821	16.0531
 3.4798	15.9456
 3.4774	15.8945
 3.4751	15.9555
 3.4728	15.9095
 3.4704	15.8356
 3.4681	15.8495
 3.4658	15.8822
 3.4635	15.9144
 3.4612	15.8729
 3.4589	15.8680
 3.4566	15.8954
 3.4543	15.9587
 3.4520	15.9778
 3.4497	16.0637
 3.4474	16.0988
 3.4451	16.0362
 3.4428	15.9679
 3.4405	15.9860
 3.4382	15.9936
 3.4359	15.9081
 3.4337	16.0029
 3.4314	16.0914
 3.4291	16.1227
 3.4269	16.0812
 3.4246	15.9540
 3.4223	15.8782
 3.4201	15.9990
 3.4178	16.0334
 3.4156	15.9545
 3.4133	15.9938
 3.4111	16.1217
 3.4088	16.0775
 3.4066	16.0469
 3.4043	16.0098
 3.4021	15.9548
 3.3999	15.9570
 3.3977	15.9247
 3.3954	15.9685
 3.3932	15.9803
 3.3910	15.9099
 3.3888	15.8654
 3.3866	15.8712
 3.3844	15.8971
 3.3822	15.9106
 3.3799	15.9431
 3.3777	15.9340
 3.3755	15.9334
 3.3733	15.9307
 3.3712	15.9323
 3.3690	15.8883
 3.3668	15.8640
 3.3646	15.9040
 3.3624	15.9209
 3.3602	15.9186
 3.3580	15.9625
 3.3559	15.9737
 3.3537	15.9239
 3.3515	15.8662
 3.3494	15.8859
 3.3472	15.9159
 3.3451	15.8580
 3.3429	15.9307
 3.3407	15.9688
 3.3386	15.9619
 3.3364	15.9774
 3.3343	15.9088
 3.3321	15.8188
 3.3300	15.7697
 3.3279	15.7869
 3.3257	15.8782
 3.3236	15.9026
 3.3215	15.8862
 3.3194	15.8386
 3.3172	15.7977
 3.3151	15.7867
 3.3130	15.8530
 3.3109	15.8989
 3.3088	15.8454
 3.3066	15.8390
 3.3045	15.8066
 3.3024	15.7863
 3.3003	15.7693
 3.2982	15.7898
 3.2961	15.8551
 3.2940	15.7896
 3.2920	15.7047
 3.2899	15.7734
 3.2878	15.7435
 3.2857	15.6902
 3.2836	15.7795
 3.2815	15.9326
 3.2795	15.9333
 3.2774	15.8917
 3.2753	15.9107
 3.2732	15.7991
 3.2712	15.7317
 3.2691	15.7500
 3.2671	15.7130
 3.2650	15.7475
 3.2630	15.8525
 3.2609	15.8570
 3.2588	15.7819
 3.2568	15.7496
 3.2548	15.8042
 3.2527	15.8846
 3.2507	15.8418
 3.2486	15.7771
 3.2466	15.7719
 3.2446	15.7728
 3.2426	15.7972
 3.2405	15.7854
 3.2385	15.7678
 3.2365	15.7783
 3.2345	15.7950
 3.2324	15.7585
 3.2304	15.7783
 3.2284	15.7817
 3.2264	15.8437
 3.2244	15.8961
 3.2224	15.7870
 3.2204	15.7174
 3.2184	15.8157
 3.2164	15.8311
 3.2144	15.8123
 3.2124	15.8528
 3.2104	15.9110
 3.2084	15.9621
 3.2064	15.9552
 3.2045	15.8533
 3.2025	15.8429
 3.2005	15.8068
 3.1985	15.8079
 3.1966	15.7574
 3.1946	15.7366
 3.1926	15.8319
 3.1907	15.8042
 3.1887	15.8416
 3.1867	15.8737
 3.1848	15.8910
 3.1828	15.8940
 3.1809	15.7976
 3.1789	15.7694
 3.1770	15.8341
 3.1750	15.9160
 3.1731	15.9196
 3.1711	15.9329
 3.1692	15.8771
 3.1673	15.7923
 3.1653	15.7538
 3.1634	15.7252
 3.1615	15.6985
 3.1596	15.7735
 3.1576	15.8494
 3.1557	15.8507
 3.1538	15.8536
 3.1519	15.8250
 3.1500	15.8861
 3.1481	15.8912
 3.1461	15.9171
 3.1442	15.8889
 3.1423	15.7812
 3.1404	15.8167
 3.1385	15.8277
 3.1366	15.7733
 3.1347	15.8023
 3.1328	15.9082
 3.1309	15.9253
 3.1290	15.8785
 3.1272	15.9446
 3.1253	15.9194
 3.1234	15.8569
 3.1215	15.7318
 3.1196	15.7120
 3.1178	15.7405
 3.1159	15.7802
 3.1140	15.8992
 3.1121	15.9151
 3.1103	15.8456
 3.1084	15.8184
 3.1065	15.8333
 3.1047	15.9324
 3.1028	15.8656
 3.1010	15.8240
 3.0991	15.8347
 3.0973	15.7992
 3.0954	15.8079
 3.0936	15.8332
 3.0917	15.8886
 3.0899	15.8920
 3.0880	15.8554
 3.0862	15.7502
 3.0844	15.6697
 3.0825	15.7268
 3.0807	15.7811
 3.0789	15.8715
 3.0770	15.9176
 3.0752	15.9216
 3.0734	15.8592
 3.0716	15.7354
 3.0698	15.5736
 3.0680	15.6978
 3.0661	15.9386
 3.0643	15.8422
 3.0625	15.6940
 3.0607	15.7781
 3.0589	15.8974
 3.0571	15.9084
 3.0553	15.8074
 3.0535	15.8159
 3.0517	15.8694
 3.0499	15.8634
 3.0481	15.8523
 3.0463	15.8501
 3.0445	15.7807
 3.0427	15.7354
 3.0410	15.7381
 3.0392	15.7978
 3.0374	15.8299
 3.0356	15.9552
 3.0338	15.9198
 3.0321	15.7602
 3.0303	15.7198
 3.0285	15.7940
 3.0268	15.8606
 3.0250	15.9038
 3.0232	15.9042
 3.0215	15.9250
 3.0197	15.8945
 3.0179	15.8644
 3.0162	15.8670
 3.0144	15.7819
 3.0127	15.7932
 3.0109	15.8807
 3.0092	15.8978
 3.0074	15.9580
 3.0057	15.9700
 3.0040	15.8558
 3.0022	15.8102
 3.0005	15.7538
 2.9987	15.7260
 2.9970	15.6945
 2.9953	15.6142
 2.9935	15.6064
 2.9918	15.6926
 2.9901	15.8650
 2.9884	15.9941
 2.9867	15.9822
 2.9849	15.9620
 2.9832	15.8614
 2.9815	15.7681
 2.9798	15.8295
 2.9781	15.8195
 2.9764	15.7663
 2.9747	15.7573
 2.9729	15.7853
 2.9712	15.7603
 2.9695	15.7917
 2.9678	15.8715
 2.9661	15.8000
 2.9645	15.6904
 2.9628	15.6072
 2.9611	15.6115
 2.9594	15.7595
 2.9577	15.7667
 2.9560	15.6713
 2.9543	15.6212
 2.9526	15.7179
 2.9510	15.7906
 2.9493	15.7447
 2.9476	15.7177
 2.9459	15.7262
 2.9442	15.8173
 2.9426	15.7979
 2.9409	15.7173
 2.9392	15.5815
 2.9376	15.5102
 2.9359	15.5522
 2.9343	15.6754
 2.9326	15.6693
 2.9309	15.6537
 2.9293	15.7115
 2.9276	15.8536
 2.9260	15.8558
 2.9243	15.8186
 2.9227	15.8146
 2.9210	15.8987
 2.9194	15.8520
 2.9177	15.7569
 2.9161	15.7899
 2.9145	15.7813
 2.9128	15.8120
 2.9112	15.9101
 2.9096	15.9263
 2.9079	15.9530
 2.9063	15.9653
 2.9047	15.9155
 2.9030	15.9216
 2.9014	15.9897
 2.8998	15.9425
 2.8982	15.9731
 2.8966	15.9770
 2.8949	16.0099
 2.8933	15.9336
 2.8917	15.8429
 2.8901	15.9149
 2.8885	15.8061
 2.8869	15.8516
 2.8853	16.0319
 2.8837	15.9189
 2.8821	15.8669
 2.8805	15.9938
 2.8789	16.0473
 2.8773	16.0267
 2.8757	15.9534
 2.8741	15.9129
 2.8725	15.9858
 2.8709	16.0790
 2.8693	16.1019
 2.8677	16.1708
 2.8661	16.1101
 2.8645	15.9150
 2.8630	15.9182
 2.8614	16.1683
 2.8598	16.3193
 2.8582	16.2855
 2.8567	16.1357
 2.8551	16.1133
 2.8535	16.2354
 2.8519	16.2448
 2.8504	16.0598
 2.8488	16.0675
 2.8472	16.1166
 2.8457	16.1518
 2.8441	16.0755
 2.8426	16.0667
 2.8410	16.1308
 2.8394	16.2086
 2.8379	16.2465
 2.8363	16.0982
 2.8348	15.9670
 2.8332	15.9887
 2.8317	16.0149
 2.8302	16.0563
 2.8286	16.1960
 2.8271	16.2033
 2.8255	16.2048
 2.8240	16.1975
 2.8224	16.2332
 2.8209	16.2810
 2.8194	16.2570
 2.8178	16.1684
 2.8163	16.2237
 2.8148	16.3863
 2.8133	16.5048
 2.8117	16.3052
 2.8102	16.1893
 2.8087	16.3230
 2.8072	16.3946
 2.8056	16.3546
 2.8041	16.3798
 2.8026	16.4614
 2.8011	16.3414
 2.7996	16.4633
 2.7981	16.4840
 2.7966	16.3082
 2.7951	16.3486
 2.7936	16.5160
 2.7921	16.6005
 2.7906	16.5922
 2.7890	16.6991
 2.7875	16.8086
 2.7860	16.5143
 2.7845	16.4043
 2.7831	16.4415
 2.7816	16.4740
 2.7801	16.6035
 2.7786	16.5638
 2.7771	16.5835
 2.7756	16.5927
 2.7741	16.5047
 2.7726	16.6012
 2.7712	16.7736
 2.7697	16.8274
 2.7682	16.7683
 2.7667	16.7283
 2.7652	16.7541
 2.7638	16.8796
 2.7623	16.7086
 2.7608	16.5733
 2.7594	16.6094
 2.7579	16.6519
 2.7564	16.9031
 2.7550	17.0066
 2.7535	16.8425
 2.7520	16.6801
 2.7506	16.5870
 2.7491	16.5696
 2.7477	16.5328
 2.7462	16.5594
 2.7447	16.6208
 2.7433	16.6894
 2.7418	16.9383
 2.7404	17.1315
 2.7389	17.0351
 2.7375	16.8325
 2.7361	16.8718
 2.7346	16.9582
 2.7332	16.8244
 2.7317	16.7298
 2.7303	16.6785
 2.7289	16.6962
 2.7274	16.6455
 2.7260	16.6710
 2.7246	16.8965
 2.7231	16.8877
 2.7217	16.9866
 2.7203	16.9846
 2.7188	16.7387
 2.7174	16.7559
 2.7160	16.6290
 2.7146	16.5444
 2.7132	16.6221
 2.7117	16.9312
 2.7103	17.1309
 2.7089	16.9513
 2.7075	16.8598
 2.7061	16.6782
 2.7047	16.5301
 2.7033	16.6585
 2.7018	16.7543
 2.7004	16.6902
 2.6990	16.6740
 2.6976	16.7739
 2.6962	16.9192
 2.6948	17.0317
 2.6934	16.9929
 2.6920	16.7342
 2.6906	16.6344
 2.6892	16.6973
 2.6878	16.6397
 2.6864	16.5795
 2.6850	16.6994
 2.6837	16.8392
 2.6823	16.6995
 2.6809	16.6768
 2.6795	16.9806
 2.6781	17.0394
 2.6767	17.1335
 2.6753	17.0898
 2.6740	16.8775
 2.6726	16.8001
 2.6712	17.0881
 2.6698	17.2164
 2.6685	17.0020
 2.6671	17.1305
 2.6657	17.0762
 2.6644	16.9117
 2.6630	16.7306
 2.6616	16.7124
 2.6603	16.7949
 2.6589	16.7833
 2.6575	16.6543
 2.6562	16.6586
 2.6548	16.6650
 2.6534	16.7266
 2.6521	16.8227
 2.6507	16.7157
 2.6494	16.6090
 2.6480	16.6537
 2.6467	16.6554
 2.6453	16.7936
 2.6440	16.8397
 2.6426	16.7589
 2.6413	16.8397
 2.6399	16.8066
 2.6386	16.6983
 2.6372	16.6182
 2.6359	16.7005
 2.6346	16.8100
 2.6332	16.8226
 2.6319	16.9250
 2.6306	17.1164
 2.6292	16.9544
 2.6279	16.7761
 2.6266	16.9912
 2.6252	16.9748
 2.6239	16.7527
 2.6226	16.6940
 2.6212	17.0104
 2.6199	17.0973
 2.6186	16.8142
 2.6173	16.9288
 2.6160	17.0581
 2.6146	17.0227
 2.6133	16.8751
 2.6120	16.7988
 2.6107	16.7268
 2.6094	16.7277
 2.6081	16.8414
 2.6067	16.8910
 2.6054	17.0256
 2.6041	17.0081
 2.6028	16.9325
 2.6015	16.8716
 2.6002	16.8611
 2.5989	16.8146
 2.5976	16.8719
 2.5963	17.1569
 2.5950	17.6206
 2.5937	17.3905
 2.5924	16.9656
 2.5911	16.7767
 2.5898	16.6757
 2.5885	16.8714
 2.5872	17.0558
 2.5859	16.8440
 2.5847	16.8045
 2.5834	16.9107
 2.5821	16.9827
 2.5808	16.9899
 2.5795	16.8233
 2.5782	16.7373
 2.5770	16.7630
 2.5757	16.8332
 2.5744	16.9137
 2.5731	16.9500
 2.5718	16.8754
 2.5706	16.9418
 2.5693	16.8770
 2.5680	16.7981
 2.5667	16.8617
 2.5655	16.9117
 2.5642	16.9432
 2.5629	16.8670
 2.5617	16.9215
 2.5604	16.9736
 2.5591	16.8946
 2.5579	16.7823
 2.5566	16.7108
 2.5554	16.6773
 2.5541	16.7225
 2.5528	16.8298
 2.5516	16.8535
 2.5503	16.8467
 2.5491	16.7995
 2.5478	16.7614
 2.5466	16.7998
 2.5453	16.8200
 2.5441	16.8753
 2.5428	16.9774
 2.5416	16.9083
 2.5403	16.7649
 2.5391	16.7822
 2.5379	16.7503
 2.5366	16.7976
 2.5354	16.8295
 2.5341	16.8179
 2.5329	16.7677
 2.5317	16.8929
 2.5304	17.0377
 2.5292	16.9451
 2.5280	16.8797
 2.5267	16.9351
 2.5255	16.9440
 2.5243	16.7937
 2.5230	16.7104
 2.5218	16.6517
 2.5206	16.7506
 2.5194	16.9093
 2.5181	16.8887
 2.5169	16.8207
 2.5157	16.7452
 2.5145	16.7193
 2.5133	16.8100
 2.5120	16.8048
 2.5108	16.7699
 2.5096	16.8113
 2.5084	16.9161
 2.5072	16.9823
 2.5060	16.9321
 2.5048	16.9212
 2.5035	16.9274
 2.5023	16.8103
 2.5011	16.7236
 2.4999	16.7427
 2.4987	16.9542
 2.4975	16.9981
 2.4963	17.0057
 2.4951	16.9654
 2.4939	16.8757
 2.4927	16.8949
 2.4915	16.9252
 2.4903	16.9444
 2.4891	16.9350
 2.4879	17.0041
 2.4867	16.8822
 2.4855	16.7992
 2.4844	16.8571
 2.4832	16.8465
 2.4820	16.7628
 2.4808	16.7474
 2.4796	16.8581
 2.4784	16.8973
 2.4772	16.9555
 2.4760	16.9715
 2.4749	16.8927
 2.4737	16.9053
 2.4725	16.8518
 2.4713	16.8448
 2.4701	16.8897
 2.4690	16.9903
 2.4678	16.8747
 2.4666	16.8385
 2.4655	16.8632
 2.4643	16.8827
 2.4631	16.9259
 2.4619	16.9446
 2.4608	16.9130
 2.4596	16.8929
 2.4584	16.8733
 2.4573	16.9203
 2.4561	16.9443
 2.4549	16.8582
 2.4538	16.7980
 2.4526	16.8580
 2.4515	16.9162
 2.4503	16.9094
 2.4491	16.9040
 2.4480	16.8808
 2.4468	17.0304
 2.4457	17.0404
 2.4445	16.8447
 2.4434	16.7342
 2.4422	16.7543
 2.4411	16.7978
 2.4399	16.8692
 2.4388	16.9863
 2.4376	17.1168
 2.4365	17.1204
 2.4353	16.9912
 2.4342	16.8925
 2.4331	16.8262
 2.4319	16.8532
 2.4308	16.8703
 2.4296	16.9493
 2.4285	16.9874
 2.4274	16.8758
 2.4262	16.8781
 2.4251	17.0378
 2.4240	16.9640
 2.4228	16.9490
 2.4217	16.9980
 2.4206	16.9618
 2.4194	16.9399
 2.4183	17.0559
 2.4172	17.0957
 2.4160	16.9671
 2.4149	16.9255
 2.4138	16.8828
 2.4127	16.7074
 2.4116	16.6969
 2.4104	16.7599
 2.4093	16.8020
 2.4082	16.8387
 2.4071	16.9009
 2.4059	16.8201
 2.4048	16.8106
 2.4037	16.7656
 2.4026	16.8901
 2.4015	16.9588
 2.4004	16.8329
 2.3993	16.8764
 2.3982	16.9577
 2.3971	16.9011
 2.3960	16.9113
 2.3948	16.9504
 2.3937	16.8646
 2.3926	16.9224
 2.3915	16.9577
 2.3904	16.9762
 2.3893	16.9454
 2.3882	16.8594
 2.3871	16.8304
 2.3860	16.8126
 2.3849	16.9317
 2.3838	16.9597
 2.3827	16.8539
 2.3816	16.8406
 2.3805	16.9745
 2.3795	17.0664
 2.3784	17.0583
 2.3773	16.9736
 2.3762	16.9555
 2.3751	17.0548
 2.3740	17.1845
 2.3729	17.0311
 2.3718	16.9153
 2.3708	16.8731
 2.3697	16.8273
 2.3686	16.9095
 2.3675	16.9429
 2.3664	16.9953
 2.3653	16.9066
 2.3643	16.8118
 2.3632	16.8014
 2.3621	16.7889
 2.3610	16.8171
 2.3600	16.8562
 2.3589	16.9383
 2.3578	17.0010
 2.3567	17.0356
 2.3557	17.0158
 2.3546	16.9875
 2.3535	17.0101
 2.3525	16.9783
 2.3514	16.9347
 2.3503	16.8747
 2.3493	16.7969
 2.3482	16.9870
 2.3471	17.1166
 2.3461	16.9751
 2.3450	16.7964
 2.3440	16.7977
 2.3429	16.9512
 2.3418	17.0066
 2.3408	17.1308
 2.3397	17.0757
 2.3387	16.7815
 2.3376	16.6460
 2.3366	16.8762
 2.3355	16.9893
 2.3345	16.9751
 2.3334	17.0681
 2.3324	17.1812
 2.3313	17.1910
 2.3303	16.9955
 2.3292	16.9470
 2.3282	16.8523
 2.3271	16.7704
 2.3261	16.8563
 2.3250	16.9898
 2.3240	16.9262
 2.3230	16.9086
 2.3219	16.9510
 2.3209	17.0102
 2.3198	17.0165
 2.3188	17.0587
 2.3178	17.0798
 2.3167	16.9479
 2.3157	16.9145
 2.3147	16.9661
 2.3136	16.9929
 2.3126	16.9964
 2.3116	16.9580
 2.3105	16.9824
 2.3095	16.9430
 2.3085	16.8168
 2.3074	16.9134
 2.3064	17.1494
 2.3054	17.2083
 2.3044	17.1317
 2.3034	17.1650
 2.3023	17.2649
 2.3013	17.0714
 2.3003	17.0494
 2.2993	17.0226
 2.2982	16.9537
 2.2972	17.0081
 2.2962	16.9757
 2.2952	16.9580
 2.2942	16.9899
 2.2932	16.9554
 2.2921	17.0388
 2.2911	17.0872
 2.2901	17.0757
 2.2891	17.1630
 2.2881	17.1125
 2.2871	17.1110
 2.2861	17.0602
 2.2851	17.0036
 2.2841	16.9163
 2.2831	16.8989
 2.2821	16.9145
 2.2811	16.8792
 2.2801	16.8323
 2.2790	17.0367
 2.2780	17.0238
 2.2771	16.8357
 2.2761	16.8754
 2.2750	17.0441
 2.2740	17.0777
 2.2731	17.0415
 2.2721	16.9470
 2.2711	17.0104
 2.2701	17.0610
 2.2691	16.8158
 2.2681	16.8809
 2.2671	17.0519
 2.2661	17.0215
 2.2651	16.9329
 2.2641	16.8766
 2.2631	16.9957
 2.2621	17.1281
 2.2612	17.0369
 2.2602	16.8723
 2.2592	16.8824
 2.2582	17.1105
 2.2572	17.1926
 2.2562	17.1874
 2.2553	17.2094
 2.2543	17.1238
 2.2533	16.9087
 2.2523	16.8065
 2.2513	16.9451
 2.2504	17.0658
 2.2494	17.0846
 2.2484	16.9505
 2.2474	16.9784
 2.2465	17.0658
 2.2455	17.0841
 2.2445	17.0674
 2.2435	17.0019
 2.2426	16.9277
 2.2416	17.0158
 2.2406	17.0810
 2.2397	17.1334
 2.2387	17.0798
 2.2377	16.9789
 2.2368	16.9716
 2.2358	17.0010
 2.2348	17.0654
 2.2339	17.1786
 2.2329	17.1944
 2.2320	17.1211
 2.2310	17.0363
 2.2300	16.8474
 2.2291	16.9288
 2.2281	17.0366
 2.2272	16.9801
 2.2262	17.1375
 2.2252	17.2475
 2.2243	17.1402
 2.2233	17.1855
 2.2224	17.2200
 2.2214	17.1689
 2.2205	16.9970
 2.2195	16.9716
 2.2186	17.0718
 2.2176	17.0103
 2.2167	16.8874
 2.2157	16.9320
 2.2148	17.0491
 2.2138	17.1334
 2.2129	17.0325
 2.2120	16.9475
 2.2110	17.0442
 2.2101	17.1473
 2.2091	17.2244
 2.2082	17.1530
 2.2073	17.0858
 2.2063	17.0903
 2.2054	17.0381
 2.2044	16.9586
 2.2035	17.0819
 2.2026	17.1338
 2.2016	16.9800
 2.2007	16.8476
 2.1998	16.9118
 2.1988	17.0838
 2.1979	17.1752
 2.1970	17.1812
 2.1960	17.1842
 2.1951	17.1365
 2.1942	17.0479
 2.1932	17.0845
 2.1923	17.1415
 2.1914	17.0370
 2.1905	16.9240
 2.1895	17.0351
 2.1886	17.0148
 2.1877	16.8968
 2.1868	17.0581
 2.1858	17.1863
 2.1849	17.1932
 2.1840	17.1495
 2.1831	17.0489
 2.1822	17.0114
 2.1812	17.1886
 2.1803	17.1581
 2.1794	16.9854
 2.1785	16.9942
 2.1776	17.1491
 2.1767	17.2310
 2.1758	17.2398
 2.1749	17.1902
 2.1739	16.9889
 2.1730	16.9557
 2.1721	17.0535
 2.1712	17.1041
 2.1703	17.0769
 2.1694	16.9946
 2.1685	17.1843
 2.1676	17.0595
 2.1667	16.8679
 2.1658	16.9722
 2.1649	17.0455
 2.1639	16.9506
 2.1631	17.0264
 2.1622	17.0633
 2.1612	17.1067
 2.1604	17.1589
 2.1595	17.1474
 2.1585	17.0990
 2.1576	17.2107
 2.1568	17.2541
 2.1559	17.1938
 2.1550	16.9669
 2.1541	16.8599
 2.1532	16.8512
 2.1523	16.8120
 2.1514	16.9214
 2.1505	17.1460
 2.1496	17.2979
 2.1487	17.3166
 2.1478	17.3673
 2.1469	17.3225
 2.1460	17.2873
 2.1452	17.2616
 2.1443	17.1207
 2.1434	16.9541
 2.1425	16.9440
 2.1416	17.0506
 2.1407	17.1026
 2.1398	17.1240
 2.1390	17.0092
 2.1381	16.9766
 2.1372	16.9573
 2.1363	16.9169
 2.1354	16.9417
 2.1345	17.0233
 2.1337	17.0637
 2.1328	17.1027
 2.1319	17.2236
 2.1311	17.1664
 2.1302	16.9735
 2.1293	16.9290
 2.1284	16.8919
 2.1275	17.0264
 2.1267	17.1580
 2.1258	17.1564
 2.1249	16.9783
 2.1241	16.9583
 2.1232	16.9193
 2.1223	17.0221
 2.1214	17.2509
 2.1206	17.2002
 2.1197	17.2925
 2.1189	17.2608
 2.1180	17.1289
 2.1171	16.9790
 2.1163	16.9327
 2.1154	17.1705
 2.1145	17.2647
 2.1137	17.0640
 2.1128	17.0656
 2.1120	17.3669
 2.1111	17.4808
 2.1102	17.4051
 2.1094	17.1829
 2.1085	17.0682
 2.1077	16.9439
 2.1068	16.8655
 2.1059	17.0873
 2.1051	17.1926
 2.1042	17.2487
 2.1034	17.2242
 2.1025	17.0296
 2.1017	17.0464
 2.1008	17.1708
 2.1000	17.2558
 2.0991	17.2528
 2.0983	17.2985
 2.0974	17.2164
 2.0966	17.1119
 2.0957	16.9502
 2.0949	17.0746
 2.0940	17.2449
 2.0932	17.4489
 2.0924	17.3197
 2.0915	16.9343
 2.0907	16.7949
 2.0898	17.0230
 2.0890	17.1435
 2.0881	17.2864
 2.0873	17.2759
 2.0865	17.1193
 2.0856	16.8948
 2.0848	16.6641
 2.0839	16.6895
 2.0831	17.0074
 2.0823	17.2712
 2.0814	17.5589
 2.0806	17.4554
 2.0798	17.0465
 2.0789	16.9722
 2.0781	16.9190
 2.0773	16.9266
 2.0764	16.8444
 2.0756	16.8741
 2.0748	17.0719
 2.0739	17.0881
 2.0731	17.0911
 2.0723	16.9794
 2.0715	17.1432
 2.0706	17.5530
 2.0698	17.2626
 2.0690	16.9821
 2.0681	17.0827
 2.0673	17.0501
 2.0665	17.1014
 2.0657	16.9321
 2.0648	17.1678
 2.0640	17.3883
 2.0632	17.0232
 2.0624	17.1259
 2.0616	17.2926
 2.0607	17.2009
 2.0599	17.0989
 2.0591	16.5699
 2.0583	16.5774
 2.0575	16.8715
 2.0567	16.8300
 2.0558	16.9056
 2.0550	17.1177
 2.0542	17.3119
 2.0534	17.3211
 2.0526	17.3697
 2.0518	17.4762
 2.0510	17.2067
 2.0501	16.9731
 2.0493	16.9954
 2.0485	17.0925
 2.0477	17.0544
 2.0469	17.0117
 2.0461	17.0511
 2.0453	17.0956
 2.0445	17.0737
 2.0437	17.1713
 2.0429	17.2464
 2.0421	17.2762
 2.0413	17.1776
 2.0405	17.1796
 2.0397	17.3283
 2.0389	17.3783
 2.0381	17.2538
 2.0373	17.2090
 2.0365	17.1881
 2.0357	17.0506
 2.0349	17.0823
 2.0341	17.1232
 2.0333	17.0501
 2.0325	17.1367
 2.0317	17.1352
 2.0309	17.3330
 2.0301	17.3134
 2.0293	17.1196
 2.0285	17.0615
 2.0277	17.1050
 2.0269	16.9716
 2.0261	16.7282
 2.0253	16.8045
 2.0245	17.1427
 2.0237	17.3444
 2.0229	17.2162
 2.0222	17.0615
 2.0214	17.0034
 2.0206	17.0930
 2.0198	17.2663
 2.0190	17.2379
 2.0182	17.2486
 2.0174	17.1416
 2.0167	17.1124
 2.0159	17.1651
 2.0151	17.1994
 2.0143	17.1922
 2.0135	17.3176
 2.0128	17.3255
 2.0120	17.2644
 2.0112	17.1235
 2.0104	16.9472
 2.0096	16.8881
 2.0088	16.9600
 2.0081	17.0435
 2.0073	17.1179
 2.0065	17.0927
 2.0057	17.1253
 2.0050	17.1145
 2.0042	17.1427
 2.0034	17.2263
 2.0026	17.3409
 2.0019	17.4133
 2.0011	17.1972
 2.0003	16.9357
