Name: Glauconite (K,Na)(Fe^3+,Al,Mg)_2(Si,Al)_4O_10(OH)_2
Type: Mineral
Class: Silicate
Subclass: Phyllosilicate
Particle Size: Medium
Sample No.: PS-19A
Owner: JPL
Wavelength Range: TIR
Origin: USA, New Jersey
Collection Date: N/A
Description: Particle size was 45-125um.Collected by Ward's Original ASTER Spectral Library name was jpl.nicolet.mineral.silicate.phyllosilicate.medium.ps19a.spectrum.txt
Measurement: Hemispherical reflectance
First Column: X
Second Column: Y
X Units: Wavelength (micrometers)
Y Units:Reflectance (percent)
First X Value: 15.3853
Last X Value:  2.0003
Number of X Values: 2256
Additional Information: mineral.silicate.phyllosilicate.medium.tir.ps-19a.jpl.nicolet.ancillary.txt

15.3853	 0.8990
15.3397	 1.2263
15.2945	 1.2469
15.2495	 0.9279
15.2048	 0.9539
15.1603	 1.0849
15.1161	 1.0334
15.0722	 0.8733
15.0285	 0.8886
14.9851	 1.0853
14.9419	 1.2269
14.8989	 1.1351
14.8563	 1.0394
14.8138	 0.9436
14.7716	 0.9286
14.7296	 0.9309
14.6879	 0.8797
14.6464	 1.0504
14.6052	 0.9128
14.5641	 0.6957
14.5233	 0.8100
14.4828	 0.9591
14.4424	 1.1331
14.4023	 1.1577
14.3624	 1.0745
14.3227	 0.8759
14.2833	 0.8865
14.2440	 0.9119
14.2050	 0.8961
14.1662	 0.8388
14.1276	 0.8067
14.0892	 0.9221
14.0510	 0.9326
14.0131	 0.9418
13.9753	 1.0068
13.9377	 0.9034
13.9004	 0.9052
13.8632	 0.9130
13.8262	 0.8740
13.7895	 0.9966
13.7529	 1.2571
13.7165	 1.4141
13.6803	 1.3152
13.6443	 1.2279
13.6085	 1.3016
13.5729	 1.1852
13.5374	 1.0400
13.5022	 1.3712
13.4671	 1.2955
13.4322	 1.1085
13.3975	 1.2343
13.3630	 1.2506
13.3286	 1.2581
13.2944	 1.3608
13.2604	 1.4773
13.2266	 1.5335
13.1930	 1.5954
13.1595	 1.5724
13.1262	 1.5151
13.0930	 1.4299
13.0600	 1.3829
13.0272	 1.4606
12.9946	 1.4636
12.9621	 1.4950
12.9298	 1.5917
12.8976	 1.7271
12.8656	 1.7551
12.8337	 1.6237
12.8021	 1.5613
12.7705	 1.5590
12.7391	 1.5256
12.7079	 1.6288
12.6769	 1.5314
12.6459	 1.4874
12.6152	 1.7765
12.5845	 1.8957
12.5541	 1.6792
12.5238	 1.6531
12.4936	 1.7505
12.4635	 1.8174
12.4337	 1.8494
12.4039	 1.7551
12.3743	 1.7361
12.3448	 1.7374
12.3155	 1.7509
12.2863	 1.7053
12.2573	 1.5972
12.2284	 1.6242
12.1996	 1.7907
12.1710	 1.7292
12.1425	 1.5441
12.1141	 1.6107
12.0859	 1.5896
12.0578	 1.5528
12.0298	 1.6829
12.0019	 1.8875
11.9742	 1.8522
11.9466	 1.7726
11.9192	 1.6932
11.8918	 1.7063
11.8646	 1.7163
11.8375	 1.7478
11.8106	 1.8444
11.7837	 1.9811
11.7570	 1.9036
11.7304	 1.7666
11.7039	 1.7987
11.6776	 1.9658
11.6513	 2.0014
11.6252	 2.0149
11.5992	 2.0176
11.5733	 2.0019
11.5475	 2.0081
11.5219	 2.0366
11.4963	 2.1206
11.4709	 2.2316
11.4455	 2.2875
11.4203	 2.1618
11.3952	 2.0943
11.3702	 2.1489
11.3454	 2.2189
11.3206	 2.3513
11.2959	 2.3776
11.2714	 2.3007
11.2469	 2.2297
11.2226	 2.2039
11.1983	 2.2846
11.1742	 2.4233
11.1502	 2.4171
11.1263	 2.5238
11.1024	 2.5817
11.0787	 2.5356
11.0551	 2.5627
11.0316	 2.6497
11.0081	 2.6987
10.9848	 2.6128
10.9616	 2.6098
10.9385	 2.6942
10.9154	 2.7700
10.8925	 2.8369
10.8697	 2.8689
10.8469	 2.8952
10.8243	 2.8892
10.8017	 2.8642
10.7793	 2.9861
10.7569	 3.0942
10.7346	 3.2210
10.7125	 3.3432
10.6904	 3.5160
10.6684	 3.6441
10.6465	 3.7440
10.6247	 3.7952
10.6029	 3.9809
10.5813	 4.1458
10.5597	 4.2157
10.5383	 4.2711
10.5169	 4.3445
10.4956	 4.5374
10.4744	 4.7465
10.4533	 4.8630
10.4323	 4.8519
10.4113	 4.9398
10.3904	 5.0758
10.3697	 5.1734
10.3490	 5.3118
10.3284	 5.4804
10.3078	 5.6456
10.2874	 5.7561
10.2670	 5.8452
10.2467	 5.8832
10.2265	 6.0174
10.2064	 6.1603
10.1863	 6.2228
10.1663	 6.3290
10.1464	 6.3364
10.1266	 6.4931
10.1069	 6.7160
10.0872	 6.8273
10.0676	 6.9020
10.0481	 6.8077
10.0287	 6.9537
10.0093	 7.2575
 9.9901	 7.3910
 9.9708	 7.4806
 9.9517	 7.5773
 9.9326	 7.6541
 9.9136	 7.6399
 9.8947	 7.7245
 9.8759	 7.7974
 9.8571	 7.8819
 9.8384	 8.0539
 9.8198	 8.2197
 9.8012	 8.3291
 9.7827	 8.5230
 9.7643	 8.5892
 9.7459	 8.5663
 9.7276	 8.5678
 9.7094	 8.5710
 9.6913	 8.5941
 9.6732	 8.7976
 9.6552	 9.0112
 9.6372	 9.2353
 9.6194	 9.2579
 9.6015	 9.1968
 9.5838	 9.3169
 9.5661	 9.3775
 9.5485	 9.4432
 9.5309	 9.6090
 9.5135	 9.6266
 9.4960	 9.3682
 9.4787	 9.1315
 9.4614	 9.0454
 9.4441	 8.9120
 9.4270	 8.7153
 9.4099	 8.3189
 9.3928	 7.8351
 9.3758	 7.5653
 9.3589	 7.3372
 9.3420	 7.0489
 9.3252	 6.7966
 9.3085	 6.7282
 9.2918	 6.5688
 9.2752	 6.3203
 9.2586	 5.9475
 9.2421	 5.7749
 9.2257	 5.7575
 9.2093	 5.6454
 9.1930	 5.5514
 9.1767	 5.3792
 9.1605	 5.2364
 9.1443	 5.1456
 9.1282	 5.0375
 9.1122	 4.8506
 9.0962	 4.7336
 9.0803	 4.4893
 9.0644	 4.1809
 9.0486	 4.1477
 9.0328	 4.1662
 9.0171	 4.0432
 9.0015	 3.9278
 8.9858	 3.6524
 8.9703	 3.3529
 8.9548	 3.2277
 8.9394	 3.1751
 8.9240	 2.9744
 8.9086	 2.7304
 8.8934	 2.5269
 8.8781	 2.2199
 8.8630	 2.0745
 8.8478	 2.1221
 8.8328	 2.0395
 8.8177	 1.8363
 8.8028	 1.6521
 8.7879	 1.5719
 8.7730	 1.5437
 8.7582	 1.4515
 8.7434	 1.3425
 8.7287	 1.1630
 8.7140	 1.0662
 8.6994	 0.9301
 8.6848	 0.8975
 8.6703	 0.9984
 8.6558	 0.8848
 8.6414	 0.7261
 8.6270	 0.6879
 8.6127	 0.6588
 8.5984	 0.6454
 8.5842	 0.6007
 8.5700	 0.6201
 8.5558	 0.6763
 8.5417	 0.7271
 8.5277	 0.8214
 8.5137	 0.8165
 8.4997	 0.6493
 8.4858	 0.6225
 8.4719	 0.7102
 8.4581	 0.7013
 8.4444	 0.6627
 8.4306	 0.6707
 8.4169	 0.7234
 8.4033	 0.7797
 8.3897	 0.6235
 8.3761	 0.4986
 8.3626	 0.6438
 8.3492	 0.6664
 8.3357	 0.5555
 8.3224	 0.5841
 8.3090	 0.7339
 8.2957	 0.7922
 8.2825	 0.8000
 8.2693	 0.8224
 8.2561	 0.8174
 8.2430	 0.7562
 8.2299	 0.6985
 8.2169	 0.6848
 8.2038	 0.7352
 8.1909	 0.6386
 8.1780	 0.5499
 8.1651	 0.7371
 8.1523	 0.9071
 8.1395	 0.7935
 8.1267	 0.6332
 8.1140	 0.4646
 8.1013	 0.4627
 8.0887	 0.7204
 8.0761	 0.8162
 8.0635	 0.7613
 8.0510	 0.6479
 8.0385	 0.6451
 8.0261	 0.6849
 8.0137	 0.7734
 8.0013	 0.7275
 7.9890	 0.6218
 7.9767	 0.6092
 7.9644	 0.6520
 7.9522	 0.7163
 7.9400	 0.7753
 7.9279	 0.7348
 7.9158	 0.6868
 7.9037	 0.7258
 7.8917	 0.8277
 7.8797	 0.8177
 7.8677	 0.7516
 7.8558	 0.7646
 7.8439	 0.8239
 7.8321	 0.8046
 7.8203	 0.8375
 7.8085	 0.9877
 7.7967	 1.0187
 7.7850	 0.9290
 7.7734	 0.8447
 7.7617	 0.9252
 7.7501	 1.0205
 7.7386	 0.9997
 7.7270	 1.0305
 7.7155	 1.0733
 7.7041	 1.0517
 7.6926	 1.0710
 7.6812	 1.1708
 7.6699	 1.2217
 7.6585	 1.1832
 7.6472	 1.1554
 7.6360	 1.1834
 7.6247	 1.2078
 7.6136	 1.2463
 7.6024	 1.2910
 7.5913	 1.3000
 7.5802	 1.2543
 7.5691	 1.1513
 7.5581	 1.2461
 7.5471	 1.4121
 7.5361	 1.3997
 7.5252	 1.3432
 7.5142	 1.3373
 7.5034	 1.3660
 7.4925	 1.4016
 7.4817	 1.4773
 7.4709	 1.5423
 7.4602	 1.5180
 7.4495	 1.4024
 7.4388	 1.3639
 7.4281	 1.4613
 7.4175	 1.5582
 7.4069	 1.5553
 7.3963	 1.5865
 7.3858	 1.6057
 7.3753	 1.6270
 7.3648	 1.6633
 7.3544	 1.6672
 7.3440	 1.7190
 7.3336	 1.7521
 7.3232	 1.7644
 7.3129	 1.7896
 7.3026	 1.7293
 7.2923	 1.7051
 7.2821	 1.7571
 7.2718	 1.8163
 7.2617	 1.7768
 7.2515	 1.7333
 7.2414	 1.8217
 7.2313	 1.9076
 7.2212	 2.0086
 7.2112	 2.0640
 7.2012	 2.0356
 7.1912	 1.9938
 7.1812	 2.0015
 7.1713	 2.0303
 7.1614	 2.1003
 7.1515	 2.1286
 7.1416	 2.1629
 7.1318	 2.1530
 7.1220	 2.1272
 7.1123	 2.1759
 7.1025	 2.1748
 7.0928	 2.2677
 7.0831	 2.3251
 7.0734	 2.2613
 7.0638	 2.1854
 7.0542	 2.1648
 7.0446	 2.2446
 7.0351	 2.3610
 7.0255	 2.3984
 7.0160	 2.3658
 7.0065	 2.3916
 6.9971	 2.4573
 6.9877	 2.4876
 6.9782	 2.4638
 6.9689	 2.5132
 6.9595	 2.5363
 6.9502	 2.5234
 6.9409	 2.5522
 6.9316	 2.5745
 6.9223	 2.5846
 6.9131	 2.6126
 6.9039	 2.5978
 6.8947	 2.6123
 6.8856	 2.6869
 6.8764	 2.6869
 6.8673	 2.6678
 6.8582	 2.7380
 6.8492	 2.8135
 6.8402	 2.7460
 6.8311	 2.6559
 6.8221	 2.7545
 6.8132	 2.8131
 6.8042	 2.8856
 6.7953	 2.9245
 6.7864	 2.9272
 6.7776	 3.0204
 6.7687	 3.1400
 6.7599	 3.2249
 6.7511	 3.2473
 6.7423	 3.2540
 6.7336	 3.2671
 6.7248	 3.2438
 6.7161	 3.2340
 6.7074	 3.2914
 6.6988	 3.3681
 6.6901	 3.2970
 6.6815	 3.2161
 6.6729	 3.2775
 6.6643	 3.3317
 6.6558	 3.3644
 6.6472	 3.2642
 6.6387	 3.1428
 6.6302	 3.2374
 6.6217	 3.3575
 6.6133	 3.3495
 6.6049	 3.4116
 6.5965	 3.4249
 6.5881	 3.5024
 6.5797	 3.4386
 6.5714	 3.2697
 6.5631	 3.2504
 6.5548	 3.2783
 6.5465	 3.3475
 6.5382	 3.3528
 6.5300	 3.3514
 6.5218	 3.2595
 6.5136	 3.2065
 6.5054	 3.2196
 6.4973	 3.1134
 6.4892	 3.1390
 6.4810	 3.1245
 6.4729	 3.0945
 6.4649	 3.1344
 6.4568	 3.1355
 6.4488	 3.0178
 6.4408	 2.9408
 6.4328	 3.0184
 6.4248	 2.9810
 6.4169	 2.7527
 6.4089	 2.7196
 6.4010	 2.8107
 6.3931	 2.9155
 6.3853	 2.9330
 6.3774	 2.7462
 6.3696	 2.5604
 6.3618	 2.5370
 6.3540	 2.4934
 6.3462	 2.3469
 6.3384	 2.3208
 6.3307	 2.3366
 6.3230	 2.2539
 6.3153	 2.2634
 6.3076	 2.2081
 6.2999	 2.0759
 6.2923	 1.9528
 6.2847	 1.9172
 6.2770	 1.8999
 6.2694	 1.7665
 6.2619	 1.6103
 6.2543	 1.6316
 6.2468	 1.5527
 6.2393	 1.4180
 6.2318	 1.4143
 6.2243	 1.3544
 6.2168	 1.2725
 6.2094	 1.3314
 6.2020	 1.2527
 6.1945	 1.1601
 6.1871	 1.1478
 6.1798	 1.1319
 6.1724	 1.1096
 6.1651	 1.0448
 6.1578	 0.9819
 6.1505	 0.9930
 6.1432	 1.0028
 6.1359	 0.9404
 6.1286	 0.9416
 6.1214	 0.9251
 6.1142	 0.9596
 6.1070	 1.0600
 6.0998	 0.9869
 6.0926	 0.9615
 6.0855	 1.0569
 6.0784	 1.0257
 6.0712	 0.9900
 6.0641	 1.0512
 6.0571	 1.0896
 6.0500	 0.9833
 6.0429	 1.0066
 6.0359	 1.1213
 6.0289	 1.1651
 6.0219	 1.2231
 6.0149	 1.2107
 6.0079	 1.2702
 6.0010	 1.2797
 5.9940	 1.2529
 5.9871	 1.2380
 5.9802	 1.2970
 5.9733	 1.3291
 5.9664	 1.2989
 5.9596	 1.3488
 5.9527	 1.4408
 5.9459	 1.4875
 5.9391	 1.5035
 5.9323	 1.5617
 5.9255	 1.6186
 5.9188	 1.7864
 5.9120	 1.8995
 5.9053	 1.7976
 5.8986	 1.6865
 5.8919	 1.8469
 5.8852	 1.9746
 5.8785	 2.0028
 5.8718	 2.1137
 5.8652	 2.2574
 5.8586	 2.3205
 5.8520	 2.4197
 5.8454	 2.5780
 5.8388	 2.6370
 5.8322	 2.5683
 5.8257	 2.5851
 5.8191	 2.7606
 5.8126	 2.9911
 5.8061	 3.1450
 5.7996	 3.1218
 5.7931	 3.0588
 5.7866	 3.0822
 5.7802	 3.1786
 5.7738	 3.2324
 5.7673	 3.2070
 5.7609	 3.3319
 5.7545	 3.4667
 5.7481	 3.5173
 5.7418	 3.5280
 5.7354	 3.5961
 5.7291	 3.6632
 5.7228	 3.6432
 5.7165	 3.6617
 5.7102	 3.7386
 5.7039	 3.8286
 5.6976	 3.8273
 5.6914	 3.8343
 5.6851	 3.8439
 5.6789	 3.8129
 5.6727	 3.8769
 5.6665	 4.0133
 5.6603	 4.0889
 5.6541	 4.1138
 5.6480	 4.1229
 5.6418	 4.1125
 5.6357	 4.1768
 5.6296	 4.1508
 5.6235	 4.1447
 5.6174	 4.2892
 5.6113	 4.3944
 5.6052	 4.4097
 5.5992	 4.3956
 5.5931	 4.3580
 5.5871	 4.3889
 5.5811	 4.4428
 5.5751	 4.4960
 5.5691	 4.5292
 5.5631	 4.5096
 5.5572	 4.5519
 5.5512	 4.6486
 5.5453	 4.7343
 5.5393	 4.8036
 5.5334	 4.9003
 5.5275	 4.9213
 5.5217	 4.9427
 5.5158	 4.9900
 5.5099	 5.0164
 5.5041	 5.0441
 5.4982	 5.0906
 5.4924	 5.1535
 5.4866	 5.2067
 5.4808	 5.1861
 5.4750	 5.2207
 5.4692	 5.2212
 5.4635	 5.2362
 5.4577	 5.2898
 5.4520	 5.3822
 5.4463	 5.4826
 5.4405	 5.5213
 5.4348	 5.5449
 5.4291	 5.4961
 5.4235	 5.4624
 5.4178	 5.5138
 5.4121	 5.5794
 5.4065	 5.6163
 5.4009	 5.6597
 5.3952	 5.7292
 5.3896	 5.8016
 5.3840	 5.8750
 5.3785	 5.9027
 5.3729	 5.8856
 5.3673	 5.9379
 5.3618	 5.9609
 5.3562	 5.9762
 5.3507	 6.0166
 5.3452	 6.1017
 5.3397	 6.1536
 5.3342	 6.2093
 5.3287	 6.3063
 5.3232	 6.3947
 5.3178	 6.4111
 5.3123	 6.3752
 5.3069	 6.3894
 5.3015	 6.5238
 5.2961	 6.6403
 5.2907	 6.7304
 5.2852	 6.7928
 5.2799	 6.8804
 5.2745	 6.9651
 5.2691	 7.0113
 5.2638	 7.1247
 5.2584	 7.1674
 5.2531	 7.1633
 5.2478	 7.2631
 5.2425	 7.3763
 5.2372	 7.4973
 5.2319	 7.5352
 5.2267	 7.5753
 5.2214	 7.6060
 5.2161	 7.6840
 5.2109	 7.7668
 5.2057	 7.9005
 5.2004	 8.0017
 5.1952	 8.0722
 5.1900	 8.1517
 5.1848	 8.1420
 5.1796	 8.1847
 5.1745	 8.2788
 5.1693	 8.3290
 5.1642	 8.3274
 5.1590	 8.3538
 5.1539	 8.4182
 5.1488	 8.4316
 5.1437	 8.4727
 5.1386	 8.5533
 5.1335	 8.6223
 5.1284	 8.5949
 5.1234	 8.5925
 5.1183	 8.6506
 5.1132	 8.6769
 5.1082	 8.7114
 5.1032	 8.7726
 5.0982	 8.7768
 5.0932	 8.7865
 5.0882	 8.7968
 5.0832	 8.7978
 5.0782	 8.8277
 5.0732	 8.9476
 5.0683	 9.0654
 5.0633	 9.0708
 5.0584	 9.1305
 5.0534	 9.1532
 5.0485	 9.0770
 5.0436	 9.1473
 5.0387	 9.1864
 5.0338	 9.1273
 5.0289	 9.1189
 5.0241	 9.1599
 5.0192	 9.1401
 5.0144	 9.1893
 5.0095	 9.2662
 5.0047	 9.2726
 4.9998	 9.2554
 4.9950	 9.2974
 4.9902	 9.3857
 4.9854	 9.4075
 4.9806	 9.4396
 4.9759	 9.4576
 4.9711	 9.4193
 4.9663	 9.3843
 4.9616	 9.4373
 4.9568	 9.5258
 4.9521	 9.5236
 4.9474	 9.5830
 4.9426	 9.6414
 4.9379	 9.5927
 4.9332	 9.6514
 4.9286	 9.7070
 4.9239	 9.7240
 4.9192	 9.7712
 4.9145	 9.8308
 4.9099	 9.8742
 4.9052	 9.9093
 4.9006	 9.8449
 4.8960	 9.8263
 4.8914	 9.9268
 4.8867	 9.9731
 4.8821	10.0392
 4.8776	10.1131
 4.8730	10.0741
 4.8684	10.0549
 4.8638	10.1379
 4.8593	10.1143
 4.8547	10.0915
 4.8502	10.0732
 4.8456	10.1131
 4.8411	10.2365
 4.8366	10.3705
 4.8321	10.3889
 4.8276	10.3446
 4.8231	10.4346
 4.8186	10.4993
 4.8141	10.3796
 4.8097	10.4142
 4.8052	10.5743
 4.8008	10.6244
 4.7963	10.6865
 4.7919	10.7952
 4.7875	10.8298
 4.7831	10.7898
 4.7786	10.8334
 4.7743	10.8573
 4.7699	10.9368
 4.7655	11.0733
 4.7611	11.1624
 4.7567	11.1848
 4.7524	11.2110
 4.7480	11.2489
 4.7437	11.3347
 4.7393	11.4156
 4.7350	11.4869
 4.7307	11.4653
 4.7264	11.4386
 4.7221	11.5297
 4.7178	11.6311
 4.7135	11.7253
 4.7092	11.7304
 4.7049	11.7031
 4.7007	11.7351
 4.6964	11.7866
 4.6922	11.7890
 4.6879	11.8409
 4.6837	11.9828
 4.6795	12.0669
 4.6752	12.0750
 4.6710	12.0983
 4.6668	12.1059
 4.6626	12.1058
 4.6584	12.1897
 4.6543	12.2857
 4.6501	12.3750
 4.6459	12.3816
 4.6418	12.3641
 4.6376	12.4141
 4.6334	12.4701
 4.6293	12.5110
 4.6252	12.5509
 4.6211	12.5437
 4.6170	12.5501
 4.6128	12.6348
 4.6087	12.6776
 4.6047	12.7389
 4.6006	12.7820
 4.5965	12.8327
 4.5924	12.9125
 4.5884	12.9543
 4.5843	12.9865
 4.5802	12.9645
 4.5762	12.9762
 4.5722	13.1558
 4.5681	13.2699
 4.5641	13.2177
 4.5601	13.1312
 4.5561	13.1800
 4.5521	13.2478
 4.5481	13.2095
 4.5441	13.3133
 4.5401	13.4303
 4.5362	13.4464
 4.5322	13.4552
 4.5282	13.4526
 4.5243	13.4985
 4.5203	13.5624
 4.5164	13.6650
 4.5125	13.7540
 4.5085	13.7399
 4.5046	13.6887
 4.5007	13.7883
 4.4968	13.8779
 4.4929	13.8376
 4.4890	13.7882
 4.4851	13.8113
 4.4813	13.8995
 4.4774	13.9811
 4.4735	14.0059
 4.4697	14.0463
 4.4658	14.0836
 4.4620	14.1347
 4.4581	14.2088
 4.4543	14.2673
 4.4505	14.3374
 4.4467	14.3778
 4.4429	14.3709
 4.4391	14.4229
 4.4353	14.5311
 4.4315	14.5475
 4.4277	14.5521
 4.4239	14.5449
 4.4201	14.5243
 4.4164	14.5812
 4.4126	14.6486
 4.4089	14.7005
 4.4051	14.7576
 4.4014	14.8200
 4.3976	14.7749
 4.3939	14.7440
 4.3902	14.8354
 4.3865	14.8827
 4.3828	14.8443
 4.3791	14.8536
 4.3754	14.9164
 4.3717	15.0450
 4.3680	15.0937
 4.3643	15.0763
 4.3607	15.0786
 4.3570	15.0594
 4.3533	15.0719
 4.3497	15.1128
 4.3460	15.1662
 4.3424	15.1582
 4.3388	15.2020
 4.3351	15.3076
 4.3315	15.3568
 4.3279	15.3975
 4.3243	15.3895
 4.3207	15.3797
 4.3171	15.4375
 4.3135	15.4343
 4.3099	15.4778
 4.3063	15.5750
 4.3028	15.5474
 4.2992	15.5064
 4.2956	15.5808
 4.2921	15.7242
 4.2885	15.7169
 4.2850	15.6817
 4.2815	15.6910
 4.2779	15.7316
 4.2744	15.7878
 4.2709	15.7218
 4.2674	15.6738
 4.2638	15.7406
 4.2603	15.7842
 4.2568	15.8345
 4.2534	15.8410
 4.2499	15.8500
 4.2464	15.9656
 4.2429	16.0546
 4.2394	16.1431
 4.2360	16.1183
 4.2325	16.0792
 4.2291	16.1085
 4.2256	16.0848
 4.2222	16.1732
 4.2187	16.1671
 4.2153	16.1286
 4.2119	16.1271
 4.2085	16.1036
 4.2051	16.1489
 4.2016	16.1482
 4.1982	16.1044
 4.1948	16.1072
 4.1915	16.1049
 4.1881	16.2122
 4.1847	16.2364
 4.1813	16.2127
 4.1780	16.2698
 4.1746	16.2802
 4.1712	16.2816
 4.1679	16.2889
 4.1645	16.2812
 4.1612	16.2825
 4.1578	16.3357
 4.1545	16.3630
 4.1512	16.4094
 4.1479	16.4093
 4.1445	16.3596
 4.1412	16.3956
 4.1379	16.4363
 4.1346	16.4243
 4.1313	16.4167
 4.1280	16.4150
 4.1248	16.4109
 4.1215	16.4254
 4.1182	16.4266
 4.1150	16.5166
 4.1117	16.5937
 4.1084	16.5841
 4.1052	16.5676
 4.1019	16.5078
 4.0987	16.5235
 4.0954	16.5484
 4.0922	16.4993
 4.0890	16.5487
 4.0858	16.5588
 4.0826	16.5564
 4.0793	16.5698
 4.0761	16.5968
 4.0729	16.6013
 4.0697	16.5973
 4.0665	16.5807
 4.0633	16.5860
 4.0602	16.6429
 4.0570	16.6306
 4.0538	16.6066
 4.0507	16.6276
 4.0475	16.6788
 4.0443	16.6726
 4.0412	16.6048
 4.0380	16.6286
 4.0349	16.6468
 4.0317	16.6842
 4.0286	16.6846
 4.0255	16.6504
 4.0224	16.6643
 4.0193	16.6785
 4.0161	16.6996
 4.0130	16.7053
 4.0099	16.7738
 4.0068	16.6957
 4.0037	16.6436
 4.0006	16.6158
 3.9976	16.6216
 3.9945	16.6425
 3.9914	16.6572
 3.9883	16.6826
 3.9853	16.6710
 3.9822	16.5998
 3.9792	16.5693
 3.9761	16.5633
 3.9731	16.5595
 3.9700	16.5948
 3.9670	16.6558
 3.9639	16.6417
 3.9609	16.6052
 3.9579	16.5734
 3.9549	16.5942
 3.9519	16.6742
 3.9489	16.6485
 3.9458	16.5511
 3.9428	16.5172
 3.9398	16.5521
 3.9369	16.5169
 3.9339	16.5452
 3.9309	16.5554
 3.9279	16.5112
 3.9249	16.4772
 3.9220	16.4318
 3.9190	16.4409
 3.9160	16.4225
 3.9131	16.3408
 3.9101	16.3570
 3.9072	16.4070
 3.9042	16.4049
 3.9013	16.4110
 3.8984	16.3271
 3.8954	16.2631
 3.8925	16.2949
 3.8896	16.2556
 3.8867	16.2207
 3.8838	16.1939
 3.8809	16.0555
 3.8780	16.0431
 3.8751	16.0552
 3.8722	16.0531
 3.8693	16.0231
 3.8664	16.0014
 3.8635	15.9720
 3.8606	15.8473
 3.8578	15.7191
 3.8549	15.7478
 3.8520	15.7651
 3.8492	15.7384
 3.8463	15.7652
 3.8435	15.6384
 3.8406	15.5683
 3.8378	15.6281
 3.8349	15.5265
 3.8321	15.4475
 3.8293	15.3681
 3.8264	15.3776
 3.8236	15.3554
 3.8208	15.3131
 3.8180	15.2156
 3.8152	15.1004
 3.8124	15.0340
 3.8096	14.9884
 3.8068	14.9906
 3.8040	15.0048
 3.8012	14.9562
 3.7984	14.8651
 3.7956	14.8224
 3.7929	14.7125
 3.7901	14.6060
 3.7873	14.5739
 3.7845	14.5496
 3.7818	14.5637
 3.7790	14.4664
 3.7763	14.4360
 3.7735	14.3756
 3.7708	14.2459
 3.7681	14.1306
 3.7653	14.0863
 3.7626	14.1195
 3.7599	14.0136
 3.7571	13.8897
 3.7544	13.8408
 3.7517	13.8226
 3.7490	13.8033
 3.7463	13.6939
 3.7436	13.5432
 3.7409	13.4442
 3.7382	13.3708
 3.7355	13.3970
 3.7328	13.3263
 3.7301	13.2061
 3.7274	13.1410
 3.7247	13.1205
 3.7221	13.0160
 3.7194	12.8750
 3.7167	12.7433
 3.7141	12.6989
 3.7114	12.6419
 3.7088	12.5545
 3.7061	12.5319
 3.7035	12.4704
 3.7008	12.4363
 3.6982	12.3213
 3.6955	12.1127
 3.6929	12.0145
 3.6903	11.9688
 3.6877	11.9033
 3.6850	11.8010
 3.6824	11.6725
 3.6798	11.6063
 3.6772	11.6182
 3.6746	11.5647
 3.6720	11.4838
 3.6694	11.3593
 3.6668	11.2354
 3.6642	11.1102
 3.6616	11.0340
 3.6590	11.0643
 3.6564	11.0502
 3.6539	11.0134
 3.6513	10.9211
 3.6487	10.7273
 3.6462	10.5984
 3.6436	10.5074
 3.6410	10.4977
 3.6385	10.5243
 3.6359	10.4991
 3.6334	10.4670
 3.6308	10.3188
 3.6283	10.1512
 3.6258	10.0820
 3.6232	 9.9967
 3.6207	 9.9078
 3.6182	 9.8722
 3.6156	 9.7626
 3.6131	 9.6732
 3.6106	 9.5950
 3.6081	 9.5475
 3.6056	 9.5193
 3.6031	 9.4080
 3.6006	 9.2839
 3.5981	 9.2308
 3.5956	 9.1141
 3.5931	 9.0334
 3.5906	 8.9905
 3.5881	 8.8418
 3.5856	 8.7759
 3.5832	 8.7288
 3.5807	 8.6803
 3.5782	 8.5874
 3.5758	 8.5370
 3.5733	 8.5938
 3.5708	 8.5532
 3.5684	 8.3908
 3.5659	 8.2114
 3.5635	 8.2277
 3.5610	 8.2195
 3.5586	 8.0185
 3.5561	 7.9196
 3.5537	 7.8427
 3.5513	 7.7564
 3.5488	 7.6637
 3.5464	 7.5756
 3.5440	 7.6604
 3.5415	 7.5654
 3.5391	 7.4420
 3.5367	 7.3622
 3.5343	 7.2692
 3.5319	 7.1983
 3.5295	 7.1407
 3.5271	 7.0587
 3.5247	 6.9939
 3.5223	 6.9852
 3.5199	 6.9874
 3.5175	 6.8449
 3.5151	 6.6154
 3.5128	 6.5568
 3.5104	 6.5826
 3.5080	 6.4380
 3.5056	 6.3242
 3.5033	 6.3391
 3.5009	 6.3044
 3.4985	 6.2927
 3.4962	 6.2406
 3.4938	 6.1418
 3.4915	 6.1193
 3.4891	 6.0460
 3.4868	 6.0032
 3.4844	 5.9596
 3.4821	 5.9219
 3.4798	 5.8075
 3.4774	 5.7466
 3.4751	 5.6694
 3.4728	 5.5883
 3.4704	 5.4666
 3.4681	 5.4691
 3.4658	 5.5077
 3.4635	 5.4531
 3.4612	 5.4019
 3.4589	 5.4045
 3.4566	 5.3794
 3.4543	 5.2176
 3.4520	 5.0209
 3.4497	 4.9334
 3.4474	 5.0507
 3.4451	 5.0788
 3.4428	 4.9665
 3.4405	 4.8960
 3.4382	 4.8194
 3.4359	 4.7286
 3.4337	 4.6329
 3.4314	 4.6350
 3.4291	 4.7062
 3.4269	 4.6780
 3.4246	 4.4814
 3.4223	 4.3868
 3.4201	 4.4338
 3.4178	 4.4292
 3.4156	 4.3113
 3.4133	 4.2703
 3.4111	 4.3247
 3.4088	 4.3444
 3.4066	 4.2482
 3.4043	 4.1300
 3.4021	 4.0927
 3.3999	 4.0755
 3.3977	 3.9651
 3.3954	 3.9390
 3.3932	 3.9672
 3.3910	 3.9777
 3.3888	 4.0157
 3.3866	 3.9673
 3.3844	 3.8076
 3.3822	 3.7076
 3.3799	 3.6487
 3.3777	 3.5819
 3.3755	 3.6357
 3.3733	 3.5951
 3.3712	 3.5308
 3.3690	 3.5312
 3.3668	 3.3932
 3.3646	 3.3415
 3.3624	 3.4650
 3.3602	 3.4752
 3.3580	 3.3514
 3.3559	 3.2764
 3.3537	 3.3465
 3.3515	 3.5058
 3.3494	 3.5451
 3.3472	 3.4120
 3.3451	 3.3194
 3.3429	 3.2563
 3.3407	 3.2606
 3.3386	 3.2123
 3.3364	 3.0598
 3.3343	 3.0436
 3.3321	 3.1364
 3.3300	 3.0789
 3.3279	 2.9718
 3.3257	 2.9763
 3.3236	 2.9678
 3.3215	 2.9346
 3.3194	 2.9313
 3.3172	 2.9770
 3.3151	 2.9547
 3.3130	 2.8406
 3.3109	 2.7589
 3.3088	 2.6935
 3.3066	 2.5949
 3.3045	 2.7338
 3.3024	 2.8509
 3.3003	 2.7324
 3.2982	 2.5179
 3.2961	 2.5824
 3.2940	 2.6997
 3.2920	 2.7436
 3.2899	 2.6576
 3.2878	 2.6125
 3.2857	 2.6177
 3.2836	 2.4971
 3.2815	 2.5349
 3.2795	 2.5600
 3.2774	 2.3605
 3.2753	 2.2451
 3.2732	 2.3243
 3.2712	 2.3644
 3.2691	 2.4177
 3.2671	 2.3867
 3.2650	 2.3705
 3.2630	 2.4648
 3.2609	 2.4444
 3.2588	 2.3660
 3.2568	 2.3085
 3.2548	 2.3360
 3.2527	 2.4488
 3.2507	 2.4604
 3.2486	 2.2970
 3.2466	 2.1684
 3.2446	 2.1169
 3.2426	 2.1262
 3.2405	 2.1667
 3.2385	 2.1541
 3.2365	 2.1194
 3.2345	 2.0973
 3.2324	 2.0605
 3.2304	 2.0516
 3.2284	 2.1204
 3.2264	 2.1586
 3.2244	 2.1117
 3.2224	 2.0554
 3.2204	 2.0541
 3.2184	 2.1087
 3.2164	 2.0553
 3.2144	 1.9999
 3.2124	 2.0468
 3.2104	 2.0071
 3.2084	 1.9470
 3.2064	 1.9747
 3.2045	 1.9415
 3.2025	 1.8661
 3.2005	 1.7784
 3.1985	 1.7567
 3.1966	 1.8236
 3.1946	 1.8476
 3.1926	 1.7947
 3.1907	 1.6757
 3.1887	 1.6036
 3.1867	 1.7689
 3.1848	 1.8453
 3.1828	 1.8650
 3.1809	 1.8121
 3.1789	 1.7003
 3.1770	 1.7286
 3.1750	 1.8752
 3.1731	 1.8868
 3.1711	 1.8171
 3.1692	 1.8151
 3.1673	 1.7817
 3.1653	 1.6867
 3.1634	 1.7085
 3.1615	 1.6305
 3.1596	 1.4994
 3.1576	 1.6087
 3.1557	 1.7547
 3.1538	 1.7440
 3.1519	 1.6920
 3.1500	 1.7006
 3.1481	 1.6869
 3.1461	 1.6599
 3.1442	 1.6747
 3.1423	 1.7027
 3.1404	 1.7455
 3.1385	 1.6302
 3.1366	 1.5101
 3.1347	 1.5962
 3.1328	 1.7427
 3.1309	 1.6952
 3.1290	 1.6834
 3.1272	 1.6705
 3.1253	 1.6705
 3.1234	 1.6775
 3.1215	 1.5232
 3.1196	 1.4724
 3.1178	 1.5295
 3.1159	 1.7323
 3.1140	 1.7943
 3.1121	 1.6403
 3.1103	 1.5774
 3.1084	 1.6148
 3.1065	 1.5386
 3.1047	 1.5311
 3.1028	 1.5588
 3.1010	 1.5553
 3.0991	 1.5220
 3.0973	 1.5099
 3.0954	 1.5792
 3.0936	 1.6138
 3.0917	 1.5033
 3.0899	 1.4819
 3.0880	 1.4158
 3.0862	 1.4091
 3.0844	 1.4320
 3.0825	 1.4755
 3.0807	 1.5052
 3.0789	 1.6087
 3.0770	 1.6101
 3.0752	 1.5575
 3.0734	 1.4501
 3.0716	 1.4534
 3.0698	 1.6340
 3.0680	 1.6392
 3.0661	 1.5252
 3.0643	 1.4110
 3.0625	 1.4289
 3.0607	 1.4690
 3.0589	 1.4657
 3.0571	 1.5228
 3.0553	 1.6603
 3.0535	 1.6534
 3.0517	 1.5653
 3.0499	 1.5616
 3.0481	 1.5294
 3.0463	 1.4305
 3.0445	 1.4449
 3.0427	 1.4763
 3.0410	 1.4771
 3.0392	 1.4391
 3.0374	 1.4903
 3.0356	 1.4123
 3.0338	 1.3678
 3.0321	 1.4280
 3.0303	 1.4688
 3.0285	 1.4618
 3.0268	 1.4238
 3.0250	 1.5286
 3.0232	 1.4939
 3.0215	 1.4435
 3.0197	 1.4730
 3.0179	 1.4456
 3.0162	 1.4330
 3.0144	 1.4327
 3.0127	 1.4132
 3.0109	 1.3553
 3.0092	 1.4262
 3.0074	 1.4575
 3.0057	 1.3897
 3.0040	 1.3996
 3.0022	 1.4436
 3.0005	 1.4859
 2.9987	 1.5584
 2.9970	 1.6205
 2.9953	 1.5381
 2.9935	 1.4152
 2.9918	 1.4026
 2.9901	 1.4796
 2.9884	 1.4001
 2.9867	 1.3847
 2.9849	 1.4033
 2.9832	 1.3308
 2.9815	 1.2935
 2.9798	 1.3489
 2.9781	 1.5279
 2.9764	 1.6485
 2.9747	 1.6117
 2.9729	 1.5484
 2.9712	 1.3663
 2.9695	 1.3070
 2.9678	 1.2630
 2.9661	 1.2920
 2.9645	 1.4629
 2.9628	 1.5166
 2.9611	 1.3934
 2.9594	 1.2968
 2.9577	 1.3116
 2.9560	 1.3076
 2.9543	 1.2340
 2.9526	 1.3620
 2.9510	 1.5081
 2.9493	 1.5135
 2.9476	 1.3026
 2.9459	 1.3478
 2.9442	 1.5336
 2.9426	 1.4744
 2.9409	 1.3207
 2.9392	 1.2109
 2.9376	 1.2518
 2.9359	 1.2336
 2.9343	 1.2460
 2.9326	 1.3655
 2.9309	 1.3999
 2.9293	 1.3204
 2.9276	 1.2968
 2.9260	 1.3455
 2.9243	 1.3636
 2.9227	 1.4054
 2.9210	 1.3904
 2.9194	 1.4100
 2.9177	 1.3711
 2.9161	 1.3109
 2.9145	 1.1900
 2.9128	 1.4014
 2.9112	 1.5523
 2.9096	 1.3706
 2.9079	 1.2483
 2.9063	 1.2296
 2.9047	 1.3213
 2.9030	 1.5214
 2.9014	 1.5615
 2.8998	 1.5473
 2.8982	 1.4429
 2.8966	 1.3630
 2.8949	 1.3460
 2.8933	 1.3655
 2.8917	 1.3161
 2.8901	 1.3432
 2.8885	 1.3717
 2.8869	 1.3419
 2.8853	 1.3371
 2.8837	 1.2957
 2.8821	 1.2295
 2.8805	 1.2470
 2.8789	 1.3955
 2.8773	 1.3966
 2.8757	 1.2959
 2.8741	 1.2836
 2.8725	 1.3345
 2.8709	 1.4797
 2.8693	 1.5750
 2.8677	 1.4845
 2.8661	 1.2961
 2.8645	 1.3464
 2.8630	 1.3969
 2.8614	 1.3910
 2.8598	 1.3197
 2.8582	 1.2987
 2.8567	 1.3903
 2.8551	 1.2819
 2.8535	 1.2401
 2.8519	 1.2209
 2.8504	 1.2144
 2.8488	 1.3847
 2.8472	 1.2863
 2.8457	 1.3598
 2.8441	 1.4819
 2.8426	 1.4999
 2.8410	 1.3628
 2.8394	 1.2345
 2.8379	 1.3754
 2.8363	 1.4723
 2.8348	 1.2993
 2.8332	 1.1052
 2.8317	 1.0929
 2.8302	 1.1522
 2.8286	 1.1414
 2.8271	 1.1846
 2.8255	 1.4178
 2.8240	 1.3879
 2.8224	 1.1002
 2.8209	 1.1557
 2.8194	 1.3329
 2.8178	 1.2535
 2.8163	 1.1235
 2.8148	 1.0637
 2.8133	 1.2731
 2.8117	 1.3938
 2.8102	 1.3261
 2.8087	 1.2536
 2.8072	 1.1823
 2.8056	 1.0644
 2.8041	 1.0742
 2.8026	 1.1125
 2.8011	 1.0772
 2.7996	 1.0695
 2.7981	 1.0878
 2.7966	 1.1715
 2.7951	 1.2087
 2.7936	 1.0876
 2.7921	 1.0165
 2.7906	 1.0098
 2.7890	 0.9488
 2.7875	 0.8922
 2.7860	 1.0315
 2.7845	 1.2665
 2.7831	 1.2585
 2.7816	 1.0513
 2.7801	 1.0240
 2.7786	 1.2029
 2.7771	 1.4431
 2.7756	 1.4370
 2.7741	 1.1818
 2.7726	 1.1397
 2.7712	 1.3260
 2.7697	 1.2850
 2.7682	 1.1622
 2.7667	 1.1820
 2.7652	 1.2269
 2.7638	 1.1125
 2.7623	 1.0733
 2.7608	 1.2152
 2.7594	 1.2257
 2.7579	 1.0963
 2.7564	 1.1636
 2.7550	 1.4130
 2.7535	 1.3886
 2.7520	 1.2534
 2.7506	 1.2393
 2.7491	 1.4246
 2.7477	 1.4971
 2.7462	 1.3674
 2.7447	 1.3115
 2.7433	 1.3900
 2.7418	 1.5650
 2.7404	 1.6007
 2.7389	 1.5378
 2.7375	 1.6052
 2.7361	 1.5940
 2.7346	 1.6531
 2.7332	 1.7656
 2.7317	 1.7476
 2.7303	 1.7582
 2.7289	 1.8470
 2.7274	 1.9030
 2.7260	 1.8130
 2.7246	 1.8863
 2.7231	 2.0561
 2.7217	 2.2719
 2.7203	 2.4524
 2.7188	 2.4753
 2.7174	 2.5967
 2.7160	 2.6295
 2.7146	 2.8304
 2.7132	 2.9930
 2.7117	 3.0255
 2.7103	 3.1353
 2.7089	 3.3228
 2.7075	 3.5421
 2.7061	 3.7434
 2.7047	 3.7231
 2.7033	 3.8999
 2.7018	 4.3240
 2.7004	 4.5162
 2.6990	 4.5603
 2.6976	 4.6021
 2.6962	 4.7059
 2.6948	 4.9037
 2.6934	 5.3433
 2.6920	 5.8131
 2.6906	 6.2892
 2.6892	 7.0556
 2.6878	 7.8153
 2.6864	 8.3737
 2.6850	 8.8541
 2.6837	 9.5101
 2.6823	10.3048
 2.6809	10.8680
 2.6795	11.1953
 2.6781	11.5285
 2.6767	11.9368
 2.6753	12.5559
 2.6740	13.1165
 2.6726	13.4534
 2.6712	13.3289
 2.6698	13.7421
 2.6685	14.4467
 2.6671	14.5457
 2.6657	14.6876
 2.6644	15.1810
 2.6630	15.8042
 2.6616	16.0178
 2.6603	16.1134
 2.6589	16.2706
 2.6575	16.5195
 2.6562	16.6424
 2.6548	16.9270
 2.6534	16.9696
 2.6521	17.0345
 2.6507	17.4786
 2.6494	17.7996
 2.6480	18.0692
 2.6467	18.1515
 2.6453	18.2729
 2.6440	18.4358
 2.6426	18.4892
 2.6413	18.6869
 2.6399	18.8998
 2.6386	18.9974
 2.6372	19.1322
 2.6359	19.4076
 2.6346	19.5429
 2.6332	19.7432
 2.6319	19.7562
 2.6306	19.4952
 2.6292	19.8318
 2.6279	20.1112
 2.6266	20.1075
 2.6252	20.3153
 2.6239	20.4825
 2.6226	20.6566
 2.6212	20.3661
 2.6199	20.4482
 2.6186	20.7872
 2.6173	20.5972
 2.6160	20.7996
 2.6146	21.1139
 2.6133	21.1730
 2.6120	21.3711
 2.6107	21.3956
 2.6094	21.3547
 2.6081	21.4690
 2.6067	21.2851
 2.6054	21.2609
 2.6041	21.4870
 2.6028	21.6044
 2.6015	21.8004
 2.6002	22.0580
 2.5989	22.3284
 2.5976	22.2294
 2.5963	21.6668
 2.5950	21.1944
 2.5937	21.8378
 2.5924	22.5281
 2.5911	22.7756
 2.5898	22.8068
 2.5885	22.6217
 2.5872	22.5554
 2.5859	22.7956
 2.5847	22.6982
 2.5834	22.6203
 2.5821	22.9973
 2.5808	23.1899
 2.5795	23.2899
 2.5782	23.1059
 2.5770	23.0347
 2.5757	23.3558
 2.5744	23.3652
 2.5731	23.2506
 2.5718	23.5049
 2.5706	23.4557
 2.5693	23.3037
 2.5680	23.5143
 2.5667	23.7779
 2.5655	23.5710
 2.5642	23.2743
 2.5629	23.2891
 2.5617	23.3336
 2.5604	23.5102
 2.5591	23.6482
 2.5579	23.7195
 2.5566	23.7563
 2.5554	23.9601
 2.5541	23.9700
 2.5528	23.6948
 2.5516	23.6602
 2.5503	23.7010
 2.5491	23.7924
 2.5478	23.8288
 2.5466	23.9660
 2.5453	24.0359
 2.5441	23.9844
 2.5428	23.8853
 2.5416	23.8545
 2.5403	23.8487
 2.5391	23.7557
 2.5379	23.7567
 2.5366	23.8576
 2.5354	23.8538
 2.5341	23.9344
 2.5329	23.8746
 2.5317	23.8845
 2.5304	23.9844
 2.5292	24.0081
 2.5280	23.9490
 2.5267	23.9516
 2.5255	23.9506
 2.5243	23.9554
 2.5230	23.9413
 2.5218	23.8925
 2.5206	23.9800
 2.5194	23.8776
 2.5181	23.8644
 2.5169	24.0527
 2.5157	24.1847
 2.5145	24.0714
 2.5133	23.8452
 2.5120	23.8221
 2.5108	23.9266
 2.5096	23.9843
 2.5084	24.0974
 2.5072	24.0894
 2.5060	24.0715
 2.5048	24.0082
 2.5035	23.8990
 2.5023	23.8752
 2.5011	23.9751
 2.4999	24.0361
 2.4987	24.1522
 2.4975	24.2811
 2.4963	24.2496
 2.4951	24.1166
 2.4939	24.0562
 2.4927	24.1000
 2.4915	24.0390
 2.4903	24.0822
 2.4891	24.2733
 2.4879	24.3335
 2.4867	24.2358
 2.4855	24.2965
 2.4844	24.4697
 2.4832	24.5533
 2.4820	24.6443
 2.4808	24.5628
 2.4796	24.5403
 2.4784	24.7206
 2.4772	24.7439
 2.4760	24.7960
 2.4749	24.8462
 2.4737	24.8836
 2.4725	25.0466
 2.4713	25.2101
 2.4701	25.1647
 2.4690	25.0393
 2.4678	25.1008
 2.4666	25.2687
 2.4655	25.3794
 2.4643	25.4316
 2.4631	25.4750
 2.4619	25.5528
 2.4608	25.5475
 2.4596	25.4939
 2.4584	25.5050
 2.4573	25.6507
 2.4561	25.8483
 2.4549	25.9868
 2.4538	26.0735
 2.4526	25.9854
 2.4515	26.0375
 2.4503	26.1638
 2.4491	26.2287
 2.4480	26.3019
 2.4468	26.4984
 2.4457	26.5411
 2.4445	26.3984
 2.4434	26.3486
 2.4422	26.4788
 2.4411	26.6388
 2.4399	26.6479
 2.4388	26.5189
 2.4376	26.5786
 2.4365	26.8737
 2.4353	27.1350
 2.4342	27.2566
 2.4331	27.4528
 2.4319	27.5554
 2.4308	27.5109
 2.4296	27.5199
 2.4285	27.5546
 2.4274	27.5285
 2.4262	27.5764
 2.4251	27.6349
 2.4240	27.7759
 2.4228	27.8407
 2.4217	27.8018
 2.4206	27.9268
 2.4194	28.1647
 2.4183	28.2191
 2.4172	28.1807
 2.4160	28.1381
 2.4149	28.1137
 2.4138	28.1107
 2.4127	27.9846
 2.4116	28.0092
 2.4104	27.9005
 2.4093	27.9858
 2.4082	28.1108
 2.4071	28.1163
 2.4059	28.0639
 2.4048	27.8732
 2.4037	27.8430
 2.4026	27.9497
 2.4015	27.9486
 2.4004	27.7828
 2.3993	27.6339
 2.3982	27.5591
 2.3971	27.5433
 2.3960	27.4510
 2.3948	27.4086
 2.3937	27.3624
 2.3926	27.1128
 2.3915	26.8778
 2.3904	26.8553
 2.3893	26.7700
 2.3882	26.6045
 2.3871	26.4663
 2.3860	26.1822
 2.3849	25.9582
 2.3838	25.8981
 2.3827	25.8447
 2.3816	25.6975
 2.3805	25.5158
 2.3795	25.2953
 2.3784	25.1504
 2.3773	24.9727
 2.3762	24.8061
 2.3751	24.7143
 2.3740	24.6277
 2.3729	24.4491
 2.3718	24.2545
 2.3708	24.2457
 2.3697	24.2754
 2.3686	24.0625
 2.3675	23.9919
 2.3664	24.0155
 2.3653	24.0911
 2.3643	24.0892
 2.3632	24.0894
 2.3621	24.2475
 2.3610	24.2569
 2.3600	24.3346
 2.3589	24.5024
 2.3578	24.4914
 2.3567	24.4527
 2.3557	24.5928
 2.3546	24.7279
 2.3535	24.8399
 2.3525	25.0176
 2.3514	25.2832
 2.3503	25.4140
 2.3493	25.3545
 2.3482	25.2757
 2.3471	25.2325
 2.3461	25.4180
 2.3450	25.6104
 2.3440	25.6034
 2.3429	25.6447
 2.3418	25.7468
 2.3408	25.9172
 2.3397	26.1017
 2.3387	26.0246
 2.3376	25.8818
 2.3366	25.9415
 2.3355	26.0818
 2.3345	25.9104
 2.3334	25.8905
 2.3324	25.8910
 2.3313	25.6850
 2.3303	25.5854
 2.3292	25.4427
 2.3282	25.2474
 2.3271	25.1067
 2.3261	24.9194
 2.3250	24.5702
 2.3240	24.3097
 2.3230	24.0368
 2.3219	23.8369
 2.3209	23.6590
 2.3198	23.4278
 2.3188	23.2203
 2.3178	22.9995
 2.3167	22.8442
 2.3157	22.5749
 2.3147	22.3417
 2.3136	22.4317
 2.3126	22.4367
 2.3116	22.5280
 2.3105	22.5161
 2.3095	22.4576
 2.3085	22.3987
 2.3074	22.4171
 2.3064	22.6765
 2.3054	22.8591
 2.3044	22.8758
 2.3034	23.0549
 2.3023	23.5133
 2.3013	23.6423
 2.3003	23.6851
 2.2993	23.9895
 2.2982	24.2393
 2.2972	24.3993
 2.2962	24.6100
 2.2952	24.8576
 2.2942	25.1784
 2.2932	25.5978
 2.2921	25.9267
 2.2911	26.0648
 2.2901	26.2675
 2.2891	26.6174
 2.2881	26.9001
 2.2871	27.0986
 2.2861	27.4183
 2.2851	27.8524
 2.2841	28.1745
 2.2831	28.2873
 2.2821	28.4505
 2.2811	28.6916
 2.2801	28.8843
 2.2790	28.9810
 2.2780	28.7586
 2.2771	28.5875
 2.2761	28.6446
 2.2750	28.7261
 2.2740	28.6664
 2.2731	28.5766
 2.2721	28.5491
 2.2711	28.5697
 2.2701	28.5310
 2.2691	28.5636
 2.2681	28.5855
 2.2671	28.5858
 2.2661	28.6125
 2.2651	28.5044
 2.2641	28.2940
 2.2631	28.2896
 2.2621	28.2921
 2.2612	28.2205
 2.2602	28.2646
 2.2592	28.3852
 2.2582	28.2376
 2.2572	28.1537
 2.2562	28.2326
 2.2553	28.3271
 2.2543	28.3089
 2.2533	28.2508
 2.2523	28.2273
 2.2513	28.3491
 2.2504	28.4434
 2.2494	28.3662
 2.2484	28.3308
 2.2474	28.3892
 2.2465	28.4308
 2.2455	28.5488
 2.2445	28.6128
 2.2435	28.7543
 2.2426	28.8464
 2.2416	28.9128
 2.2406	28.9930
 2.2397	29.1880
 2.2387	29.3496
 2.2377	29.3646
 2.2368	29.4502
 2.2358	29.4332
 2.2348	29.4186
 2.2339	29.6104
 2.2329	29.9226
 2.2320	30.0073
 2.2310	30.0814
 2.2300	30.2095
 2.2291	30.2288
 2.2281	30.3681
 2.2272	30.4898
 2.2262	30.4563
 2.2252	30.3040
 2.2243	30.3325
 2.2233	30.5635
 2.2224	30.6890
 2.2214	30.7428
 2.2205	30.7944
 2.2195	30.7113
 2.2186	30.6329
 2.2176	30.8908
 2.2167	31.0003
 2.2157	30.9068
 2.2148	30.8624
 2.2138	30.8692
 2.2129	30.9452
 2.2120	31.0095
 2.2110	31.0494
 2.2101	30.9533
 2.2091	31.0158
 2.2082	31.0302
 2.2073	30.9463
 2.2063	30.8794
 2.2054	30.8566
 2.2044	30.8933
 2.2035	30.8888
 2.2026	30.8232
 2.2016	30.8907
 2.2007	31.0983
 2.1998	31.1363
 2.1988	31.1245
 2.1979	31.1635
 2.1970	31.1921
 2.1960	31.1999
 2.1951	31.2178
 2.1942	31.1056
 2.1932	30.9957
 2.1923	31.0337
 2.1914	31.0854
 2.1905	31.0159
 2.1895	31.0033
 2.1886	31.1251
 2.1877	31.2813
 2.1868	31.3577
 2.1858	31.1911
 2.1849	30.9620
 2.1840	31.1175
 2.1831	31.3889
 2.1822	31.4173
 2.1812	31.2957
 2.1803	31.2065
 2.1794	31.1954
 2.1785	31.2181
 2.1776	31.2298
 2.1767	31.3225
 2.1758	31.2358
 2.1749	31.1596
 2.1739	31.1486
 2.1730	31.0155
 2.1721	31.1509
 2.1712	31.2824
 2.1703	31.2091
 2.1694	31.0667
 2.1685	31.1460
 2.1676	31.1238
 2.1667	31.1230
 2.1658	31.0240
 2.1649	30.9335
 2.1639	30.8855
 2.1631	30.9103
 2.1622	30.9879
 2.1612	31.0378
 2.1604	30.9969
 2.1595	30.9981
 2.1585	31.0853
 2.1576	31.0876
 2.1568	30.9964
 2.1559	30.8029
 2.1550	30.8307
 2.1541	30.9785
 2.1532	30.9212
 2.1523	30.9577
 2.1514	31.0547
 2.1505	30.8885
 2.1496	30.8677
 2.1487	30.8295
 2.1478	30.7982
 2.1469	30.7797
 2.1460	30.5070
 2.1452	30.3402
 2.1443	30.4615
 2.1434	30.7731
 2.1425	30.8427
 2.1416	30.6220
 2.1407	30.7795
 2.1398	30.8212
 2.1390	30.6763
 2.1381	30.5348
 2.1372	30.5530
 2.1363	30.5276
 2.1354	30.3717
 2.1345	30.4057
 2.1337	30.7105
 2.1328	30.7467
 2.1319	30.4444
 2.1311	30.3652
 2.1302	30.2725
 2.1293	30.3483
 2.1284	30.4655
 2.1275	30.4262
 2.1267	30.4094
 2.1258	30.3370
 2.1249	30.0999
 2.1241	29.9709
 2.1232	30.0162
 2.1223	29.9051
 2.1214	30.0210
 2.1206	30.0241
 2.1197	29.9942
 2.1189	29.9409
 2.1180	29.9383
 2.1171	29.7469
 2.1163	29.6673
 2.1154	29.9017
 2.1145	29.9592
 2.1137	29.7375
 2.1128	29.7215
 2.1120	29.8778
 2.1111	29.7718
 2.1102	29.5010
 2.1094	29.6335
 2.1085	29.8440
 2.1077	29.9074
 2.1068	29.8228
 2.1059	29.5000
 2.1051	29.3552
 2.1042	29.5560
 2.1034	29.4477
 2.1025	29.1689
 2.1017	29.0528
 2.1008	29.3032
 2.1000	29.1835
 2.0991	29.0341
 2.0983	29.1135
 2.0974	29.0651
 2.0966	28.8812
 2.0957	28.9174
 2.0949	29.0916
 2.0940	28.9715
 2.0932	29.0038
 2.0924	29.0294
 2.0915	28.6919
 2.0907	28.5712
 2.0898	28.4869
 2.0890	28.5146
 2.0881	28.7341
 2.0873	28.6146
 2.0865	28.4867
 2.0856	28.6238
 2.0848	28.7856
 2.0839	28.6694
 2.0831	28.7180
 2.0823	28.5537
 2.0814	28.3788
 2.0806	28.2973
 2.0798	28.3265
 2.0789	28.2389
 2.0781	28.0676
 2.0773	28.3739
 2.0764	28.4945
 2.0756	27.9046
 2.0748	27.6076
 2.0739	28.1081
 2.0731	28.1365
 2.0723	28.3050
 2.0715	28.3289
 2.0706	27.6267
 2.0698	27.6064
 2.0690	27.7196
 2.0681	27.6611
 2.0673	27.9356
 2.0665	27.9437
 2.0657	27.6621
 2.0648	27.3409
 2.0640	27.4261
 2.0632	27.5985
 2.0624	27.3431
 2.0616	26.8578
 2.0607	26.9816
 2.0599	27.1920
 2.0591	27.0935
 2.0583	27.1675
 2.0575	27.2214
 2.0567	27.1105
 2.0558	26.9529
 2.0550	26.9247
 2.0542	26.9445
 2.0534	26.7329
 2.0526	26.5401
 2.0518	26.5938
 2.0510	26.6036
 2.0501	26.5919
 2.0493	26.7506
 2.0485	26.7878
 2.0477	26.4524
 2.0469	26.3534
 2.0461	26.4028
 2.0453	26.5237
 2.0445	26.5503
 2.0437	26.3247
 2.0429	26.2893
 2.0421	26.1907
 2.0413	25.9750
 2.0405	26.0019
 2.0397	26.1481
 2.0389	26.2544
 2.0381	26.0557
 2.0373	25.7585
 2.0365	25.7937
 2.0357	25.9067
 2.0349	25.8642
 2.0341	25.6602
 2.0333	25.3457
 2.0325	25.4624
 2.0317	25.8828
 2.0309	25.7931
 2.0301	25.3753
 2.0293	25.2012
 2.0285	25.2021
 2.0277	25.3081
 2.0269	25.2859
 2.0261	25.1629
 2.0253	25.1919
 2.0245	25.3639
 2.0237	25.3491
 2.0229	24.9319
 2.0222	24.7791
 2.0214	24.9116
 2.0206	24.9045
 2.0198	24.8026
 2.0190	24.8132
 2.0182	24.7510
 2.0174	24.7671
 2.0167	24.9392
 2.0159	25.0493
 2.0151	24.6113
 2.0143	24.2417
 2.0135	24.2476
 2.0128	24.3144
 2.0120	24.2667
 2.0112	24.0572
 2.0104	23.9533
 2.0096	24.0641
 2.0088	24.1990
 2.0081	24.1820
 2.0073	24.0163
 2.0065	23.8697
 2.0057	23.7595
 2.0050	23.9395
 2.0042	23.8013
 2.0034	23.6638
 2.0026	23.7639
 2.0019	23.9284
 2.0011	23.8443
 2.0003	23.5581
