Name: Brucite Mg(OH)_2
Type: Mineral
Class: Hydroxide
Subclass: None
Particle Size: Fine
Sample No.: OH-1A
Owner: JPL
Wavelength Range: TIR
Origin: USA, Nevada, Nye County, Gabbs
Collection Date: N/A
Description: Particle size was 0-45um.Collected by JPL Original ASTER Spectral Library name was jpl.nicolet.mineral.hydroxide.none.fine.oh01a.spectrum.txt
Measurement: Hemispherical reflectance
First Column: X
Second Column: Y
X Units: Wavelength (micrometers)
Y Units:Reflectance (percent)
First X Value: 15.3853
Last X Value:  2.0003
Number of X Values: 2256
Additional Information: mineral.hydroxide.none.fine.tir.oh-1a.jpl.nicolet.ancillary.txt

15.3853	 4.8836
15.3397	 4.7235
15.2945	 4.6636
15.2495	 4.8108
15.2048	 4.9472
15.1603	 4.7542
15.1161	 4.4492
15.0722	 4.3517
15.0285	 4.3845
14.9851	 4.6628
14.9419	 4.8500
14.8989	 4.8257
14.8563	 4.7566
14.8138	 4.6021
14.7716	 4.5379
14.7296	 4.3218
14.6879	 4.1988
14.6464	 4.3987
14.6052	 4.5605
14.5641	 4.5748
14.5233	 4.4608
14.4828	 4.3069
14.4424	 4.2857
14.4023	 4.4256
14.3624	 4.3716
14.3227	 4.4533
14.2833	 4.5199
14.2440	 4.5723
14.2050	 4.3570
14.1662	 4.2738
14.1276	 4.2911
14.0892	 4.2035
14.0510	 4.1283
14.0131	 4.2182
13.9753	 4.2641
13.9377	 4.3745
13.9004	 4.3810
13.8632	 4.3008
13.8262	 4.2643
13.7895	 4.3402
13.7529	 4.3204
13.7165	 4.1498
13.6803	 4.0663
13.6443	 4.0809
13.6085	 3.9579
13.5729	 4.0119
13.5374	 4.0273
13.5022	 3.8430
13.4671	 3.8219
13.4322	 3.8769
13.3975	 3.7057
13.3630	 3.4595
13.3286	 3.3186
13.2944	 3.3284
13.2604	 3.4320
13.2266	 3.5107
13.1930	 3.5281
13.1595	 3.3957
13.1262	 3.2587
13.0930	 3.2297
13.0600	 3.0865
13.0272	 2.9738
12.9946	 2.9348
12.9621	 2.8130
12.9298	 2.7635
12.8976	 2.7602
12.8656	 2.7834
12.8337	 2.6789
12.8021	 2.5704
12.7705	 2.6351
12.7391	 2.4888
12.7079	 2.2344
12.6769	 2.2637
12.6459	 2.3747
12.6152	 2.3685
12.5845	 2.1307
12.5541	 1.9055
12.5238	 1.9265
12.4936	 2.0192
12.4635	 2.0527
12.4337	 1.9671
12.4039	 1.9288
12.3743	 1.9866
12.3448	 1.9354
12.3155	 1.9407
12.2863	 1.9762
12.2573	 1.9097
12.2284	 1.9221
12.1996	 1.9105
12.1710	 1.7583
12.1425	 1.6480
12.1141	 1.7567
12.0859	 1.7614
12.0578	 1.5944
12.0298	 1.6415
12.0019	 1.7946
11.9742	 1.7204
11.9466	 1.6502
11.9192	 1.5781
11.8918	 1.5812
11.8646	 1.6350
11.8375	 1.6341
11.8106	 1.5662
11.7837	 1.6145
11.7570	 1.6239
11.7304	 1.4406
11.7039	 1.2830
11.6776	 1.3298
11.6513	 1.4857
11.6252	 1.6095
11.5992	 1.6809
11.5733	 1.8009
11.5475	 1.9425
11.5219	 1.9024
11.4963	 1.7828
11.4709	 1.8669
11.4455	 2.0042
11.4203	 1.9965
11.3952	 2.0248
11.3702	 1.9447
11.3454	 1.8554
11.3206	 2.0301
11.2959	 2.2394
11.2714	 2.3532
11.2469	 2.6060
11.2226	 2.7541
11.1983	 2.7935
11.1742	 2.8257
11.1502	 2.9163
11.1263	 2.9169
11.1024	 2.8679
11.0787	 2.8911
11.0551	 2.9907
11.0316	 2.9568
11.0081	 2.9676
10.9848	 2.9719
10.9616	 3.0144
10.9385	 3.1783
10.9154	 3.2247
10.8925	 3.2384
10.8697	 3.3117
10.8469	 3.2206
10.8243	 3.1044
10.8017	 3.0899
10.7793	 3.0717
10.7569	 3.0327
10.7346	 2.9762
10.7125	 2.9573
10.6904	 2.9097
10.6684	 2.8355
10.6465	 2.8175
10.6247	 2.7762
10.6029	 2.8227
10.5813	 2.8409
10.5597	 2.7622
10.5383	 2.7572
10.5169	 2.7675
10.4956	 2.8521
10.4744	 2.9228
10.4533	 2.8442
10.4323	 2.8134
10.4113	 2.8605
10.3904	 2.7659
10.3697	 2.8567
10.3490	 2.9578
10.3284	 2.9192
10.3078	 2.9817
10.2874	 2.9976
10.2670	 2.7993
10.2467	 2.8052
10.2265	 2.8364
10.2064	 2.9422
10.1863	 3.0514
10.1663	 3.1504
10.1464	 3.2295
10.1266	 3.2900
10.1069	 3.3603
10.0872	 3.2775
10.0676	 3.2134
10.0481	 3.2874
10.0287	 3.3005
10.0093	 3.3442
 9.9901	 3.3578
 9.9708	 3.4254
 9.9517	 3.5749
 9.9326	 3.7065
 9.9136	 3.6963
 9.8947	 3.6277
 9.8759	 3.6098
 9.8571	 3.8014
 9.8384	 3.9091
 9.8198	 3.8718
 9.8012	 3.8061
 9.7827	 3.9266
 9.7643	 4.0374
 9.7459	 4.0681
 9.7276	 4.1381
 9.7094	 4.0858
 9.6913	 4.0935
 9.6732	 4.1740
 9.6552	 4.1460
 9.6372	 4.0849
 9.6194	 4.1100
 9.6015	 4.2787
 9.5838	 4.3796
 9.5661	 4.3681
 9.5485	 4.2401
 9.5309	 4.2491
 9.5135	 4.3948
 9.4960	 4.4025
 9.4787	 4.4043
 9.4614	 4.5363
 9.4441	 4.5719
 9.4270	 4.6109
 9.4099	 4.7050
 9.3928	 4.7150
 9.3758	 4.6824
 9.3589	 4.7732
 9.3420	 4.7974
 9.3252	 4.7559
 9.3085	 4.9030
 9.2918	 4.9625
 9.2752	 5.0074
 9.2586	 5.0923
 9.2421	 5.1298
 9.2257	 5.1490
 9.2093	 5.0217
 9.1930	 5.0154
 9.1767	 5.2931
 9.1605	 5.4409
 9.1443	 5.4557
 9.1282	 5.6674
 9.1122	 5.9615
 9.0962	 6.3244
 9.0803	 6.6317
 9.0644	 6.7892
 9.0486	 6.9049
 9.0328	 7.1050
 9.0171	 7.3689
 9.0015	 7.6846
 8.9858	 7.9252
 8.9703	 8.0594
 8.9548	 8.0502
 8.9394	 7.9160
 8.9240	 8.0749
 8.9086	 8.3147
 8.8934	 8.4311
 8.8781	 8.5959
 8.8630	 8.7136
 8.8478	 8.8689
 8.8328	 8.9530
 8.8177	 9.0233
 8.8028	 9.0668
 8.7879	 9.0557
 8.7730	 9.2510
 8.7582	 9.3381
 8.7434	 9.2580
 8.7287	 9.1541
 8.7140	 9.1780
 8.6994	 9.1687
 8.6848	 9.1995
 8.6703	 9.2125
 8.6558	 9.1694
 8.6414	 9.2434
 8.6270	 9.3603
 8.6127	 9.5259
 8.5984	 9.5594
 8.5842	 9.4930
 8.5700	 9.5360
 8.5558	 9.6254
 8.5417	 9.5992
 8.5277	 9.4813
 8.5137	 9.5103
 8.4997	 9.6168
 8.4858	 9.6062
 8.4719	 9.5592
 8.4581	 9.4843
 8.4444	 9.5367
 8.4306	 9.6760
 8.4169	 9.7739
 8.4033	 9.7986
 8.3897	 9.8273
 8.3761	 9.8345
 8.3626	 9.7860
 8.3492	 9.7935
 8.3357	 9.9067
 8.3224	 9.9785
 8.3090	 9.8422
 8.2957	 9.8303
 8.2825	 9.9207
 8.2693	10.0726
 8.2561	10.2436
 8.2430	10.2193
 8.2299	10.2799
 8.2169	10.4385
 8.2038	10.5902
 8.1909	10.6893
 8.1780	10.6541
 8.1651	10.7797
 8.1523	10.9151
 8.1395	10.8992
 8.1267	11.0023
 8.1140	11.2007
 8.1013	11.3315
 8.0887	11.3220
 8.0761	11.3543
 8.0635	11.4404
 8.0510	11.4612
 8.0385	11.4703
 8.0261	11.6176
 8.0137	11.7865
 8.0013	11.7573
 7.9890	11.6945
 7.9767	11.6848
 7.9644	11.6788
 7.9522	11.6676
 7.9400	11.6450
 7.9279	11.5494
 7.9158	11.5441
 7.9037	11.6074
 7.8917	11.6119
 7.8797	11.6273
 7.8677	11.7621
 7.8558	11.8988
 7.8439	11.9317
 7.8321	11.8720
 7.8203	11.7386
 7.8085	11.6729
 7.7967	11.6838
 7.7850	11.7027
 7.7734	11.6713
 7.7617	11.6790
 7.7501	11.6833
 7.7386	11.5496
 7.7270	11.5368
 7.7155	11.6542
 7.7041	11.7319
 7.6926	11.7728
 7.6812	11.7354
 7.6699	11.7388
 7.6585	11.8168
 7.6472	11.8845
 7.6360	11.8792
 7.6247	11.8754
 7.6136	11.9427
 7.6024	11.9603
 7.5913	11.9280
 7.5802	11.9906
 7.5691	12.0615
 7.5581	12.0958
 7.5471	12.0944
 7.5361	12.0849
 7.5252	12.0133
 7.5142	11.9708
 7.5034	12.0206
 7.4925	11.9605
 7.4817	11.8515
 7.4709	11.7409
 7.4602	11.6812
 7.4495	11.5881
 7.4388	11.4345
 7.4281	11.3768
 7.4175	11.2846
 7.4069	11.2425
 7.3963	11.1560
 7.3858	11.0259
 7.3753	10.9601
 7.3648	10.8725
 7.3544	10.7126
 7.3440	10.5352
 7.3336	10.4103
 7.3232	10.2733
 7.3129	10.0862
 7.3026	 9.8995
 7.2923	 9.7638
 7.2821	 9.5396
 7.2718	 9.3683
 7.2617	 9.2559
 7.2515	 9.0410
 7.2414	 8.7491
 7.2313	 8.6081
 7.2212	 8.4465
 7.2112	 8.2204
 7.2012	 8.1026
 7.1912	 8.0440
 7.1812	 8.0244
 7.1713	 7.8543
 7.1614	 7.5628
 7.1515	 7.3357
 7.1416	 7.1643
 7.1318	 6.9908
 7.1220	 6.9062
 7.1123	 6.8186
 7.1025	 6.6636
 7.0928	 6.4883
 7.0831	 6.3316
 7.0734	 6.0394
 7.0638	 5.6664
 7.0542	 5.3498
 7.0446	 5.1873
 7.0351	 4.9698
 7.0255	 4.7378
 7.0160	 4.7152
 7.0065	 4.8177
 6.9971	 4.8536
 6.9877	 4.9203
 6.9782	 4.9717
 6.9689	 5.0047
 6.9595	 5.0565
 6.9502	 5.0891
 6.9409	 5.1844
 6.9316	 5.3085
 6.9223	 5.4331
 6.9131	 5.5960
 6.9039	 5.7308
 6.8947	 5.8953
 6.8856	 6.1145
 6.8764	 6.3013
 6.8673	 6.4865
 6.8582	 6.6656
 6.8492	 6.6389
 6.8402	 6.6229
 6.8311	 6.7793
 6.8221	 6.8509
 6.8132	 6.7549
 6.8042	 6.7514
 6.7953	 6.7486
 6.7864	 6.6218
 6.7776	 6.4726
 6.7687	 6.3656
 6.7599	 6.3203
 6.7511	 6.3645
 6.7423	 6.2833
 6.7336	 6.2029
 6.7248	 6.3378
 6.7161	 6.5154
 6.7074	 6.6221
 6.6988	 6.7014
 6.6901	 6.7733
 6.6815	 6.9616
 6.6729	 7.1622
 6.6643	 7.2578
 6.6558	 7.3163
 6.6472	 7.4669
 6.6387	 7.6583
 6.6302	 7.6835
 6.6217	 7.6449
 6.6133	 7.7184
 6.6049	 7.8920
 6.5965	 8.0919
 6.5881	 8.2233
 6.5797	 8.2941
 6.5714	 8.3545
 6.5631	 8.3977
 6.5548	 8.4567
 6.5465	 8.3505
 6.5382	 8.2524
 6.5300	 8.3173
 6.5218	 8.4303
 6.5136	 8.4861
 6.5054	 8.5943
 6.4973	 8.7418
 6.4892	 8.7590
 6.4810	 8.7179
 6.4729	 8.8264
 6.4649	 9.1593
 6.4568	 9.3974
 6.4488	 9.5414
 6.4408	 9.8454
 6.4328	10.2066
 6.4248	10.5102
 6.4169	11.0177
 6.4089	11.2902
 6.4010	11.3518
 6.3931	11.6682
 6.3853	11.9407
 6.3774	12.1861
 6.3696	12.4854
 6.3618	12.7295
 6.3540	13.0728
 6.3462	13.4530
 6.3384	13.5961
 6.3307	13.6853
 6.3230	13.8678
 6.3153	14.0400
 6.3076	14.2701
 6.2999	14.4062
 6.2923	14.5422
 6.2847	14.7206
 6.2770	14.8497
 6.2694	14.9709
 6.2619	15.1174
 6.2543	15.0848
 6.2468	15.0382
 6.2393	15.0411
 6.2318	15.0099
 6.2243	15.0428
 6.2168	15.1446
 6.2094	15.1685
 6.2020	15.1707
 6.1945	15.2691
 6.1871	15.4070
 6.1798	15.3274
 6.1724	15.3354
 6.1651	15.4493
 6.1578	15.5657
 6.1505	15.6366
 6.1432	15.7471
 6.1359	15.8398
 6.1286	15.8675
 6.1214	15.9675
 6.1142	16.2122
 6.1070	16.2255
 6.0998	16.3361
 6.0926	16.5117
 6.0855	16.7756
 6.0784	17.1964
 6.0712	17.5270
 6.0641	17.6226
 6.0571	17.9636
 6.0500	18.5938
 6.0429	18.7539
 6.0359	18.7990
 6.0289	19.1081
 6.0219	19.4581
 6.0149	19.8944
 6.0079	20.2906
 6.0010	20.7004
 5.9940	21.1715
 5.9871	21.4931
 5.9802	21.6340
 5.9733	21.8697
 5.9664	22.1571
 5.9596	22.1863
 5.9527	22.3109
 5.9459	22.7448
 5.9391	23.7735
 5.9323	24.7074
 5.9255	25.2946
 5.9188	25.9440
 5.9120	26.5347
 5.9053	27.1807
 5.8986	27.9507
 5.8919	28.4383
 5.8852	28.9806
 5.8785	29.5396
 5.8718	29.6198
 5.8652	30.0351
 5.8586	30.5080
 5.8520	30.9966
 5.8454	31.5057
 5.8388	32.0329
 5.8322	32.6557
 5.8257	33.3582
 5.8191	33.7641
 5.8126	33.9891
 5.8061	34.3847
 5.7996	34.8765
 5.7931	35.3077
 5.7866	35.7165
 5.7802	36.0946
 5.7738	36.6276
 5.7673	37.2663
 5.7609	37.3994
 5.7545	37.5137
 5.7481	37.8850
 5.7418	38.0455
 5.7354	38.2423
 5.7291	38.5216
 5.7228	38.8642
 5.7165	39.2385
 5.7102	39.5554
 5.7039	39.6579
 5.6976	39.8053
 5.6914	40.0280
 5.6851	40.2292
 5.6789	40.5370
 5.6727	40.7876
 5.6665	40.8740
 5.6603	41.1024
 5.6541	41.3915
 5.6480	41.6644
 5.6418	41.9046
 5.6357	41.8247
 5.6296	41.8618
 5.6235	42.0425
 5.6174	42.2276
 5.6113	42.4265
 5.6052	42.6076
 5.5992	42.6788
 5.5931	42.7466
 5.5871	42.9429
 5.5811	43.1754
 5.5751	43.2710
 5.5691	43.2042
 5.5631	43.2962
 5.5572	43.4559
 5.5512	43.5258
 5.5453	43.5523
 5.5393	43.6159
 5.5334	43.6343
 5.5275	43.7526
 5.5217	43.7812
 5.5158	43.7572
 5.5099	43.7898
 5.5041	43.8051
 5.4982	43.8040
 5.4924	43.8511
 5.4866	43.9649
 5.4808	44.1551
 5.4750	44.2644
 5.4692	44.4573
 5.4635	44.6306
 5.4577	44.7147
 5.4520	44.8602
 5.4463	45.0134
 5.4405	45.1642
 5.4348	45.3133
 5.4291	45.4628
 5.4235	45.7633
 5.4178	45.8509
 5.4121	45.8195
 5.4065	45.9089
 5.4009	46.0448
 5.3952	46.0669
 5.3896	46.0941
 5.3840	46.1755
 5.3785	46.1993
 5.3729	46.2483
 5.3673	46.3788
 5.3618	46.5382
 5.3562	46.7321
 5.3507	46.8817
 5.3452	46.9499
 5.3397	47.0096
 5.3342	47.1041
 5.3287	47.2151
 5.3232	47.3618
 5.3178	47.4814
 5.3123	47.5243
 5.3069	47.5502
 5.3015	47.6736
 5.2961	47.8176
 5.2907	47.9416
 5.2852	47.9764
 5.2799	48.0616
 5.2745	48.1279
 5.2691	48.1884
 5.2638	48.2244
 5.2584	48.2906
 5.2531	48.3630
 5.2478	48.4123
 5.2425	48.4337
 5.2372	48.4631
 5.2319	48.4765
 5.2267	48.5578
 5.2214	48.6198
 5.2161	48.7584
 5.2109	48.8262
 5.2057	48.7475
 5.2004	48.7859
 5.1952	48.8460
 5.1900	48.8304
 5.1848	48.8345
 5.1796	48.8707
 5.1745	48.9004
 5.1693	48.9120
 5.1642	48.9009
 5.1590	48.9104
 5.1539	48.9864
 5.1488	49.0169
 5.1437	48.9478
 5.1386	48.9381
 5.1335	48.9425
 5.1284	48.9292
 5.1234	48.9635
 5.1183	49.0161
 5.1132	49.0453
 5.1082	49.0192
 5.1032	48.9976
 5.0982	48.9782
 5.0932	49.0271
 5.0882	49.0850
 5.0832	49.0908
 5.0782	49.1058
 5.0732	49.1566
 5.0683	49.1292
 5.0633	49.1529
 5.0584	49.2131
 5.0534	49.2001
 5.0485	49.2237
 5.0436	49.2258
 5.0387	49.2051
 5.0338	49.2027
 5.0289	49.1986
 5.0241	49.2489
 5.0192	49.2972
 5.0144	49.2594
 5.0095	49.3018
 5.0047	49.3673
 4.9998	49.3972
 4.9950	49.4260
 4.9902	49.4077
 4.9854	49.4365
 4.9806	49.5112
 4.9759	49.5864
 4.9711	49.6369
 4.9663	49.6509
 4.9616	49.7116
 4.9568	49.7903
 4.9521	49.7780
 4.9474	49.7617
 4.9426	49.8103
 4.9379	49.8911
 4.9332	49.8859
 4.9286	49.8352
 4.9239	49.8129
 4.9192	49.8918
 4.9145	50.0320
 4.9099	50.1236
 4.9052	50.1129
 4.9006	50.0960
 4.8960	50.1128
 4.8914	50.1741
 4.8867	50.2580
 4.8821	50.3455
 4.8776	50.4276
 4.8730	50.4151
 4.8684	50.3626
 4.8638	50.4607
 4.8593	50.5179
 4.8547	50.5183
 4.8502	50.5183
 4.8456	50.4709
 4.8411	50.4983
 4.8366	50.6443
 4.8321	50.6835
 4.8276	50.6308
 4.8231	50.6168
 4.8186	50.6371
 4.8141	50.6540
 4.8097	50.6356
 4.8052	50.6248
 4.8008	50.7030
 4.7963	50.7708
 4.7919	50.7695
 4.7875	50.8803
 4.7831	50.9282
 4.7786	50.9016
 4.7743	50.9295
 4.7699	51.0258
 4.7655	51.0957
 4.7611	51.1319
 4.7567	51.2073
 4.7524	51.3271
 4.7480	51.3458
 4.7437	51.2889
 4.7393	51.3313
 4.7350	51.4089
 4.7307	51.4503
 4.7264	51.4380
 4.7221	51.4822
 4.7178	51.5865
 4.7135	51.6855
 4.7092	51.6460
 4.7049	51.6567
 4.7007	51.6912
 4.6964	51.7774
 4.6922	51.8197
 4.6879	51.8461
 4.6837	51.8162
 4.6795	51.8543
 4.6752	51.8893
 4.6710	51.8867
 4.6668	51.8925
 4.6626	51.9151
 4.6584	51.9615
 4.6543	52.0152
 4.6501	51.9984
 4.6459	52.0139
 4.6418	52.0656
 4.6376	52.1284
 4.6334	52.1315
 4.6293	52.1290
 4.6252	52.1684
 4.6211	52.1559
 4.6170	52.1938
 4.6128	52.2464
 4.6087	52.3020
 4.6047	52.3959
 4.6006	52.3886
 4.5965	52.4209
 4.5924	52.4956
 4.5884	52.4782
 4.5843	52.4190
 4.5802	52.4429
 4.5762	52.4888
 4.5722	52.5357
 4.5681	52.5919
 4.5641	52.6092
 4.5601	52.6430
 4.5561	52.6857
 4.5521	52.7065
 4.5481	52.7582
 4.5441	52.8474
 4.5401	52.8542
 4.5362	52.8334
 4.5322	52.8534
 4.5282	52.8754
 4.5243	52.9206
 4.5203	52.9720
 4.5164	52.9948
 4.5125	52.9652
 4.5085	52.9755
 4.5046	53.0388
 4.5007	53.0567
 4.4968	53.0896
 4.4929	53.1413
 4.4890	53.1890
 4.4851	53.1634
 4.4813	53.1783
 4.4774	53.1646
 4.4735	53.1859
 4.4697	53.2800
 4.4658	53.3238
 4.4620	53.3058
 4.4581	53.2889
 4.4543	53.3397
 4.4505	53.4062
 4.4467	53.4776
 4.4429	53.5568
 4.4391	53.4817
 4.4353	53.4463
 4.4315	53.5046
 4.4277	53.5640
 4.4239	53.6649
 4.4201	53.7239
 4.4164	53.7029
 4.4126	53.6945
 4.4089	53.7351
 4.4051	53.7590
 4.4014	53.7371
 4.3976	53.7200
 4.3939	53.8309
 4.3902	53.9179
 4.3865	53.8861
 4.3828	53.8756
 4.3791	53.8944
 4.3754	53.9361
 4.3717	53.9969
 4.3680	53.9803
 4.3643	53.9854
 4.3607	54.0368
 4.3570	54.0978
 4.3533	54.0898
 4.3497	54.0841
 4.3460	54.1527
 4.3424	54.1602
 4.3388	54.1261
 4.3351	54.1603
 4.3315	54.1808
 4.3279	54.2711
 4.3243	54.3093
 4.3207	54.2796
 4.3171	54.2373
 4.3135	54.2697
 4.3099	54.3047
 4.3063	54.3234
 4.3028	54.3443
 4.2992	54.3854
 4.2956	54.4251
 4.2921	54.4427
 4.2885	54.4777
 4.2850	54.5103
 4.2815	54.4703
 4.2779	54.4571
 4.2744	54.5157
 4.2709	54.5680
 4.2674	54.5576
 4.2638	54.5947
 4.2603	54.6138
 4.2568	54.5797
 4.2534	54.5770
 4.2499	54.6361
 4.2464	54.6573
 4.2429	54.6327
 4.2394	54.5797
 4.2360	54.6381
 4.2325	54.6643
 4.2291	54.6866
 4.2256	54.7759
 4.2222	54.8010
 4.2187	54.8074
 4.2153	54.8072
 4.2119	54.8621
 4.2085	54.8818
 4.2051	54.9246
 4.2016	54.9392
 4.1982	54.9061
 4.1948	54.9141
 4.1915	54.8768
 4.1881	54.8958
 4.1847	54.9093
 4.1813	54.8580
 4.1780	54.8804
 4.1746	54.9198
 4.1712	54.9770
 4.1679	55.0143
 4.1645	54.9759
 4.1612	54.9532
 4.1578	54.9682
 4.1545	54.9624
 4.1512	54.9212
 4.1479	54.9131
 4.1445	54.9791
 4.1412	54.9884
 4.1379	54.9738
 4.1346	55.0069
 4.1313	55.0280
 4.1280	55.0296
 4.1248	54.9748
 4.1215	55.0043
 4.1182	55.0547
 4.1150	54.9983
 4.1117	54.9294
 4.1084	54.9637
 4.1052	55.0304
 4.1019	54.9990
 4.0987	54.9528
 4.0954	54.9530
 4.0922	54.9614
 4.0890	54.8702
 4.0858	54.8478
 4.0826	54.9371
 4.0793	54.9512
 4.0761	54.8798
 4.0729	54.8671
 4.0697	54.8162
 4.0665	54.7625
 4.0633	54.7889
 4.0602	54.8122
 4.0570	54.8155
 4.0538	54.7845
 4.0507	54.7084
 4.0475	54.6770
 4.0443	54.6287
 4.0412	54.5914
 4.0380	54.5740
 4.0349	54.5461
 4.0317	54.5173
 4.0286	54.4772
 4.0255	54.4289
 4.0224	54.3839
 4.0193	54.3501
 4.0161	54.2971
 4.0130	54.2420
 4.0099	54.2501
 4.0068	54.1926
 4.0037	54.0506
 4.0006	53.9800
 3.9976	53.9481
 3.9945	53.8713
 3.9914	53.7927
 3.9883	53.7530
 3.9853	53.6741
 3.9822	53.5341
 3.9792	53.4340
 3.9761	53.3171
 3.9731	53.1382
 3.9700	53.0571
 3.9670	53.0001
 3.9639	52.9329
 3.9609	52.8258
 3.9579	52.7067
 3.9549	52.6460
 3.9519	52.5585
 3.9489	52.3664
 3.9458	52.3439
 3.9428	52.3773
 3.9398	52.2963
 3.9369	52.2169
 3.9339	52.2257
 3.9309	52.1941
 3.9279	52.1825
 3.9249	52.1913
 3.9220	52.0831
 3.9190	52.0352
 3.9160	52.0009
 3.9131	51.9498
 3.9101	51.9713
 3.9072	52.0224
 3.9042	52.0270
 3.9013	51.9602
 3.8984	51.8880
 3.8954	51.8891
 3.8925	51.8907
 3.8896	51.8327
 3.8867	51.8106
 3.8838	51.7577
 3.8809	51.7119
 3.8780	51.7313
 3.8751	51.7122
 3.8722	51.6900
 3.8693	51.6441
 3.8664	51.6421
 3.8635	51.7203
 3.8606	51.7031
 3.8578	51.6603
 3.8549	51.6070
 3.8520	51.5671
 3.8492	51.5399
 3.8463	51.5967
 3.8435	51.6573
 3.8406	51.6515
 3.8378	51.5578
 3.8349	51.4601
 3.8321	51.3778
 3.8293	51.3692
 3.8264	51.3499
 3.8236	51.2909
 3.8208	51.1408
 3.8180	50.9968
 3.8152	50.9437
 3.8124	50.8584
 3.8096	50.7747
 3.8068	50.6958
 3.8040	50.6069
 3.8012	50.5740
 3.7984	50.5378
 3.7956	50.4474
 3.7929	50.3864
 3.7901	50.3640
 3.7873	50.3359
 3.7845	50.2584
 3.7818	50.2044
 3.7790	50.2443
 3.7763	50.1630
 3.7735	50.0582
 3.7708	50.0199
 3.7681	49.9809
 3.7653	49.9538
 3.7626	50.0156
 3.7599	49.9657
 3.7571	49.8395
 3.7544	49.6962
 3.7517	49.6584
 3.7490	49.6534
 3.7463	49.5909
 3.7436	49.5443
 3.7409	49.5316
 3.7382	49.4624
 3.7355	49.3940
 3.7328	49.3400
 3.7301	49.2808
 3.7274	49.1337
 3.7247	49.0511
 3.7221	49.0300
 3.7194	48.9842
 3.7167	48.8544
 3.7141	48.7757
 3.7114	48.6299
 3.7088	48.5214
 3.7061	48.2464
 3.7035	47.4363
 3.7008	46.3339
 3.6982	46.6479
 3.6955	47.6813
 3.6929	48.0604
 3.6903	48.1002
 3.6877	48.0964
 3.6850	48.0230
 3.6824	47.9006
 3.6798	47.8093
 3.6772	47.6862
 3.6746	47.5880
 3.6720	47.5137
 3.6694	47.4088
 3.6668	47.2472
 3.6642	47.1828
 3.6616	47.1567
 3.6590	47.0651
 3.6564	46.9456
 3.6539	46.8085
 3.6513	46.7050
 3.6487	46.5979
 3.6462	46.5006
 3.6436	46.4197
 3.6410	46.3336
 3.6385	46.2330
 3.6359	46.1078
 3.6334	45.9819
 3.6308	45.8726
 3.6283	45.7404
 3.6258	45.6479
 3.6232	45.5956
 3.6207	45.4347
 3.6182	45.2248
 3.6156	45.0984
 3.6131	44.9966
 3.6106	44.8794
 3.6081	44.8097
 3.6056	44.7758
 3.6031	44.7047
 3.6006	44.6254
 3.5981	44.5347
 3.5956	44.4704
 3.5931	44.4663
 3.5906	44.4053
 3.5881	44.3475
 3.5856	44.3266
 3.5832	44.3095
 3.5807	44.2756
 3.5782	44.1743
 3.5758	44.0461
 3.5733	43.9831
 3.5708	43.9756
 3.5684	43.8596
 3.5659	43.6560
 3.5635	43.4985
 3.5610	43.3943
 3.5586	43.3160
 3.5561	43.1782
 3.5537	42.9818
 3.5513	42.7685
 3.5488	42.6514
 3.5464	42.5703
 3.5440	42.4645
 3.5415	42.3070
 3.5391	42.0953
 3.5367	41.9866
 3.5343	41.8486
 3.5319	41.6829
 3.5295	41.4906
 3.5271	41.3088
 3.5247	41.1408
 3.5223	40.9060
 3.5199	40.7139
 3.5175	40.5421
 3.5151	40.3241
 3.5128	40.1252
 3.5104	39.9934
 3.5080	39.9005
 3.5056	39.8797
 3.5033	39.7685
 3.5009	39.6353
 3.4985	39.6067
 3.4962	39.5945
 3.4938	39.5148
 3.4915	39.5164
 3.4891	39.5971
 3.4868	39.6161
 3.4844	39.6184
 3.4821	39.5265
 3.4798	39.3939
 3.4774	39.3176
 3.4751	39.2773
 3.4728	39.1766
 3.4704	39.1825
 3.4681	39.2147
 3.4658	39.1211
 3.4635	38.9834
 3.4612	38.9093
 3.4589	38.7986
 3.4566	38.7202
 3.4543	38.6419
 3.4520	38.4786
 3.4497	38.4079
 3.4474	38.2897
 3.4451	38.2152
 3.4428	38.2242
 3.4405	38.1411
 3.4382	38.0314
 3.4359	37.8726
 3.4337	37.7570
 3.4314	37.6155
 3.4291	37.4433
 3.4269	37.3300
 3.4246	37.1798
 3.4223	36.9470
 3.4201	36.8649
 3.4178	36.7643
 3.4156	36.6361
 3.4133	36.6178
 3.4111	36.6765
 3.4088	36.7044
 3.4066	36.6897
 3.4043	36.6602
 3.4021	36.6175
 3.3999	36.5806
 3.3977	36.5574
 3.3954	36.5611
 3.3932	36.5387
 3.3910	36.6104
 3.3888	36.5935
 3.3866	36.3906
 3.3844	36.2574
 3.3822	36.1947
 3.3799	36.0863
 3.3777	36.0316
 3.3755	36.0005
 3.3733	35.9265
 3.3712	35.8700
 3.3690	35.8613
 3.3668	35.8024
 3.3646	35.7143
 3.3624	35.6464
 3.3602	35.6473
 3.3580	35.6136
 3.3559	35.5506
 3.3537	35.4696
 3.3515	35.2476
 3.3494	35.1424
 3.3472	35.1046
 3.3451	35.0312
 3.3429	35.0629
 3.3407	35.0693
 3.3386	35.0220
 3.3364	34.9095
 3.3343	34.7983
 3.3321	34.7386
 3.3300	34.6018
 3.3279	34.4834
 3.3257	34.4375
 3.3236	34.3179
 3.3215	34.1956
 3.3194	34.1721
 3.3172	34.0885
 3.3151	34.0231
 3.3130	33.9761
 3.3109	33.8798
 3.3088	33.8307
 3.3066	33.7712
 3.3045	33.7335
 3.3024	33.7493
 3.3003	33.7549
 3.2982	33.6953
 3.2961	33.5929
 3.2940	33.5816
 3.2920	33.6268
 3.2899	33.5496
 3.2878	33.4911
 3.2857	33.5137
 3.2836	33.5373
 3.2815	33.5295
 3.2795	33.4855
 3.2774	33.4768
 3.2753	33.3978
 3.2732	33.3324
 3.2712	33.3801
 3.2691	33.4533
 3.2671	33.5406
 3.2650	33.4913
 3.2630	33.4251
 3.2609	33.3587
 3.2588	33.2845
 3.2568	33.2696
 3.2548	33.2746
 3.2527	33.2190
 3.2507	33.2291
 3.2486	33.1908
 3.2466	33.0072
 3.2446	32.9249
 3.2426	32.9951
 3.2405	32.9985
 3.2385	32.8696
 3.2365	32.7982
 3.2345	32.7934
 3.2324	32.7654
 3.2304	32.6627
 3.2284	32.6876
 3.2264	32.7186
 3.2244	32.6013
 3.2224	32.5096
 3.2204	32.3867
 3.2184	32.3316
 3.2164	32.2542
 3.2144	32.2297
 3.2124	32.1621
 3.2104	32.1183
 3.2084	32.1653
 3.2064	32.1981
 3.2045	32.0432
 3.2025	31.9179
 3.2005	31.9167
 3.1985	31.8727
 3.1966	31.8099
 3.1946	31.7436
 3.1926	31.6562
 3.1907	31.5646
 3.1887	31.5611
 3.1867	31.5391
 3.1848	31.4676
 3.1828	31.3831
 3.1809	31.2503
 3.1789	31.1576
 3.1770	31.2369
 3.1750	31.1921
 3.1731	31.0416
 3.1711	31.0262
 3.1692	31.0549
 3.1673	30.9760
 3.1653	30.7927
 3.1634	30.6221
 3.1615	30.4916
 3.1596	30.5199
 3.1576	30.4685
 3.1557	30.2194
 3.1538	30.1502
 3.1519	30.2101
 3.1500	30.0946
 3.1481	29.9303
 3.1461	29.7852
 3.1442	29.6386
 3.1423	29.5858
 3.1404	29.4855
 3.1385	29.2625
 3.1366	29.0818
 3.1347	28.9436
 3.1328	28.7372
 3.1309	28.4870
 3.1290	28.2987
 3.1272	28.1417
 3.1253	27.9620
 3.1234	27.7674
 3.1215	27.5433
 3.1196	27.4098
 3.1178	27.2101
 3.1159	26.9686
 3.1140	26.9570
 3.1121	26.8747
 3.1103	26.6560
 3.1084	26.4502
 3.1065	26.3143
 3.1047	26.1609
 3.1028	25.8874
 3.1010	25.7587
 3.0991	25.6798
 3.0973	25.5001
 3.0954	25.2676
 3.0936	25.0055
 3.0917	24.8127
 3.0899	24.7309
 3.0880	24.5275
 3.0862	24.1693
 3.0844	23.9828
 3.0825	23.8574
 3.0807	23.6144
 3.0789	23.3674
 3.0770	23.1329
 3.0752	22.9452
 3.0734	22.8202
 3.0716	22.7082
 3.0698	22.4903
 3.0680	22.2760
 3.0661	22.1864
 3.0643	22.0704
 3.0625	21.8484
 3.0607	21.6921
 3.0589	21.6753
 3.0571	21.7335
 3.0553	21.8595
 3.0535	21.9549
 3.0517	22.0221
 3.0499	22.2161
 3.0481	22.3333
 3.0463	22.3893
 3.0445	22.4960
 3.0427	22.5702
 3.0410	22.7579
 3.0392	22.9161
 3.0374	23.0798
 3.0356	23.2241
 3.0338	23.4870
 3.0321	23.7791
 3.0303	23.8804
 3.0285	24.0221
 3.0268	24.2834
 3.0250	24.4886
 3.0232	24.6166
 3.0215	24.8118
 3.0197	24.9442
 3.0179	24.9095
 3.0162	24.9083
 3.0144	24.9706
 3.0127	24.9631
 3.0109	24.8789
 3.0092	24.8379
 3.0074	24.8330
 3.0057	24.8535
 3.0040	24.8740
 3.0022	25.0835
 3.0005	25.2279
 2.9987	25.3053
 2.9970	25.4739
 2.9953	25.5455
 2.9935	25.5163
 2.9918	25.5343
 2.9901	25.4686
 2.9884	25.4329
 2.9867	25.4679
 2.9849	25.3224
 2.9832	25.1920
 2.9815	25.0091
 2.9798	24.7438
 2.9781	24.5362
 2.9764	24.2854
 2.9747	24.0455
 2.9729	24.0433
 2.9712	24.0053
 2.9695	24.0866
 2.9678	24.1412
 2.9661	24.1348
 2.9645	24.1816
 2.9628	24.0434
 2.9611	23.9189
 2.9594	23.9809
 2.9577	24.1762
 2.9560	24.2777
 2.9543	24.3318
 2.9526	24.4171
 2.9510	24.4695
 2.9493	24.5052
 2.9476	24.5480
 2.9459	24.6121
 2.9442	24.5823
 2.9426	24.5670
 2.9409	24.5917
 2.9392	24.5317
 2.9376	24.4779
 2.9359	24.6054
 2.9343	24.6925
 2.9326	24.5888
 2.9309	24.5189
 2.9293	24.6082
 2.9276	24.5830
 2.9260	24.3463
 2.9243	24.3440
 2.9227	24.4625
 2.9210	24.3278
 2.9194	24.2242
 2.9177	24.2462
 2.9161	24.3781
 2.9145	24.3007
 2.9128	24.0459
 2.9112	23.8327
 2.9096	23.8013
 2.9079	23.7752
 2.9063	23.6167
 2.9047	23.5048
 2.9030	23.5239
 2.9014	23.4294
 2.8998	23.2826
 2.8982	23.2357
 2.8966	23.1754
 2.8949	22.9779
 2.8933	22.6508
 2.8917	22.4021
 2.8901	22.2441
 2.8885	21.9667
 2.8869	21.6193
 2.8853	21.4216
 2.8837	21.3167
 2.8821	21.0684
 2.8805	20.7103
 2.8789	20.4928
 2.8773	20.3919
 2.8757	20.3604
 2.8741	20.3113
 2.8725	20.3963
 2.8709	20.6016
 2.8693	20.9298
 2.8677	21.2944
 2.8661	21.5323
 2.8645	21.5959
 2.8630	21.6371
 2.8614	21.6939
 2.8598	21.9287
 2.8582	22.0146
 2.8567	21.8868
 2.8551	21.9365
 2.8535	22.0415
 2.8519	21.9284
 2.8504	21.7912
 2.8488	21.7106
 2.8472	21.6588
 2.8457	21.6142
 2.8441	21.6366
 2.8426	21.6215
 2.8410	21.5410
 2.8394	21.4747
 2.8379	21.3705
 2.8363	21.4275
 2.8348	21.4289
 2.8332	21.5883
 2.8317	21.8216
 2.8302	21.7334
 2.8286	21.5466
 2.8271	21.4772
 2.8255	21.3554
 2.8240	21.2600
 2.8224	21.3038
 2.8209	21.2731
 2.8194	21.2818
 2.8178	21.1748
 2.8163	20.8964
 2.8148	20.4873
 2.8133	20.1364
 2.8117	19.9138
 2.8102	19.9445
 2.8087	20.3007
 2.8072	20.6370
 2.8056	20.7729
 2.8041	20.7801
 2.8026	20.6213
 2.8011	20.1725
 2.7996	19.2908
 2.7981	18.2615
 2.7966	17.4387
 2.7951	16.9755
 2.7936	17.1745
 2.7921	18.0461
 2.7906	19.1668
 2.7890	19.9979
 2.7875	20.5951
 2.7860	21.1555
 2.7845	21.6194
 2.7831	22.0376
 2.7816	22.3276
 2.7801	22.4477
 2.7786	22.6143
 2.7771	22.6879
 2.7756	22.5895
 2.7741	22.7641
 2.7726	23.2737
 2.7712	23.6340
 2.7697	23.6086
 2.7682	23.3753
 2.7667	22.9290
 2.7652	22.3398
 2.7638	21.8039
 2.7623	21.7958
 2.7608	22.4050
 2.7594	22.8721
 2.7579	22.7549
 2.7564	22.5508
 2.7550	21.9216
 2.7535	20.5695
 2.7520	19.1160
 2.7506	18.2003
 2.7491	18.2334
 2.7477	18.4759
 2.7462	18.2008
 2.7447	17.1553
 2.7433	16.2993
 2.7418	16.1787
 2.7404	16.3458
 2.7389	16.5765
 2.7375	16.5674
 2.7361	16.8383
 2.7346	17.1872
 2.7332	17.0482
 2.7317	16.5848
 2.7303	15.9270
 2.7289	15.2657
 2.7274	14.7069
 2.7260	14.0486
 2.7246	13.3447
 2.7231	12.4047
 2.7217	11.4529
 2.7203	10.5229
 2.7188	 9.5887
 2.7174	 8.6018
 2.7160	 7.5433
 2.7146	 6.4399
 2.7132	 5.4370
 2.7117	 4.5469
 2.7103	 3.9141
 2.7089	 3.5683
 2.7075	 3.2314
 2.7061	 3.1457
 2.7047	 3.0567
 2.7033	 2.9632
 2.7018	 3.1744
 2.7004	 4.1216
 2.6990	 6.0537
 2.6976	 8.4321
 2.6962	10.6167
 2.6948	12.0312
 2.6934	13.1674
 2.6920	15.3949
 2.6906	18.2892
 2.6892	20.9498
 2.6878	23.6275
 2.6864	26.1261
 2.6850	28.1840
 2.6837	30.0755
 2.6823	31.7106
 2.6809	33.2300
 2.6795	34.8805
 2.6781	36.2109
 2.6767	37.2493
 2.6753	38.1817
 2.6740	39.1062
 2.6726	39.7784
 2.6712	40.4544
 2.6698	40.7999
 2.6685	40.7304
 2.6671	40.9578
 2.6657	40.9796
 2.6644	40.7148
 2.6630	40.3683
 2.6616	40.2718
 2.6603	40.0991
 2.6589	39.8353
 2.6575	39.5427
 2.6562	39.3158
 2.6548	38.9937
 2.6534	38.7470
 2.6521	38.3779
 2.6507	37.8254
 2.6494	37.3583
 2.6480	36.8606
 2.6467	36.4977
 2.6453	36.1376
 2.6440	35.7116
 2.6426	35.3555
 2.6413	34.8716
 2.6399	34.4664
 2.6386	34.4003
 2.6372	34.4598
 2.6359	34.6662
 2.6346	35.0253
 2.6332	35.1826
 2.6319	35.5444
 2.6306	36.1674
 2.6292	36.5124
 2.6279	36.9324
 2.6266	37.5931
 2.6252	38.0379
 2.6239	38.4150
 2.6226	38.7742
 2.6212	39.3675
 2.6199	39.9341
 2.6186	40.3081
 2.6173	41.0196
 2.6160	41.4085
 2.6146	41.5558
 2.6133	41.9480
 2.6120	42.3619
 2.6107	42.9354
 2.6094	43.4345
 2.6081	43.8081
 2.6067	44.3538
 2.6054	44.9462
 2.6041	45.2594
 2.6028	45.4709
 2.6015	45.8373
 2.6002	46.1006
 2.5989	46.4725
 2.5976	47.1875
 2.5963	48.0897
 2.5950	49.0403
 2.5937	49.2234
 2.5924	49.2157
 2.5911	49.5844
 2.5898	50.3864
 2.5885	51.2253
 2.5872	51.8783
 2.5859	52.4141
 2.5847	53.0827
 2.5834	53.3713
 2.5821	53.2846
 2.5808	53.2531
 2.5795	53.1217
 2.5782	53.1653
 2.5770	53.0912
 2.5757	52.7406
 2.5744	52.4793
 2.5731	52.3340
 2.5718	51.9834
 2.5706	51.6900
 2.5693	51.4514
 2.5680	50.9515
 2.5667	50.5549
 2.5655	50.3440
 2.5642	50.0519
 2.5629	49.5600
 2.5617	49.0355
 2.5604	48.4000
 2.5591	47.6212
 2.5579	46.9324
 2.5566	46.3415
 2.5554	45.8305
 2.5541	45.3864
 2.5528	44.8238
 2.5516	44.1851
 2.5503	43.5996
 2.5491	42.9949
 2.5478	42.4715
 2.5466	41.8774
 2.5453	41.2532
 2.5441	40.7888
 2.5428	40.1988
 2.5416	39.4223
 2.5403	38.6858
 2.5391	38.0092
 2.5379	37.2678
 2.5366	36.4046
 2.5354	35.3844
 2.5341	34.3742
 2.5329	33.6149
 2.5317	32.9679
 2.5304	32.3386
 2.5292	32.2775
 2.5280	32.6062
 2.5267	32.9197
 2.5255	33.2868
 2.5243	33.7483
 2.5230	34.3862
 2.5218	35.0005
 2.5206	35.4962
 2.5194	35.9376
 2.5181	36.4593
 2.5169	37.1512
 2.5157	37.6164
 2.5145	37.7260
 2.5133	37.5647
 2.5120	37.1114
 2.5108	36.6906
 2.5096	36.0391
 2.5084	34.9299
 2.5072	33.9063
 2.5060	32.9699
 2.5048	31.9221
 2.5035	30.8929
 2.5023	29.9546
 2.5011	29.0529
 2.4999	28.1739
 2.4987	27.4183
 2.4975	26.8148
 2.4963	26.2328
 2.4951	25.8596
 2.4939	25.7008
 2.4927	25.3772
 2.4915	25.0493
 2.4903	24.5944
 2.4891	24.0325
 2.4879	23.4353
 2.4867	22.8801
 2.4855	22.4930
 2.4844	21.7982
 2.4832	21.1090
 2.4820	20.6825
 2.4808	20.4881
 2.4796	20.4241
 2.4784	20.4541
 2.4772	20.5216
 2.4760	20.6585
 2.4749	21.0488
 2.4737	21.6530
 2.4725	22.3673
 2.4713	23.2439
 2.4701	24.0465
 2.4690	24.8536
 2.4678	25.7048
 2.4666	26.4421
 2.4655	27.0628
 2.4643	27.5381
 2.4631	27.9043
 2.4619	28.1927
 2.4608	28.4079
 2.4596	28.4333
 2.4584	28.5077
 2.4573	28.7234
 2.4561	28.9505
 2.4549	29.4575
 2.4538	30.0971
 2.4526	30.8505
 2.4515	31.5449
 2.4503	32.1237
 2.4491	32.6092
 2.4480	32.8889
 2.4468	33.1167
 2.4457	33.4257
 2.4445	33.8854
 2.4434	34.3694
 2.4422	34.9457
 2.4411	35.5522
 2.4399	36.0965
 2.4388	36.6550
 2.4376	37.2791
 2.4365	37.9176
 2.4353	38.4153
 2.4342	38.7753
 2.4331	39.0422
 2.4319	39.3565
 2.4308	39.7812
 2.4296	40.0665
 2.4285	40.3438
 2.4274	40.8936
 2.4262	41.6280
 2.4251	42.5363
 2.4240	43.6256
 2.4228	44.8861
 2.4217	46.1856
 2.4206	47.7451
 2.4194	49.2235
 2.4183	50.5777
 2.4172	51.8823
 2.4160	53.2365
 2.4149	54.5935
 2.4138	55.7485
 2.4127	56.7526
 2.4116	57.8062
 2.4104	58.8303
 2.4093	59.7710
 2.4082	60.6213
 2.4071	61.2700
 2.4059	61.7244
 2.4048	62.1003
 2.4037	62.4880
 2.4026	62.8988
 2.4015	63.3142
 2.4004	63.5213
 2.3993	63.6698
 2.3982	63.9821
 2.3971	64.1590
 2.3960	64.3325
 2.3948	64.6285
 2.3937	64.7648
 2.3926	64.8709
 2.3915	64.9957
 2.3904	64.9763
 2.3893	65.0711
 2.3882	65.1624
 2.3871	65.2294
 2.3860	65.3919
 2.3849	65.4755
 2.3838	65.3956
 2.3827	65.4349
 2.3816	65.6030
 2.3805	65.6942
 2.3795	65.6899
 2.3784	65.6156
 2.3773	65.5764
 2.3762	65.5016
 2.3751	65.5143
 2.3740	65.5623
 2.3729	65.4885
 2.3718	65.4679
 2.3708	65.4257
 2.3697	65.5054
 2.3686	65.5128
 2.3675	65.3648
 2.3664	65.2495
 2.3653	65.1484
 2.3643	65.0572
 2.3632	64.9335
 2.3621	64.8629
 2.3610	64.7096
 2.3600	64.5760
 2.3589	64.4940
 2.3578	64.2867
 2.3567	64.0413
 2.3557	63.7464
 2.3546	63.4577
 2.3535	63.1554
 2.3525	62.8927
 2.3514	62.6777
 2.3503	62.3572
 2.3493	61.9218
 2.3482	61.4996
 2.3471	61.1746
 2.3461	60.6578
 2.3450	60.1557
 2.3440	59.8011
 2.3429	59.2060
 2.3418	58.4752
 2.3408	57.7826
 2.3397	57.0881
 2.3387	56.4047
 2.3376	55.7873
 2.3366	55.2690
 2.3355	54.7978
 2.3345	54.2305
 2.3334	53.7746
 2.3324	53.4195
 2.3313	53.0075
 2.3303	52.5692
 2.3292	52.1845
 2.3282	51.7663
 2.3271	51.4738
 2.3261	51.1627
 2.3250	50.8616
 2.3240	50.7404
 2.3230	50.6015
 2.3219	50.4740
 2.3209	50.4501
 2.3198	50.5091
 2.3188	50.5353
 2.3178	50.4749
 2.3167	50.5466
 2.3157	50.8415
 2.3147	51.1417
 2.3136	51.4557
 2.3126	51.8114
 2.3116	52.1171
 2.3105	52.4233
 2.3095	52.7627
 2.3085	53.1235
 2.3074	53.4432
 2.3064	53.7236
 2.3054	54.0089
 2.3044	54.3968
 2.3034	54.8706
 2.3023	55.1843
 2.3013	55.4994
 2.3003	55.9011
 2.2993	56.1050
 2.2982	56.4277
 2.2972	56.8803
 2.2962	57.1566
 2.2952	57.5150
 2.2942	57.8196
 2.2932	58.1728
 2.2921	58.4419
 2.2911	58.5461
 2.2901	58.8753
 2.2891	59.1907
 2.2881	59.3811
 2.2871	59.6278
 2.2861	59.8519
 2.2851	60.1469
 2.2841	60.3263
 2.2831	60.3254
 2.2821	60.4024
 2.2811	60.5217
 2.2801	60.5404
 2.2790	60.5671
 2.2780	60.7589
 2.2771	60.9169
 2.2761	60.8938
 2.2750	60.9646
 2.2740	61.1131
 2.2731	61.0867
 2.2721	61.0121
 2.2711	61.0437
 2.2701	61.1212
 2.2691	61.2256
 2.2681	61.2811
 2.2671	61.1615
 2.2661	61.1591
 2.2651	61.3290
 2.2641	61.4699
 2.2631	61.4224
 2.2621	61.2934
 2.2612	61.2346
 2.2602	61.3326
 2.2592	61.4643
 2.2582	61.6522
 2.2572	61.7335
 2.2562	61.7352
 2.2553	61.7214
 2.2543	61.6421
 2.2533	61.6347
 2.2523	61.7779
 2.2513	61.8294
 2.2504	61.9437
 2.2494	62.0042
 2.2484	62.0472
 2.2474	62.1598
 2.2465	62.3385
 2.2455	62.4691
 2.2445	62.4636
 2.2435	62.5015
 2.2426	62.5017
 2.2416	62.5512
 2.2406	62.5954
 2.2397	62.7140
 2.2387	63.0708
 2.2377	63.2901
 2.2368	63.2594
 2.2358	63.3567
 2.2348	63.5590
 2.2339	63.7492
 2.2329	63.8299
 2.2320	64.0503
 2.2310	64.2591
 2.2300	64.3142
 2.2291	64.3222
 2.2281	64.4074
 2.2272	64.6128
 2.2262	64.8425
 2.2252	64.9343
 2.2243	65.0944
 2.2233	65.2334
 2.2224	65.3956
 2.2214	65.5434
 2.2205	65.6815
 2.2195	65.9338
 2.2186	66.1727
 2.2176	66.2314
 2.2167	66.4080
 2.2157	66.5519
 2.2148	66.5645
 2.2138	66.5983
 2.2129	66.8068
 2.2120	66.9803
 2.2110	67.1470
 2.2101	67.3541
 2.2091	67.3360
 2.2082	67.3131
 2.2073	67.4015
 2.2063	67.4583
 2.2054	67.6266
 2.2044	67.8473
 2.2035	67.9311
 2.2026	67.8412
 2.2016	67.7931
 2.2007	68.0039
 2.1998	68.1917
 2.1988	68.2919
 2.1979	68.3252
 2.1970	68.4368
 2.1960	68.7012
 2.1951	68.8593
 2.1942	68.8944
 2.1932	69.0603
 2.1923	69.3154
 2.1914	69.5273
 2.1905	69.7026
 2.1895	69.9054
 2.1886	70.0412
 2.1877	70.2441
 2.1868	70.5395
 2.1858	70.6849
 2.1849	70.9808
 2.1840	71.3297
 2.1831	71.5787
 2.1822	71.7968
 2.1812	71.8490
 2.1803	71.8448
 2.1794	72.1690
 2.1785	72.5325
 2.1776	72.7101
 2.1767	72.9287
 2.1758	73.2547
 2.1749	73.5306
 2.1739	73.7442
 2.1730	73.9338
 2.1721	73.9742
 2.1712	74.1371
 2.1703	74.3759
 2.1694	74.5610
 2.1685	74.6217
 2.1676	74.7865
 2.1667	75.0227
 2.1658	74.9655
 2.1649	74.8927
 2.1639	75.0344
 2.1631	75.2923
 2.1622	75.4696
 2.1612	75.3799
 2.1604	75.2979
 2.1595	75.5101
 2.1585	75.6422
 2.1576	75.5826
 2.1568	75.5697
 2.1559	75.4306
 2.1550	75.5014
 2.1541	75.6102
 2.1532	75.6739
 2.1523	75.6102
 2.1514	75.5806
 2.1505	75.5511
 2.1496	75.5097
 2.1487	75.5037
 2.1478	75.3948
 2.1469	75.2927
 2.1460	75.3225
 2.1452	75.2294
 2.1443	74.9714
 2.1434	75.0213
 2.1425	75.2617
 2.1416	75.0607
 2.1407	74.9209
 2.1398	74.9564
 2.1390	75.0321
 2.1381	75.1469
 2.1372	75.0930
 2.1363	74.9638
 2.1354	75.0212
 2.1345	74.9917
 2.1337	74.8930
 2.1328	74.8020
 2.1319	74.8392
 2.1311	74.7606
 2.1302	74.7823
 2.1293	74.6798
 2.1284	74.5826
 2.1275	74.6313
 2.1267	74.6963
 2.1258	74.8997
 2.1249	75.1487
 2.1241	75.1198
 2.1232	74.8803
 2.1223	74.7919
 2.1214	74.8452
 2.1206	74.7997
 2.1197	74.7919
 2.1189	74.9186
 2.1180	75.0814
 2.1171	75.1221
 2.1163	75.0286
 2.1154	75.1321
 2.1145	75.1965
 2.1137	74.9214
 2.1128	74.7186
 2.1120	75.0017
 2.1111	75.2282
 2.1102	75.2745
 2.1094	75.2672
 2.1085	75.2142
 2.1077	75.2287
 2.1068	75.4405
 2.1059	75.4057
 2.1051	75.2845
 2.1042	75.1817
 2.1034	75.2122
 2.1025	75.2754
 2.1017	75.1740
 2.1008	75.1398
 2.1000	75.2181
 2.0991	75.3334
 2.0983	75.6102
 2.0974	75.7543
 2.0966	75.6781
 2.0957	75.6805
 2.0949	75.7200
 2.0940	75.6857
 2.0932	75.7024
 2.0924	75.7062
 2.0915	75.6798
 2.0907	75.6313
 2.0898	75.6211
 2.0890	75.6775
 2.0881	75.8112
 2.0873	75.8562
 2.0865	75.9019
 2.0856	75.7145
 2.0848	75.6461
 2.0839	75.7469
 2.0831	75.7132
 2.0823	75.7424
 2.0814	76.0381
 2.0806	76.0796
 2.0798	75.6871
 2.0789	75.4068
 2.0781	75.5632
 2.0773	75.7078
 2.0764	75.7938
 2.0756	76.1480
 2.0748	75.8114
 2.0739	75.6943
 2.0731	76.1365
 2.0723	75.8917
 2.0715	75.9587
 2.0706	76.3940
 2.0698	76.5230
 2.0690	76.4361
 2.0681	76.1356
 2.0673	76.0341
 2.0665	75.7650
 2.0657	75.8705
 2.0648	76.0040
 2.0640	76.0743
 2.0632	75.9438
 2.0624	75.8437
 2.0616	75.7543
 2.0607	75.8386
 2.0599	76.0793
 2.0591	76.1141
 2.0583	76.1210
 2.0575	76.1805
 2.0567	76.2938
 2.0558	76.3657
 2.0550	76.3046
 2.0542	76.1875
 2.0534	76.1906
 2.0526	76.3518
 2.0518	76.3860
 2.0510	76.6463
 2.0501	76.6148
 2.0493	76.3971
 2.0485	76.4598
 2.0477	76.5668
 2.0469	76.6466
 2.0461	76.7267
 2.0453	76.7288
 2.0445	76.6322
 2.0437	76.6385
 2.0429	76.7597
 2.0421	77.0239
 2.0413	77.0375
 2.0405	76.8315
 2.0397	76.8457
 2.0389	76.9438
 2.0381	76.9952
 2.0373	77.0228
 2.0365	77.2300
 2.0357	77.2602
 2.0349	77.2235
 2.0341	77.2963
 2.0333	77.3267
 2.0325	77.2318
 2.0317	77.3967
 2.0309	77.5909
 2.0301	77.4593
 2.0293	77.2153
 2.0285	77.1555
 2.0277	77.2797
 2.0269	77.2684
 2.0261	77.3469
 2.0253	77.4425
 2.0245	77.5837
 2.0237	77.6270
 2.0229	77.7261
 2.0222	77.7228
 2.0214	77.5850
 2.0206	77.5038
 2.0198	77.7375
 2.0190	77.7655
 2.0182	77.6063
 2.0174	77.7126
 2.0167	77.8924
 2.0159	77.8663
 2.0151	77.9134
 2.0143	77.9247
 2.0135	77.9122
 2.0128	78.1011
 2.0120	78.3235
 2.0112	78.3082
 2.0104	78.1642
 2.0096	78.2111
 2.0088	78.4656
 2.0081	78.5794
 2.0073	78.5615
 2.0065	78.7163
 2.0057	78.8123
 2.0050	79.0530
 2.0042	79.0727
 2.0034	79.0846
 2.0026	79.1236
 2.0019	79.2481
 2.0011	79.2418
 2.0003	79.2687
