Name: Jarosite KFe_3^3+(SO_4)_2(OH)_6
Type: Mineral
Class: Sulfate
Subclass: None
Particle Size: Fine
Sample No.: SO-7A
Owner: JPL
Wavelength Range: VSWIR
Origin: Mexico, Chihuahua.
Collection Date: N/A
Description: Particle size was 0-45um. Collected by:  Ward's Original ASTER Spectral Library name was jpl.perkin.mineral.sulfate.none.fine.so07a.spectrum.txt
Measurement: Hemispherical reflectance
First Column: X
Second Column: Y
X Units: Wavelength (micrometers)
Y Units:Reflectance (percent)
First X Value:  2.5000
Last X Value:  0.4000
Number of X Values: 2101
Additional Information: mineral.sulfate.none.fine.vswir.so-7a.jpl.perkin.ancillary.txt

 2.5000	61.9576
 2.4990	61.9367
 2.4980	61.9704
 2.4970	62.1774
 2.4960	61.8825
 2.4950	62.2603
 2.4940	62.1392
 2.4930	62.3688
 2.4920	62.3234
 2.4910	62.4123
 2.4900	62.4755
 2.4890	62.4264
 2.4880	62.4077
 2.4870	62.5600
 2.4860	62.4962
 2.4850	62.4977
 2.4840	62.5958
 2.4830	62.5450
 2.4820	62.5598
 2.4810	62.6438
 2.4800	62.5684
 2.4790	62.6246
 2.4780	62.6134
 2.4770	62.7588
 2.4760	62.5733
 2.4750	62.6301
 2.4740	62.5881
 2.4730	62.6856
 2.4720	62.6553
 2.4710	62.7842
 2.4700	62.7901
 2.4690	62.7302
 2.4680	62.7043
 2.4670	62.8115
 2.4660	62.7123
 2.4650	62.9265
 2.4640	62.7411
 2.4630	62.7889
 2.4620	62.9522
 2.4610	62.9617
 2.4600	62.9838
 2.4590	62.9514
 2.4580	63.0013
 2.4570	63.0310
 2.4560	63.0451
 2.4550	63.1683
 2.4540	63.2615
 2.4530	63.2465
 2.4520	63.3783
 2.4510	63.4901
 2.4500	63.5109
 2.4490	63.3942
 2.4480	63.4532
 2.4470	63.6637
 2.4460	63.6802
 2.4450	63.7967
 2.4440	63.8567
 2.4430	63.8957
 2.4420	63.9203
 2.4410	64.0029
 2.4400	63.9948
 2.4390	64.2404
 2.4380	64.2825
 2.4370	64.3444
 2.4360	64.4620
 2.4350	64.5120
 2.4340	64.4663
 2.4330	64.6086
 2.4320	64.7874
 2.4310	64.8389
 2.4300	64.8987
 2.4290	64.8853
 2.4280	64.9963
 2.4270	65.0977
 2.4260	65.1897
 2.4250	65.2269
 2.4240	65.2286
 2.4230	65.2589
 2.4220	65.4286
 2.4210	65.4484
 2.4200	65.4333
 2.4190	65.5398
 2.4180	65.6290
 2.4170	65.6315
 2.4160	65.7655
 2.4150	65.8517
 2.4140	65.8989
 2.4130	65.9102
 2.4120	65.9943
 2.4110	66.1291
 2.4100	66.1653
 2.4090	66.2275
 2.4080	66.2525
 2.4070	66.3430
 2.4060	66.4300
 2.4050	66.5178
 2.4040	66.5672
 2.4030	66.5526
 2.4020	66.5932
 2.4010	66.6772
 2.4000	66.7883
 2.3990	66.8168
 2.3980	66.8820
 2.3970	66.9560
 2.3960	66.9881
 2.3950	67.1472
 2.3940	67.2308
 2.3930	67.2945
 2.3920	67.3889
 2.3910	67.4435
 2.3900	67.5864
 2.3890	67.6331
 2.3880	67.7248
 2.3870	67.8509
 2.3860	67.9101
 2.3850	67.9598
 2.3840	68.0555
 2.3830	68.1673
 2.3820	68.2022
 2.3810	68.2941
 2.3800	68.3917
 2.3790	68.4769
 2.3780	68.5645
 2.3770	68.6948
 2.3760	68.7715
 2.3750	68.6132
 2.3740	68.5976
 2.3730	68.9837
 2.3720	69.0935
 2.3710	69.1230
 2.3700	69.2034
 2.3690	69.3322
 2.3680	69.4077
 2.3670	69.4562
 2.3660	69.5172
 2.3650	69.6255
 2.3640	69.6825
 2.3630	69.6764
 2.3620	69.7039
 2.3610	69.7853
 2.3600	69.9112
 2.3590	69.9861
 2.3580	69.9991
 2.3570	70.0362
 2.3560	70.1020
 2.3550	70.1373
 2.3540	70.1660
 2.3530	70.2195
 2.3520	70.1912
 2.3510	70.2088
 2.3500	70.2870
 2.3490	70.2914
 2.3480	70.3235
 2.3470	70.3595
 2.3460	70.3748
 2.3450	70.3139
 2.3440	70.2927
 2.3430	70.2926
 2.3420	70.2653
 2.3410	70.2416
 2.3400	70.2165
 2.3390	70.2498
 2.3380	70.2398
 2.3370	70.1525
 2.3360	70.0905
 2.3350	70.0327
 2.3340	70.0101
 2.3330	69.8918
 2.3320	69.8009
 2.3310	69.7335
 2.3300	69.6908
 2.3290	69.6308
 2.3280	69.4656
 2.3270	69.3791
 2.3260	69.3110
 2.3250	69.1683
 2.3240	69.0784
 2.3230	69.0233
 2.3220	68.9382
 2.3210	68.7880
 2.3200	68.7249
 2.3190	68.5849
 2.3180	68.3935
 2.3170	68.2596
 2.3160	68.1880
 2.3150	68.0831
 2.3140	67.9878
 2.3130	67.9008
 2.3120	67.8005
 2.3110	67.5484
 2.3100	67.4596
 2.3090	67.4060
 2.3080	67.2757
 2.3070	67.1320
 2.3060	66.9822
 2.3050	66.9043
 2.3040	66.8516
 2.3030	66.7191
 2.3020	66.6736
 2.3010	66.5459
 2.3000	66.4797
 2.2990	66.3273
 2.2980	66.2415
 2.2970	66.1530
 2.2960	66.0459
 2.2950	65.9107
 2.2940	65.8380
 2.2930	65.7146
 2.2920	65.6445
 2.2910	65.5369
 2.2900	65.4857
 2.2890	65.4042
 2.2880	65.2748
 2.2870	65.3054
 2.2860	65.2747
 2.2850	65.2245
 2.2840	65.2308
 2.2830	65.1841
 2.2820	65.2180
 2.2810	65.1637
 2.2800	65.1537
 2.2790	65.1933
 2.2780	65.2517
 2.2770	65.1716
 2.2760	65.2514
 2.2750	65.2728
 2.2740	65.3638
 2.2730	65.3653
 2.2720	65.4685
 2.2710	65.6049
 2.2700	65.7446
 2.2690	65.8122
 2.2680	65.8453
 2.2670	65.9934
 2.2660	66.1477
 2.2650	66.1595
 2.2640	66.3313
 2.2630	66.4367
 2.2620	66.6453
 2.2610	66.6904
 2.2600	67.0235
 2.2590	67.0315
 2.2580	67.1405
 2.2570	67.3131
 2.2560	67.4343
 2.2550	67.5591
 2.2540	67.6714
 2.2530	67.7421
 2.2520	67.8723
 2.2510	68.0260
 2.2500	68.0360
 2.2490	68.2431
 2.2480	68.2663
 2.2470	68.3722
 2.2460	68.5887
 2.2450	68.6356
 2.2440	68.7714
 2.2430	68.8212
 2.2420	68.9149
 2.2410	69.0228
 2.2400	69.1829
 2.2390	69.2842
 2.2380	69.4039
 2.2370	69.4086
 2.2360	69.6302
 2.2350	69.6898
 2.2340	69.8495
 2.2330	69.9816
 2.2320	70.0068
 2.2310	70.1020
 2.2300	70.1634
 2.2290	70.3909
 2.2280	70.5004
 2.2270	70.5011
 2.2260	70.6692
 2.2250	70.7494
 2.2240	70.7589
 2.2230	70.8761
 2.2220	70.9555
 2.2210	70.9565
 2.2200	71.1224
 2.2190	71.1099
 2.2180	71.1898
 2.2170	71.2702
 2.2160	71.2931
 2.2150	71.4607
 2.2140	71.5123
 2.2130	71.6630
 2.2120	71.6706
 2.2110	71.6693
 2.2100	71.7086
 2.2090	71.7862
 2.2080	71.8887
 2.2070	71.9328
 2.2060	72.1388
 2.2050	72.1425
 2.2040	72.2578
 2.2030	72.4011
 2.2020	72.3743
 2.2010	72.5382
 2.2000	72.5527
 2.1990	72.6443
 2.1980	72.7502
 2.1970	72.7609
 2.1960	72.8792
 2.1950	72.9830
 2.1940	73.0589
 2.1930	73.1636
 2.1920	73.1581
 2.1910	73.2397
 2.1900	73.3615
 2.1890	73.4052
 2.1880	73.4025
 2.1870	73.6386
 2.1860	73.5812
 2.1850	73.7293
 2.1840	73.7266
 2.1830	73.9510
 2.1820	73.9044
 2.1810	74.0043
 2.1800	74.0923
 2.1790	74.1637
 2.1780	74.1915
 2.1770	74.2972
 2.1760	74.4508
 2.1750	74.4161
 2.1740	74.5239
 2.1730	74.4978
 2.1720	74.5918
 2.1710	74.6578
 2.1700	74.7753
 2.1690	74.7512
 2.1680	74.8305
 2.1670	74.9444
 2.1660	75.0822
 2.1650	75.0501
 2.1640	75.1641
 2.1630	75.1742
 2.1620	75.3002
 2.1610	75.3081
 2.1600	75.3509
 2.1590	75.4117
 2.1580	75.4964
 2.1570	75.6072
 2.1560	75.6142
 2.1550	75.6395
 2.1540	75.7393
 2.1530	75.7713
 2.1520	75.7825
 2.1510	75.8793
 2.1500	75.8772
 2.1490	75.8847
 2.1480	75.9177
 2.1470	75.9787
 2.1460	76.0289
 2.1450	76.1525
 2.1440	76.1294
 2.1430	76.1293
 2.1420	76.1827
 2.1410	76.1606
 2.1400	76.1477
 2.1390	76.2081
 2.1380	76.2905
 2.1370	76.2714
 2.1360	76.3120
 2.1350	76.2872
 2.1340	76.2998
 2.1330	76.2916
 2.1320	76.2951
 2.1310	76.2942
 2.1300	76.3951
 2.1290	76.3235
 2.1280	76.3112
 2.1270	76.3867
 2.1260	76.3820
 2.1250	76.3008
 2.1240	76.3263
 2.1230	76.2919
 2.1220	76.2809
 2.1210	76.3385
 2.1200	76.2972
 2.1190	76.2771
 2.1180	76.2722
 2.1170	76.2482
 2.1160	76.1898
 2.1150	76.2195
 2.1140	76.1867
 2.1130	76.2138
 2.1120	76.1900
 2.1110	76.1838
 2.1100	76.1098
 2.1090	76.0822
 2.1080	76.0844
 2.1070	76.1153
 2.1060	76.0537
 2.1050	76.0643
 2.1040	76.0008
 2.1030	75.9609
 2.1020	75.9734
 2.1010	75.9795
 2.1000	76.0323
 2.0990	76.0906
 2.0980	76.0501
 2.0970	76.0897
 2.0960	76.1545
 2.0950	76.2368
 2.0940	76.2469
 2.0930	76.2420
 2.0920	76.2821
 2.0910	76.3280
 2.0900	76.3761
 2.0890	76.3527
 2.0880	76.4649
 2.0870	76.5318
 2.0860	76.5002
 2.0850	76.4884
 2.0840	76.5253
 2.0830	76.6060
 2.0820	76.6335
 2.0810	76.5942
 2.0800	76.6528
 2.0790	76.7080
 2.0780	76.7309
 2.0770	76.6957
 2.0760	76.7420
 2.0750	76.8347
 2.0740	76.8615
 2.0730	76.9077
 2.0720	76.9562
 2.0710	76.9404
 2.0700	76.9345
 2.0690	77.0554
 2.0680	77.0650
 2.0670	77.0392
 2.0660	77.1282
 2.0650	77.1449
 2.0640	77.1752
 2.0630	77.2207
 2.0620	77.2043
 2.0610	77.2229
 2.0600	77.2472
 2.0590	77.2955
 2.0580	77.3051
 2.0570	77.3467
 2.0560	77.3899
 2.0550	77.4135
 2.0540	77.3988
 2.0530	77.4245
 2.0520	77.4942
 2.0510	77.5121
 2.0500	77.5082
 2.0490	77.5463
 2.0480	77.5433
 2.0470	77.5647
 2.0460	77.6310
 2.0450	77.6452
 2.0440	77.6631
 2.0430	77.7244
 2.0420	77.7768
 2.0410	77.7578
 2.0400	77.7541
 2.0390	77.8723
 2.0380	77.8297
 2.0370	77.8150
 2.0360	77.8517
 2.0350	77.8677
 2.0340	77.9091
 2.0330	77.9736
 2.0320	78.0058
 2.0310	77.9993
 2.0300	77.9372
 2.0290	77.9336
 2.0280	77.9542
 2.0270	78.0099
 2.0260	78.0821
 2.0250	78.0846
 2.0240	78.0104
 2.0230	78.0831
 2.0220	78.1513
 2.0210	78.1122
 2.0200	78.1125
 2.0190	78.1100
 2.0180	78.1251
 2.0170	78.1654
 2.0160	78.2158
 2.0150	78.2207
 2.0140	78.1882
 2.0130	78.2307
 2.0120	78.2642
 2.0110	78.2944
 2.0100	78.3715
 2.0090	78.3775
 2.0080	78.4140
 2.0070	78.3486
 2.0060	78.3864
 2.0050	78.4382
 2.0040	78.4620
 2.0030	78.4428
 2.0020	78.4786
 2.0010	78.4485
 2.0000	78.4652
 1.9990	78.5506
 1.9980	78.4607
 1.9970	78.4645
 1.9960	78.4534
 1.9950	78.4731
 1.9940	78.4138
 1.9930	78.4290
 1.9920	78.4282
 1.9910	78.5281
 1.9900	78.5457
 1.9890	78.4836
 1.9880	78.4569
 1.9870	78.4157
 1.9860	78.4448
 1.9850	78.4274
 1.9840	78.4249
 1.9830	78.4289
 1.9820	78.4137
 1.9810	78.4551
 1.9800	78.4584
 1.9790	78.4067
 1.9780	78.4188
 1.9770	78.4635
 1.9760	78.4379
 1.9750	78.3462
 1.9740	78.3183
 1.9730	78.4172
 1.9720	78.3502
 1.9710	78.3832
 1.9700	78.3918
 1.9690	78.3373
 1.9680	78.3672
 1.9670	78.3409
 1.9660	78.3151
 1.9650	78.3054
 1.9640	78.3328
 1.9630	78.4166
 1.9620	78.3387
 1.9610	78.3794
 1.9600	78.3176
 1.9590	78.4244
 1.9580	78.4588
 1.9570	78.3670
 1.9560	78.2738
 1.9550	78.3543
 1.9540	78.3973
 1.9530	78.3244
 1.9520	78.3513
 1.9510	78.3256
 1.9500	78.3191
 1.9490	78.3334
 1.9480	78.3730
 1.9470	78.4194
 1.9460	78.3233
 1.9450	78.3751
 1.9440	78.4680
 1.9430	78.4497
 1.9420	78.4209
 1.9410	78.5060
 1.9400	78.6173
 1.9390	78.4553
 1.9380	78.4774
 1.9370	78.5237
 1.9360	78.4957
 1.9350	78.5402
 1.9340	78.6047
 1.9330	78.6002
 1.9320	78.6748
 1.9310	78.6263
 1.9300	78.5242
 1.9290	78.5770
 1.9280	78.6380
 1.9270	78.7009
 1.9260	78.5553
 1.9250	78.6635
 1.9240	78.7569
 1.9230	78.7360
 1.9220	78.7208
 1.9210	78.7272
 1.9200	78.6951
 1.9190	78.8285
 1.9180	78.7316
 1.9170	78.8177
 1.9160	78.7287
 1.9150	78.7322
 1.9140	78.8483
 1.9130	78.7586
 1.9120	78.7998
 1.9110	78.7673
 1.9100	78.6989
 1.9090	78.8159
 1.9080	78.7100
 1.9070	78.7047
 1.9060	78.7466
 1.9050	78.7250
 1.9040	78.7176
 1.9030	78.6159
 1.9020	78.5949
 1.9010	78.5809
 1.9000	78.5426
 1.8990	78.4028
 1.8980	78.4272
 1.8970	78.4146
 1.8960	78.3279
 1.8950	78.3246
 1.8940	78.2264
 1.8930	78.2041
 1.8920	78.0799
 1.8910	78.0807
 1.8900	77.9727
 1.8890	77.8365
 1.8880	77.8321
 1.8870	77.8071
 1.8860	77.6713
 1.8850	77.6436
 1.8840	77.4745
 1.8830	77.3608
 1.8820	77.3911
 1.8810	77.2595
 1.8800	77.1683
 1.8790	77.0927
 1.8780	77.0544
 1.8770	77.0386
 1.8760	76.9574
 1.8750	76.9341
 1.8740	76.8572
 1.8730	76.7562
 1.8720	76.7071
 1.8710	76.6841
 1.8700	76.6094
 1.8690	76.5054
 1.8680	76.4712
 1.8670	76.4813
 1.8660	76.4571
 1.8650	76.4678
 1.8640	76.4474
 1.8630	76.4636
 1.8620	76.5937
 1.8610	76.5516
 1.8600	76.4989
 1.8590	76.5688
 1.8580	76.5714
 1.8570	76.5954
 1.8560	76.6573
 1.8550	76.7289
 1.8540	76.7644
 1.8530	76.8853
 1.8520	76.9763
 1.8510	77.0347
 1.8500	77.0737
 1.8490	77.1622
 1.8480	77.2637
 1.8470	77.3525
 1.8460	77.3727
 1.8450	77.4921
 1.8440	77.5603
 1.8430	77.6227
 1.8420	77.7984
 1.8410	77.8269
 1.8400	77.9049
 1.8390	78.0582
 1.8380	78.0967
 1.8370	78.1720
 1.8360	78.2277
 1.8350	78.3246
 1.8340	78.3598
 1.8330	78.4912
 1.8320	78.6461
 1.8310	78.7009
 1.8300	78.7218
 1.8290	78.8493
 1.8280	78.9243
 1.8270	78.9381
 1.8260	79.0420
 1.8250	79.1702
 1.8240	79.1724
 1.8230	79.2544
 1.8220	79.3607
 1.8210	79.3589
 1.8200	79.4046
 1.8190	79.4483
 1.8180	79.5052
 1.8170	79.6678
 1.8160	79.6694
 1.8150	79.7246
 1.8140	79.8397
 1.8130	79.8631
 1.8120	79.8798
 1.8110	79.9061
 1.8100	79.9269
 1.8090	79.9811
 1.8080	80.0749
 1.8070	80.0853
 1.8060	80.0759
 1.8050	80.1469
 1.8040	80.1769
 1.8030	80.2312
 1.8020	80.3290
 1.8010	80.3481
 1.8000	80.3782
 1.7990	80.3988
 1.7980	80.4158
 1.7970	80.5082
 1.7960	80.5585
 1.7950	80.5710
 1.7940	80.6197
 1.7930	80.6630
 1.7920	80.6028
 1.7910	80.5777
 1.7900	80.7103
 1.7890	80.7590
 1.7880	80.7480
 1.7870	80.8277
 1.7860	80.8350
 1.7850	80.8651
 1.7840	80.9319
 1.7830	80.9630
 1.7820	81.0036
 1.7810	81.0222
 1.7800	81.1114
 1.7790	81.1456
 1.7780	81.1318
 1.7770	81.1350
 1.7760	81.1516
 1.7750	81.2559
 1.7740	81.2910
 1.7730	81.3013
 1.7720	81.3691
 1.7710	81.4280
 1.7700	81.4994
 1.7690	81.5291
 1.7680	81.5560
 1.7670	81.5887
 1.7660	81.6263
 1.7650	81.6642
 1.7640	81.6893
 1.7630	81.7537
 1.7620	81.7858
 1.7610	81.7887
 1.7600	81.8536
 1.7590	81.8397
 1.7580	81.9183
 1.7570	81.9902
 1.7560	82.0125
 1.7550	82.0695
 1.7540	82.0902
 1.7530	82.1659
 1.7520	82.2314
 1.7510	82.2357
 1.7500	82.2673
 1.7490	82.3474
 1.7480	82.4274
 1.7470	82.4276
 1.7460	82.4832
 1.7450	82.4638
 1.7440	82.4761
 1.7430	82.4977
 1.7420	82.6214
 1.7410	82.6675
 1.7400	82.6417
 1.7390	82.6870
 1.7380	82.7472
 1.7370	82.8588
 1.7360	82.8336
 1.7350	82.8662
 1.7340	82.8809
 1.7330	82.9316
 1.7320	83.0077
 1.7310	82.9898
 1.7300	83.0175
 1.7290	83.1287
 1.7280	83.2102
 1.7270	83.1384
 1.7260	83.2076
 1.7250	83.2521
 1.7240	83.2751
 1.7230	83.2214
 1.7220	83.2663
 1.7210	83.3140
 1.7200	83.3149
 1.7190	83.4195
 1.7180	83.4428
 1.7170	83.4543
 1.7160	83.4580
 1.7150	83.5170
 1.7140	83.5671
 1.7130	83.5817
 1.7120	83.6261
 1.7110	83.5939
 1.7100	83.6616
 1.7090	83.6626
 1.7080	83.6402
 1.7070	83.7008
 1.7060	83.6896
 1.7050	83.7369
 1.7040	83.8004
 1.7030	83.8190
 1.7020	83.7921
 1.7010	83.7443
 1.7000	83.8314
 1.6990	83.8090
 1.6980	83.7943
 1.6970	83.9077
 1.6960	83.9657
 1.6950	83.9560
 1.6940	83.8940
 1.6930	83.9172
 1.6920	84.0085
 1.6910	83.9370
 1.6900	83.9463
 1.6890	84.0556
 1.6880	84.0717
 1.6870	84.0815
 1.6860	84.0098
 1.6850	84.0146
 1.6840	84.0589
 1.6830	83.9507
 1.6820	84.0260
 1.6810	84.0299
 1.6800	84.1161
 1.6790	84.0566
 1.6780	84.1019
 1.6770	84.2206
 1.6760	84.1766
 1.6750	84.1471
 1.6740	84.1559
 1.6730	84.1729
 1.6720	84.2705
 1.6710	84.2917
 1.6700	84.2041
 1.6690	84.2534
 1.6680	84.2543
 1.6670	84.2513
 1.6660	84.2408
 1.6650	84.2089
 1.6640	84.2215
 1.6630	84.2115
 1.6620	84.2780
 1.6610	84.2736
 1.6600	84.3479
 1.6590	84.4082
 1.6580	84.3128
 1.6570	84.2677
 1.6560	84.3115
 1.6550	84.4292
 1.6540	84.4225
 1.6530	84.5382
 1.6520	84.5088
 1.6510	84.4350
 1.6500	84.4767
 1.6490	84.4429
 1.6480	84.5355
 1.6470	84.4824
 1.6460	84.5121
 1.6450	84.5102
 1.6440	84.5157
 1.6430	84.4876
 1.6420	84.6038
 1.6410	84.5677
 1.6400	84.5788
 1.6390	84.6685
 1.6380	84.6212
 1.6370	84.6083
 1.6360	84.6452
 1.6350	84.5988
 1.6340	84.6195
 1.6330	84.6622
 1.6320	84.7008
 1.6310	84.6529
 1.6300	84.7747
 1.6290	84.6691
 1.6280	84.7021
 1.6270	84.7641
 1.6260	84.7954
 1.6250	84.8385
 1.6240	84.8870
 1.6230	84.8172
 1.6220	84.7961
 1.6210	84.8275
 1.6200	84.8193
 1.6190	84.9547
 1.6180	84.9080
 1.6170	84.8852
 1.6160	84.9792
 1.6150	84.9339
 1.6140	84.9460
 1.6130	84.9981
 1.6120	84.9768
 1.6110	84.9464
 1.6100	85.0016
 1.6090	85.0144
 1.6080	85.0122
 1.6070	85.0661
 1.6060	85.0314
 1.6050	84.9537
 1.6040	85.0529
 1.6030	85.0651
 1.6020	85.0846
 1.6010	85.0413
 1.6000	85.0205
 1.5990	85.0971
 1.5980	85.0650
 1.5970	85.0162
 1.5960	85.0843
 1.5950	84.9310
 1.5940	85.0037
 1.5930	84.9903
 1.5920	84.9861
 1.5910	85.0269
 1.5900	85.0630
 1.5890	85.0239
 1.5880	84.9964
 1.5870	85.0141
 1.5860	85.0423
 1.5850	84.9752
 1.5840	85.0463
 1.5830	85.0561
 1.5820	84.9810
 1.5810	84.9482
 1.5800	84.9875
 1.5790	84.9862
 1.5780	85.0063
 1.5770	84.9942
 1.5760	85.0444
 1.5750	84.9649
 1.5740	84.8972
 1.5730	84.9035
 1.5720	84.9938
 1.5710	85.0228
 1.5700	84.9574
 1.5690	84.9043
 1.5680	84.9283
 1.5670	84.8523
 1.5660	84.9010
 1.5650	84.8356
 1.5640	84.8874
 1.5630	84.7689
 1.5620	84.7504
 1.5610	84.7184
 1.5600	84.7661
 1.5590	84.7587
 1.5580	84.7057
 1.5570	84.6836
 1.5560	84.6486
 1.5550	84.6645
 1.5540	84.6508
 1.5530	84.5513
 1.5520	84.5685
 1.5510	84.6238
 1.5500	84.6001
 1.5490	84.5049
 1.5480	84.5752
 1.5470	84.5253
 1.5460	84.4712
 1.5450	84.4875
 1.5440	84.4479
 1.5430	84.3710
 1.5420	84.4273
 1.5410	84.4667
 1.5400	84.4271
 1.5390	84.3517
 1.5380	84.3399
 1.5370	84.3207
 1.5360	84.3497
 1.5350	84.3751
 1.5340	84.2762
 1.5330	84.2838
 1.5320	84.3121
 1.5310	84.2817
 1.5300	84.3144
 1.5290	84.2954
 1.5280	84.3000
 1.5270	84.3080
 1.5260	84.2874
 1.5250	84.3044
 1.5240	84.2464
 1.5230	84.2675
 1.5220	84.2861
 1.5210	84.2443
 1.5200	84.2655
 1.5190	84.3199
 1.5180	84.3403
 1.5170	84.3183
 1.5160	84.3310
 1.5150	84.3246
 1.5140	84.3037
 1.5130	84.3141
 1.5120	84.3229
 1.5110	84.3033
 1.5100	84.2882
 1.5090	84.2625
 1.5080	84.2375
 1.5070	84.2301
 1.5060	84.1996
 1.5050	84.1443
 1.5040	84.1231
 1.5030	84.0689
 1.5020	84.0134
 1.5010	83.9648
 1.5000	83.9017
 1.4990	83.8946
 1.4980	83.8543
 1.4970	83.7688
 1.4960	83.6786
 1.4950	83.5769
 1.4940	83.4440
 1.4930	83.3183
 1.4920	83.2152
 1.4910	83.1081
 1.4900	83.0481
 1.4890	82.9755
 1.4880	82.8293
 1.4870	82.7314
 1.4860	82.6616
 1.4850	82.5879
 1.4840	82.4795
 1.4830	82.4974
 1.4820	82.5618
 1.4810	82.5176
 1.4800	82.5038
 1.4790	82.5163
 1.4780	82.5133
 1.4770	82.5529
 1.4760	82.6250
 1.4750	82.6310
 1.4740	82.6688
 1.4730	82.7719
 1.4720	82.8975
 1.4710	83.0231
 1.4700	83.1327
 1.4690	83.2027
 1.4680	83.3211
 1.4670	83.4336
 1.4660	83.4884
 1.4650	83.6280
 1.4640	83.7456
 1.4630	83.8711
 1.4620	83.9774
 1.4610	84.1136
 1.4600	84.1698
 1.4590	84.2922
 1.4580	84.3484
 1.4570	84.4467
 1.4560	84.5189
 1.4550	84.6749
 1.4540	84.6980
 1.4530	84.7348
 1.4520	84.8031
 1.4510	84.8785
 1.4500	84.9508
 1.4490	85.0820
 1.4480	85.0818
 1.4470	85.1393
 1.4460	85.1264
 1.4450	85.0992
 1.4440	85.1037
 1.4430	85.1958
 1.4420	85.2025
 1.4410	85.2160
 1.4400	85.2380
 1.4390	85.2614
 1.4380	85.1875
 1.4370	85.2426
 1.4360	85.1879
 1.4350	85.2180
 1.4340	85.2471
 1.4330	85.2851
 1.4320	85.2495
 1.4310	85.2127
 1.4300	85.1341
 1.4290	85.0438
 1.4280	85.0851
 1.4270	85.1188
 1.4260	85.0812
 1.4250	85.0656
 1.4240	85.0980
 1.4230	84.9695
 1.4220	84.9741
 1.4210	84.9574
 1.4200	84.8904
 1.4190	84.9048
 1.4180	84.7773
 1.4170	84.7724
 1.4160	84.7961
 1.4150	84.7579
 1.4140	84.7790
 1.4130	84.6406
 1.4120	84.5509
 1.4110	84.6163
 1.4100	84.5102
 1.4090	84.4654
 1.4080	84.4867
 1.4070	84.4959
 1.4060	84.4049
 1.4050	84.4075
 1.4040	84.2635
 1.4030	84.2010
 1.4020	84.2747
 1.4010	84.2516
 1.4000	84.1840
 1.3990	84.2254
 1.3980	84.0944
 1.3970	84.1085
 1.3960	84.0515
 1.3950	84.0826
 1.3940	84.0189
 1.3930	84.0187
 1.3920	83.9667
 1.3910	83.9189
 1.3900	83.8328
 1.3890	83.8571
 1.3880	83.7420
 1.3870	83.7296
 1.3860	83.7132
 1.3850	83.6270
 1.3840	83.4934
 1.3830	83.4689
 1.3820	83.3628
 1.3810	83.3020
 1.3800	83.2476
 1.3790	83.2615
 1.3780	83.1943
 1.3770	83.2472
 1.3760	83.1071
 1.3750	83.0674
 1.3740	82.9934
 1.3730	82.9536
 1.3720	82.9074
 1.3710	82.8867
 1.3700	82.6868
 1.3690	82.6887
 1.3680	82.6428
 1.3670	82.5688
 1.3660	82.4747
 1.3650	82.5008
 1.3640	82.3882
 1.3630	82.3500
 1.3620	82.2664
 1.3610	82.0949
 1.3600	82.0506
 1.3590	82.0197
 1.3580	82.0016
 1.3570	81.8879
 1.3560	81.7865
 1.3550	81.7180
 1.3540	81.7041
 1.3530	81.6777
 1.3520	81.4737
 1.3510	81.4855
 1.3500	81.4565
 1.3490	81.2695
 1.3480	81.2566
 1.3470	81.2380
 1.3460	81.1377
 1.3450	80.9625
 1.3440	80.9251
 1.3430	80.8404
 1.3420	80.8441
 1.3410	80.7135
 1.3400	80.6400
 1.3390	80.5352
 1.3380	80.5775
 1.3370	80.4521
 1.3360	80.4107
 1.3350	80.3165
 1.3340	80.1862
 1.3330	80.1203
 1.3320	80.0678
 1.3310	79.8903
 1.3300	79.9119
 1.3290	79.8126
 1.3280	79.7335
 1.3270	79.6964
 1.3260	79.6575
 1.3250	79.5356
 1.3240	79.4740
 1.3230	79.4130
 1.3220	79.3675
 1.3210	79.1812
 1.3200	79.1017
 1.3190	78.9897
 1.3180	79.0180
 1.3170	78.9316
 1.3160	78.8574
 1.3150	78.7723
 1.3140	78.6838
 1.3130	78.6644
 1.3120	78.4851
 1.3110	78.3979
 1.3100	78.3425
 1.3090	78.2571
 1.3080	78.1942
 1.3070	78.1036
 1.3060	77.9986
 1.3050	77.9691
 1.3040	77.9074
 1.3030	77.8230
 1.3020	77.6554
 1.3010	77.6399
 1.3000	77.5372
 1.2990	77.4431
 1.2980	77.3490
 1.2970	77.2540
 1.2960	77.1808
 1.2950	77.0884
 1.2940	77.0600
 1.2930	77.0134
 1.2920	76.9418
 1.2910	76.8135
 1.2900	76.7310
 1.2890	76.6592
 1.2880	76.5711
 1.2870	76.5003
 1.2860	76.4365
 1.2850	76.2378
 1.2840	76.1580
 1.2830	76.1800
 1.2820	76.1084
 1.2810	76.0409
 1.2800	75.9354
 1.2790	75.8528
 1.2780	75.7638
 1.2770	75.6420
 1.2760	75.5311
 1.2750	75.5409
 1.2740	75.3761
 1.2730	75.2773
 1.2720	75.1595
 1.2710	75.1157
 1.2700	75.0397
 1.2690	74.9456
 1.2680	74.9180
 1.2670	74.7618
 1.2660	74.7055
 1.2650	74.5883
 1.2640	74.4753
 1.2630	74.3998
 1.2620	74.3012
 1.2610	74.2235
 1.2600	74.1196
 1.2590	74.0204
 1.2580	73.9110
 1.2570	73.8812
 1.2560	73.7526
 1.2550	73.6667
 1.2540	73.6665
 1.2530	73.5665
 1.2520	73.4284
 1.2510	73.3201
 1.2500	73.2104
 1.2490	73.1782
 1.2480	73.1356
 1.2470	72.9659
 1.2460	72.8950
 1.2450	72.8101
 1.2440	72.7218
 1.2430	72.6421
 1.2420	72.5705
 1.2410	72.4744
 1.2400	72.3896
 1.2390	72.3079
 1.2380	72.2197
 1.2370	72.0911
 1.2360	71.9991
 1.2350	71.9173
 1.2340	71.7972
 1.2330	71.7235
 1.2320	71.6141
 1.2310	71.5349
 1.2300	71.4612
 1.2290	71.3869
 1.2280	71.2934
 1.2270	71.2284
 1.2260	71.1155
 1.2250	71.0084
 1.2240	70.9080
 1.2230	70.7934
 1.2220	70.7126
 1.2210	70.6191
 1.2200	70.5170
 1.2190	70.4187
 1.2180	70.3402
 1.2170	70.2389
 1.2160	70.2021
 1.2150	70.1454
 1.2140	70.0484
 1.2130	69.8891
 1.2120	69.7529
 1.2110	69.6916
 1.2100	69.6087
 1.2090	69.5318
 1.2080	69.4272
 1.2070	69.3379
 1.2060	69.2369
 1.2050	69.1745
 1.2040	69.1166
 1.2030	69.0173
 1.2020	68.8932
 1.2010	68.7898
 1.2000	68.7105
 1.1990	68.5736
 1.1980	68.4989
 1.1970	68.4888
 1.1960	68.3635
 1.1950	68.2773
 1.1940	68.2144
 1.1930	68.0540
 1.1920	67.9708
 1.1910	67.8969
 1.1900	67.8085
 1.1890	67.7004
 1.1880	67.5526
 1.1870	67.5009
 1.1860	67.4523
 1.1850	67.3316
 1.1840	67.2424
 1.1830	67.1112
 1.1820	67.0161
 1.1810	66.9908
 1.1800	66.9296
 1.1790	66.7537
 1.1780	66.6660
 1.1770	66.5656
 1.1760	66.4675
 1.1750	66.3984
 1.1740	66.3322
 1.1730	66.2402
 1.1720	66.1545
 1.1710	66.0617
 1.1700	65.9507
 1.1690	65.8844
 1.1680	65.8179
 1.1670	65.7169
 1.1660	65.6418
 1.1650	65.5173
 1.1640	65.3874
 1.1630	65.3477
 1.1620	65.2996
 1.1610	65.1613
 1.1600	65.0432
 1.1590	64.9725
 1.1580	64.8847
 1.1570	64.7553
 1.1560	64.7077
 1.1550	64.6043
 1.1540	64.5035
 1.1530	64.3840
 1.1520	64.3241
 1.1510	64.2144
 1.1500	64.1898
 1.1490	64.0101
 1.1480	63.9594
 1.1470	63.8913
 1.1460	63.7435
 1.1450	63.6741
 1.1440	63.5572
 1.1430	63.4677
 1.1420	63.3785
 1.1410	63.2719
 1.1400	63.2103
 1.1390	63.1017
 1.1380	63.0096
 1.1370	62.8691
 1.1360	62.7972
 1.1350	62.7298
 1.1340	62.6304
 1.1330	62.4963
 1.1320	62.5074
 1.1310	62.3968
 1.1300	62.3240
 1.1290	62.1838
 1.1280	62.1331
 1.1270	62.0421
 1.1260	61.8901
 1.1250	61.8031
 1.1240	61.7773
 1.1230	61.6400
 1.1220	61.5834
 1.1210	61.4792
 1.1200	61.3498
 1.1190	61.3645
 1.1180	61.2814
 1.1170	61.1196
 1.1160	61.0327
 1.1150	60.8740
 1.1140	60.8316
 1.1130	60.7527
 1.1120	60.6130
 1.1110	60.5365
 1.1100	60.5284
 1.1090	60.4169
 1.1080	60.2856
 1.1070	60.2145
 1.1060	60.1330
 1.1050	60.0154
 1.1040	59.9053
 1.1030	59.7751
 1.1020	59.7278
 1.1010	59.6162
 1.1000	59.4552
 1.0990	59.4462
 1.0980	59.3433
 1.0970	59.3195
 1.0960	59.1662
 1.0950	59.0453
 1.0940	59.0077
 1.0930	58.8507
 1.0920	58.8227
 1.0910	58.7040
 1.0900	58.6644
 1.0890	58.4663
 1.0880	58.4251
 1.0870	58.2469
 1.0860	58.2407
 1.0850	58.1536
 1.0840	58.0677
 1.0830	57.9302
 1.0820	57.8168
 1.0810	57.8292
 1.0800	57.7037
 1.0790	57.6035
 1.0780	57.5275
 1.0770	57.3874
 1.0760	57.3292
 1.0750	57.2123
 1.0740	57.1174
 1.0730	57.0129
 1.0720	57.0068
 1.0710	56.9515
 1.0700	56.7639
 1.0690	56.6461
 1.0680	56.5701
 1.0670	56.4728
 1.0660	56.4243
 1.0650	56.2461
 1.0640	56.2402
 1.0630	56.0746
 1.0620	56.0091
 1.0610	56.0187
 1.0600	55.7602
 1.0590	55.7066
 1.0580	55.7040
 1.0570	55.5049
 1.0560	55.5193
 1.0550	55.3957
 1.0540	55.1896
 1.0530	55.2289
 1.0520	55.0400
 1.0510	54.9007
 1.0500	54.9903
 1.0490	54.8593
 1.0480	54.7536
 1.0470	54.6974
 1.0460	54.6385
 1.0450	54.5148
 1.0440	54.3969
 1.0430	54.3261
 1.0420	54.2187
 1.0410	54.1339
 1.0400	54.0471
 1.0390	53.9660
 1.0380	53.9023
 1.0370	53.7711
 1.0360	53.7689
 1.0350	53.5583
 1.0340	53.5169
 1.0330	53.4376
 1.0320	53.3688
 1.0310	53.1962
 1.0300	53.1237
 1.0290	53.0647
 1.0280	52.9464
 1.0270	52.8463
 1.0260	52.7359
 1.0250	52.6928
 1.0240	52.5586
 1.0230	52.4407
 1.0220	52.4390
 1.0210	52.2969
 1.0200	52.2484
 1.0190	52.0958
 1.0180	52.0463
 1.0170	51.9466
 1.0160	51.8649
 1.0150	51.7626
 1.0140	51.6488
 1.0130	51.6052
 1.0120	51.6331
 1.0110	51.4897
 1.0100	51.3561
 1.0090	51.3065
 1.0080	51.2433
 1.0070	51.1295
 1.0060	51.0602
 1.0050	50.9602
 1.0040	50.9077
 1.0030	50.7651
 1.0020	50.7726
 1.0010	50.6769
 1.0000	50.6328
 0.9990	50.4547
 0.9980	50.3406
 0.9970	50.2433
 0.9960	50.2533
 0.9950	50.1691
 0.9940	50.0745
 0.9930	50.0365
 0.9920	49.9757
 0.9910	49.9386
 0.9900	49.8656
 0.9890	49.7307
 0.9880	49.6934
 0.9870	49.6087
 0.9860	49.5422
 0.9850	49.4837
 0.9840	49.3879
 0.9830	49.3096
 0.9820	49.2017
 0.9810	49.1567
 0.9800	49.1078
 0.9790	49.0278
 0.9780	48.9926
 0.9770	48.8617
 0.9760	48.7703
 0.9750	48.7259
 0.9740	48.6602
 0.9730	48.6098
 0.9720	48.6036
 0.9710	48.5650
 0.9700	48.4451
 0.9690	48.3571
 0.9680	48.3799
 0.9670	48.3178
 0.9660	48.1707
 0.9650	48.1415
 0.9640	48.1004
 0.9630	48.0591
 0.9620	48.0028
 0.9610	47.9228
 0.9600	47.8986
 0.9590	47.8352
 0.9580	47.7564
 0.9570	47.7130
 0.9560	47.6929
 0.9550	47.6741
 0.9540	47.6462
 0.9530	47.5390
 0.9520	47.4815
 0.9510	47.4735
 0.9500	47.4565
 0.9490	47.3998
 0.9480	47.3592
 0.9470	47.3084
 0.9460	47.2767
 0.9450	47.2364
 0.9440	47.1921
 0.9430	47.2300
 0.9420	47.1766
 0.9410	47.0704
 0.9400	47.0446
 0.9390	47.0616
 0.9380	47.0610
 0.9370	47.0218
 0.9360	46.9853
 0.9350	46.9694
 0.9340	46.9386
 0.9330	46.8888
 0.9320	46.8873
 0.9310	46.9197
 0.9300	46.9254
 0.9290	46.8979
 0.9280	46.8756
 0.9270	46.8609
 0.9260	46.8082
 0.9250	46.7967
 0.9240	46.7858
 0.9230	46.7794
 0.9220	46.8171
 0.9210	46.7712
 0.9200	46.8069
 0.9190	46.8588
 0.9180	46.8251
 0.9170	46.8177
 0.9160	46.7933
 0.9150	46.8132
 0.9140	46.8413
 0.9130	46.8457
 0.9120	46.8590
 0.9110	46.8289
 0.9100	46.8388
 0.9090	46.8847
 0.9080	46.8901
 0.9070	46.9028
 0.9060	46.9502
 0.9050	46.9897
 0.9040	46.9669
 0.9030	46.9718
 0.9020	46.9728
 0.9010	46.9779
 0.9000	46.9990
 0.8990	47.0109
 0.8980	47.0458
 0.8970	47.1436
 0.8960	47.1251
 0.8950	47.1827
 0.8940	47.2358
 0.8930	47.2158
 0.8920	47.2563
 0.8910	47.3479
 0.8900	47.3623
 0.8890	47.4189
 0.8880	47.4430
 0.8870	47.4759
 0.8860	47.4989
 0.8850	47.5807
 0.8840	47.6140
 0.8830	47.7061
 0.8820	47.7099
 0.8810	47.7976
 0.8800	47.8205
 0.8790	47.8766
 0.8780	47.9454
 0.8770	48.0334
 0.8760	48.0783
 0.8750	48.1730
 0.8740	48.1719
 0.8730	48.2281
 0.8720	48.3190
 0.8710	48.4357
 0.8700	48.4734
 0.8690	48.5642
 0.8680	48.5787
 0.8670	48.6278
 0.8660	48.7006
 0.8650	48.8644
 0.8640	48.8924
 0.8630	48.9361
 0.8620	49.0225
 0.8610	49.1164
 0.8600	49.3535
 0.8590	49.5840
 0.8580	49.6511
 0.8570	49.7628
 0.8560	49.8373
 0.8550	49.9279
 0.8540	50.0104
 0.8530	50.1111
 0.8520	50.1713
 0.8510	50.2911
 0.8500	50.4496
 0.8490	50.4920
 0.8480	50.6192
 0.8470	50.6920
 0.8460	50.7961
 0.8450	50.8808
 0.8440	50.9752
 0.8430	51.0789
 0.8420	51.2018
 0.8410	51.3228
 0.8400	51.3991
 0.8390	51.5301
 0.8380	51.6460
 0.8370	51.7596
 0.8360	51.8466
 0.8350	52.0162
 0.8340	52.1134
 0.8330	52.2302
 0.8320	52.3660
 0.8310	52.4921
 0.8300	52.5873
 0.8290	52.7522
 0.8280	52.8694
 0.8270	52.9903
 0.8260	53.1382
 0.8250	53.2542
 0.8240	53.3603
 0.8230	53.5430
 0.8220	53.6476
 0.8210	53.7589
 0.8200	53.9314
 0.8190	54.0864
 0.8180	54.1916
 0.8170	54.3462
 0.8160	54.5224
 0.8150	54.6425
 0.8140	54.7646
 0.8130	54.9495
 0.8120	55.0376
 0.8110	55.2362
 0.8100	55.4195
 0.8090	55.5069
 0.8080	55.6658
 0.8070	55.8167
 0.8060	55.9802
 0.8050	56.1167
 0.8040	56.3173
 0.8030	56.4625
 0.8020	56.6140
 0.8010	56.7720
 0.8000	56.9243
 0.7990	57.0727
 0.7980	57.2047
 0.7970	57.3426
 0.7960	57.5175
 0.7950	57.6740
 0.7940	57.8117
 0.7930	57.9740
 0.7920	58.1287
 0.7910	58.3054
 0.7900	58.4184
 0.7890	58.5943
 0.7880	58.7737
 0.7870	58.8946
 0.7860	59.0923
 0.7850	59.2700
 0.7840	59.3798
 0.7830	59.5460
 0.7820	59.7204
 0.7810	59.8557
 0.7800	60.0048
 0.7790	60.2005
 0.7780	60.3228
 0.7770	60.4631
 0.7760	60.6456
 0.7750	60.7562
 0.7740	60.9162
 0.7730	61.0467
 0.7720	61.2240
 0.7710	61.3221
 0.7700	61.4818
 0.7690	61.6220
 0.7680	61.7394
 0.7670	61.8886
 0.7660	62.0045
 0.7650	62.1254
 0.7640	62.2762
 0.7630	62.3959
 0.7620	62.5181
 0.7610	62.6213
 0.7600	62.7495
 0.7590	62.8340
 0.7580	62.9490
 0.7570	63.0769
 0.7560	63.1579
 0.7550	63.2899
 0.7540	63.3544
 0.7530	63.4064
 0.7520	63.4943
 0.7510	63.6091
 0.7500	63.6519
 0.7490	63.7146
 0.7480	63.7582
 0.7470	63.8235
 0.7460	63.8898
 0.7450	63.9311
 0.7440	64.0028
 0.7430	64.0226
 0.7420	64.0743
 0.7410	64.0849
 0.7400	64.0929
 0.7390	64.1271
 0.7380	64.1135
 0.7370	64.1310
 0.7360	64.1293
 0.7350	64.1196
 0.7340	64.1082
 0.7330	64.0884
 0.7320	64.0679
 0.7310	64.0513
 0.7300	64.0142
 0.7290	63.9327
 0.7280	63.9374
 0.7270	63.8631
 0.7260	63.7960
 0.7250	63.7390
 0.7240	63.6761
 0.7230	63.6041
 0.7220	63.5083
 0.7210	63.4393
 0.7200	63.3259
 0.7190	63.2495
 0.7180	63.1540
 0.7170	63.0553
 0.7160	62.9476
 0.7150	62.8260
 0.7140	62.7097
 0.7130	62.5962
 0.7120	62.4772
 0.7110	62.3507
 0.7100	62.2419
 0.7090	62.1045
 0.7080	61.9616
 0.7070	61.8306
 0.7060	61.6886
 0.7050	61.5381
 0.7040	61.3876
 0.7030	61.2385
 0.7020	61.0914
 0.7010	60.9531
 0.7000	60.7919
 0.6990	60.6429
 0.6980	60.4866
 0.6970	60.3181
 0.6960	60.1610
 0.6950	60.0224
 0.6940	59.8634
 0.6930	59.6830
 0.6920	59.5071
 0.6910	59.3470
 0.6900	59.1917
 0.6890	59.0364
 0.6880	58.8636
 0.6870	58.6863
 0.6860	58.5216
 0.6850	58.3323
 0.6840	58.1562
 0.6830	58.0032
 0.6820	57.8265
 0.6810	57.6446
 0.6800	57.4685
 0.6790	57.3006
 0.6780	57.1450
 0.6770	56.9641
 0.6760	56.7851
 0.6750	56.5926
 0.6740	56.4171
 0.6730	56.2418
 0.6720	56.0569
 0.6710	55.8776
 0.6700	55.6809
 0.6690	55.4926
 0.6680	55.3021
 0.6670	55.1213
 0.6660	54.9356
 0.6650	54.7471
 0.6640	54.5492
 0.6630	54.3519
 0.6620	54.1607
 0.6610	53.9596
 0.6600	53.7707
 0.6590	53.5718
 0.6580	53.3563
 0.6570	53.1421
 0.6560	52.9364
 0.6550	52.7321
 0.6540	52.5263
 0.6530	52.2998
 0.6520	52.0801
 0.6510	51.8588
 0.6500	51.6405
 0.6490	51.4220
 0.6480	51.1816
 0.6470	50.9497
 0.6460	50.7271
 0.6450	50.5000
 0.6440	50.2641
 0.6430	50.0125
 0.6420	49.7520
 0.6410	49.5001
 0.6400	49.2584
 0.6390	49.0024
 0.6380	48.7459
 0.6370	48.4823
 0.6360	48.2102
 0.6350	47.9480
 0.6340	47.6846
 0.6330	47.4187
 0.6320	47.1430
 0.6310	46.8634
 0.6300	46.5868
 0.6290	46.3075
 0.6280	46.0221
 0.6270	45.7255
 0.6260	45.4418
 0.6250	45.1555
 0.6240	44.8569
 0.6230	44.5667
 0.6220	44.2719
 0.6210	43.9676
 0.6200	43.6774
 0.6190	43.3839
 0.6180	43.0771
 0.6170	42.7735
 0.6160	42.4729
 0.6150	42.1827
 0.6140	41.8827
 0.6130	41.5793
 0.6120	41.2812
 0.6110	40.9772
 0.6100	40.6789
 0.6090	40.3793
 0.6080	40.0775
 0.6070	39.7874
 0.6060	39.4947
 0.6050	39.2031
 0.6040	38.9169
 0.6030	38.6336
 0.6020	38.3456
 0.6010	38.0662
 0.6000	37.7872
 0.5990	37.5250
 0.5980	37.2577
 0.5970	36.9930
 0.5960	36.7393
 0.5950	36.4800
 0.5940	36.2148
 0.5930	35.9622
 0.5920	35.7036
 0.5910	35.4538
 0.5900	35.2351
 0.5890	35.0063
 0.5880	34.7647
 0.5870	34.5376
 0.5860	34.3136
 0.5850	34.0864
 0.5840	33.8666
 0.5830	33.6464
 0.5820	33.4357
 0.5810	33.2228
 0.5800	33.0132
 0.5790	32.8061
 0.5780	32.6125
 0.5770	32.4159
 0.5760	32.2440
 0.5750	32.0738
 0.5740	31.8876
 0.5730	31.7004
 0.5720	31.5308
 0.5710	31.3585
 0.5700	31.1829
 0.5690	31.0144
 0.5680	30.8512
 0.5670	30.6859
 0.5660	30.5211
 0.5650	30.3660
 0.5640	30.2075
 0.5630	30.0547
 0.5620	29.9010
 0.5610	29.7222
 0.5600	29.5642
 0.5590	29.4204
 0.5580	29.2740
 0.5570	29.1298
 0.5560	28.9875
 0.5550	28.8467
 0.5540	28.7007
 0.5530	28.5644
 0.5520	28.4295
 0.5510	28.2936
 0.5500	28.1530
 0.5490	28.0127
 0.5480	27.8839
 0.5470	27.7540
 0.5460	27.6222
 0.5450	27.4883
 0.5440	27.3494
 0.5430	27.2193
 0.5420	27.0873
 0.5410	26.9528
 0.5400	26.8156
 0.5390	26.6843
 0.5380	26.5513
 0.5370	26.4180
 0.5360	26.2808
 0.5350	26.1448
 0.5340	26.0112
 0.5330	25.8690
 0.5320	25.7364
 0.5310	25.5996
 0.5300	25.4598
 0.5290	25.3276
 0.5280	25.1835
 0.5270	25.0454
 0.5260	24.9030
 0.5250	24.7624
 0.5240	24.6174
 0.5230	24.4704
 0.5220	24.3211
 0.5210	24.1742
 0.5200	24.0196
 0.5190	23.8584
 0.5180	23.7062
 0.5170	23.5518
 0.5160	23.3915
 0.5150	23.2281
 0.5140	23.0642
 0.5130	22.8893
 0.5120	22.7195
 0.5110	22.5342
 0.5100	22.3484
 0.5090	22.1650
 0.5080	21.9719
 0.5070	21.7789
 0.5060	21.5821
 0.5050	21.3749
 0.5040	21.1680
 0.5030	20.9527
 0.5020	20.7326
 0.5010	20.5162
 0.5000	20.2788
 0.4990	20.0418
 0.4980	19.8070
 0.4970	19.5706
 0.4960	19.3154
 0.4950	19.0705
 0.4940	18.8019
 0.4930	18.5438
 0.4920	18.2765
 0.4910	18.0095
 0.4900	17.7714
 0.4890	17.4970
 0.4880	17.2177
 0.4870	16.9334
 0.4860	16.6561
 0.4850	16.3605
 0.4840	16.0787
 0.4830	15.7918
 0.4820	15.5176
 0.4810	15.2492
 0.4800	14.9952
 0.4790	14.7474
 0.4780	14.5024
 0.4770	14.2581
 0.4760	14.0130
 0.4750	13.7722
 0.4740	13.5199
 0.4730	13.2838
 0.4720	13.0499
 0.4710	12.8240
 0.4700	12.6024
 0.4690	12.3866
 0.4680	12.1752
 0.4670	11.9630
 0.4660	11.7728
 0.4650	11.5696
 0.4640	11.3664
 0.4630	11.1719
 0.4620	10.9829
 0.4610	10.7862
 0.4600	10.5909
 0.4590	10.3940
 0.4580	10.1958
 0.4570	 9.9997
 0.4560	 9.7964
 0.4550	 9.5903
 0.4540	 9.3803
 0.4530	 9.1758
 0.4520	 8.9723
 0.4510	 8.7854
 0.4500	 8.5872
 0.4490	 8.3893
 0.4480	 8.1981
 0.4470	 8.0147
 0.4460	 7.8346
 0.4450	 7.6679
 0.4440	 7.5159
 0.4430	 7.3765
 0.4420	 7.2555
 0.4410	 7.1499
 0.4400	 7.0639
 0.4390	 6.9892
 0.4380	 6.9276
 0.4370	 6.8793
 0.4360	 6.8512
 0.4350	 6.8302
 0.4340	 6.8131
 0.4330	 6.7941
 0.4320	 6.7749
 0.4310	 6.7573
 0.4300	 6.7307
 0.4290	 6.6988
 0.4280	 6.6603
 0.4270	 6.6125
 0.4260	 6.5590
 0.4250	 6.5006
 0.4240	 6.4322
 0.4230	 6.3605
 0.4220	 6.2826
 0.4210	 6.1983
 0.4200	 6.1127
 0.4190	 6.0243
 0.4180	 5.9305
 0.4170	 5.8359
 0.4160	 5.7372
 0.4150	 5.6348
 0.4140	 5.5303
 0.4130	 5.4237
 0.4120	 5.3180
 0.4110	 5.2150
 0.4100	 5.1059
 0.4090	 5.0006
 0.4080	 4.8988
 0.4070	 4.7998
 0.4060	 4.7022
 0.4050	 4.6064
 0.4040	 4.5185
 0.4030	 4.4299
 0.4020	 4.3468
 0.4010	 4.2642
 0.4000	 4.1846
