Name: Labradorite (Na,Ca)Al(Al,Si)Si2O8
Type: Mineral
Class: Silicate
Subclass: Tectosilicate
Particle Size: Coarse
Sample No.: labrador_1
Owner: JHU
Wavelength Range: TIR
Origin: Lake County, Oregon, acquired from the Smithsonian (sampleno. NMNH 115500) via Dave Stewart, USGS
Collection Date: N/A
Description: The sample consisted of a 2 cm x 1 cm x 0.2 cm, 0.536 g portion, of a single transparent crystal.  The fragment seemed to have been sawn on one side.  A very, very small amount of iron oxide stain could be seen on the surface of the fragment and still less on the inside.  No impurities were detected under the microscope. Particle size was 75-250 micrometers.(Framework Silicates); (Feldspar Group) Original ASTER Spectral Library name was jhu.nicolet.mineral.silicate.tectosilicate.coarse.labrad1.spectrum.txt
Measurement: Bidirectional reflectance
First Column: X
Second Column: Y
X Units: Wavelength (micrometers)
Y Units:Reflectance (percent)
First X Value: 25.0442
Last X Value:  2.0795
Number of X Values: 2287
Additional Information: mineral.silicate.tectosilicate.coarse.tir.labrador_1.jhu.nicolet.ancillary.txt

25.0442	 6.7139
24.9238	 6.5532
24.8045	 6.2099
24.6864	 5.9634
24.5694	 5.9219
24.4536	 5.8769
24.3388	 5.8545
24.2250	 5.7617
24.1124	 5.7082
24.0007	 5.8518
23.8901	 5.9092
23.7805	 5.8391
23.6719	 5.8799
23.5643	 5.8381
23.4577	 5.7639
23.3520	 5.7847
23.2473	 5.8723
23.1435	 5.6362
23.0407	 5.2558
22.9387	 5.1470
22.8377	 5.1167
22.7375	 5.0449
22.6382	 4.8340
22.5398	 4.6147
22.4422	 4.4556
22.3455	 4.3057
22.2496	 4.2056
22.1545	 4.1040
22.0602	 4.1059
21.9668	 4.1416
21.8741	 4.1858
21.7822	 4.3110
21.6910	 4.3818
21.6007	 4.4311
21.5110	 4.4775
21.4221	 4.5254
21.3340	 4.4802
21.2465	 4.4167
21.1598	 4.4787
21.0738	 4.3845
20.9885	 4.2952
20.9038	 4.2720
20.8199	 4.2097
20.7366	 4.0737
20.6540	 3.9416
20.5720	 3.8306
20.4907	 3.7527
20.4100	 3.7168
20.3300	 3.6855
20.2506	 3.6816
20.1718	 3.6948
20.0936	 3.7329
20.0160	 3.8347
19.9391	 3.9643
19.8627	 4.0513
19.7869	 4.0901
19.7116	 4.1750
19.6370	 4.2698
19.5628	 4.3288
19.4893	 4.4097
19.4163	 4.5283
19.3439	 4.5849
19.2719	 4.6435
19.2006	 4.7285
19.1297	 4.8166
19.0594	 4.8603
18.9896	 4.9939
18.9203	 5.1726
18.8515	 5.3567
18.7832	 5.5215
18.7153	 5.7375
18.6480	 5.9614
18.5812	 6.1875
18.5148	 6.3469
18.4489	 6.3620
18.3835	 6.3042
18.3185	 6.2573
18.2541	 6.1269
18.1900	 5.9380
18.1264	 5.8264
18.0633	 5.7671
18.0005	 5.7219
17.9382	 5.7644
17.8764	 5.8752
17.8150	 6.0234
17.7539	 6.2427
17.6934	 6.4653
17.6332	 6.6618
17.5734	 6.8132
17.5140	 6.9409
17.4551	 7.0522
17.3965	 7.0998
17.3383	 7.1072
17.2805	 7.0837
17.2231	 7.0525
17.1661	 7.0583
17.1094	 7.1421
17.0531	 7.2097
16.9972	 7.2356
16.9417	 7.2890
16.8865	 7.3381
16.8317	 7.3381
16.7772	 7.3435
16.7231	 7.3689
16.6693	 7.3374
16.6159	 7.2873
16.5628	 7.1936
16.5100	 7.1372
16.4576	 7.0871
16.4055	 6.9299
16.3538	 6.7844
16.3024	 6.6877
16.2513	 6.5686
16.2005	 6.4302
16.1500	 6.3992
16.0998	 6.4123
16.0500	 6.4768
16.0005	 6.5652
15.9513	 6.6250
15.9023	 6.5993
15.8537	 6.5608
15.8054	 6.5657
15.7573	 6.5129
15.7096	 6.3398
15.6621	 6.1059
15.6149	 5.9192
15.5680	 5.7085
15.5214	 5.3801
15.4751	 5.0464
15.4290	 4.6638
15.3832	 4.2278
15.3377	 3.7978
15.2925	 3.4175
15.2475	 3.0713
15.2028	 2.7771
15.1583	 2.5786
15.1141	 2.4853
15.0702	 2.3865
15.0265	 2.3403
14.9831	 2.3650
14.9399	 2.3704
14.8970	 2.3906
14.8543	 2.4370
14.8119	 2.4648
14.7697	 2.4692
14.7277	 2.4946
14.6860	 2.5166
14.6445	 2.5139
14.6033	 2.5076
14.5622	 2.5195
14.5214	 2.5532
14.4809	 2.5601
14.4405	 2.5742
14.4004	 2.6360
14.3605	 2.6799
14.3209	 2.6709
14.2814	 2.6719
14.2422	 2.7060
14.2032	 2.7493
14.1643	 2.7756
14.1258	 2.7932
14.0874	 2.8018
14.0492	 2.8274
14.0112	 2.8704
13.9734	 2.9197
13.9359	 2.9455
13.8985	 2.9560
13.8614	 3.0083
13.8244	 3.0564
13.7876	 3.0769
13.7511	 3.0913
13.7147	 3.0972
13.6785	 3.0940
13.6425	 3.0996
13.6067	 3.1096
13.5711	 3.1394
13.5356	 3.1389
13.5004	 3.0996
13.4653	 3.1138
13.4304	 3.1506
13.3957	 3.1611
13.3612	 3.1553
13.3269	 3.1692
13.2927	 3.1599
13.2587	 3.1509
13.2249	 3.1755
13.1912	 3.1780
13.1577	 3.1606
13.1244	 3.1587
13.0913	 3.1567
13.0583	 3.1435
13.0255	 3.1001
12.9929	 3.0720
12.9604	 3.0688
12.9281	 3.0422
12.8959	 2.9917
12.8639	 2.9543
12.8321	 2.9136
12.8004	 2.8652
12.7688	 2.8247
12.7375	 2.7847
12.7063	 2.7456
12.6752	 2.7358
12.6443	 2.7400
12.6135	 2.7126
12.5829	 2.7109
12.5524	 2.7622
12.5221	 2.8074
12.4919	 2.8398
12.4619	 2.8799
12.4320	 2.9189
12.4023	 2.9783
12.3727	 3.0383
12.3432	 3.1125
12.3139	 3.1802
12.2847	 3.2139
12.2557	 3.2800
12.2268	 3.3325
12.1980	 3.3899
12.1694	 3.4419
12.1409	 3.4770
12.1125	 3.5366
12.0843	 3.5901
12.0562	 3.6318
12.0282	 3.6660
12.0004	 3.7209
11.9726	 3.7656
11.9450	 3.7893
11.9176	 3.8367
11.8903	 3.8782
11.8631	 3.9158
11.8360	 3.9529
11.8090	 3.9902
11.7822	 4.0144
11.7555	 4.0434
11.7289	 4.0845
11.7024	 4.1216
11.6760	 4.1611
11.6498	 4.2031
11.6237	 4.2446
11.5977	 4.2849
11.5718	 4.3467
11.5460	 4.4006
11.5203	 4.4365
11.4948	 4.4802
11.4694	 4.5378
11.4440	 4.6323
11.4188	 4.7266
11.3937	 4.7932
11.3688	 4.8711
11.3439	 4.9714
11.3191	 5.0957
11.2944	 5.1897
11.2699	 5.2888
11.2455	 5.4223
11.2211	 5.5320
11.1969	 5.6338
11.1727	 5.7598
11.1487	 5.9028
11.1248	 5.9990
11.1010	 6.0945
11.0773	 6.1965
11.0536	 6.2895
11.0301	 6.3926
11.0067	 6.5124
10.9834	 6.6181
10.9602	 6.7051
10.9370	 6.8017
10.9140	 6.9038
10.8911	 6.9768
10.8682	 7.0596
10.8455	 7.1545
10.8229	 7.2156
10.8003	 7.2690
10.7779	 7.3513
10.7555	 7.4172
10.7332	 7.4504
10.7111	 7.4822
10.6890	 7.5332
10.6670	 7.5845
10.6451	 7.6184
10.6233	 7.6692
10.6015	 7.7095
10.5799	 7.7400
10.5584	 7.7805
10.5369	 7.8137
10.5155	 7.8308
10.4942	 7.8430
10.4730	 7.8520
10.4519	 7.8474
10.4309	 7.8354
10.4099	 7.8386
10.3891	 7.8215
10.3683	 7.7868
10.3476	 7.7695
10.3270	 7.7495
10.3065	 7.7290
10.2860	 7.7182
10.2656	 7.7143
10.2454	 7.7253
10.2251	 7.7573
10.2050	 7.7905
10.1850	 7.8125
10.1650	 7.8296
10.1451	 7.8667
10.1253	 7.9026
10.1056	 7.9319
10.0859	 7.9665
10.0663	 7.9934
10.0468	 7.9924
10.0274	 7.9934
10.0080	 8.0080
 9.9887	 8.0034
 9.9695	 7.9968
 9.9504	 7.9949
 9.9313	 7.9826
 9.9123	 7.9577
 9.8934	 7.9228
 9.8746	 7.8899
 9.8558	 7.8681
 9.8371	 7.8374
 9.8185	 7.7903
 9.7999	 7.7490
 9.7814	 7.7019
 9.7630	 7.6518
 9.7447	 7.5991
 9.7264	 7.5400
 9.7082	 7.4880
 9.6900	 7.4502
 9.6719	 7.3877
 9.6539	 7.3054
 9.6360	 7.2344
 9.6181	 7.1677
 9.6003	 7.0974
 9.5825	 7.0166
 9.5649	 6.9341
 9.5472	 6.8601
 9.5297	 6.7825
 9.5122	 6.7012
 9.4948	 6.6291
 9.4774	 6.5559
 9.4601	 6.4707
 9.4429	 6.3840
 9.4257	 6.3203
 9.4086	 6.2649
 9.3916	 6.1789
 9.3746	 6.0964
 9.3577	 6.0503
 9.3408	 6.0061
 9.3240	 5.9333
 9.3073	 5.8752
 9.2906	 5.8323
 9.2740	 5.7839
 9.2574	 5.7510
 9.2409	 5.7305
 9.2245	 5.7129
 9.2081	 5.7031
 9.1918	 5.7075
 9.1755	 5.7500
 9.1593	 5.7917
 9.1431	 5.8213
 9.1270	 5.8708
 9.1110	 5.9265
 9.0950	 5.9709
 9.0791	 6.0427
 9.0632	 6.1201
 9.0474	 6.1833
 9.0316	 6.2395
 9.0159	 6.3076
 9.0003	 6.3838
 8.9847	 6.4619
 8.9691	 6.5268
 8.9536	 6.5835
 8.9382	 6.6545
 8.9228	 6.7314
 8.9075	 6.8078
 8.8922	 6.8913
 8.8770	 6.9697
 8.8618	 7.0234
 8.8467	 7.0679
 8.8316	 7.1399
 8.8166	 7.2156
 8.8016	 7.2754
 8.7867	 7.3347
 8.7718	 7.3928
 8.7570	 7.4321
 8.7422	 7.4841
 8.7275	 7.5603
 8.7129	 7.6203
 8.6982	 7.6489
 8.6837	 7.6936
 8.6692	 7.7512
 8.6547	 7.7834
 8.6403	 7.8100
 8.6259	 7.8457
 8.6116	 7.8686
 8.5973	 7.8718
 8.5830	 7.8806
 8.5688	 7.8982
 8.5547	 7.8933
 8.5406	 7.8777
 8.5266	 7.8816
 8.5126	 7.8796
 8.4986	 7.8586
 8.4847	 7.8330
 8.4708	 7.8203
 8.4570	 7.8008
 8.4432	 7.7754
 8.4295	 7.7453
 8.4158	 7.7073
 8.4022	 7.6665
 8.3886	 7.6311
 8.3750	 7.5637
 8.3615	 7.4636
 8.3481	 7.3537
 8.3347	 7.2207
 8.3213	 7.0420
 8.3079	 6.8288
 8.2946	 6.5876
 8.2814	 6.3164
 8.2682	 6.0159
 8.2550	 5.6843
 8.2419	 5.3323
 8.2288	 4.9822
 8.2158	 4.6391
 8.2028	 4.2856
 8.1898	 3.9382
 8.1769	 3.6079
 8.1640	 3.2881
 8.1512	 2.9734
 8.1384	 2.6758
 8.1256	 2.3989
 8.1129	 2.1277
 8.1002	 1.8662
 8.0876	 1.6301
 8.0750	 1.4187
 8.0624	 1.2200
 8.0499	 1.0349
 8.0374	 0.8745
 8.0250	 0.7380
 8.0126	 0.6291
 8.0002	 0.5491
 7.9879	 0.4792
 7.9756	 0.4246
 7.9634	 0.3923
 7.9512	 0.3777
 7.9390	 0.3723
 7.9268	 0.3779
 7.9147	 0.3958
 7.9027	 0.4141
 7.8906	 0.4321
 7.8786	 0.4507
 7.8667	 0.4690
 7.8548	 0.4944
 7.8429	 0.5261
 7.8310	 0.5496
 7.8192	 0.5679
 7.8075	 0.5977
 7.7957	 0.6291
 7.7840	 0.6541
 7.7723	 0.6792
 7.7607	 0.6980
 7.7491	 0.7166
 7.7375	 0.7441
 7.7260	 0.7664
 7.7145	 0.7964
 7.7031	 0.8191
 7.6916	 0.8459
 7.6802	 0.8755
 7.6689	 0.8957
 7.6575	 0.9160
 7.6462	 0.9399
 7.6350	 0.9622
 7.6238	 0.9839
 7.6126	 1.0051
 7.6014	 1.0173
 7.5903	 1.0371
 7.5792	 1.0637
 7.5681	 1.0830
 7.5571	 1.1025
 7.5461	 1.1226
 7.5351	 1.1345
 7.5242	 1.1487
 7.5133	 1.1709
 7.5024	 1.1956
 7.4916	 1.2075
 7.4807	 1.2224
 7.4700	 1.2468
 7.4592	 1.2681
 7.4485	 1.2854
 7.4378	 1.2927
 7.4272	 1.3037
 7.4165	 1.3240
 7.4059	 1.3418
 7.3954	 1.3618
 7.3848	 1.3777
 7.3743	 1.3892
 7.3639	 1.4065
 7.3534	 1.4260
 7.3430	 1.4441
 7.3326	 1.4570
 7.3223	 1.4753
 7.3119	 1.4863
 7.3016	 1.4976
 7.2914	 1.5188
 7.2811	 1.5386
 7.2709	 1.5461
 7.2607	 1.5532
 7.2506	 1.5659
 7.2404	 1.5818
 7.2303	 1.6003
 7.2203	 1.6196
 7.2102	 1.6279
 7.2002	 1.6357
 7.1902	 1.6450
 7.1803	 1.6587
 7.1703	 1.6702
 7.1604	 1.6792
 7.1506	 1.6873
 7.1407	 1.6992
 7.1309	 1.7187
 7.1211	 1.7351
 7.1113	 1.7458
 7.1016	 1.7576
 7.0919	 1.7637
 7.0822	 1.7715
 7.0725	 1.7893
 7.0629	 1.8027
 7.0533	 1.8096
 7.0437	 1.8147
 7.0341	 1.8284
 7.0246	 1.8457
 7.0151	 1.8533
 7.0056	 1.8611
 6.9962	 1.8735
 6.9867	 1.8799
 6.9773	 1.8843
 6.9679	 1.8938
 6.9586	 1.9031
 6.9493	 1.9143
 6.9400	 1.9214
 6.9307	 1.9250
 6.9214	 1.9331
 6.9122	 1.9365
 6.9030	 1.9377
 6.8938	 1.9514
 6.8847	 1.9607
 6.8755	 1.9663
 6.8664	 1.9663
 6.8573	 1.9702
 6.8483	 1.9807
 6.8393	 1.9817
 6.8302	 1.9839
 6.8213	 1.9927
 6.8123	 2.0068
 6.8034	 2.0129
 6.7944	 2.0151
 6.7855	 2.0193
 6.7767	 2.0220
 6.7678	 2.0349
 6.7590	 2.0425
 6.7502	 2.0417
 6.7414	 2.0498
 6.7327	 2.0530
 6.7239	 2.0527
 6.7152	 2.0547
 6.7065	 2.0586
 6.6979	 2.0684
 6.6892	 2.0747
 6.6806	 2.0732
 6.6720	 2.0693
 6.6634	 2.0759
 6.6549	 2.0886
 6.6464	 2.0903
 6.6378	 2.0896
 6.6294	 2.0937
 6.6209	 2.1001
 6.6124	 2.1038
 6.6040	 2.0998
 6.5956	 2.1045
 6.5872	 2.1186
 6.5789	 2.1204
 6.5705	 2.1265
 6.5622	 2.1377
 6.5539	 2.1384
 6.5456	 2.1345
 6.5374	 2.1414
 6.5292	 2.1514
 6.5209	 2.1536
 6.5128	 2.1509
 6.5046	 2.1492
 6.4964	 2.1555
 6.4883	 2.1602
 6.4802	 2.1628
 6.4721	 2.1667
 6.4640	 2.1667
 6.4560	 2.1638
 6.4480	 2.1650
 6.4399	 2.1653
 6.4320	 2.1689
 6.4240	 2.1692
 6.4160	 2.1728
 6.4081	 2.1716
 6.4002	 2.1750
 6.3923	 2.1741
 6.3844	 2.1724
 6.3766	 2.1782
 6.3687	 2.1865
 6.3609	 2.1919
 6.3531	 2.1894
 6.3454	 2.1821
 6.3376	 2.1921
 6.3299	 2.1931
 6.3221	 2.1912
 6.3144	 2.1982
 6.3068	 2.2004
 6.2991	 2.1982
 6.2914	 2.2004
 6.2838	 2.1999
 6.2762	 2.2004
 6.2686	 2.2053
 6.2611	 2.2029
 6.2535	 2.2041
 6.2460	 2.2104
 6.2385	 2.2153
 6.2310	 2.2207
 6.2235	 2.2192
 6.2160	 2.2190
 6.2086	 2.2239
 6.2011	 2.2253
 6.1937	 2.2241
 6.1863	 2.2205
 6.1790	 2.2248
 6.1716	 2.2234
 6.1643	 2.2261
 6.1570	 2.2329
 6.1496	 2.2383
 6.1424	 2.2456
 6.1351	 2.2500
 6.1278	 2.2488
 6.1206	 2.2485
 6.1134	 2.2588
 6.1062	 2.2634
 6.0990	 2.2615
 6.0918	 2.2671
 6.0847	 2.2742
 6.0776	 2.2671
 6.0704	 2.2654
 6.0633	 2.2729
 6.0563	 2.2803
 6.0492	 2.2817
 6.0421	 2.2827
 6.0351	 2.2895
 6.0281	 2.2937
 6.0211	 2.2952
 6.0141	 2.3010
 6.0071	 2.2991
 6.0002	 2.3057
 5.9932	 2.3174
 5.9863	 2.3267
 5.9794	 2.3384
 5.9725	 2.3415
 5.9657	 2.3467
 5.9588	 2.3560
 5.9520	 2.3682
 5.9451	 2.3740
 5.9383	 2.3733
 5.9315	 2.3860
 5.9247	 2.4102
 5.9180	 2.4182
 5.9112	 2.4258
 5.9045	 2.4372
 5.8978	 2.4456
 5.8911	 2.4563
 5.8844	 2.4683
 5.8777	 2.4858
 5.8711	 2.5073
 5.8644	 2.5159
 5.8578	 2.5273
 5.8512	 2.5422
 5.8446	 2.5588
 5.8380	 2.5757
 5.8314	 2.5798
 5.8249	 2.5881
 5.8184	 2.6077
 5.8118	 2.6191
 5.8053	 2.6267
 5.7988	 2.6404
 5.7924	 2.6584
 5.7859	 2.6736
 5.7794	 2.6870
 5.7730	 2.6948
 5.7666	 2.7058
 5.7602	 2.7261
 5.7538	 2.7388
 5.7474	 2.7493
 5.7410	 2.7624
 5.7347	 2.7744
 5.7283	 2.7861
 5.7220	 2.7974
 5.7157	 2.8098
 5.7094	 2.8230
 5.7031	 2.8315
 5.6969	 2.8474
 5.6906	 2.8652
 5.6844	 2.8743
 5.6782	 2.8804
 5.6719	 2.8899
 5.6657	 2.9043
 5.6596	 2.9172
 5.6534	 2.9302
 5.6472	 2.9402
 5.6411	 2.9477
 5.6349	 2.9663
 5.6288	 2.9824
 5.6227	 2.9958
 5.6166	 3.0059
 5.6106	 3.0239
 5.6045	 3.0420
 5.5984	 3.0552
 5.5924	 3.0659
 5.5864	 3.0818
 5.5804	 3.1011
 5.5744	 3.1113
 5.5684	 3.1228
 5.5624	 3.1431
 5.5564	 3.1592
 5.5505	 3.1697
 5.5445	 3.1821
 5.5386	 3.1977
 5.5327	 3.2124
 5.5268	 3.2217
 5.5209	 3.2222
 5.5151	 3.2285
 5.5092	 3.2424
 5.5033	 3.2544
 5.4975	 3.2683
 5.4917	 3.2847
 5.4859	 3.2934
 5.4801	 3.2981
 5.4743	 3.3142
 5.4685	 3.3232
 5.4628	 3.3362
 5.4570	 3.3518
 5.4513	 3.3728
 5.4455	 3.3943
 5.4398	 3.4101
 5.4341	 3.4231
 5.4284	 3.4426
 5.4228	 3.4607
 5.4171	 3.4773
 5.4114	 3.5066
 5.4058	 3.5298
 5.4002	 3.5459
 5.3945	 3.5662
 5.3889	 3.5845
 5.3833	 3.6057
 5.3778	 3.6294
 5.3722	 3.6572
 5.3666	 3.6807
 5.3611	 3.6955
 5.3555	 3.7165
 5.3500	 3.7427
 5.3445	 3.7654
 5.3390	 3.7908
 5.3335	 3.8188
 5.3280	 3.8386
 5.3225	 3.8625
 5.3171	 3.8894
 5.3116	 3.9177
 5.3062	 3.9375
 5.3008	 3.9582
 5.2954	 3.9846
 5.2900	 4.0122
 5.2846	 4.0391
 5.2792	 4.0649
 5.2738	 4.0925
 5.2684	 4.1216
 5.2631	 4.1489
 5.2578	 4.1704
 5.2524	 4.1953
 5.2471	 4.2312
 5.2418	 4.2661
 5.2365	 4.2978
 5.2312	 4.3257
 5.2260	 4.3535
 5.2207	 4.3823
 5.2154	 4.4131
 5.2102	 4.4502
 5.2050	 4.4839
 5.1998	 4.5166
 5.1945	 4.5542
 5.1893	 4.5950
 5.1842	 4.6409
 5.1790	 4.6760
 5.1738	 4.7038
 5.1686	 4.7353
 5.1635	 4.7783
 5.1584	 4.8276
 5.1532	 4.8660
 5.1481	 4.9119
 5.1430	 4.9607
 5.1379	 4.9963
 5.1328	 5.0403
 5.1277	 5.0903
 5.1227	 5.1369
 5.1176	 5.1782
 5.1126	 5.2251
 5.1075	 5.2681
 5.1025	 5.3120
 5.0975	 5.3559
 5.0925	 5.4004
 5.0875	 5.4485
 5.0825	 5.4939
 5.0775	 5.5349
 5.0726	 5.5796
 5.0676	 5.6245
 5.0627	 5.6628
 5.0577	 5.7029
 5.0528	 5.7385
 5.0479	 5.7788
 5.0430	 5.8266
 5.0380	 5.8679
 5.0332	 5.8945
 5.0283	 5.9350
 5.0234	 5.9819
 5.0185	 6.0166
 5.0137	 6.0549
 5.0088	 6.0962
 5.0040	 6.1330
 4.9992	 6.1650
 4.9944	 6.1972
 4.9896	 6.2407
 4.9848	 6.2788
 4.9800	 6.3166
 4.9752	 6.3493
 4.9704	 6.3689
 4.9657	 6.3955
 4.9609	 6.4299
 4.9562	 6.4573
 4.9514	 6.4895
 4.9467	 6.5259
 4.9420	 6.5505
 4.9373	 6.5639
 4.9326	 6.5903
 4.9279	 6.6186
 4.9232	 6.6474
 4.9186	 6.6797
 4.9139	 6.7021
 4.9092	 6.7202
 4.9046	 6.7451
 4.9000	 6.7641
 4.8953	 6.7851
 4.8907	 6.8120
 4.8861	 6.8367
 4.8815	 6.8603
 4.8769	 6.8845
 4.8723	 6.9104
 4.8678	 6.9319
 4.8632	 6.9548
 4.8586	 6.9795
 4.8541	 7.0056
 4.8495	 7.0271
 4.8450	 7.0515
 4.8405	 7.0810
 4.8360	 7.1045
 4.8315	 7.1260
 4.8270	 7.1501
 4.8225	 7.1723
 4.8180	 7.2068
 4.8135	 7.2363
 4.8090	 7.2490
 4.8046	 7.2676
 4.8001	 7.2939
 4.7957	 7.3157
 4.7913	 7.3435
 4.7868	 7.3735
 4.7824	 7.4060
 4.7780	 7.4353
 4.7736	 7.4648
 4.7692	 7.4912
 4.7648	 7.5166
 4.7605	 7.5478
 4.7561	 7.5705
 4.7517	 7.6003
 4.7474	 7.6413
 4.7431	 7.6719
 4.7387	 7.6990
 4.7344	 7.7344
 4.7301	 7.7720
 4.7258	 7.8025
 4.7215	 7.8359
 4.7172	 7.8818
 4.7129	 7.9140
 4.7086	 7.9446
 4.7043	 7.9883
 4.7000	 8.0329
 4.6958	 8.0813
 4.6915	 8.1272
 4.6873	 8.1616
 4.6831	 8.1997
 4.6788	 8.2356
 4.6746	 8.2793
 4.6704	 8.3364
 4.6662	 8.3884
 4.6620	 8.4402
 4.6578	 8.4822
 4.6536	 8.5217
 4.6495	 8.5698
 4.6453	 8.6174
 4.6411	 8.6628
 4.6370	 8.7204
 4.6328	 8.7702
 4.6287	 8.8166
 4.6246	 8.8720
 4.6205	 8.9265
 4.6163	 8.9778
 4.6122	 9.0337
 4.6081	 9.0869
 4.6040	 9.1335
 4.6000	 9.1858
 4.5959	 9.2478
 4.5918	 9.3056
 4.5877	 9.3567
 4.5837	 9.4065
 4.5796	 9.4663
 4.5756	 9.5173
 4.5716	 9.5666
 4.5675	 9.6274
 4.5635	 9.6760
 4.5595	 9.7146
 4.5555	 9.7741
 4.5515	 9.8330
 4.5475	 9.8867
 4.5435	 9.9409
 4.5395	 9.9861
 4.5356	10.0271
 4.5316	10.0754
 4.5276	10.1206
 4.5237	10.1633
 4.5197	10.2082
 4.5158	10.2634
 4.5119	10.3132
 4.5080	10.3503
 4.5040	10.3947
 4.5001	10.4431
 4.4962	10.4941
 4.4923	10.5471
 4.4884	10.5920
 4.4846	10.6289
 4.4807	10.6704
 4.4768	10.7121
 4.4730	10.7514
 4.4691	10.7976
 4.4652	10.8359
 4.4614	10.8742
 4.4576	10.9140
 4.4537	10.9509
 4.4499	10.9861
 4.4461	11.0193
 4.4423	11.0586
 4.4385	11.1013
 4.4347	11.1367
 4.4309	11.1758
 4.4271	11.2134
 4.4233	11.2524
 4.4196	11.2942
 4.4158	11.3274
 4.4120	11.3586
 4.4083	11.3930
 4.4045	11.4306
 4.4008	11.4680
 4.3971	11.4951
 4.3934	11.5302
 4.3896	11.5705
 4.3859	11.6106
 4.3822	11.6487
 4.3785	11.6797
 4.3748	11.7185
 4.3711	11.7534
 4.3674	11.7890
 4.3638	11.8354
 4.3601	11.8740
 4.3564	11.9111
 4.3528	11.9526
 4.3491	11.9929
 4.3455	12.0254
 4.3418	12.0610
 4.3382	12.1052
 4.3346	12.1369
 4.3310	12.1674
 4.3273	12.2082
 4.3237	12.2573
 4.3201	12.3103
 4.3165	12.3496
 4.3129	12.3777
 4.3094	12.4170
 4.3058	12.4624
 4.3022	12.5058
 4.2986	12.5476
 4.2951	12.5849
 4.2915	12.6281
 4.2880	12.6748
 4.2844	12.7153
 4.2809	12.7570
 4.2774	12.7988
 4.2738	12.8354
 4.2703	12.8752
 4.2668	12.9109
 4.2633	12.9455
 4.2598	12.9907
 4.2563	13.0300
 4.2528	13.0634
 4.2493	13.1020
 4.2458	13.1433
 4.2424	13.1750
 4.2389	13.2060
 4.2354	13.2361
 4.2320	13.2668
 4.2285	13.2942
 4.2251	13.3259
 4.2216	13.3466
 4.2182	13.3686
 4.2148	13.3957
 4.2113	13.4233
 4.2079	13.4511
 4.2045	13.4712
 4.2011	13.4880
 4.1977	13.5219
 4.1943	13.5507
 4.1909	13.5637
 4.1875	13.5778
 4.1841	13.6045
 4.1808	13.6196
 4.1774	13.6338
 4.1740	13.6435
 4.1707	13.6579
 4.1673	13.6775
 4.1640	13.7014
 4.1606	13.7082
 4.1573	13.7148
 4.1540	13.7378
 4.1506	13.7492
 4.1473	13.7580
 4.1440	13.7663
 4.1407	13.7710
 4.1374	13.7800
 4.1341	13.7920
 4.1308	13.8029
 4.1275	13.8191
 4.1242	13.8274
 4.1209	13.8332
 4.1177	13.8447
 4.1144	13.8464
 4.1111	13.8650
 4.1079	13.8820
 4.1046	13.8830
 4.1014	13.8891
 4.0981	13.9057
 4.0949	13.9099
 4.0917	13.9104
 4.0884	13.9182
 4.0852	13.9231
 4.0820	13.9343
 4.0788	13.9428
 4.0756	13.9443
 4.0724	13.9511
 4.0692	13.9514
 4.0660	13.9616
 4.0628	13.9812
 4.0596	13.9860
 4.0565	13.9912
 4.0533	13.9936
 4.0501	13.9978
 4.0470	14.0051
 4.0438	14.0075
 4.0406	14.0200
 4.0375	14.0285
 4.0344	14.0305
 4.0312	14.0405
 4.0281	14.0505
 4.0250	14.0542
 4.0218	14.0478
 4.0187	14.0473
 4.0156	14.0630
 4.0125	14.0742
 4.0094	14.0727
 4.0063	14.0749
 4.0032	14.0815
 4.0001	14.0844
 3.9970	14.0830
 3.9940	14.0861
 3.9909	14.0925
 3.9878	14.0964
 3.9847	14.0993
 3.9817	14.1035
 3.9786	14.1062
 3.9756	14.1128
 3.9725	14.1237
 3.9695	14.1308
 3.9665	14.1289
 3.9634	14.1330
 3.9604	14.1494
 3.9574	14.1552
 3.9544	14.1650
 3.9513	14.1843
 3.9483	14.1848
 3.9453	14.1862
 3.9423	14.2009
 3.9393	14.2114
 3.9363	14.2131
 3.9333	14.2141
 3.9304	14.2321
 3.9274	14.2436
 3.9244	14.2480
 3.9214	14.2551
 3.9185	14.2622
 3.9155	14.2651
 3.9126	14.2717
 3.9096	14.2824
 3.9067	14.2907
 3.9037	14.3020
 3.9008	14.3095
 3.8979	14.3078
 3.8949	14.3208
 3.8920	14.3298
 3.8891	14.3357
 3.8862	14.3364
 3.8833	14.3413
 3.8804	14.3464
 3.8775	14.3493
 3.8746	14.3586
 3.8717	14.3613
 3.8688	14.3667
 3.8659	14.3776
 3.8630	14.3806
 3.8601	14.3798
 3.8573	14.3857
 3.8544	14.4006
 3.8515	14.4038
 3.8487	14.4023
 3.8458	14.4016
 3.8430	14.4013
 3.8401	14.4101
 3.8373	14.4231
 3.8344	14.4277
 3.8316	14.4355
 3.8288	14.4436
 3.8259	14.4482
 3.8231	14.4536
 3.8203	14.4629
 3.8175	14.4665
 3.8147	14.4663
 3.8119	14.4746
 3.8091	14.4770
 3.8063	14.4812
 3.8035	14.4853
 3.8007	14.4922
 3.7979	14.4941
 3.7951	14.5012
 3.7924	14.5005
 3.7896	14.5046
 3.7868	14.5088
 3.7841	14.5188
 3.7813	14.5258
 3.7785	14.5368
 3.7758	14.5376
 3.7730	14.5290
 3.7703	14.5380
 3.7676	14.5437
 3.7648	14.5481
 3.7621	14.5568
 3.7594	14.5632
 3.7566	14.5669
 3.7539	14.5622
 3.7512	14.5581
 3.7485	14.5600
 3.7458	14.5610
 3.7431	14.5642
 3.7404	14.5752
 3.7377	14.5666
 3.7350	14.5598
 3.7323	14.5715
 3.7296	14.5778
 3.7269	14.5808
 3.7242	14.5778
 3.7216	14.5769
 3.7189	14.5810
 3.7162	14.5769
 3.7136	14.5695
 3.7109	14.5769
 3.7083	14.5852
 3.7056	14.5886
 3.7030	14.5788
 3.7003	14.5730
 3.6977	14.5808
 3.6950	14.5852
 3.6924	14.5866
 3.6898	14.5832
 3.6872	14.5825
 3.6845	14.5839
 3.6819	14.5739
 3.6793	14.5771
 3.6767	14.5879
 3.6741	14.5847
 3.6715	14.5791
 3.6689	14.5859
 3.6663	14.5864
 3.6637	14.5815
 3.6611	14.5817
 3.6585	14.5805
 3.6560	14.5932
 3.6534	14.5925
 3.6508	14.5781
 3.6482	14.5852
 3.6457	14.5991
 3.6431	14.5996
 3.6406	14.5971
 3.6380	14.5940
 3.6355	14.5879
 3.6329	14.5881
 3.6304	14.5940
 3.6278	14.5935
 3.6253	14.5954
 3.6227	14.5966
 3.6202	14.6010
 3.6177	14.6062
 3.6152	14.6074
 3.6127	14.6125
 3.6101	14.6113
 3.6076	14.6084
 3.6051	14.6132
 3.6026	14.6174
 3.6001	14.6128
 3.5976	14.6057
 3.5951	14.6062
 3.5926	14.6115
 3.5901	14.6179
 3.5876	14.6130
 3.5852	14.5966
 3.5827	14.5942
 3.5802	14.6057
 3.5777	14.6042
 3.5753	14.5991
 3.5728	14.5996
 3.5704	14.5981
 3.5679	14.5969
 3.5654	14.6032
 3.5630	14.5966
 3.5605	14.5920
 3.5581	14.5922
 3.5557	14.5898
 3.5532	14.5796
 3.5508	14.5769
 3.5484	14.5747
 3.5459	14.5713
 3.5435	14.5769
 3.5411	14.5734
 3.5387	14.5627
 3.5363	14.5600
 3.5338	14.5402
 3.5314	14.5339
 3.5290	14.5388
 3.5266	14.5315
 3.5242	14.5083
 3.5218	14.4809
 3.5195	14.4450
 3.5171	14.3986
 3.5147	14.3291
 3.5123	14.2373
 3.5099	14.1594
 3.5075	14.1023
 3.5052	14.0737
 3.5028	14.0788
 3.5004	14.1196
 3.4981	14.1692
 3.4957	14.2055
 3.4934	14.2414
 3.4910	14.2832
 3.4887	14.3095
 3.4863	14.3217
 3.4840	14.3335
 3.4816	14.3391
 3.4793	14.3408
 3.4770	14.3488
 3.4746	14.3615
 3.4723	14.3547
 3.4700	14.3501
 3.4677	14.3642
 3.4653	14.3701
 3.4630	14.3513
 3.4607	14.3484
 3.4584	14.3432
 3.4561	14.3230
 3.4538	14.2971
 3.4515	14.2807
 3.4492	14.2585
 3.4469	14.2373
 3.4446	14.2287
 3.4423	14.2053
 3.4400	14.1687
 3.4378	14.1411
 3.4355	14.0925
 3.4332	14.0149
 3.4309	13.9355
 3.4287	13.8686
 3.4264	13.8039
 3.4241	13.7505
 3.4219	13.7197
 3.4196	13.7124
 3.4174	13.7258
 3.4151	13.7443
 3.4129	13.7763
 3.4106	13.8291
 3.4084	13.8928
 3.4061	13.9509
 3.4039	14.0000
 3.4017	14.0522
 3.3994	14.1098
 3.3972	14.1440
 3.3950	14.1733
 3.3928	14.2097
 3.3906	14.2236
 3.3883	14.2209
 3.3861	14.2133
 3.3839	14.2111
 3.3817	14.2153
 3.3795	14.2141
 3.3773	14.2302
 3.3751	14.2512
 3.3729	14.2754
 3.3707	14.3071
 3.3685	14.3310
 3.3663	14.3584
 3.3641	14.3825
 3.3620	14.3999
 3.3598	14.4218
 3.3576	14.4509
 3.3554	14.4741
 3.3533	14.4912
 3.3511	14.5019
 3.3489	14.5173
 3.3468	14.5427
 3.3446	14.5549
 3.3425	14.5559
 3.3403	14.5686
 3.3382	14.5796
 3.3360	14.5898
 3.3339	14.5896
 3.3317	14.5891
 3.3296	14.5854
 3.3274	14.5901
 3.3253	14.5908
 3.3232	14.5854
 3.3210	14.5822
 3.3189	14.5944
 3.3168	14.5996
 3.3147	14.5949
 3.3126	14.6008
 3.3104	14.6064
 3.3083	14.6076
 3.3062	14.6120
 3.3041	14.6157
 3.3020	14.6193
 3.2999	14.6189
 3.2978	14.6052
 3.2957	14.5991
 3.2936	14.6113
 3.2915	14.6147
 3.2894	14.6062
 3.2874	14.6023
 3.2853	14.6001
 3.2832	14.5974
 3.2811	14.5918
 3.2790	14.5952
 3.2770	14.6093
 3.2749	14.6042
 3.2728	14.5937
 3.2708	14.6084
 3.2687	14.5964
 3.2666	14.5839
 3.2646	14.5942
 3.2625	14.5879
 3.2605	14.5827
 3.2584	14.5866
 3.2564	14.5857
 3.2543	14.5808
 3.2523	14.5825
 3.2503	14.5783
 3.2482	14.5691
 3.2462	14.5691
 3.2442	14.5754
 3.2421	14.5744
 3.2401	14.5827
 3.2381	14.5842
 3.2361	14.5774
 3.2340	14.5720
 3.2320	14.5637
 3.2300	14.5610
 3.2280	14.5730
 3.2260	14.5788
 3.2240	14.5717
 3.2220	14.5642
 3.2200	14.5590
 3.2180	14.5529
 3.2160	14.5605
 3.2140	14.5713
 3.2120	14.5783
 3.2100	14.5752
 3.2080	14.5664
 3.2060	14.5568
 3.2040	14.5542
 3.2021	14.5610
 3.2001	14.5512
 3.1981	14.5405
 3.1961	14.5527
 3.1942	14.5642
 3.1922	14.5610
 3.1902	14.5564
 3.1883	14.5507
 3.1863	14.5459
 3.1844	14.5505
 3.1824	14.5578
 3.1805	14.5483
 3.1785	14.5395
 3.1766	14.5415
 3.1746	14.5361
 3.1727	14.5412
 3.1707	14.5412
 3.1688	14.5329
 3.1669	14.5341
 3.1649	14.5415
 3.1630	14.5422
 3.1611	14.5212
 3.1591	14.5097
 3.1572	14.5192
 3.1553	14.5161
 3.1534	14.5019
 3.1515	14.4978
 3.1495	14.5000
 3.1476	14.5073
 3.1457	14.5019
 3.1438	14.4909
 3.1419	14.4878
 3.1400	14.4880
 3.1381	14.4887
 3.1362	14.4795
 3.1343	14.4712
 3.1324	14.4714
 3.1305	14.4587
 3.1286	14.4582
 3.1268	14.4677
 3.1249	14.4558
 3.1230	14.4460
 3.1211	14.4467
 3.1192	14.4521
 3.1174	14.4580
 3.1155	14.4555
 3.1136	14.4533
 3.1117	14.4546
 3.1099	14.4504
 3.1080	14.4450
 3.1061	14.4445
 3.1043	14.4477
 3.1024	14.4509
 3.1006	14.4450
 3.0987	14.4340
 3.0969	14.4360
 3.0950	14.4414
 3.0932	14.4348
 3.0913	14.4275
 3.0895	14.4289
 3.0876	14.4216
 3.0858	14.4260
 3.0840	14.4343
 3.0821	14.4277
 3.0803	14.4145
 3.0785	14.4165
 3.0766	14.4113
 3.0748	14.3999
 3.0730	14.4033
 3.0712	14.4057
 3.0694	14.3962
 3.0675	14.3935
 3.0657	14.3794
 3.0639	14.3596
 3.0621	14.3540
 3.0603	14.3698
 3.0585	14.3769
 3.0567	14.3794
 3.0549	14.3659
 3.0531	14.3606
 3.0513	14.3647
 3.0495	14.3588
 3.0477	14.3588
 3.0459	14.3523
 3.0441	14.3549
 3.0423	14.3498
 3.0406	14.3413
 3.0388	14.3391
 3.0370	14.3513
 3.0352	14.3525
 3.0334	14.3452
 3.0317	14.3330
 3.0299	14.3432
 3.0281	14.3601
 3.0264	14.3562
 3.0246	14.3401
 3.0228	14.3256
 3.0211	14.3266
 3.0193	14.3357
 3.0176	14.3361
 3.0158	14.3432
 3.0140	14.3371
 3.0123	14.3112
 3.0105	14.3083
 3.0088	14.3127
 3.0070	14.3068
 3.0053	14.3161
 3.0036	14.3054
 3.0018	14.2956
 3.0001	14.3127
 2.9984	14.3073
 2.9966	14.3090
 2.9949	14.3029
 2.9932	14.2929
 2.9914	14.3007
 2.9897	14.3132
 2.9880	14.3252
 2.9863	14.3408
 2.9845	14.3339
 2.9828	14.3261
 2.9811	14.3310
 2.9794	14.3298
 2.9777	14.3239
 2.9760	14.3278
 2.9743	14.3342
 2.9726	14.3435
 2.9709	14.3339
 2.9692	14.3234
 2.9675	14.3325
 2.9658	14.3469
 2.9641	14.3452
 2.9624	14.3562
 2.9607	14.3581
 2.9590	14.3508
 2.9573	14.3520
 2.9556	14.3510
 2.9539	14.3698
 2.9523	14.3947
 2.9506	14.3921
 2.9489	14.3999
 2.9472	14.3960
 2.9455	14.4038
 2.9439	14.4057
 2.9422	14.4021
 2.9405	14.4060
 2.9389	14.4143
 2.9372	14.4211
 2.9355	14.4221
 2.9339	14.4238
 2.9322	14.4389
 2.9306	14.4358
 2.9289	14.4255
 2.9272	14.4194
 2.9256	14.4233
 2.9239	14.4401
 2.9223	14.4463
 2.9207	14.4367
 2.9190	14.4323
 2.9174	14.4453
 2.9157	14.4470
 2.9141	14.4511
 2.9124	14.4553
 2.9108	14.4665
 2.9092	14.4836
 2.9075	14.5066
 2.9059	14.5100
 2.9043	14.5048
 2.9027	14.5114
 2.9010	14.5327
 2.8994	14.5510
 2.8978	14.5498
 2.8962	14.5503
 2.8946	14.5505
 2.8929	14.5393
 2.8913	14.5505
 2.8897	14.5593
 2.8881	14.5739
 2.8865	14.5825
 2.8849	14.5808
 2.8833	14.5927
 2.8817	14.5996
 2.8801	14.5957
 2.8785	14.6023
 2.8769	14.5896
 2.8753	14.5764
 2.8737	14.6025
 2.8721	14.6220
 2.8705	14.6252
 2.8689	14.6237
 2.8673	14.6421
 2.8658	14.6530
 2.8642	14.6694
 2.8626	14.6682
 2.8610	14.6694
 2.8594	14.6906
 2.8579	14.7087
 2.8563	14.7085
 2.8547	14.7151
 2.8531	14.7075
 2.8516	14.7175
 2.8500	14.7451
 2.8484	14.7536
 2.8469	14.7451
 2.8453	14.7451
 2.8437	14.7607
 2.8422	14.7634
 2.8406	14.7690
 2.8391	14.7732
 2.8375	14.7705
 2.8360	14.7749
 2.8344	14.7714
 2.8329	14.7612
 2.8313	14.7653
 2.8298	14.7971
 2.8282	14.8005
 2.8267	14.7961
 2.8252	14.7973
 2.8236	14.8049
 2.8221	14.8203
 2.8205	14.8237
 2.8190	14.8254
 2.8175	14.8276
 2.8159	14.8227
 2.8144	14.8344
 2.8129	14.8525
 2.8114	14.8591
 2.8098	14.8606
 2.8083	14.8615
 2.8068	14.8591
 2.8053	14.8540
 2.8038	14.8493
 2.8022	14.8623
 2.8007	14.8735
 2.7992	14.8735
 2.7977	14.8781
 2.7962	14.8798
 2.7947	14.8791
 2.7932	14.8889
 2.7917	14.8947
 2.7902	14.8964
 2.7887	14.8916
 2.7872	14.9035
 2.7857	14.9111
 2.7842	14.9130
 2.7827	14.9174
 2.7812	14.9262
 2.7797	14.9172
 2.7782	14.9253
 2.7767	14.9267
 2.7752	14.9047
 2.7738	14.8979
 2.7723	14.9104
 2.7708	14.9311
 2.7693	14.9433
 2.7678	14.9253
 2.7664	14.9211
 2.7649	14.9240
 2.7634	14.9257
 2.7619	14.9209
 2.7605	14.9299
 2.7590	14.9423
 2.7575	14.9423
 2.7561	14.9348
 2.7546	14.9626
 2.7531	14.9731
 2.7517	14.9782
 2.7502	14.9909
 2.7488	15.0112
 2.7473	15.0219
 2.7458	15.0149
 2.7444	15.0200
 2.7429	15.0197
 2.7415	15.0139
 2.7400	15.0346
 2.7386	15.0593
 2.7371	15.0544
 2.7357	15.0683
 2.7343	15.0749
 2.7328	15.0761
 2.7314	15.0810
 2.7299	15.0979
 2.7285	15.1150
 2.7271	15.1228
 2.7256	15.1137
 2.7242	15.1079
 2.7228	15.1335
 2.7213	15.1130
 2.7199	15.1093
 2.7185	15.1396
 2.7171	15.1445
 2.7156	15.1381
 2.7142	15.1413
 2.7128	15.1430
 2.7114	15.1303
 2.7100	15.1298
 2.7085	15.1518
 2.7071	15.1552
 2.7057	15.1489
 2.7043	15.1557
 2.7029	15.1648
 2.7015	15.1670
 2.7001	15.2038
 2.6987	15.2246
 2.6973	15.2202
 2.6959	15.2277
 2.6945	15.2407
 2.6931	15.2710
 2.6917	15.2976
 2.6903	15.3005
 2.6889	15.3222
 2.6875	15.3537
 2.6861	15.3410
 2.6847	15.3383
 2.6833	15.3491
 2.6819	15.3598
 2.6805	15.3808
 2.6791	15.3857
 2.6778	15.3811
 2.6764	15.3730
 2.6750	15.4033
 2.6736	15.4240
 2.6722	15.4206
 2.6709	15.3967
 2.6695	15.4145
 2.6681	15.4296
 2.6667	15.4096
 2.6654	15.4091
 2.6640	15.4162
 2.6626	15.4226
 2.6613	15.4267
 2.6599	15.4272
 2.6585	15.4253
 2.6572	15.4165
 2.6558	15.3964
 2.6545	15.3884
 2.6531	15.3918
 2.6517	15.4021
 2.6504	15.3969
 2.6490	15.3984
 2.6477	15.4008
 2.6463	15.3857
 2.6450	15.3916
 2.6436	15.4028
 2.6423	15.3999
 2.6409	15.4077
 2.6396	15.4211
 2.6382	15.4238
 2.6369	15.4199
 2.6356	15.4140
 2.6342	15.4150
 2.6329	15.4223
 2.6315	15.4223
 2.6302	15.4292
 2.6289	15.4397
 2.6275	15.4243
 2.6262	15.4043
 2.6249	15.4296
 2.6236	15.4462
 2.6222	15.4277
 2.6209	15.4113
 2.6196	15.4121
 2.6183	15.4135
 2.6169	15.4113
 2.6156	15.4094
 2.6143	15.4199
 2.6130	15.4253
 2.6117	15.4213
 2.6103	15.4160
 2.6090	15.4240
 2.6077	15.4199
 2.6064	15.3984
 2.6051	15.4126
 2.6038	15.4316
 2.6025	15.4311
 2.6012	15.4343
 2.5999	15.4470
 2.5986	15.4592
 2.5973	15.4431
 2.5960	15.4267
 2.5947	15.4404
 2.5934	15.4687
 2.5921	15.4709
 2.5908	15.4736
 2.5895	15.4799
 2.5882	15.4765
 2.5869	15.4697
 2.5856	15.4724
 2.5843	15.4558
 2.5830	15.4729
 2.5817	15.4865
 2.5805	15.4751
 2.5792	15.4707
 2.5779	15.4780
 2.5766	15.4780
 2.5753	15.4926
 2.5741	15.4860
 2.5728	15.4653
 2.5715	15.4760
 2.5702	15.4834
 2.5690	15.4699
 2.5677	15.4814
 2.5664	15.4751
 2.5651	15.4753
 2.5639	15.4763
 2.5626	15.4714
 2.5613	15.4453
 2.5601	15.4619
 2.5588	15.4946
 2.5575	15.4943
 2.5563	15.4946
 2.5550	15.4819
 2.5538	15.4721
 2.5525	15.4741
 2.5513	15.4738
 2.5500	15.4777
 2.5487	15.4746
 2.5475	15.4704
 2.5462	15.4758
 2.5450	15.4799
 2.5437	15.4770
 2.5425	15.4848
 2.5413	15.4755
 2.5400	15.4629
 2.5388	15.4624
 2.5375	15.4865
 2.5363	15.4863
 2.5350	15.4702
 2.5338	15.4799
 2.5326	15.4946
 2.5313	15.4775
 2.5301	15.4633
 2.5289	15.4511
 2.5276	15.4521
 2.5264	15.4619
 2.5252	15.4360
 2.5239	15.4150
 2.5227	15.4331
 2.5215	15.4502
 2.5202	15.4414
 2.5190	15.4458
 2.5178	15.4458
 2.5166	15.4453
 2.5154	15.4480
 2.5141	15.4570
 2.5129	15.4526
 2.5117	15.4585
 2.5105	15.4677
 2.5093	15.4521
 2.5081	15.4575
 2.5068	15.4721
 2.5056	15.4616
 2.5044	15.4633
 2.5032	15.4834
 2.5020	15.4802
 2.5008	15.4582
 2.4996	15.4614
 2.4984	15.4409
 2.4972	15.4243
 2.4960	15.4170
 2.4948	15.4414
 2.4936	15.4462
 2.4924	15.4248
 2.4912	15.4087
 2.4900	15.4165
 2.4888	15.4165
 2.4876	15.4179
 2.4864	15.4238
 2.4852	15.4062
 2.4840	15.4021
 2.4828	15.4228
 2.4816	15.4389
 2.4805	15.4316
 2.4793	15.4130
 2.4781	15.3964
 2.4769	15.3979
 2.4757	15.4189
 2.4745	15.4174
 2.4734	15.4062
 2.4722	15.3950
 2.4710	15.3916
 2.4698	15.3872
 2.4686	15.3794
 2.4675	15.3696
 2.4663	15.3657
 2.4651	15.3715
 2.4640	15.3828
 2.4628	15.3964
 2.4616	15.3774
 2.4604	15.3628
 2.4593	15.3740
 2.4581	15.3886
 2.4569	15.4213
 2.4558	15.4221
 2.4546	15.4018
 2.4535	15.4174
 2.4523	15.4043
 2.4511	15.3828
 2.4500	15.3784
 2.4488	15.3759
 2.4477	15.3808
 2.4465	15.3828
 2.4454	15.3833
 2.4442	15.3745
 2.4431	15.3525
 2.4419	15.3310
 2.4408	15.3571
 2.4396	15.3916
 2.4385	15.3686
 2.4373	15.3608
 2.4362	15.3637
 2.4350	15.3393
 2.4339	15.3554
 2.4327	15.3369
 2.4316	15.3110
 2.4305	15.3325
 2.4293	15.3725
 2.4282	15.3828
 2.4270	15.3564
 2.4259	15.3540
 2.4248	15.3618
 2.4236	15.3403
 2.4225	15.3159
 2.4214	15.3479
 2.4202	15.3645
 2.4191	15.3554
 2.4180	15.3713
 2.4169	15.3671
 2.4157	15.3344
 2.4146	15.3430
 2.4135	15.3488
 2.4124	15.3491
 2.4112	15.3474
 2.4101	15.3593
 2.4090	15.3410
 2.4079	15.3349
 2.4068	15.3711
 2.4056	15.3498
 2.4045	15.3322
 2.4034	15.3493
 2.4023	15.3413
 2.4012	15.3225
 2.4001	15.3381
 2.3990	15.3452
 2.3979	15.3173
 2.3967	15.3137
 2.3956	15.3296
 2.3945	15.2968
 2.3934	15.2736
 2.3923	15.2754
 2.3912	15.2754
 2.3901	15.2822
 2.3890	15.2973
 2.3879	15.2981
 2.3868	15.2680
 2.3857	15.2766
 2.3846	15.3149
 2.3835	15.3017
 2.3824	15.3149
 2.3813	15.3129
 2.3802	15.2719
 2.3791	15.2678
 2.3781	15.2939
 2.3770	15.3029
 2.3759	15.2878
 2.3748	15.2858
 2.3737	15.3071
 2.3726	15.3313
 2.3715	15.3339
 2.3704	15.3149
 2.3694	15.2692
 2.3683	15.2675
 2.3672	15.2834
 2.3661	15.2817
 2.3650	15.2639
 2.3640	15.2863
 2.3629	15.3020
 2.3618	15.2658
 2.3607	15.2451
 2.3597	15.2678
 2.3586	15.2480
 2.3575	15.2492
 2.3564	15.2824
 2.3554	15.2905
 2.3543	15.2492
 2.3532	15.2517
 2.3522	15.2573
 2.3511	15.2749
 2.3500	15.3144
 2.3490	15.3020
 2.3479	15.2695
 2.3468	15.2734
 2.3458	15.2795
 2.3447	15.2473
 2.3436	15.2436
 2.3426	15.2707
 2.3415	15.2636
 2.3405	15.2456
 2.3394	15.2407
 2.3384	15.2255
 2.3373	15.1875
 2.3363	15.2016
 2.3352	15.2224
 2.3342	15.2221
 2.3331	15.2146
 2.3321	15.2326
 2.3310	15.2058
 2.3300	15.1501
 2.3289	15.1535
 2.3279	15.1630
 2.3268	15.2111
 2.3258	15.2290
 2.3247	15.1809
 2.3237	15.1303
 2.3226	15.1377
 2.3216	15.1645
 2.3206	15.1474
 2.3195	15.1333
 2.3185	15.1692
 2.3175	15.1926
 2.3164	15.2016
 2.3154	15.1865
 2.3144	15.1623
 2.3133	15.1523
 2.3123	15.1399
 2.3113	15.1342
 2.3102	15.1347
 2.3092	15.1557
 2.3082	15.1565
 2.3071	15.1308
 2.3061	15.1484
 2.3051	15.1484
 2.3041	15.1338
 2.3030	15.1037
 2.3020	15.1193
 2.3010	15.1230
 2.3000	15.1328
 2.2990	15.1169
 2.2979	15.1347
 2.2969	15.1557
 2.2959	15.1447
 2.2949	15.0813
 2.2939	15.0971
 2.2929	15.1242
 2.2918	15.1037
 2.2908	15.0962
 2.2898	15.0925
 2.2888	15.0988
 2.2878	15.1067
 2.2868	15.0927
 2.2858	15.0783
 2.2848	15.0627
 2.2838	15.0639
 2.2828	15.0832
 2.2818	15.0786
 2.2808	15.0590
 2.2798	15.0605
 2.2787	15.0608
 2.2777	15.0913
 2.2767	15.0981
 2.2757	15.0695
 2.2747	15.0686
 2.2738	15.0976
 2.2728	15.0976
 2.2718	15.0752
 2.2708	15.0217
 2.2698	15.0188
 2.2688	15.0566
 2.2678	15.0820
 2.2668	15.0390
 2.2658	15.0559
 2.2648	15.0649
 2.2638	15.0659
 2.2628	15.0600
 2.2618	15.0571
 2.2609	15.0361
 2.2599	15.0424
 2.2589	15.0703
 2.2579	15.0830
 2.2569	15.0732
 2.2559	15.0444
 2.2550	15.0234
 2.2540	15.0393
 2.2530	15.0214
 2.2520	14.9992
 2.2510	14.9765
 2.2501	14.9887
 2.2491	14.9985
 2.2481	14.9873
 2.2471	14.9912
 2.2462	14.9885
 2.2452	14.9885
 2.2442	15.0009
 2.2433	15.0273
 2.2423	15.0175
 2.2413	14.9992
 2.2403	14.9624
 2.2394	14.9824
 2.2384	15.0190
 2.2374	15.0131
 2.2365	15.0048
 2.2355	15.0112
 2.2345	15.0090
 2.2336	14.9797
 2.2326	14.9897
 2.2317	15.0275
 2.2307	15.0139
 2.2297	14.9682
 2.2288	14.9677
 2.2278	15.0041
 2.2269	14.9934
 2.2259	14.9882
 2.2250	14.9709
 2.2240	14.9599
 2.2231	14.9660
 2.2221	14.9643
 2.2211	14.9838
 2.2202	15.0112
 2.2192	14.9917
 2.2183	14.9875
 2.2173	14.9514
 2.2164	14.9482
 2.2155	14.9502
 2.2145	14.9414
 2.2136	14.9445
 2.2126	14.9677
 2.2117	14.9526
 2.2107	14.9514
 2.2098	14.9318
 2.2088	14.8881
 2.2079	14.8881
 2.2070	14.8955
 2.2060	14.8879
 2.2051	14.9143
 2.2041	14.9419
 2.2032	14.9375
 2.2023	14.9130
 2.2013	14.9130
 2.2004	14.9397
 2.1995	14.9296
 2.1985	14.9094
 2.1976	14.8769
 2.1967	14.8967
 2.1957	14.9660
 2.1948	14.9604
 2.1939	14.8808
 2.1930	14.9455
 2.1920	14.9731
 2.1911	14.9433
 2.1902	14.9289
 2.1893	14.9316
 2.1883	14.9257
 2.1874	14.9072
 2.1865	14.9028
 2.1856	14.9243
 2.1846	14.9279
 2.1837	14.8989
 2.1828	14.8938
 2.1819	14.9270
 2.1810	14.9045
 2.1800	14.8925
 2.1791	14.8930
 2.1782	14.8838
 2.1773	14.8838
 2.1764	14.9094
 2.1755	14.9084
 2.1746	14.9287
 2.1736	14.9133
 2.1727	14.8994
 2.1718	14.8789
 2.1709	14.8711
 2.1700	14.8918
 2.1691	14.8840
 2.1682	14.8530
 2.1673	14.8857
 2.1664	14.8940
 2.1655	14.9250
 2.1646	14.9162
 2.1637	14.9260
 2.1628	14.9065
 2.1619	14.8896
 2.1610	14.9123
 2.1601	14.9152
 2.1592	14.9111
 2.1583	14.8930
 2.1574	14.8759
 2.1565	14.8945
 2.1556	14.8994
 2.1547	14.8733
 2.1538	14.8564
 2.1529	14.8645
 2.1520	14.8818
 2.1511	14.8554
 2.1502	14.8361
 2.1493	14.8164
 2.1484	14.8215
 2.1475	14.8066
 2.1466	14.7963
 2.1458	14.7890
 2.1449	14.8056
 2.1440	14.8364
 2.1431	14.8105
 2.1422	14.8234
 2.1413	14.8730
 2.1404	14.8859
 2.1396	14.8664
 2.1387	14.8623
 2.1378	14.8256
 2.1369	14.8110
 2.1360	14.8198
 2.1352	14.8596
 2.1343	14.8662
 2.1334	14.8300
 2.1325	14.8479
 2.1316	14.8549
 2.1308	14.8261
 2.1299	14.7844
 2.1290	14.8176
 2.1281	14.8012
 2.1273	14.7841
 2.1264	14.7841
 2.1255	14.7375
 2.1247	14.7421
 2.1238	14.8105
 2.1229	14.8361
 2.1220	14.8300
 2.1212	14.8176
 2.1203	14.8086
 2.1194	14.8000
 2.1186	14.7890
 2.1177	14.7929
 2.1168	14.8164
 2.1160	14.8213
 2.1151	14.8164
 2.1143	14.7824
 2.1134	14.7883
 2.1125	14.7871
 2.1117	14.7756
 2.1108	14.8125
 2.1100	14.8098
 2.1091	14.8020
 2.1082	14.7959
 2.1074	14.7795
 2.1065	14.7812
 2.1057	14.7883
 2.1048	14.8020
 2.1040	14.7797
 2.1031	14.7773
 2.1023	14.8088
 2.1014	14.8339
 2.1005	14.8117
 2.0997	14.7685
 2.0988	14.7815
 2.0980	14.8296
 2.0971	14.8300
 2.0963	14.8156
 2.0955	14.8254
 2.0946	14.8430
 2.0938	14.8232
 2.0929	14.8437
 2.0921	14.8603
 2.0912	14.8242
 2.0904	14.8139
 2.0895	14.8691
 2.0887	14.8576
 2.0879	14.8457
 2.0870	14.8906
 2.0862	14.8901
 2.0853	14.8322
 2.0845	14.7961
 2.0837	14.8115
 2.0828	14.8007
 2.0820	14.8046
 2.0812	14.7551
 2.0803	14.7968
 2.0795	14.7959
