Name: Azurite Cu_3(CO_3)_2(OH)_2
Type: Mineral
Class: Carbonate
Subclass: None
Particle Size: Fine
Sample No.: C-12A
Owner: JPL
Wavelength Range: TIR
Origin: USA, California, San Bernadino County, Near Valley Wells
Collection Date: N/A
Description: Particle size was 0-45um.Collected by Burminco Original ASTER Spectral Library name was jpl.nicolet.mineral.carbonate.none.fine.c12a.spectrum.txt
Measurement: Hemispherical reflectance
First Column: X
Second Column: Y
X Units: Wavelength (micrometers)
Y Units:Reflectance (percent)
First X Value: 15.3853
Last X Value:  2.0003
Number of X Values: 2256
Additional Information: mineral.carbonate.none.fine.tir.c-12a.jpl.nicolet.ancillary.txt

15.3853	 1.7455
15.3397	 1.7562
15.2945	 2.1992
15.2495	 2.3897
15.2048	 1.8954
15.1603	 1.7219
15.1161	 2.0825
15.0722	 2.2032
15.0285	 2.2980
14.9851	 2.3512
14.9419	 2.2604
14.8989	 2.1734
14.8563	 1.9948
14.8138	 1.9995
14.7716	 2.0434
14.7296	 1.9713
14.6879	 1.8983
14.6464	 1.9104
14.6052	 2.0467
14.5641	 1.8329
14.5233	 1.7715
14.4828	 2.0855
14.4424	 2.2116
14.4023	 2.2847
14.3624	 2.3126
14.3227	 2.1298
14.2833	 2.1299
14.2440	 2.2862
14.2050	 2.3038
14.1662	 2.2882
14.1276	 2.2306
14.0892	 2.1588
14.0510	 2.1205
14.0131	 2.1107
13.9753	 2.0064
13.9377	 1.9920
13.9004	 2.2082
13.8632	 2.3543
13.8262	 2.3579
13.7895	 2.3929
13.7529	 2.4931
13.7165	 2.3500
13.6803	 2.4234
13.6443	 2.3616
13.6085	 2.1924
13.5729	 2.1397
13.5374	 2.0770
13.5022	 2.1790
13.4671	 2.1435
13.4322	 2.0383
13.3975	 2.0648
13.3630	 1.8995
13.3286	 1.8358
13.2944	 1.9416
13.2604	 2.1587
13.2266	 2.1982
13.1930	 2.2594
13.1595	 2.2616
13.1262	 2.1332
13.0930	 1.9542
13.0600	 1.8576
13.0272	 1.8421
12.9946	 1.9533
12.9621	 1.9722
12.9298	 1.9032
12.8976	 1.9958
12.8656	 2.1175
12.8337	 2.0786
12.8021	 2.0776
12.7705	 2.1196
12.7391	 2.0486
12.7079	 2.0032
12.6769	 2.1067
12.6459	 2.1248
12.6152	 2.2083
12.5845	 2.3937
12.5541	 2.5284
12.5238	 2.4408
12.4936	 2.3145
12.4635	 2.1920
12.4337	 2.1628
12.4039	 2.3773
12.3743	 2.5908
12.3448	 2.6480
12.3155	 2.6213
12.2863	 2.4584
12.2573	 2.3652
12.2284	 2.3943
12.1996	 2.3680
12.1710	 2.3051
12.1425	 2.3247
12.1141	 2.4145
12.0859	 2.4237
12.0578	 2.3762
12.0298	 2.3295
12.0019	 2.2072
11.9742	 2.2999
11.9466	 2.3873
11.9192	 2.4468
11.8918	 2.4685
11.8646	 2.3991
11.8375	 2.4817
11.8106	 2.4741
11.7837	 2.3916
11.7570	 2.4285
11.7304	 2.5181
11.7039	 2.5907
11.6776	 2.6046
11.6513	 2.4600
11.6252	 2.4485
11.5992	 2.4687
11.5733	 2.5445
11.5475	 2.6312
11.5219	 2.5490
11.4963	 2.4720
11.4709	 2.4702
11.4455	 2.4789
11.4203	 2.6035
11.3952	 2.6235
11.3702	 2.5676
11.3454	 2.4629
11.3206	 2.4296
11.2959	 2.5530
11.2714	 2.5895
11.2469	 2.6276
11.2226	 2.6834
11.1983	 2.6294
11.1742	 2.6961
11.1502	 2.7743
11.1263	 2.7467
11.1024	 2.6586
11.0787	 2.5984
11.0551	 2.5449
11.0316	 2.4526
11.0081	 2.4914
10.9848	 2.6407
10.9616	 2.8213
10.9385	 2.8538
10.9154	 2.7754
10.8925	 2.6511
10.8697	 2.6617
10.8469	 2.7944
10.8243	 2.7457
10.8017	 2.7601
10.7793	 2.8532
10.7569	 2.7535
10.7346	 2.7146
10.7125	 2.8521
10.6904	 2.9385
10.6684	 3.0189
10.6465	 2.9134
10.6247	 2.9092
10.6029	 2.9976
10.5813	 3.0069
10.5597	 3.1334
10.5383	 3.1626
10.5169	 3.0829
10.4956	 3.0544
10.4744	 2.9837
10.4533	 2.9884
10.4323	 3.0250
10.4113	 3.1037
10.3904	 3.1339
10.3697	 3.0795
10.3490	 3.0927
10.3284	 3.1274
10.3078	 3.2329
10.2874	 3.3261
10.2670	 3.2712
10.2467	 3.2093
10.2265	 3.1507
10.2064	 3.2026
10.1863	 3.3313
10.1663	 3.4093
10.1464	 3.4331
10.1266	 3.3194
10.1069	 3.2663
10.0872	 3.3690
10.0676	 3.3528
10.0481	 3.4178
10.0287	 3.5746
10.0093	 3.6097
 9.9901	 3.7559
 9.9708	 3.7925
 9.9517	 3.7720
 9.9326	 3.8465
 9.9136	 3.8293
 9.8947	 3.9182
 9.8759	 4.0156
 9.8571	 4.0295
 9.8384	 4.0597
 9.8198	 3.9530
 9.8012	 3.9819
 9.7827	 4.1415
 9.7643	 4.2528
 9.7459	 4.2481
 9.7276	 4.2582
 9.7094	 4.3827
 9.6913	 4.4689
 9.6732	 4.4476
 9.6552	 4.5011
 9.6372	 4.4648
 9.6194	 4.3528
 9.6015	 4.3615
 9.5838	 4.3993
 9.5661	 4.4052
 9.5485	 4.4663
 9.5309	 4.3863
 9.5135	 4.2644
 9.4960	 4.1999
 9.4787	 4.1992
 9.4614	 4.0117
 9.4441	 3.9020
 9.4270	 3.9020
 9.4099	 3.7656
 9.3928	 3.6569
 9.3758	 3.4912
 9.3589	 3.3225
 9.3420	 3.0738
 9.3252	 2.8899
 9.3085	 2.9057
 9.2918	 2.8255
 9.2752	 2.6714
 9.2586	 2.5813
 9.2421	 2.5779
 9.2257	 2.3398
 9.2093	 2.1829
 9.1930	 2.0696
 9.1767	 1.9919
 9.1605	 2.0631
 9.1443	 2.0113
 9.1282	 1.9316
 9.1122	 1.7612
 9.0962	 1.5939
 9.0803	 1.6014
 9.0644	 1.7789
 9.0486	 1.7961
 9.0328	 1.6729
 9.0171	 1.6279
 9.0015	 1.5788
 8.9858	 1.5169
 8.9703	 1.6020
 8.9548	 1.5768
 8.9394	 1.4880
 8.9240	 1.5646
 8.9086	 1.7920
 8.8934	 1.9869
 8.8781	 1.9571
 8.8630	 1.8760
 8.8478	 1.8769
 8.8328	 1.9447
 8.8177	 1.8958
 8.8028	 1.8534
 8.7879	 1.9275
 8.7730	 2.0337
 8.7582	 2.1503
 8.7434	 2.2545
 8.7287	 2.1962
 8.7140	 2.0936
 8.6994	 2.0213
 8.6848	 2.0650
 8.6703	 2.2083
 8.6558	 2.3847
 8.6414	 2.4230
 8.6270	 2.3098
 8.6127	 2.3749
 8.5984	 2.4722
 8.5842	 2.6118
 8.5700	 2.7201
 8.5558	 2.6574
 8.5417	 2.7058
 8.5277	 2.8313
 8.5137	 2.8196
 8.4997	 2.8308
 8.4858	 2.9153
 8.4719	 3.1022
 8.4581	 3.2569
 8.4444	 3.3475
 8.4306	 3.4141
 8.4169	 3.5099
 8.4033	 3.5909
 8.3897	 3.6717
 8.3761	 3.8301
 8.3626	 3.9115
 8.3492	 4.0621
 8.3357	 4.1981
 8.3224	 4.3799
 8.3090	 4.5942
 8.2957	 4.7651
 8.2825	 4.8395
 8.2693	 5.0341
 8.2561	 5.1787
 8.2430	 5.2147
 8.2299	 5.3221
 8.2169	 5.5899
 8.2038	 5.8779
 8.1909	 6.0965
 8.1780	 6.2081
 8.1651	 6.1632
 8.1523	 6.1932
 8.1395	 6.4492
 8.1267	 6.5817
 8.1140	 6.5701
 8.1013	 6.6063
 8.0887	 6.7328
 8.0761	 6.8790
 8.0635	 6.9730
 8.0510	 7.0635
 8.0385	 7.1675
 8.0261	 7.2842
 8.0137	 7.3931
 8.0013	 7.5675
 7.9890	 7.6430
 7.9767	 7.7188
 7.9644	 7.7524
 7.9522	 7.8146
 7.9400	 7.9511
 7.9279	 8.0175
 7.9158	 8.0068
 7.9037	 8.0671
 7.8917	 8.1447
 7.8797	 8.2244
 7.8677	 8.4362
 7.8558	 8.5136
 7.8439	 8.5136
 7.8321	 8.6370
 7.8203	 8.7402
 7.8085	 8.7241
 7.7967	 8.7650
 7.7850	 8.8259
 7.7734	 8.8323
 7.7617	 8.7992
 7.7501	 8.8647
 7.7386	 8.8870
 7.7270	 8.8098
 7.7155	 8.7560
 7.7041	 8.7562
 7.6926	 8.7225
 7.6812	 8.6848
 7.6699	 8.7690
 7.6585	 8.7063
 7.6472	 8.5102
 7.6360	 8.4619
 7.6247	 8.4737
 7.6136	 8.4703
 7.6024	 8.4274
 7.5913	 8.3342
 7.5802	 8.1507
 7.5691	 8.1124
 7.5581	 8.2001
 7.5471	 8.1543
 7.5361	 8.0434
 7.5252	 7.9492
 7.5142	 7.9564
 7.5034	 7.9457
 7.4925	 7.9130
 7.4817	 7.9282
 7.4709	 7.8847
 7.4602	 7.8152
 7.4495	 7.6819
 7.4388	 7.6563
 7.4281	 7.6792
 7.4175	 7.5641
 7.4069	 7.4723
 7.3963	 7.3874
 7.3858	 7.2921
 7.3753	 7.1344
 7.3648	 7.0394
 7.3544	 6.9369
 7.3440	 6.7601
 7.3336	 6.5905
 7.3232	 6.4733
 7.3129	 6.2771
 7.3026	 6.1208
 7.2923	 5.9233
 7.2821	 5.7360
 7.2718	 5.5030
 7.2617	 5.2044
 7.2515	 5.0722
 7.2414	 4.9877
 7.2313	 4.8384
 7.2212	 4.6302
 7.2112	 4.4373
 7.2012	 4.4773
 7.1912	 4.5730
 7.1812	 4.5495
 7.1713	 4.3823
 7.1614	 4.2970
 7.1515	 4.4238
 7.1416	 4.4478
 7.1318	 4.4760
 7.1220	 4.6722
 7.1123	 4.8529
 7.1025	 4.9866
 7.0928	 5.2268
 7.0831	 5.3016
 7.0734	 5.2701
 7.0638	 5.2973
 7.0542	 5.3025
 7.0446	 5.1561
 7.0351	 5.0526
 7.0255	 5.0137
 7.0160	 5.0209
 7.0065	 4.9718
 6.9971	 4.8724
 6.9877	 4.8142
 6.9782	 4.7577
 6.9689	 4.7208
 6.9595	 4.7190
 6.9502	 4.7091
 6.9409	 4.6908
 6.9316	 4.6704
 6.9223	 4.6810
 6.9131	 4.6925
 6.9039	 4.7383
 6.8947	 4.7825
 6.8856	 4.7740
 6.8764	 4.8197
 6.8673	 4.7971
 6.8582	 4.8180
 6.8492	 4.9759
 6.8402	 5.0501
 6.8311	 5.0219
 6.8221	 5.0181
 6.8132	 5.0618
 6.8042	 5.0298
 6.7953	 4.8921
 6.7864	 4.8095
 6.7776	 4.7249
 6.7687	 4.7402
 6.7599	 4.7281
 6.7511	 4.6308
 6.7423	 4.5650
 6.7336	 4.4677
 6.7248	 4.3307
 6.7161	 4.3015
 6.7074	 4.3062
 6.6988	 4.2595
 6.6901	 4.1096
 6.6815	 3.9951
 6.6729	 4.0346
 6.6643	 4.1094
 6.6558	 4.0637
 6.6472	 3.9282
 6.6387	 3.8272
 6.6302	 3.8807
 6.6217	 3.9237
 6.6133	 3.9278
 6.6049	 3.9192
 6.5965	 3.8381
 6.5881	 3.8852
 6.5797	 3.9388
 6.5714	 3.9714
 6.5631	 4.0169
 6.5548	 4.0769
 6.5465	 4.0865
 6.5382	 4.1283
 6.5300	 4.2554
 6.5218	 4.3331
 6.5136	 4.4337
 6.5054	 4.4781
 6.4973	 4.3612
 6.4892	 4.4445
 6.4810	 4.6778
 6.4729	 4.7869
 6.4649	 4.9065
 6.4568	 5.0134
 6.4488	 5.0290
 6.4408	 5.0056
 6.4328	 4.9555
 6.4248	 5.0390
 6.4169	 5.0514
 6.4089	 5.2321
 6.4010	 5.5259
 6.3931	 5.5929
 6.3853	 5.5956
 6.3774	 5.5661
 6.3696	 5.5400
 6.3618	 5.5250
 6.3540	 5.4728
 6.3462	 5.3893
 6.3384	 5.3788
 6.3307	 5.3737
 6.3230	 5.2206
 6.3153	 5.0709
 6.3076	 5.0046
 6.2999	 4.9646
 6.2923	 4.8965
 6.2847	 4.8772
 6.2770	 4.7696
 6.2694	 4.5984
 6.2619	 4.4858
 6.2543	 4.3858
 6.2468	 4.2568
 6.2393	 4.1907
 6.2318	 4.1189
 6.2243	 3.8911
 6.2168	 3.7484
 6.2094	 3.6716
 6.2020	 3.5438
 6.1945	 3.3163
 6.1871	 3.1146
 6.1798	 3.0288
 6.1724	 2.9079
 6.1651	 2.7806
 6.1578	 2.6647
 6.1505	 2.6118
 6.1432	 2.5890
 6.1359	 2.5409
 6.1286	 2.5106
 6.1214	 2.4521
 6.1142	 2.3834
 6.1070	 2.4320
 6.0998	 2.4896
 6.0926	 2.4649
 6.0855	 2.3872
 6.0784	 2.4067
 6.0712	 2.5433
 6.0641	 2.5891
 6.0571	 2.6003
 6.0500	 2.5520
 6.0429	 2.5179
 6.0359	 2.6221
 6.0289	 2.8366
 6.0219	 2.9940
 6.0149	 3.0182
 6.0079	 3.1302
 6.0010	 3.1946
 5.9940	 3.1727
 5.9871	 3.2265
 5.9802	 3.3357
 5.9733	 3.4187
 5.9664	 3.5514
 5.9596	 3.8479
 5.9527	 3.9843
 5.9459	 4.0445
 5.9391	 4.0976
 5.9323	 4.3043
 5.9255	 4.5676
 5.9188	 4.7219
 5.9120	 4.8955
 5.9053	 5.0889
 5.8986	 5.2440
 5.8919	 5.4857
 5.8852	 5.7003
 5.8785	 5.8524
 5.8718	 6.2168
 5.8652	 6.5051
 5.8586	 6.7648
 5.8520	 7.1059
 5.8454	 7.3913
 5.8388	 7.6391
 5.8322	 7.8657
 5.8257	 8.0562
 5.8191	 8.3922
 5.8126	 8.7945
 5.8061	 9.1316
 5.7996	 9.4597
 5.7931	 9.7464
 5.7866	 9.9600
 5.7802	10.1920
 5.7738	10.3724
 5.7673	10.3991
 5.7609	10.7306
 5.7545	11.0643
 5.7481	11.2331
 5.7418	11.4928
 5.7354	11.6889
 5.7291	11.8224
 5.7228	12.0003
 5.7165	12.1084
 5.7102	12.1486
 5.7039	12.2931
 5.6976	12.4538
 5.6914	12.5631
 5.6851	12.7814
 5.6789	12.8757
 5.6727	12.9411
 5.6665	13.1242
 5.6603	13.1893
 5.6541	13.1403
 5.6480	13.0803
 5.6418	13.0929
 5.6357	13.2919
 5.6296	13.3619
 5.6235	13.4127
 5.6174	13.4357
 5.6113	13.5003
 5.6052	13.5630
 5.5992	13.6180
 5.5931	13.6679
 5.5871	13.6677
 5.5811	13.6319
 5.5751	13.7061
 5.5691	13.8340
 5.5631	13.7878
 5.5572	13.7041
 5.5512	13.7201
 5.5453	13.8578
 5.5393	13.8837
 5.5334	13.8905
 5.5275	13.9707
 5.5217	13.9974
 5.5158	14.0265
 5.5099	14.1267
 5.5041	14.2653
 5.4982	14.3578
 5.4924	14.3638
 5.4866	14.3828
 5.4808	14.2940
 5.4750	14.2078
 5.4692	14.1229
 5.4635	14.1022
 5.4577	14.1951
 5.4520	14.2641
 5.4463	14.4156
 5.4405	14.5505
 5.4348	14.5765
 5.4291	14.5671
 5.4235	14.5946
 5.4178	14.7185
 5.4121	14.8709
 5.4065	14.9618
 5.4009	15.0427
 5.3952	15.0358
 5.3896	15.0829
 5.3840	15.2030
 5.3785	15.2663
 5.3729	15.3474
 5.3673	15.4935
 5.3618	15.6174
 5.3562	15.6274
 5.3507	15.6325
 5.3452	15.7700
 5.3397	15.8774
 5.3342	15.8673
 5.3287	15.8756
 5.3232	15.8565
 5.3178	15.8740
 5.3123	16.0081
 5.3069	16.0235
 5.3015	16.0690
 5.2961	16.1244
 5.2907	16.2707
 5.2852	16.4243
 5.2799	16.5927
 5.2745	16.7538
 5.2691	16.8556
 5.2638	16.9572
 5.2584	17.0627
 5.2531	17.1881
 5.2478	17.2678
 5.2425	17.3223
 5.2372	17.4412
 5.2319	17.5632
 5.2267	17.6816
 5.2214	17.7414
 5.2161	17.7222
 5.2109	17.7993
 5.2057	17.9827
 5.2004	18.0700
 5.1952	18.1580
 5.1900	18.2633
 5.1848	18.3752
 5.1796	18.3826
 5.1745	18.3932
 5.1693	18.5153
 5.1642	18.6930
 5.1590	18.7022
 5.1539	18.7850
 5.1488	18.8307
 5.1437	18.8528
 5.1386	18.9744
 5.1335	19.1262
 5.1284	19.2395
 5.1234	19.2980
 5.1183	19.3332
 5.1132	19.3991
 5.1082	19.4301
 5.1032	19.5468
 5.0982	19.6228
 5.0932	19.6178
 5.0882	19.6616
 5.0832	19.7547
 5.0782	19.8467
 5.0732	19.9098
 5.0683	19.9386
 5.0633	19.9270
 5.0584	19.9514
 5.0534	20.0337
 5.0485	20.1153
 5.0436	20.1198
 5.0387	20.1706
 5.0338	20.2264
 5.0289	20.2818
 5.0241	20.2541
 5.0192	20.2444
 5.0144	20.2929
 5.0095	20.3006
 5.0047	20.2996
 4.9998	20.3341
 4.9950	20.4217
 4.9902	20.4288
 4.9854	20.4437
 4.9806	20.4434
 4.9759	20.4225
 4.9711	20.4493
 4.9663	20.4299
 4.9616	20.3445
 4.9568	20.3243
 4.9521	20.3808
 4.9474	20.3359
 4.9426	20.2591
 4.9379	20.2534
 4.9332	20.3194
 4.9286	20.3338
 4.9239	20.2554
 4.9192	20.2072
 4.9145	20.2136
 4.9099	20.2692
 4.9052	20.2325
 4.9006	20.0987
 4.8960	20.0649
 4.8914	20.0693
 4.8867	19.9789
 4.8821	19.9401
 4.8776	19.9508
 4.8730	19.8944
 4.8684	19.8646
 4.8638	19.9294
 4.8593	19.9233
 4.8547	19.8713
 4.8502	19.8634
 4.8456	19.8461
 4.8411	19.8054
 4.8366	19.7272
 4.8321	19.6902
 4.8276	19.7061
 4.8231	19.7309
 4.8186	19.7330
 4.8141	19.5842
 4.8097	19.5280
 4.8052	19.6087
 4.8008	19.6553
 4.7963	19.6467
 4.7919	19.7096
 4.7875	19.7506
 4.7831	19.7521
 4.7786	19.8106
 4.7743	19.8452
 4.7699	19.8517
 4.7655	19.8916
 4.7611	19.9486
 4.7567	19.9260
 4.7524	19.8952
 4.7480	19.9337
 4.7437	19.9233
 4.7393	19.9693
 4.7350	20.1164
 4.7307	20.1968
 4.7264	20.1894
 4.7221	20.1130
 4.7178	20.0936
 4.7135	20.0888
 4.7092	20.0948
 4.7049	20.0853
 4.7007	20.1568
 4.6964	20.2553
 4.6922	20.2390
 4.6879	20.2104
 4.6837	20.1815
 4.6795	20.1646
 4.6752	20.1757
 4.6710	20.1950
 4.6668	20.2199
 4.6626	20.2121
 4.6584	20.2526
 4.6543	20.2471
 4.6501	20.3346
 4.6459	20.3961
 4.6418	20.3275
 4.6376	20.3260
 4.6334	20.3625
 4.6293	20.3849
 4.6252	20.4705
 4.6211	20.5348
 4.6170	20.5010
 4.6128	20.4878
 4.6087	20.5505
 4.6047	20.5729
 4.6006	20.6175
 4.5965	20.6818
 4.5924	20.7291
 4.5884	20.7402
 4.5843	20.8119
 4.5802	20.8432
 4.5762	20.8406
 4.5722	20.9028
 4.5681	20.9612
 4.5641	21.0646
 4.5601	21.1107
 4.5561	21.0720
 4.5521	21.0922
 4.5481	21.2342
 4.5441	21.2504
 4.5401	21.2477
 4.5362	21.3431
 4.5322	21.3704
 4.5282	21.3563
 4.5243	21.4621
 4.5203	21.4946
 4.5164	21.4118
 4.5125	21.4842
 4.5085	21.6112
 4.5046	21.6465
 4.5007	21.6772
 4.4968	21.7403
 4.4929	21.8520
 4.4890	21.9629
 4.4851	21.9577
 4.4813	21.8887
 4.4774	21.9168
 4.4735	21.9692
 4.4697	22.0300
 4.4658	22.1643
 4.4620	22.2403
 4.4581	22.2364
 4.4543	22.2189
 4.4505	22.2786
 4.4467	22.3272
 4.4429	22.3387
 4.4391	22.4434
 4.4353	22.5119
 4.4315	22.5448
 4.4277	22.5693
 4.4239	22.6188
 4.4201	22.6329
 4.4164	22.6867
 4.4126	22.8080
 4.4089	22.9081
 4.4051	22.9593
 4.4014	23.0168
 4.3976	22.9949
 4.3939	22.9952
 4.3902	23.1141
 4.3865	23.2060
 4.3828	23.2659
 4.3791	23.3340
 4.3754	23.3742
 4.3717	23.3828
 4.3680	23.4177
 4.3643	23.4431
 4.3607	23.5038
 4.3570	23.5751
 4.3533	23.6760
 4.3497	23.7536
 4.3460	23.7987
 4.3424	23.8616
 4.3388	23.9400
 4.3351	24.0293
 4.3315	24.0461
 4.3279	24.0305
 4.3243	24.0909
 4.3207	24.1900
 4.3171	24.2937
 4.3135	24.4110
 4.3099	24.4927
 4.3063	24.5311
 4.3028	24.4643
 4.2992	24.5575
 4.2956	24.7165
 4.2921	24.8252
 4.2885	24.8986
 4.2850	24.9030
 4.2815	24.9449
 4.2779	24.9600
 4.2744	24.9799
 4.2709	25.0240
 4.2674	25.0132
 4.2638	25.0524
 4.2603	25.1812
 4.2568	25.3172
 4.2534	25.3247
 4.2499	25.3557
 4.2464	25.3919
 4.2429	25.3904
 4.2394	25.4164
 4.2360	25.4234
 4.2325	25.4105
 4.2291	25.4187
 4.2256	25.4330
 4.2222	25.4951
 4.2187	25.5655
 4.2153	25.5806
 4.2119	25.6042
 4.2085	25.6215
 4.2051	25.6346
 4.2016	25.6184
 4.1982	25.6465
 4.1948	25.6677
 4.1915	25.6698
 4.1881	25.6725
 4.1847	25.6781
 4.1813	25.6264
 4.1780	25.6033
 4.1746	25.6672
 4.1712	25.6305
 4.1679	25.5473
 4.1645	25.5245
 4.1612	25.4747
 4.1578	25.4823
 4.1545	25.5657
 4.1512	25.5779
 4.1479	25.5758
 4.1445	25.6399
 4.1412	25.6824
 4.1379	25.6726
 4.1346	25.7029
 4.1313	25.6839
 4.1280	25.7112
 4.1248	25.7481
 4.1215	25.7859
 4.1182	25.7598
 4.1150	25.7257
 4.1117	25.7794
 4.1084	25.8974
 4.1052	25.9716
 4.1019	25.9480
 4.0987	25.9613
 4.0954	26.0642
 4.0922	26.1788
 4.0890	26.2059
 4.0858	26.1859
 4.0826	26.2023
 4.0793	26.2145
 4.0761	26.2222
 4.0729	26.3152
 4.0697	26.3978
 4.0665	26.4114
 4.0633	26.3773
 4.0602	26.3195
 4.0570	26.1808
 4.0538	26.1113
 4.0507	26.1232
 4.0475	26.0920
 4.0443	26.1716
 4.0412	26.1039
 4.0380	25.8860
 4.0349	25.7985
 4.0317	25.7180
 4.0286	25.5063
 4.0255	25.2919
 4.0224	25.0134
 4.0193	24.7545
 4.0161	24.4183
 4.0130	23.9091
 4.0099	23.4307
 4.0068	23.1272
 4.0037	22.9099
 4.0006	22.9086
 3.9976	22.9717
 3.9945	22.9711
 3.9914	23.0667
 3.9883	23.1939
 3.9853	23.2923
 3.9822	23.3818
 3.9792	23.4783
 3.9761	23.5767
 3.9731	23.6031
 3.9700	23.6760
 3.9670	23.7071
 3.9639	23.6671
 3.9609	23.6885
 3.9579	23.7849
 3.9549	23.8920
 3.9519	23.9153
 3.9489	23.8876
 3.9458	23.8802
 3.9428	23.9438
 3.9398	23.9753
 3.9369	23.9522
 3.9339	23.9153
 3.9309	23.7514
 3.9279	23.5967
 3.9249	23.4454
 3.9220	23.2645
 3.9190	23.2419
 3.9160	23.2584
 3.9131	23.1895
 3.9101	23.2235
 3.9072	23.4006
 3.9042	23.6152
 3.9013	23.8010
 3.8984	23.9112
 3.8954	24.1342
 3.8925	24.3852
 3.8896	24.5699
 3.8867	24.6924
 3.8838	24.8228
 3.8809	24.9659
 3.8780	25.0968
 3.8751	25.1944
 3.8722	25.2193
 3.8693	25.1608
 3.8664	25.1594
 3.8635	25.1204
 3.8606	25.0643
 3.8578	25.0437
 3.8549	25.0705
 3.8520	25.1703
 3.8492	25.2160
 3.8463	25.1781
 3.8435	25.1261
 3.8406	25.2114
 3.8378	25.3017
 3.8349	25.3439
 3.8321	25.4320
 3.8293	25.5400
 3.8264	25.5508
 3.8236	25.5702
 3.8208	25.6021
 3.8180	25.6196
 3.8152	25.6039
 3.8124	25.5748
 3.8096	25.5292
 3.8068	25.5232
 3.8040	25.6737
 3.8012	25.7630
 3.7984	25.7251
 3.7956	25.6441
 3.7929	25.5917
 3.7901	25.6001
 3.7873	25.5994
 3.7845	25.5280
 3.7818	25.4588
 3.7790	25.4522
 3.7763	25.3718
 3.7735	25.2074
 3.7708	25.1813
 3.7681	25.2424
 3.7653	25.2604
 3.7626	25.2359
 3.7599	25.1608
 3.7571	25.0095
 3.7544	24.8823
 3.7517	24.8832
 3.7490	24.9304
 3.7463	24.8903
 3.7436	24.8567
 3.7409	24.7888
 3.7382	24.6232
 3.7355	24.5818
 3.7328	24.5960
 3.7301	24.5463
 3.7274	24.4333
 3.7247	24.3097
 3.7221	24.2180
 3.7194	24.1382
 3.7167	24.0959
 3.7141	24.0564
 3.7114	23.9331
 3.7088	23.8483
 3.7061	23.7445
 3.7035	23.6018
 3.7008	23.5572
 3.6982	23.5494
 3.6955	23.4338
 3.6929	23.2931
 3.6903	23.1973
 3.6877	23.0909
 3.6850	22.9753
 3.6824	22.8451
 3.6798	22.8685
 3.6772	22.8539
 3.6746	22.6985
 3.6720	22.5689
 3.6694	22.4981
 3.6668	22.4233
 3.6642	22.2509
 3.6616	22.1559
 3.6590	22.0646
 3.6564	21.9085
 3.6539	21.8111
 3.6513	21.7415
 3.6487	21.7352
 3.6462	21.6145
 3.6436	21.3793
 3.6410	21.3134
 3.6385	21.2318
 3.6359	21.0917
 3.6334	20.9370
 3.6308	20.9154
 3.6283	20.8896
 3.6258	20.7447
 3.6232	20.6237
 3.6207	20.4738
 3.6182	20.3733
 3.6156	20.3087
 3.6131	20.1913
 3.6106	20.0355
 3.6081	19.9101
 3.6056	19.7969
 3.6031	19.6902
 3.6006	19.6445
 3.5981	19.5215
 3.5956	19.3552
 3.5931	19.2493
 3.5906	19.1394
 3.5881	18.9942
 3.5856	18.8537
 3.5832	18.7037
 3.5807	18.5646
 3.5782	18.5057
 3.5758	18.4272
 3.5733	18.2415
 3.5708	18.0896
 3.5684	18.0080
 3.5659	17.9180
 3.5635	17.7687
 3.5610	17.6199
 3.5586	17.4924
 3.5561	17.3047
 3.5537	17.0869
 3.5513	16.9751
 3.5488	16.9084
 3.5464	16.6729
 3.5440	16.4264
 3.5415	16.3210
 3.5391	16.2220
 3.5367	15.9681
 3.5343	15.6964
 3.5319	15.5140
 3.5295	15.4416
 3.5271	15.4195
 3.5247	15.4864
 3.5223	15.4781
 3.5199	15.3565
 3.5175	15.2414
 3.5151	15.0888
 3.5128	15.0226
 3.5104	14.9721
 3.5080	14.7907
 3.5056	14.6781
 3.5033	14.7016
 3.5009	14.6392
 3.4985	14.4523
 3.4962	14.3560
 3.4938	14.2480
 3.4915	14.1063
 3.4891	14.0140
 3.4868	14.0268
 3.4844	13.9690
 3.4821	13.7731
 3.4798	13.6215
 3.4774	13.5426
 3.4751	13.4206
 3.4728	13.2816
 3.4704	13.1970
 3.4681	13.0817
 3.4658	12.9318
 3.4635	12.8111
 3.4612	12.7017
 3.4589	12.6687
 3.4566	12.6359
 3.4543	12.5283
 3.4520	12.3861
 3.4497	12.3706
 3.4474	12.2838
 3.4451	12.1469
 3.4428	12.0583
 3.4405	11.9379
 3.4382	11.8379
 3.4359	11.7266
 3.4337	11.6844
 3.4314	11.6202
 3.4291	11.5267
 3.4269	11.4138
 3.4246	11.3010
 3.4223	11.2650
 3.4201	11.2176
 3.4178	11.0887
 3.4156	10.9528
 3.4133	10.8900
 3.4111	10.8452
 3.4088	10.8147
 3.4066	10.7190
 3.4043	10.6187
 3.4021	10.5781
 3.3999	10.5415
 3.3977	10.4992
 3.3954	10.4283
 3.3932	10.3042
 3.3910	10.2790
 3.3888	10.2037
 3.3866	10.1275
 3.3844	10.0753
 3.3822	 9.8914
 3.3799	 9.6927
 3.3777	 9.6293
 3.3755	 9.5969
 3.3733	 9.4979
 3.3712	 9.4654
 3.3690	 9.5282
 3.3668	 9.5994
 3.3646	 9.4731
 3.3624	 9.3316
 3.3602	 9.1845
 3.3580	 8.9980
 3.3559	 8.9023
 3.3537	 8.9277
 3.3515	 8.9496
 3.3494	 8.9565
 3.3472	 8.8127
 3.3451	 8.6353
 3.3429	 8.4923
 3.3407	 8.4418
 3.3386	 8.4319
 3.3364	 8.4136
 3.3343	 8.4167
 3.3321	 8.3431
 3.3300	 8.2016
 3.3279	 8.1390
 3.3257	 8.0570
 3.3236	 8.0805
 3.3215	 8.1198
 3.3194	 8.0376
 3.3172	 7.9488
 3.3151	 7.8934
 3.3130	 7.7769
 3.3109	 7.6551
 3.3088	 7.6297
 3.3066	 7.6453
 3.3045	 7.5957
 3.3024	 7.5275
 3.3003	 7.4513
 3.2982	 7.3729
 3.2961	 7.2482
 3.2940	 7.2245
 3.2920	 7.1888
 3.2899	 7.1510
 3.2878	 7.0712
 3.2857	 7.0909
 3.2836	 7.0484
 3.2815	 6.8614
 3.2795	 6.7287
 3.2774	 6.7222
 3.2753	 6.8302
 3.2732	 6.8658
 3.2712	 6.7276
 3.2691	 6.6568
 3.2671	 6.5815
 3.2650	 6.4164
 3.2630	 6.2756
 3.2609	 6.2191
 3.2588	 6.1798
 3.2568	 6.1353
 3.2548	 6.0855
 3.2527	 6.0435
 3.2507	 6.0084
 3.2486	 6.0131
 3.2466	 6.0430
 3.2446	 5.9565
 3.2426	 5.8358
 3.2405	 5.7255
 3.2385	 5.6766
 3.2365	 5.7430
 3.2345	 5.8306
 3.2324	 5.7723
 3.2304	 5.5857
 3.2284	 5.4743
 3.2264	 5.4186
 3.2244	 5.3991
 3.2224	 5.4435
 3.2204	 5.3654
 3.2184	 5.2713
 3.2164	 5.3138
 3.2144	 5.2340
 3.2124	 5.2056
 3.2104	 5.2239
 3.2084	 5.1579
 3.2064	 5.0549
 3.2045	 5.0453
 3.2025	 5.0497
 3.2005	 4.9725
 3.1985	 4.8670
 3.1966	 4.7573
 3.1946	 4.7774
 3.1926	 4.8617
 3.1907	 4.7906
 3.1887	 4.7103
 3.1867	 4.6427
 3.1848	 4.4495
 3.1828	 4.3429
 3.1809	 4.3685
 3.1789	 4.4419
 3.1770	 4.5031
 3.1750	 4.5126
 3.1731	 4.4589
 3.1711	 4.3787
 3.1692	 4.2593
 3.1673	 4.2289
 3.1653	 4.3137
 3.1634	 4.3049
 3.1615	 4.2267
 3.1596	 4.1782
 3.1576	 4.1048
 3.1557	 4.0267
 3.1538	 4.0446
 3.1519	 4.0345
 3.1500	 3.9402
 3.1481	 3.8552
 3.1461	 3.9642
 3.1442	 3.9917
 3.1423	 3.8796
 3.1404	 3.8431
 3.1385	 3.8744
 3.1366	 3.8365
 3.1347	 3.7124
 3.1328	 3.6365
 3.1309	 3.6319
 3.1290	 3.5694
 3.1272	 3.4487
 3.1253	 3.5439
 3.1234	 3.7225
 3.1215	 3.6610
 3.1196	 3.5868
 3.1178	 3.4765
 3.1159	 3.3819
 3.1140	 3.4722
 3.1121	 3.6109
 3.1103	 3.4679
 3.1084	 3.3009
 3.1065	 3.3058
 3.1047	 3.3480
 3.1028	 3.4091
 3.1010	 3.4495
 3.0991	 3.4078
 3.0973	 3.2184
 3.0954	 3.1705
 3.0936	 3.2312
 3.0917	 3.1521
 3.0899	 3.0549
 3.0880	 3.0325
 3.0862	 3.0121
 3.0844	 3.0993
 3.0825	 3.2487
 3.0807	 3.1513
 3.0789	 3.0873
 3.0770	 3.0087
 3.0752	 2.9691
 3.0734	 2.9526
 3.0716	 3.0347
 3.0698	 3.1549
 3.0680	 3.1199
 3.0661	 3.1584
 3.0643	 3.1720
 3.0625	 2.9253
 3.0607	 2.8246
 3.0589	 2.9470
 3.0571	 3.0044
 3.0553	 2.9446
 3.0535	 2.8164
 3.0517	 2.6927
 3.0499	 2.6721
 3.0481	 2.7108
 3.0463	 2.7123
 3.0445	 2.8211
 3.0427	 2.7848
 3.0410	 2.7219
 3.0392	 2.6734
 3.0374	 2.5735
 3.0356	 2.5929
 3.0338	 2.5935
 3.0321	 2.4678
 3.0303	 2.4750
 3.0285	 2.5956
 3.0268	 2.7203
 3.0250	 2.6357
 3.0232	 2.5629
 3.0215	 2.6157
 3.0197	 2.5616
 3.0179	 2.5267
 3.0162	 2.5175
 3.0144	 2.5633
 3.0127	 2.5041
 3.0109	 2.4293
 3.0092	 2.4189
 3.0074	 2.5214
 3.0057	 2.5154
 3.0040	 2.3028
 3.0022	 2.3713
 3.0005	 2.5585
 2.9987	 2.5275
 2.9970	 2.4775
 2.9953	 2.3298
 2.9935	 2.2795
 2.9918	 2.2894
 2.9901	 2.1705
 2.9884	 2.2322
 2.9867	 2.2639
 2.9849	 2.0982
 2.9832	 2.1255
 2.9815	 2.2262
 2.9798	 2.3000
 2.9781	 2.3226
 2.9764	 2.1426
 2.9747	 2.0622
 2.9729	 2.1700
 2.9712	 2.0546
 2.9695	 2.0949
 2.9678	 2.2124
 2.9661	 2.2271
 2.9645	 2.1739
 2.9628	 2.0905
 2.9611	 2.1183
 2.9594	 2.1831
 2.9577	 2.1841
 2.9560	 2.2281
 2.9543	 2.2444
 2.9526	 2.1997
 2.9510	 2.2616
 2.9493	 2.3094
 2.9476	 2.1784
 2.9459	 2.0627
 2.9442	 2.0723
 2.9426	 2.0954
 2.9409	 2.1393
 2.9392	 2.0969
 2.9376	 1.9518
 2.9359	 1.9682
 2.9343	 2.0766
 2.9326	 2.1006
 2.9309	 2.0430
 2.9293	 1.9877
 2.9276	 2.0009
 2.9260	 1.9554
 2.9243	 1.9035
 2.9227	 1.8170
 2.9210	 1.7729
 2.9194	 1.8797
 2.9177	 2.0768
 2.9161	 2.1390
 2.9145	 2.1264
 2.9128	 2.0967
 2.9112	 1.9817
 2.9096	 1.8219
 2.9079	 1.7821
 2.9063	 1.8565
 2.9047	 1.8862
 2.9030	 1.8242
 2.9014	 1.7940
 2.8998	 1.8480
 2.8982	 1.8654
 2.8966	 1.9259
 2.8949	 2.0034
 2.8933	 1.9998
 2.8917	 1.9453
 2.8901	 2.0060
 2.8885	 1.9738
 2.8869	 1.9166
 2.8853	 1.9814
 2.8837	 2.0212
 2.8821	 2.0685
 2.8805	 2.0880
 2.8789	 2.0440
 2.8773	 2.0405
 2.8757	 2.1406
 2.8741	 2.1710
 2.8725	 2.0124
 2.8709	 1.8641
 2.8693	 1.9960
 2.8677	 2.1166
 2.8661	 2.1300
 2.8645	 2.1858
 2.8630	 2.2532
 2.8614	 2.2684
 2.8598	 2.3287
 2.8582	 2.3732
 2.8567	 2.3299
 2.8551	 2.2306
 2.8535	 2.2815
 2.8519	 2.3216
 2.8504	 2.3395
 2.8488	 2.3506
 2.8472	 2.3968
 2.8457	 2.4542
 2.8441	 2.5578
 2.8426	 2.5452
 2.8410	 2.6885
 2.8394	 2.7647
 2.8379	 2.6937
 2.8363	 2.6947
 2.8348	 2.6769
 2.8332	 2.6807
 2.8317	 2.7031
 2.8302	 2.7062
 2.8286	 2.7081
 2.8271	 2.7365
 2.8255	 2.7083
 2.8240	 2.6767
 2.8224	 2.7511
 2.8209	 2.7491
 2.8194	 2.9017
 2.8178	 2.9018
 2.8163	 2.8833
 2.8148	 2.9062
 2.8133	 2.8424
 2.8117	 2.8675
 2.8102	 2.9876
 2.8087	 3.1360
 2.8072	 3.1302
 2.8056	 3.0841
 2.8041	 2.9951
 2.8026	 2.8403
 2.8011	 2.7665
 2.7996	 2.9977
 2.7981	 3.2408
 2.7966	 3.1880
 2.7951	 3.0430
 2.7936	 3.0886
 2.7921	 3.2005
 2.7906	 3.2107
 2.7890	 3.1571
 2.7875	 3.2010
 2.7860	 3.2447
 2.7845	 3.2154
 2.7831	 3.1080
 2.7816	 3.1607
 2.7801	 3.2921
 2.7786	 3.2939
 2.7771	 3.2858
 2.7756	 3.3242
 2.7741	 3.3076
 2.7726	 3.3544
 2.7712	 3.2679
 2.7697	 3.2267
 2.7682	 3.2236
 2.7667	 3.2211
 2.7652	 3.2183
 2.7638	 3.1324
 2.7623	 3.1548
 2.7608	 3.0630
 2.7594	 2.9518
 2.7579	 3.2033
 2.7564	 3.2510
 2.7550	 3.1529
 2.7535	 3.2763
 2.7520	 3.2995
 2.7506	 3.4304
 2.7491	 3.6841
 2.7477	 3.9922
 2.7462	 4.1144
 2.7447	 4.1921
 2.7433	 4.2411
 2.7418	 4.2371
 2.7404	 4.4725
 2.7389	 4.8473
 2.7375	 5.2097
 2.7361	 5.4691
 2.7346	 5.6627
 2.7332	 5.8548
 2.7317	 6.1466
 2.7303	 6.6719
 2.7289	 7.2080
 2.7274	 7.5613
 2.7260	 7.8505
 2.7246	 8.3743
 2.7231	 8.9801
 2.7217	 9.3213
 2.7203	 9.7717
 2.7188	10.4882
 2.7174	11.0579
 2.7160	11.6373
 2.7146	12.0924
 2.7132	12.3842
 2.7117	12.7610
 2.7103	13.1494
 2.7089	13.5476
 2.7075	13.9264
 2.7061	14.3252
 2.7047	14.6116
 2.7033	14.8480
 2.7018	15.0328
 2.7004	15.5796
 2.6990	16.3361
 2.6976	17.1155
 2.6962	17.7459
 2.6948	18.3868
 2.6934	19.2884
 2.6920	20.5863
 2.6906	21.6744
 2.6892	22.6584
 2.6878	23.5552
 2.6864	24.5405
 2.6850	25.5026
 2.6837	26.2621
 2.6823	27.1448
 2.6809	27.7869
 2.6795	28.0819
 2.6781	28.6098
 2.6767	29.1109
 2.6753	29.9512
 2.6740	30.7165
 2.6726	31.1060
 2.6712	30.8351
 2.6698	31.2679
 2.6685	32.1229
 2.6671	32.2352
 2.6657	32.6767
 2.6644	33.5581
 2.6630	34.4028
 2.6616	34.7511
 2.6603	34.9885
 2.6589	35.3387
 2.6575	35.9280
 2.6562	36.1494
 2.6548	36.3679
 2.6534	36.5677
 2.6521	36.7901
 2.6507	37.2913
 2.6494	37.6262
 2.6480	37.8558
 2.6467	37.8978
 2.6453	38.1618
 2.6440	38.6251
 2.6426	38.8420
 2.6413	38.9476
 2.6399	39.0609
 2.6386	39.2450
 2.6372	39.4939
 2.6359	39.6516
 2.6346	39.6123
 2.6332	39.7608
 2.6319	39.7417
 2.6306	39.4264
 2.6292	39.9600
 2.6279	40.1635
 2.6266	40.0002
 2.6252	40.5727
 2.6239	40.9883
 2.6226	41.0364
 2.6212	40.5273
 2.6199	40.5414
 2.6186	40.9341
 2.6173	40.5288
 2.6160	40.7988
 2.6146	41.3472
 2.6133	41.4181
 2.6120	41.5600
 2.6107	41.5730
 2.6094	41.5211
 2.6081	41.5366
 2.6067	41.3727
 2.6054	41.2366
 2.6041	41.6931
 2.6028	42.0660
 2.6015	42.2237
 2.6002	42.4832
 2.5989	42.7002
 2.5976	42.5760
 2.5963	41.7623
 2.5950	40.9661
 2.5937	41.9153
 2.5924	42.9537
 2.5911	43.1389
 2.5898	42.9412
 2.5885	42.7967
 2.5872	42.7616
 2.5859	42.8839
 2.5847	42.5016
 2.5834	42.3005
 2.5821	42.4944
 2.5808	42.5547
 2.5795	42.9695
 2.5782	42.9303
 2.5770	42.6802
 2.5757	42.9555
 2.5744	43.0045
 2.5731	43.1079
 2.5718	43.6762
 2.5706	43.5384
 2.5693	43.5523
 2.5680	44.1118
 2.5667	44.4064
 2.5655	44.2075
 2.5642	44.0251
 2.5629	44.0604
 2.5617	44.1396
 2.5604	44.5296
 2.5591	45.0810
 2.5579	45.2633
 2.5566	45.3944
 2.5554	45.4825
 2.5541	45.3140
 2.5528	45.1541
 2.5516	45.3706
 2.5503	45.5799
 2.5491	45.6851
 2.5478	45.7210
 2.5466	45.9010
 2.5453	45.9380
 2.5441	45.8189
 2.5428	45.7848
 2.5416	46.0154
 2.5403	46.1201
 2.5391	46.1670
 2.5379	46.1814
 2.5366	46.0946
 2.5354	46.1224
 2.5341	46.2430
 2.5329	46.2699
 2.5317	46.2780
 2.5304	46.3225
 2.5292	46.4404
 2.5280	46.4629
 2.5267	46.4521
 2.5255	46.4669
 2.5243	46.5306
 2.5230	46.6142
 2.5218	46.7131
 2.5206	46.6535
 2.5194	46.6081
 2.5181	46.6510
 2.5169	46.7113
 2.5157	46.6479
 2.5145	46.7576
 2.5133	46.9566
 2.5120	47.0171
 2.5108	47.1093
 2.5096	47.1560
 2.5084	47.2040
 2.5072	47.3910
 2.5060	47.4605
 2.5048	47.4704
 2.5035	47.5085
 2.5023	47.6363
 2.5011	47.7134
 2.4999	47.7948
 2.4987	47.8872
 2.4975	47.9627
 2.4963	48.0393
 2.4951	48.0578
 2.4939	48.1105
 2.4927	48.2345
 2.4915	48.3373
 2.4903	48.3028
 2.4891	48.2916
 2.4879	48.4132
 2.4867	48.5343
 2.4855	48.6434
 2.4844	48.7134
 2.4832	48.7475
 2.4820	48.8100
 2.4808	48.9891
 2.4796	49.1219
 2.4784	49.1269
 2.4772	49.2086
 2.4760	49.4411
 2.4749	49.5221
 2.4737	49.5675
 2.4725	49.5557
 2.4713	49.6851
 2.4701	49.8355
 2.4690	49.8542
 2.4678	50.0431
 2.4666	50.2241
 2.4655	50.2012
 2.4643	50.2427
 2.4631	50.3010
 2.4619	50.4139
 2.4608	50.4645
 2.4596	50.5026
 2.4584	50.5572
 2.4573	50.6445
 2.4561	50.7369
 2.4549	50.8255
 2.4538	50.9114
 2.4526	50.8899
 2.4515	50.8679
 2.4503	50.9343
 2.4491	50.9918
 2.4480	51.0337
 2.4468	51.1674
 2.4457	51.2561
 2.4445	51.3322
 2.4434	51.5526
 2.4422	51.6248
 2.4411	51.5979
 2.4399	51.6522
 2.4388	51.6595
 2.4376	51.7208
 2.4365	51.8694
 2.4353	51.9353
 2.4342	51.9596
 2.4331	52.0352
 2.4319	52.1141
 2.4308	52.2497
 2.4296	52.3911
 2.4285	52.5168
 2.4274	52.5122
 2.4262	52.5490
 2.4251	52.6461
 2.4240	52.6166
 2.4228	52.5592
 2.4217	52.5102
 2.4206	52.5073
 2.4194	52.6056
 2.4183	52.6794
 2.4172	52.6943
 2.4160	52.7963
 2.4149	52.8317
 2.4138	52.7726
 2.4127	52.7258
 2.4116	52.8868
 2.4104	52.9590
 2.4093	52.7810
 2.4082	52.7212
 2.4071	52.8137
 2.4059	52.7861
 2.4048	53.0756
 2.4037	53.1971
 2.4026	53.1325
 2.4015	53.1550
 2.4004	53.2145
 2.3993	53.2237
 2.3982	53.1978
 2.3971	53.2352
 2.3960	53.2751
 2.3948	53.4107
 2.3937	53.4998
 2.3926	53.5325
 2.3915	53.5865
 2.3904	53.6244
 2.3893	53.6938
 2.3882	53.6432
 2.3871	53.6176
 2.3860	53.7482
 2.3849	53.8610
 2.3838	53.7787
 2.3827	53.8460
 2.3816	53.9472
 2.3805	54.0483
 2.3795	54.2080
 2.3784	54.3359
 2.3773	54.4334
 2.3762	54.6164
 2.3751	54.6487
 2.3740	54.5707
 2.3729	54.4966
 2.3718	54.5590
 2.3708	54.5343
 2.3697	54.4543
 2.3686	54.3829
 2.3675	54.1674
 2.3664	53.9232
 2.3653	53.6568
 2.3643	53.2805
 2.3632	52.8254
 2.3621	52.1235
 2.3610	51.1232
 2.3600	50.1447
 2.3589	49.2584
 2.3578	48.4946
 2.3567	48.1601
 2.3557	48.1524
 2.3546	48.5262
 2.3535	49.0909
 2.3525	49.7677
 2.3514	50.3014
 2.3503	50.5743
 2.3493	50.6953
 2.3482	50.7088
 2.3471	50.6397
 2.3461	50.6930
 2.3450	50.8899
 2.3440	51.2276
 2.3429	51.7333
 2.3418	52.3719
 2.3408	52.9942
 2.3397	53.6277
 2.3387	54.3052
 2.3376	55.0471
 2.3366	55.7822
 2.3355	56.3356
 2.3345	56.8633
 2.3334	57.4202
 2.3324	57.8704
 2.3313	58.2164
 2.3303	58.5241
 2.3292	58.8522
 2.3282	59.1711
 2.3271	59.4962
 2.3261	59.6749
 2.3250	59.7864
 2.3240	59.9306
 2.3230	60.0074
 2.3219	59.9955
 2.3209	60.0984
 2.3198	60.1126
 2.3188	60.0857
 2.3178	60.1701
 2.3167	60.2716
 2.3157	60.3741
 2.3147	60.3426
 2.3136	60.2641
 2.3126	60.2335
 2.3116	60.2045
 2.3105	60.2467
 2.3095	60.2332
 2.3085	60.1403
 2.3074	60.0675
 2.3064	59.9668
 2.3054	59.9658
 2.3044	59.8419
 2.3034	59.5544
 2.3023	59.3151
 2.3013	59.1089
 2.3003	58.8671
 2.2993	58.7514
 2.2982	58.5596
 2.2972	58.1187
 2.2962	57.5019
 2.2952	56.8711
 2.2942	56.4011
 2.2932	55.9288
 2.2921	55.4251
 2.2911	54.7914
 2.2901	54.3385
 2.2891	53.8835
 2.2881	53.4183
 2.2871	53.0586
 2.2861	52.8336
 2.2851	52.5517
 2.2841	52.5001
 2.2831	52.5777
 2.2821	52.7182
 2.2811	52.8322
 2.2801	52.9788
 2.2790	53.3621
 2.2780	53.9046
 2.2771	54.4082
 2.2761	54.8651
 2.2750	55.2747
 2.2740	55.7124
 2.2731	56.0006
 2.2721	56.1756
 2.2711	56.4877
 2.2701	56.7000
 2.2691	56.9091
 2.2681	57.0236
 2.2671	57.0825
 2.2661	57.2523
 2.2651	57.4365
 2.2641	57.6201
 2.2631	57.6784
 2.2621	57.6546
 2.2612	57.8074
 2.2602	57.9424
 2.2592	58.0055
 2.2582	58.1065
 2.2572	58.3131
 2.2562	58.5392
 2.2553	58.6914
 2.2543	58.7866
 2.2533	58.9509
 2.2523	59.2206
 2.2513	59.2993
 2.2504	59.3681
 2.2494	59.4664
 2.2484	59.7310
 2.2474	60.0516
 2.2465	60.3353
 2.2455	60.5812
 2.2445	60.8265
 2.2435	61.0304
 2.2426	61.2424
 2.2416	61.4122
 2.2406	61.7235
 2.2397	62.0604
 2.2387	62.1946
 2.2377	62.3961
 2.2368	62.7426
 2.2358	63.0430
 2.2348	63.3169
 2.2339	63.4580
 2.2329	63.5199
 2.2320	63.5220
 2.2310	63.7073
 2.2300	64.0316
 2.2291	64.2378
 2.2281	64.2120
 2.2272	64.2483
 2.2262	64.3320
 2.2252	64.4108
 2.2243	64.4971
 2.2233	64.5863
 2.2224	64.6461
 2.2214	64.6711
 2.2205	64.5748
 2.2195	64.6077
 2.2186	64.7639
 2.2176	64.8245
 2.2167	64.7883
 2.2157	64.6714
 2.2148	64.6080
 2.2138	64.6946
 2.2129	64.7176
 2.2120	64.5458
 2.2110	64.4452
 2.2101	64.4282
 2.2091	64.4736
 2.2082	64.4871
 2.2073	64.5702
 2.2063	64.7218
 2.2054	64.9232
 2.2044	65.2163
 2.2035	65.4674
 2.2026	65.7534
 2.2016	65.9481
 2.2007	66.0761
 2.1998	66.3225
 2.1988	66.5390
 2.1979	66.7361
 2.1970	66.9179
 2.1960	66.9613
 2.1951	67.0057
 2.1942	67.1980
 2.1932	67.4138
 2.1923	67.4273
 2.1914	67.3398
 2.1905	67.3816
 2.1895	67.5217
 2.1886	67.5382
 2.1877	67.6053
 2.1868	67.6880
 2.1858	67.7294
 2.1849	67.6925
 2.1840	67.6849
 2.1831	67.7327
 2.1822	67.8097
 2.1812	68.0202
 2.1803	68.1261
 2.1794	68.0070
 2.1785	67.9724
 2.1776	68.1011
 2.1767	68.1517
 2.1758	68.0911
 2.1749	68.1237
 2.1739	68.2212
 2.1730	68.2083
 2.1721	68.4494
 2.1712	68.6035
 2.1703	68.4322
 2.1694	68.4372
 2.1685	68.5104
 2.1676	68.5358
 2.1667	68.5347
 2.1658	68.5645
 2.1649	68.5903
 2.1639	68.7062
 2.1631	68.7565
 2.1622	68.7527
 2.1612	68.8385
 2.1604	68.9049
 2.1595	68.9934
 2.1585	69.1161
 2.1576	69.1669
 2.1568	69.1625
 2.1559	69.0460
 2.1550	69.0027
 2.1541	69.0725
 2.1532	69.2772
 2.1523	69.2678
 2.1514	69.2349
 2.1505	69.3791
 2.1496	69.3461
 2.1487	69.3197
 2.1478	69.1827
 2.1469	69.1890
 2.1460	69.2959
 2.1452	69.2602
 2.1443	69.2133
 2.1434	69.3434
 2.1425	69.2938
 2.1416	69.2485
 2.1407	69.3028
 2.1398	69.1828
 2.1390	69.3211
 2.1381	69.4044
 2.1372	69.4057
 2.1363	69.4302
 2.1354	69.3907
 2.1345	69.4014
 2.1337	69.4641
 2.1328	69.4588
 2.1319	69.3536
 2.1311	69.3355
 2.1302	69.4264
 2.1293	69.3237
 2.1284	69.2701
 2.1275	69.3066
 2.1267	69.3379
 2.1258	69.3374
 2.1249	69.2166
 2.1241	69.0587
 2.1232	69.1335
 2.1223	69.1691
 2.1214	69.1959
 2.1206	69.2283
 2.1197	69.1879
 2.1189	69.2085
 2.1180	69.1899
 2.1171	69.1356
 2.1163	68.9432
 2.1154	68.8197
 2.1145	68.8801
 2.1137	68.8992
 2.1128	68.8632
 2.1120	68.6883
 2.1111	68.5642
 2.1102	68.7205
 2.1094	68.8422
 2.1085	68.8221
 2.1077	68.5682
 2.1068	68.5211
 2.1059	68.7265
 2.1051	68.7995
 2.1042	68.6988
 2.1034	68.5781
 2.1025	68.6137
 2.1017	68.6960
 2.1008	68.6615
 2.1000	68.5409
 2.0991	68.3674
 2.0983	68.3425
 2.0974	68.4248
 2.0966	68.2996
 2.0957	68.1807
 2.0949	68.3082
 2.0940	68.4979
 2.0932	68.5697
 2.0924	68.4644
 2.0915	68.3611
 2.0907	68.3769
 2.0898	68.3559
 2.0890	68.2514
 2.0881	68.1162
 2.0873	68.0021
 2.0865	68.0772
 2.0856	68.2038
 2.0848	68.0236
 2.0839	67.8945
 2.0831	67.6949
 2.0823	67.5798
 2.0814	67.6992
 2.0806	67.7634
 2.0798	67.7285
 2.0789	67.8480
 2.0781	67.9742
 2.0773	67.8932
 2.0764	67.7352
 2.0756	67.5694
 2.0748	67.2560
 2.0739	67.1680
 2.0731	67.3075
 2.0723	67.1813
 2.0715	66.9280
 2.0706	67.0400
 2.0698	67.3291
 2.0690	67.1605
 2.0681	66.8615
 2.0673	66.9366
 2.0665	66.8141
 2.0657	66.7066
 2.0648	66.7775
 2.0640	66.6965
 2.0632	66.6584
 2.0624	66.6420
 2.0616	66.5310
 2.0607	66.4387
 2.0599	66.2488
 2.0591	66.1180
 2.0583	66.1373
 2.0575	66.1935
 2.0567	66.1375
 2.0558	65.9647
 2.0550	65.8533
 2.0542	65.9039
 2.0534	65.7751
 2.0526	65.5586
 2.0518	65.5845
 2.0510	65.6670
 2.0501	65.5286
 2.0493	65.5033
 2.0485	65.4388
 2.0477	65.2442
 2.0469	65.0820
 2.0461	65.1123
 2.0453	65.0193
 2.0445	64.7901
 2.0437	64.6881
 2.0429	64.7857
 2.0421	64.6214
 2.0413	64.4972
 2.0405	64.5744
 2.0397	64.6918
 2.0389	64.7538
 2.0381	64.8264
 2.0373	64.7207
 2.0365	64.6683
 2.0357	64.5669
 2.0349	64.4467
 2.0341	64.2229
 2.0333	64.0926
 2.0325	64.1290
 2.0317	64.0379
 2.0309	63.8318
 2.0301	63.8051
 2.0293	63.6965
 2.0285	63.6300
 2.0277	63.5699
 2.0269	63.5800
 2.0261	63.6372
 2.0253	63.5310
 2.0245	63.3941
 2.0237	63.2391
 2.0229	63.2438
 2.0222	63.3561
 2.0214	63.1717
 2.0206	62.8970
 2.0198	62.7248
 2.0190	62.7500
 2.0182	62.8462
 2.0174	62.7774
 2.0167	62.7074
 2.0159	62.8331
 2.0151	62.6580
 2.0143	62.3611
 2.0135	62.3123
 2.0128	62.3170
 2.0120	62.0991
 2.0112	62.1302
 2.0104	62.1993
 2.0096	62.1457
 2.0088	62.1105
 2.0081	62.0780
 2.0073	61.8563
 2.0065	61.5672
 2.0057	61.3323
 2.0050	61.1739
 2.0042	60.9947
 2.0034	60.9708
 2.0026	61.0182
 2.0019	60.9355
 2.0011	60.8761
 2.0003	60.7512
