Name: Anorthite (Feldspar) (NaSi,CaAl)AlSi_2O_8
Type: Mineral
Class: Silicate
Subclass: Tectosilicate
Particle Size: Medium
Sample No.: TS-5A
Owner: JPL
Wavelength Range: VSWIR
Origin: Unknown.
Collection Date: N/A
Description: Particle size was 45-125um. Collected by:  JPL Original ASTER Spectral Library name was jpl.perkin.mineral.silicate.tectosilicate.medium.ts05a.spectrum.txt
Measurement: Hemispherical reflectance
First Column: X
Second Column: Y
X Units: Wavelength (micrometers)
Y Units:Reflectance (percent)
First X Value:  2.5000
Last X Value:  0.4000
Number of X Values: 2101
Additional Information: mineral.silicate.tectosilicate.medium.vswir.ts-5a.jpl.perkin.ancillary.txt

 2.5000	54.6341
 2.4990	54.2976
 2.4980	54.5239
 2.4970	54.3336
 2.4960	54.1833
 2.4950	54.3013
 2.4940	54.1794
 2.4930	54.0245
 2.4920	54.2736
 2.4910	54.2522
 2.4900	54.2237
 2.4890	54.2624
 2.4880	54.2894
 2.4870	54.1279
 2.4860	54.0907
 2.4850	54.0982
 2.4840	54.0571
 2.4830	53.8916
 2.4820	53.9616
 2.4810	54.0808
 2.4800	54.0982
 2.4790	53.7931
 2.4780	53.8178
 2.4770	53.7658
 2.4760	53.7285
 2.4750	53.6781
 2.4740	53.7736
 2.4730	53.6091
 2.4720	53.7148
 2.4710	53.4348
 2.4700	53.4570
 2.4690	53.5378
 2.4680	53.5236
 2.4670	53.4047
 2.4660	53.5018
 2.4650	53.4881
 2.4640	53.6220
 2.4630	53.6743
 2.4620	53.7337
 2.4610	53.6606
 2.4600	53.8225
 2.4590	53.8036
 2.4580	53.9508
 2.4570	54.0259
 2.4560	54.1431
 2.4550	54.1978
 2.4540	54.2885
 2.4530	54.4895
 2.4520	54.4952
 2.4510	54.5742
 2.4500	54.7082
 2.4490	54.7165
 2.4480	54.8641
 2.4470	55.0399
 2.4460	55.0887
 2.4450	55.1906
 2.4440	55.2736
 2.4430	55.3615
 2.4420	55.5361
 2.4410	55.5607
 2.4400	55.5561
 2.4390	55.7091
 2.4380	55.7503
 2.4370	55.8287
 2.4360	55.9309
 2.4350	56.0207
 2.4340	56.0400
 2.4330	56.0831
 2.4320	56.2099
 2.4310	56.3146
 2.4300	56.3585
 2.4290	56.3886
 2.4280	56.3673
 2.4270	56.4540
 2.4260	56.5382
 2.4250	56.6596
 2.4240	56.6600
 2.4230	56.6710
 2.4220	56.7538
 2.4210	56.7438
 2.4200	56.8397
 2.4190	56.8416
 2.4180	56.8137
 2.4170	56.8589
 2.4160	56.9530
 2.4150	56.9618
 2.4140	56.9722
 2.4130	56.9637
 2.4120	57.0254
 2.4110	57.0216
 2.4100	57.0485
 2.4090	57.0881
 2.4080	56.9888
 2.4070	57.0386
 2.4060	56.9921
 2.4050	56.9031
 2.4040	56.9771
 2.4030	56.8923
 2.4020	56.9004
 2.4010	56.8752
 2.4000	56.8482
 2.3990	56.7468
 2.3980	56.7820
 2.3970	56.7317
 2.3960	56.6297
 2.3950	56.5392
 2.3940	56.5513
 2.3930	56.5043
 2.3920	56.3856
 2.3910	56.3181
 2.3900	56.3310
 2.3890	56.2458
 2.3880	56.0827
 2.3870	55.9747
 2.3860	55.9943
 2.3850	55.9000
 2.3840	55.8179
 2.3830	55.6851
 2.3820	55.5639
 2.3810	55.5017
 2.3800	55.4405
 2.3790	55.2724
 2.3780	55.1255
 2.3770	54.9939
 2.3760	54.8473
 2.3750	54.7057
 2.3740	54.5875
 2.3730	54.4152
 2.3720	54.1932
 2.3710	53.9863
 2.3700	53.8655
 2.3690	53.6573
 2.3680	53.4113
 2.3670	53.2157
 2.3660	53.1097
 2.3650	52.9162
 2.3640	52.7404
 2.3630	52.5977
 2.3620	52.3954
 2.3610	52.2454
 2.3600	52.1084
 2.3590	52.0137
 2.3580	51.9157
 2.3570	51.8410
 2.3560	51.7763
 2.3550	51.7036
 2.3540	51.7287
 2.3530	51.7629
 2.3520	51.7416
 2.3510	51.7366
 2.3500	51.7780
 2.3490	51.8403
 2.3480	51.9066
 2.3470	52.0055
 2.3460	52.0539
 2.3450	52.1555
 2.3440	52.3091
 2.3430	52.4072
 2.3420	52.4792
 2.3410	52.5575
 2.3400	52.6301
 2.3390	52.7229
 2.3380	52.8113
 2.3370	52.8972
 2.3360	53.0119
 2.3350	53.1582
 2.3340	53.2194
 2.3330	53.3531
 2.3320	53.4985
 2.3310	53.6170
 2.3300	53.7506
 2.3290	53.9325
 2.3280	54.0531
 2.3270	54.2280
 2.3260	54.3962
 2.3250	54.5992
 2.3240	54.7942
 2.3230	54.9573
 2.3220	55.1552
 2.3210	55.4129
 2.3200	55.6820
 2.3190	55.8900
 2.3180	56.0597
 2.3170	56.3107
 2.3160	56.5107
 2.3150	56.6515
 2.3140	56.8419
 2.3130	57.0318
 2.3120	57.1940
 2.3110	57.3741
 2.3100	57.4933
 2.3090	57.6840
 2.3080	57.7909
 2.3070	57.8537
 2.3060	57.9917
 2.3050	58.1632
 2.3040	58.1670
 2.3030	58.2367
 2.3020	58.3705
 2.3010	58.4449
 2.3000	58.4905
 2.2990	58.5404
 2.2980	58.6248
 2.2970	58.7144
 2.2960	58.7213
 2.2950	58.7620
 2.2940	58.8090
 2.2930	58.9202
 2.2920	58.9590
 2.2910	59.0312
 2.2900	59.1324
 2.2890	59.2202
 2.2880	59.2908
 2.2870	59.3386
 2.2860	59.4723
 2.2850	59.5517
 2.2840	59.5814
 2.2830	59.7121
 2.2820	59.7372
 2.2810	59.9301
 2.2800	59.9855
 2.2790	60.0978
 2.2780	60.1724
 2.2770	60.2666
 2.2760	60.2539
 2.2750	60.3546
 2.2740	60.3489
 2.2730	60.3637
 2.2720	60.3430
 2.2710	60.3695
 2.2700	60.3648
 2.2690	60.4143
 2.2680	60.4342
 2.2670	60.3527
 2.2660	60.2914
 2.2650	60.3757
 2.2640	60.3395
 2.2630	60.2091
 2.2620	60.1580
 2.2610	60.2886
 2.2600	60.2233
 2.2590	60.3374
 2.2580	60.2542
 2.2570	60.2923
 2.2560	60.3251
 2.2550	60.4471
 2.2540	60.4774
 2.2530	60.4084
 2.2520	60.5922
 2.2510	60.7338
 2.2500	60.8173
 2.2490	60.8905
 2.2480	60.9886
 2.2470	61.1111
 2.2460	61.3183
 2.2450	61.3917
 2.2440	61.3838
 2.2430	61.4895
 2.2420	61.6394
 2.2410	61.7542
 2.2400	61.9454
 2.2390	61.9735
 2.2380	62.0941
 2.2370	62.3887
 2.2360	62.4512
 2.2350	62.6118
 2.2340	62.6853
 2.2330	62.8480
 2.2320	62.9923
 2.2310	63.1703
 2.2300	63.2444
 2.2290	63.3861
 2.2280	63.3681
 2.2270	63.6232
 2.2260	63.6496
 2.2250	63.8396
 2.2240	63.9038
 2.2230	64.0532
 2.2220	64.1407
 2.2210	64.2345
 2.2200	64.2382
 2.2190	64.4296
 2.2180	64.4244
 2.2170	64.4650
 2.2160	64.4796
 2.2150	64.5568
 2.2140	64.5473
 2.2130	64.7384
 2.2120	64.6731
 2.2110	64.6052
 2.2100	64.6907
 2.2090	64.7203
 2.2080	64.6307
 2.2070	64.5982
 2.2060	64.5790
 2.2050	64.6070
 2.2040	64.6880
 2.2030	64.6622
 2.2020	64.6676
 2.2010	64.6593
 2.2000	64.7165
 2.1990	64.6437
 2.1980	64.6197
 2.1970	64.6513
 2.1960	64.5896
 2.1950	64.7017
 2.1940	64.6292
 2.1930	64.6936
 2.1920	64.7479
 2.1910	64.8616
 2.1900	64.8661
 2.1890	64.9323
 2.1880	64.9998
 2.1870	65.1444
 2.1860	65.0966
 2.1850	65.2124
 2.1840	65.3066
 2.1830	65.4144
 2.1820	65.5000
 2.1810	65.5586
 2.1800	65.6017
 2.1790	65.7148
 2.1780	65.8028
 2.1770	65.9991
 2.1760	66.0213
 2.1750	66.1745
 2.1740	66.1638
 2.1730	66.2736
 2.1720	66.3854
 2.1710	66.4178
 2.1700	66.5689
 2.1690	66.7124
 2.1680	66.7376
 2.1670	66.8119
 2.1660	66.9562
 2.1650	67.0946
 2.1640	67.2132
 2.1630	67.2194
 2.1620	67.2823
 2.1610	67.4342
 2.1600	67.5507
 2.1590	67.6219
 2.1580	67.6245
 2.1570	67.7023
 2.1560	67.8685
 2.1550	67.8816
 2.1540	67.8759
 2.1530	67.9895
 2.1520	68.0213
 2.1510	67.9376
 2.1500	68.0768
 2.1490	68.1819
 2.1480	68.0976
 2.1470	68.0989
 2.1460	68.1602
 2.1450	68.2505
 2.1440	68.2908
 2.1430	68.3748
 2.1420	68.2308
 2.1410	68.2461
 2.1400	68.3265
 2.1390	68.2945
 2.1380	68.3213
 2.1370	68.3083
 2.1360	68.3646
 2.1350	68.3265
 2.1340	68.3038
 2.1330	68.3070
 2.1320	68.2911
 2.1310	68.3442
 2.1300	68.3076
 2.1290	68.2517
 2.1280	68.2238
 2.1270	68.2360
 2.1260	68.1286
 2.1250	68.1852
 2.1240	68.1518
 2.1230	68.1424
 2.1220	68.0876
 2.1210	68.0732
 2.1200	68.0806
 2.1190	68.0460
 2.1180	68.0238
 2.1170	68.0000
 2.1160	67.9572
 2.1150	67.8875
 2.1140	67.9055
 2.1130	67.8600
 2.1120	67.8512
 2.1110	67.8381
 2.1100	67.8182
 2.1090	67.7598
 2.1080	67.7178
 2.1070	67.7364
 2.1060	67.6905
 2.1050	67.6680
 2.1040	67.6584
 2.1030	67.6510
 2.1020	67.5783
 2.1010	67.5383
 2.1000	67.4564
 2.0990	67.5038
 2.0980	67.5356
 2.0970	67.5242
 2.0960	67.5419
 2.0950	67.6027
 2.0940	67.5618
 2.0930	67.6154
 2.0920	67.6025
 2.0910	67.5825
 2.0900	67.6393
 2.0890	67.6627
 2.0880	67.6179
 2.0870	67.6709
 2.0860	67.6936
 2.0850	67.6719
 2.0840	67.7297
 2.0830	67.7531
 2.0820	67.7329
 2.0810	67.7210
 2.0800	67.7088
 2.0790	67.7511
 2.0780	67.7308
 2.0770	67.7416
 2.0760	67.7088
 2.0750	67.6905
 2.0740	67.7257
 2.0730	67.7321
 2.0720	67.6997
 2.0710	67.6842
 2.0700	67.7138
 2.0690	67.7108
 2.0680	67.6938
 2.0670	67.7293
 2.0660	67.7157
 2.0650	67.7071
 2.0640	67.7160
 2.0630	67.7276
 2.0620	67.7285
 2.0610	67.7320
 2.0600	67.7749
 2.0590	67.7584
 2.0580	67.7337
 2.0570	67.7166
 2.0560	67.7249
 2.0550	67.6822
 2.0540	67.6782
 2.0530	67.7111
 2.0520	67.6898
 2.0510	67.6708
 2.0500	67.6947
 2.0490	67.6297
 2.0480	67.6244
 2.0470	67.6168
 2.0460	67.6420
 2.0450	67.6417
 2.0440	67.6109
 2.0430	67.5402
 2.0420	67.5450
 2.0410	67.5486
 2.0400	67.5379
 2.0390	67.5287
 2.0380	67.5147
 2.0370	67.5174
 2.0360	67.4889
 2.0350	67.3782
 2.0340	67.3373
 2.0330	67.3456
 2.0320	67.3681
 2.0310	67.3129
 2.0300	67.3020
 2.0290	67.2948
 2.0280	67.2697
 2.0270	67.1877
 2.0260	67.1491
 2.0250	67.1522
 2.0240	67.1362
 2.0230	67.0433
 2.0220	67.0396
 2.0210	67.0008
 2.0200	67.0280
 2.0190	66.9989
 2.0180	66.9625
 2.0170	66.9125
 2.0160	66.8910
 2.0150	66.8555
 2.0140	66.8220
 2.0130	66.8472
 2.0120	66.8304
 2.0110	66.7531
 2.0100	66.7718
 2.0090	66.6873
 2.0080	66.6872
 2.0070	66.6700
 2.0060	66.6406
 2.0050	66.6379
 2.0040	66.5624
 2.0030	66.5220
 2.0020	66.5454
 2.0010	66.5305
 2.0000	66.4795
 1.9990	66.4333
 1.9980	66.3613
 1.9970	66.3041
 1.9960	66.3081
 1.9950	66.2568
 1.9940	66.1833
 1.9930	66.1767
 1.9920	66.1694
 1.9910	66.0751
 1.9900	66.0127
 1.9890	66.0417
 1.9880	66.0179
 1.9870	66.0140
 1.9860	65.9608
 1.9850	65.7802
 1.9840	65.8624
 1.9830	65.8291
 1.9820	65.7506
 1.9810	65.7836
 1.9800	65.7804
 1.9790	65.7230
 1.9780	65.7073
 1.9770	65.6825
 1.9760	65.6031
 1.9750	65.6474
 1.9740	65.5698
 1.9730	65.5361
 1.9720	65.4956
 1.9710	65.4398
 1.9700	65.4461
 1.9690	65.4249
 1.9680	65.4709
 1.9670	65.3516
 1.9660	65.3280
 1.9650	65.3427
 1.9640	65.2642
 1.9630	65.2110
 1.9620	65.3090
 1.9610	65.1936
 1.9600	65.2408
 1.9590	65.2181
 1.9580	65.1623
 1.9570	65.1040
 1.9560	65.1531
 1.9550	65.0346
 1.9540	65.1197
 1.9530	65.0554
 1.9520	65.0033
 1.9510	64.9173
 1.9500	64.9427
 1.9490	64.8643
 1.9480	64.8607
 1.9470	64.8237
 1.9460	64.7738
 1.9450	64.7532
 1.9440	64.6882
 1.9430	64.7193
 1.9420	64.6812
 1.9410	64.5702
 1.9400	64.5820
 1.9390	64.5336
 1.9380	64.4782
 1.9370	64.3974
 1.9360	64.4304
 1.9350	64.4154
 1.9340	64.3161
 1.9330	64.4078
 1.9320	64.3154
 1.9310	64.1635
 1.9300	64.3005
 1.9290	64.1254
 1.9280	64.1746
 1.9270	64.0762
 1.9260	63.9371
 1.9250	64.0149
 1.9240	63.9683
 1.9230	63.9743
 1.9220	63.9220
 1.9210	63.8390
 1.9200	63.8206
 1.9190	63.8104
 1.9180	63.7557
 1.9170	63.7359
 1.9160	63.7083
 1.9150	63.6281
 1.9140	63.7419
 1.9130	63.7007
 1.9120	63.8598
 1.9110	63.8247
 1.9100	63.8770
 1.9090	64.0426
 1.9080	64.0290
 1.9070	64.0881
 1.9060	64.3335
 1.9050	64.4322
 1.9040	64.6050
 1.9030	64.7406
 1.9020	64.9097
 1.9010	65.1631
 1.9000	65.3277
 1.8990	65.5538
 1.8980	65.7438
 1.8970	65.8655
 1.8960	66.1174
 1.8950	66.2327
 1.8940	66.4805
 1.8930	66.6762
 1.8920	66.8746
 1.8910	66.8346
 1.8900	67.0410
 1.8890	67.2030
 1.8880	67.3872
 1.8870	67.4379
 1.8860	67.4655
 1.8850	67.6677
 1.8840	67.7761
 1.8830	67.7425
 1.8820	67.8383
 1.8810	67.9382
 1.8800	68.0764
 1.8790	68.1185
 1.8780	68.1195
 1.8770	68.0437
 1.8760	68.1702
 1.8750	68.1704
 1.8740	68.1947
 1.8730	68.3066
 1.8720	68.3278
 1.8710	68.4211
 1.8700	68.4164
 1.8690	68.4775
 1.8680	68.4812
 1.8670	68.5724
 1.8660	68.6194
 1.8650	68.6794
 1.8640	68.6758
 1.8630	68.6598
 1.8620	68.7828
 1.8610	68.6970
 1.8600	68.7024
 1.8590	68.7210
 1.8580	68.7761
 1.8570	68.8745
 1.8560	68.8372
 1.8550	68.7724
 1.8540	68.8218
 1.8530	68.8368
 1.8520	68.7717
 1.8510	68.7862
 1.8500	68.8323
 1.8490	68.8398
 1.8480	68.8029
 1.8470	68.7359
 1.8460	68.8087
 1.8450	68.8204
 1.8440	68.8358
 1.8430	68.8871
 1.8420	68.9064
 1.8410	68.8442
 1.8400	68.8637
 1.8390	68.9084
 1.8380	68.8422
 1.8370	68.8803
 1.8360	68.8904
 1.8350	68.9147
 1.8340	68.9611
 1.8330	68.9522
 1.8320	68.9698
 1.8310	69.0603
 1.8300	69.0236
 1.8290	69.0056
 1.8280	69.1054
 1.8270	69.0806
 1.8260	69.0777
 1.8250	69.0462
 1.8240	69.0731
 1.8230	69.1370
 1.8220	69.1570
 1.8210	69.0829
 1.8200	69.1229
 1.8190	69.0852
 1.8180	69.1271
 1.8170	69.1588
 1.8160	69.2296
 1.8150	69.1665
 1.8140	69.1500
 1.8130	69.2136
 1.8120	69.1876
 1.8110	69.0862
 1.8100	69.0812
 1.8090	69.1802
 1.8080	69.1984
 1.8070	69.1727
 1.8060	69.1901
 1.8050	69.1910
 1.8040	69.1651
 1.8030	69.1437
 1.8020	69.1649
 1.8010	69.1768
 1.8000	69.1067
 1.7990	69.0765
 1.7980	69.1388
 1.7970	69.1499
 1.7960	69.1621
 1.7950	69.1767
 1.7940	69.1398
 1.7930	69.1042
 1.7920	69.0753
 1.7910	69.1172
 1.7900	69.1482
 1.7890	69.0706
 1.7880	69.0865
 1.7870	69.1049
 1.7860	69.0699
 1.7850	69.0931
 1.7840	69.0466
 1.7830	69.0312
 1.7820	69.0502
 1.7810	69.0390
 1.7800	69.0385
 1.7790	69.0523
 1.7780	69.0394
 1.7770	69.0382
 1.7760	68.9758
 1.7750	68.9547
 1.7740	68.9661
 1.7730	68.9444
 1.7720	68.9657
 1.7710	68.9512
 1.7700	68.9512
 1.7690	68.9384
 1.7680	68.9579
 1.7670	68.9718
 1.7660	68.9663
 1.7650	68.9633
 1.7640	68.9315
 1.7630	68.9686
 1.7620	68.9632
 1.7610	68.9466
 1.7600	68.9655
 1.7590	68.9206
 1.7580	68.8350
 1.7570	68.8117
 1.7560	68.8725
 1.7550	68.8998
 1.7540	68.8979
 1.7530	68.8529
 1.7520	68.8513
 1.7510	68.9192
 1.7500	68.8943
 1.7490	68.8556
 1.7480	68.8475
 1.7470	68.8719
 1.7460	68.8606
 1.7450	68.8757
 1.7440	68.8459
 1.7430	68.8755
 1.7420	68.8414
 1.7410	68.8312
 1.7400	68.8047
 1.7390	68.8230
 1.7380	68.8084
 1.7370	68.8139
 1.7360	68.8287
 1.7350	68.8151
 1.7340	68.7956
 1.7330	68.8322
 1.7320	68.7788
 1.7310	68.8271
 1.7300	68.8401
 1.7290	68.7997
 1.7280	68.7631
 1.7270	68.7634
 1.7260	68.7315
 1.7250	68.6833
 1.7240	68.6684
 1.7230	68.7371
 1.7220	68.6917
 1.7210	68.7484
 1.7200	68.7002
 1.7190	68.6642
 1.7180	68.6430
 1.7170	68.6920
 1.7160	68.6385
 1.7150	68.6529
 1.7140	68.6368
 1.7130	68.6170
 1.7120	68.5717
 1.7110	68.5408
 1.7100	68.5310
 1.7090	68.6001
 1.7080	68.5359
 1.7070	68.5463
 1.7060	68.4590
 1.7050	68.5288
 1.7040	68.5625
 1.7030	68.5488
 1.7020	68.4727
 1.7010	68.4191
 1.7000	68.3734
 1.6990	68.3948
 1.6980	68.4217
 1.6970	68.4310
 1.6960	68.3812
 1.6950	68.3955
 1.6940	68.4315
 1.6930	68.3616
 1.6920	68.3619
 1.6910	68.3980
 1.6900	68.3749
 1.6890	68.3426
 1.6880	68.2791
 1.6870	68.3144
 1.6860	68.2716
 1.6850	68.3481
 1.6840	68.3476
 1.6830	68.4471
 1.6820	68.3696
 1.6810	68.3007
 1.6800	68.3352
 1.6790	68.2945
 1.6780	68.2640
 1.6770	68.2860
 1.6760	68.2541
 1.6750	68.2882
 1.6740	68.2417
 1.6730	68.3608
 1.6720	68.2268
 1.6710	68.1954
 1.6700	68.1660
 1.6690	68.2461
 1.6680	68.1393
 1.6670	68.2564
 1.6660	68.2156
 1.6650	68.2063
 1.6640	68.1358
 1.6630	68.1781
 1.6620	68.1276
 1.6610	68.2282
 1.6600	68.1668
 1.6590	68.1322
 1.6580	68.1739
 1.6570	68.1698
 1.6560	68.1891
 1.6550	68.1521
 1.6540	68.1375
 1.6530	68.1485
 1.6520	68.2526
 1.6510	68.0495
 1.6500	68.0720
 1.6490	68.1381
 1.6480	68.1173
 1.6470	68.1700
 1.6460	68.2095
 1.6450	68.2262
 1.6440	68.1876
 1.6430	68.2086
 1.6420	68.2172
 1.6410	68.1316
 1.6400	68.1854
 1.6390	68.1661
 1.6380	68.1162
 1.6370	68.2316
 1.6360	68.1001
 1.6350	68.2889
 1.6340	68.2541
 1.6330	68.1935
 1.6320	68.1697
 1.6310	68.2197
 1.6300	68.1849
 1.6290	68.2216
 1.6280	68.1175
 1.6270	68.1636
 1.6260	68.1581
 1.6250	68.1679
 1.6240	68.2656
 1.6230	68.2484
 1.6220	68.2084
 1.6210	68.2307
 1.6200	68.1389
 1.6190	68.2936
 1.6180	68.2750
 1.6170	68.2922
 1.6160	68.2407
 1.6150	68.2350
 1.6140	68.2200
 1.6130	68.2278
 1.6120	68.1539
 1.6110	68.2095
 1.6100	68.2669
 1.6090	68.2484
 1.6080	68.1823
 1.6070	68.2342
 1.6060	68.1429
 1.6050	68.2098
 1.6040	68.1685
 1.6030	68.1619
 1.6020	68.1187
 1.6010	68.1736
 1.6000	68.1336
 1.5990	68.1800
 1.5980	68.0415
 1.5970	68.1792
 1.5960	68.0854
 1.5950	68.0857
 1.5940	68.1032
 1.5930	68.1448
 1.5920	68.1370
 1.5910	68.0585
 1.5900	68.0570
 1.5890	68.0516
 1.5880	67.9920
 1.5870	68.0466
 1.5860	68.0239
 1.5850	68.0402
 1.5840	68.0388
 1.5830	67.9733
 1.5820	67.9312
 1.5810	67.9777
 1.5800	67.9374
 1.5790	68.0182
 1.5780	67.9331
 1.5770	67.9313
 1.5760	67.8766
 1.5750	67.9136
 1.5740	67.9005
 1.5730	67.8736
 1.5720	67.8831
 1.5710	67.9037
 1.5700	67.8449
 1.5690	67.8591
 1.5680	67.8519
 1.5670	67.8749
 1.5660	67.8797
 1.5650	67.9120
 1.5640	67.8775
 1.5630	67.8633
 1.5620	67.8530
 1.5610	67.8476
 1.5600	67.8530
 1.5590	67.8729
 1.5580	67.8833
 1.5570	67.8400
 1.5560	67.8569
 1.5550	67.8927
 1.5540	67.8029
 1.5530	67.8614
 1.5520	67.8298
 1.5510	67.8157
 1.5500	67.8525
 1.5490	67.8358
 1.5480	67.8297
 1.5470	67.7827
 1.5460	67.8002
 1.5450	67.8231
 1.5440	67.7975
 1.5430	67.8080
 1.5420	67.7634
 1.5410	67.8121
 1.5400	67.7308
 1.5390	67.7084
 1.5380	67.7383
 1.5370	67.6957
 1.5360	67.6750
 1.5350	67.7684
 1.5340	67.6659
 1.5330	67.6412
 1.5320	67.6447
 1.5310	67.6577
 1.5300	67.6570
 1.5290	67.6415
 1.5280	67.6896
 1.5270	67.6565
 1.5260	67.5794
 1.5250	67.5739
 1.5240	67.5786
 1.5230	67.5359
 1.5220	67.4670
 1.5210	67.4985
 1.5200	67.4897
 1.5190	67.4836
 1.5180	67.4436
 1.5170	67.4109
 1.5160	67.3863
 1.5150	67.3604
 1.5140	67.3206
 1.5130	67.2863
 1.5120	67.3261
 1.5110	67.2697
 1.5100	67.2635
 1.5090	67.2566
 1.5080	67.2496
 1.5070	67.2504
 1.5060	67.2114
 1.5050	67.1851
 1.5040	67.1059
 1.5030	67.0838
 1.5020	67.0957
 1.5010	67.0399
 1.5000	67.0139
 1.4990	67.0067
 1.4980	66.9767
 1.4970	66.9449
 1.4960	66.9524
 1.4950	66.9755
 1.4940	66.8829
 1.4930	66.8051
 1.4920	66.8071
 1.4910	66.7766
 1.4900	66.7236
 1.4890	66.6649
 1.4880	66.5979
 1.4870	66.4878
 1.4860	66.3950
 1.4850	66.2816
 1.4840	66.2126
 1.4830	66.1501
 1.4820	66.0934
 1.4810	66.0514
 1.4800	65.9287
 1.4790	65.8849
 1.4780	65.8941
 1.4770	65.8713
 1.4760	65.8755
 1.4750	65.8782
 1.4740	65.8486
 1.4730	65.8273
 1.4720	65.8367
 1.4710	65.8553
 1.4700	65.9041
 1.4690	65.8855
 1.4680	65.9238
 1.4670	65.9709
 1.4660	65.9817
 1.4650	65.8778
 1.4640	65.8362
 1.4630	65.8005
 1.4620	65.7923
 1.4610	65.7491
 1.4600	65.7848
 1.4590	65.8138
 1.4580	65.8014
 1.4570	65.7904
 1.4560	65.7479
 1.4550	65.6371
 1.4540	65.6645
 1.4530	65.6790
 1.4520	65.6011
 1.4510	65.4951
 1.4500	65.5042
 1.4490	65.4662
 1.4480	65.4042
 1.4470	65.4417
 1.4460	65.3960
 1.4450	65.3768
 1.4440	65.3312
 1.4430	65.3329
 1.4420	65.2597
 1.4410	65.1854
 1.4400	65.2008
 1.4390	65.1452
 1.4380	65.1113
 1.4370	65.0347
 1.4360	65.0043
 1.4350	65.0375
 1.4340	64.9606
 1.4330	64.9090
 1.4320	64.8015
 1.4310	64.8451
 1.4300	64.8133
 1.4290	64.7231
 1.4280	64.6968
 1.4270	64.6662
 1.4260	64.6123
 1.4250	64.5330
 1.4240	64.4860
 1.4230	64.4297
 1.4220	64.3952
 1.4210	64.2675
 1.4200	64.0149
 1.4190	63.9991
 1.4180	63.9185
 1.4170	63.6746
 1.4160	63.6016
 1.4150	63.3436
 1.4140	63.1872
 1.4130	62.9941
 1.4120	62.8626
 1.4110	62.8102
 1.4100	62.6654
 1.4090	62.5913
 1.4080	62.5914
 1.4070	62.3844
 1.4060	62.4908
 1.4050	62.4890
 1.4040	62.5992
 1.4030	62.6274
 1.4020	62.7425
 1.4010	62.7517
 1.4000	62.7972
 1.3990	62.9452
 1.3980	63.0520
 1.3970	63.0807
 1.3960	63.2550
 1.3950	63.3331
 1.3940	63.2901
 1.3930	63.4203
 1.3920	63.5926
 1.3910	63.6816
 1.3900	63.9309
 1.3890	64.1196
 1.3880	64.3035
 1.3870	64.4534
 1.3860	64.5967
 1.3850	64.6796
 1.3840	64.7622
 1.3830	64.6772
 1.3820	64.8119
 1.3810	64.7768
 1.3800	64.9030
 1.3790	64.9507
 1.3780	64.9100
 1.3770	64.8594
 1.3760	64.9723
 1.3750	64.8797
 1.3740	64.9170
 1.3730	64.8541
 1.3720	64.8319
 1.3710	64.8267
 1.3700	64.7701
 1.3690	64.7736
 1.3680	64.7396
 1.3670	64.7201
 1.3660	64.8097
 1.3650	64.7562
 1.3640	64.7971
 1.3630	64.7615
 1.3620	64.6683
 1.3610	64.6476
 1.3600	64.6489
 1.3590	64.5252
 1.3580	64.6587
 1.3570	64.5815
 1.3560	64.5781
 1.3550	64.3721
 1.3540	64.4817
 1.3530	64.3790
 1.3520	64.3924
 1.3510	64.4890
 1.3500	64.4761
 1.3490	64.3716
 1.3480	64.3306
 1.3470	64.2884
 1.3460	64.2579
 1.3450	64.2246
 1.3440	64.2924
 1.3430	64.2256
 1.3420	64.2421
 1.3410	64.2099
 1.3400	64.1538
 1.3390	64.0805
 1.3380	64.0796
 1.3370	64.0293
 1.3360	64.0584
 1.3350	64.0112
 1.3340	64.0476
 1.3330	63.9875
 1.3320	63.9468
 1.3310	63.8949
 1.3300	63.9088
 1.3290	63.8693
 1.3280	63.9082
 1.3270	63.7716
 1.3260	63.8216
 1.3250	63.7501
 1.3240	63.7542
 1.3230	63.7868
 1.3220	63.7159
 1.3210	63.7421
 1.3200	63.7662
 1.3190	63.6893
 1.3180	63.6356
 1.3170	63.6137
 1.3160	63.6122
 1.3150	63.6084
 1.3140	63.5508
 1.3130	63.4881
 1.3120	63.5371
 1.3110	63.3974
 1.3100	63.4645
 1.3090	63.4083
 1.3080	63.4387
 1.3070	63.4371
 1.3060	63.4633
 1.3050	63.3365
 1.3040	63.3573
 1.3030	63.2961
 1.3020	63.3068
 1.3010	63.2673
 1.3000	63.2402
 1.2990	63.2145
 1.2980	63.2594
 1.2970	63.1602
 1.2960	63.1284
 1.2950	63.1436
 1.2940	63.1617
 1.2930	63.1043
 1.2920	63.0730
 1.2910	63.0829
 1.2900	63.0280
 1.2890	62.9589
 1.2880	62.9647
 1.2870	63.0072
 1.2860	63.0218
 1.2850	62.9265
 1.2840	62.8881
 1.2830	62.9367
 1.2820	62.8869
 1.2810	62.8166
 1.2800	62.8046
 1.2790	62.8451
 1.2780	62.8195
 1.2770	62.7801
 1.2760	62.8334
 1.2750	62.7171
 1.2740	62.7523
 1.2730	62.7537
 1.2720	62.7179
 1.2710	62.6715
 1.2700	62.6546
 1.2690	62.6353
 1.2680	62.6260
 1.2670	62.5919
 1.2660	62.6368
 1.2650	62.6294
 1.2640	62.5998
 1.2630	62.5378
 1.2620	62.5062
 1.2610	62.5022
 1.2600	62.5547
 1.2590	62.5011
 1.2580	62.4566
 1.2570	62.3850
 1.2560	62.4139
 1.2550	62.4073
 1.2540	62.3807
 1.2530	62.4003
 1.2520	62.3953
 1.2510	62.3587
 1.2500	62.3489
 1.2490	62.3296
 1.2480	62.2880
 1.2470	62.2411
 1.2460	62.2321
 1.2450	62.1640
 1.2440	62.2005
 1.2430	62.1825
 1.2420	62.1257
 1.2410	62.1413
 1.2400	62.1318
 1.2390	62.1183
 1.2380	62.0982
 1.2370	62.0373
 1.2360	62.0195
 1.2350	62.0411
 1.2340	62.0833
 1.2330	62.0814
 1.2320	62.0178
 1.2310	61.9518
 1.2300	61.9451
 1.2290	62.0018
 1.2280	61.9795
 1.2270	61.8775
 1.2260	61.8574
 1.2250	61.8994
 1.2240	61.9248
 1.2230	61.8678
 1.2220	61.8499
 1.2210	61.8069
 1.2200	61.7933
 1.2190	61.7902
 1.2180	61.7885
 1.2170	61.7857
 1.2160	61.7731
 1.2150	61.8068
 1.2140	61.7734
 1.2130	61.7132
 1.2120	61.6595
 1.2110	61.6353
 1.2100	61.6446
 1.2090	61.6317
 1.2080	61.6095
 1.2070	61.6038
 1.2060	61.6231
 1.2050	61.5922
 1.2040	61.6037
 1.2030	61.6132
 1.2020	61.5584
 1.2010	61.5753
 1.2000	61.5583
 1.1990	61.5179
 1.1980	61.4675
 1.1970	61.4858
 1.1960	61.5064
 1.1950	61.5037
 1.1940	61.4836
 1.1930	61.4599
 1.1920	61.4675
 1.1910	61.4805
 1.1900	61.4810
 1.1890	61.4837
 1.1880	61.4243
 1.1870	61.4623
 1.1860	61.4316
 1.1850	61.3495
 1.1840	61.3556
 1.1830	61.4077
 1.1820	61.4239
 1.1810	61.3845
 1.1800	61.3393
 1.1790	61.3769
 1.1780	61.3700
 1.1770	61.3181
 1.1760	61.3214
 1.1750	61.4021
 1.1740	61.3296
 1.1730	61.3497
 1.1720	61.3137
 1.1710	61.3083
 1.1700	61.3097
 1.1690	61.2789
 1.1680	61.3234
 1.1670	61.3749
 1.1660	61.3053
 1.1650	61.2627
 1.1640	61.2154
 1.1630	61.1901
 1.1620	61.2607
 1.1610	61.2674
 1.1600	61.2320
 1.1590	61.2147
 1.1580	61.2093
 1.1570	61.2070
 1.1560	61.1885
 1.1550	61.2031
 1.1540	61.1811
 1.1530	61.1898
 1.1520	61.1659
 1.1510	61.1720
 1.1500	61.1856
 1.1490	61.2384
 1.1480	61.2770
 1.1470	61.2283
 1.1460	61.1556
 1.1450	61.2062
 1.1440	61.2195
 1.1430	61.2451
 1.1420	61.2146
 1.1410	61.2053
 1.1400	61.2161
 1.1390	61.2278
 1.1380	61.2397
 1.1370	61.2424
 1.1360	61.1905
 1.1350	61.1758
 1.1340	61.2001
 1.1330	61.1832
 1.1320	61.1665
 1.1310	61.2169
 1.1300	61.1621
 1.1290	61.1290
 1.1280	61.1862
 1.1270	61.2614
 1.1260	61.2735
 1.1250	61.2397
 1.1240	61.2205
 1.1230	61.2165
 1.1220	61.2631
 1.1210	61.2290
 1.1200	61.1410
 1.1190	61.2801
 1.1180	61.1916
 1.1170	61.2690
 1.1160	61.2250
 1.1150	61.2606
 1.1140	61.2730
 1.1130	61.2431
 1.1120	61.2173
 1.1110	61.2896
 1.1100	61.1892
 1.1090	61.2824
 1.1080	61.1779
 1.1070	61.2954
 1.1060	61.2661
 1.1050	61.3725
 1.1040	61.3207
 1.1030	61.3319
 1.1020	61.4088
 1.1010	61.2933
 1.1000	61.3857
 1.0990	61.3797
 1.0980	61.3919
 1.0970	61.3627
 1.0960	61.3807
 1.0950	61.4352
 1.0940	61.4125
 1.0930	61.4107
 1.0920	61.3874
 1.0910	61.4528
 1.0900	61.4770
 1.0890	61.5429
 1.0880	61.3984
 1.0870	61.4830
 1.0860	61.4434
 1.0850	61.4319
 1.0840	61.4880
 1.0830	61.5529
 1.0820	61.5183
 1.0810	61.5124
 1.0800	61.6171
 1.0790	61.5804
 1.0780	61.5175
 1.0770	61.6072
 1.0760	61.5577
 1.0750	61.6800
 1.0740	61.6337
 1.0730	61.6994
 1.0720	61.6494
 1.0710	61.7200
 1.0700	61.5579
 1.0690	61.6726
 1.0680	61.6399
 1.0670	61.6876
 1.0660	61.6066
 1.0650	61.8165
 1.0640	61.7249
 1.0630	61.8190
 1.0620	61.7771
 1.0610	61.7379
 1.0600	61.7639
 1.0590	61.8690
 1.0580	61.8576
 1.0570	61.8979
 1.0560	61.9418
 1.0550	61.8429
 1.0540	61.9048
 1.0530	61.8824
 1.0520	61.9050
 1.0510	61.9229
 1.0500	62.1132
 1.0490	61.9738
 1.0480	61.9257
 1.0470	62.0821
 1.0460	61.9928
 1.0450	62.0340
 1.0440	61.9931
 1.0430	62.1225
 1.0420	62.0787
 1.0410	62.0979
 1.0400	62.1407
 1.0390	62.1631
 1.0380	62.1262
 1.0370	62.1889
 1.0360	62.2425
 1.0350	62.1970
 1.0340	62.2406
 1.0330	62.2025
 1.0320	62.2763
 1.0310	62.2871
 1.0300	62.2699
 1.0290	62.3957
 1.0280	62.3450
 1.0270	62.3337
 1.0260	62.3692
 1.0250	62.3633
 1.0240	62.4041
 1.0230	62.4790
 1.0220	62.4167
 1.0210	62.4726
 1.0200	62.4781
 1.0190	62.4729
 1.0180	62.4857
 1.0170	62.5951
 1.0160	62.5070
 1.0150	62.6106
 1.0140	62.5902
 1.0130	62.6752
 1.0120	62.6041
 1.0110	62.6328
 1.0100	62.6250
 1.0090	62.7419
 1.0080	62.7178
 1.0070	62.7279
 1.0060	62.6779
 1.0050	62.7400
 1.0040	62.7450
 1.0030	62.8016
 1.0020	62.7830
 1.0010	62.7992
 1.0000	62.8781
 0.9990	62.8174
 0.9980	62.8701
 0.9970	62.9117
 0.9960	62.8825
 0.9950	62.8509
 0.9940	62.8858
 0.9930	63.0132
 0.9920	62.9982
 0.9910	62.9747
 0.9900	63.0011
 0.9890	63.0194
 0.9880	62.9856
 0.9870	63.0097
 0.9860	63.0006
 0.9850	63.0434
 0.9840	62.9894
 0.9830	63.0917
 0.9820	63.0573
 0.9810	63.0746
 0.9800	62.9958
 0.9790	63.0206
 0.9780	63.1023
 0.9770	63.1352
 0.9760	63.0630
 0.9750	63.1018
 0.9740	63.1555
 0.9730	63.1727
 0.9720	63.2373
 0.9710	63.2577
 0.9700	63.1572
 0.9690	63.1515
 0.9680	63.1548
 0.9670	63.1472
 0.9660	63.1767
 0.9650	63.2164
 0.9640	63.1275
 0.9630	63.1920
 0.9620	63.2004
 0.9610	63.1945
 0.9600	63.1973
 0.9590	63.1713
 0.9580	63.1636
 0.9570	63.1939
 0.9560	63.2057
 0.9550	63.1896
 0.9540	63.1772
 0.9530	63.1435
 0.9520	63.1923
 0.9510	63.1882
 0.9500	63.1632
 0.9490	63.2339
 0.9480	63.2425
 0.9470	63.2293
 0.9460	63.2701
 0.9450	63.2321
 0.9440	63.1820
 0.9430	63.1433
 0.9420	63.1967
 0.9410	63.2005
 0.9400	63.1839
 0.9390	63.2037
 0.9380	63.1662
 0.9370	63.1627
 0.9360	63.1442
 0.9350	63.1779
 0.9340	63.1649
 0.9330	63.1570
 0.9320	63.1252
 0.9310	63.1060
 0.9300	63.1018
 0.9290	63.1016
 0.9280	63.0660
 0.9270	63.0594
 0.9260	63.1024
 0.9250	63.0494
 0.9240	63.1056
 0.9230	63.0723
 0.9220	63.0539
 0.9210	63.0824
 0.9200	62.9874
 0.9190	62.9836
 0.9180	63.0044
 0.9170	62.9870
 0.9160	62.9993
 0.9150	62.9902
 0.9140	62.9258
 0.9130	62.9505
 0.9120	62.9694
 0.9110	62.9208
 0.9100	62.8851
 0.9090	62.8893
 0.9080	62.9086
 0.9070	62.8905
 0.9060	62.8958
 0.9050	62.8406
 0.9040	62.8258
 0.9030	62.8655
 0.9020	62.8880
 0.9010	62.8353
 0.9000	62.7784
 0.8990	62.7649
 0.8980	62.7725
 0.8970	62.7374
 0.8960	62.7314
 0.8950	62.6896
 0.8940	62.7237
 0.8930	62.7352
 0.8920	62.7341
 0.8910	62.7229
 0.8900	62.6801
 0.8890	62.5989
 0.8880	62.6099
 0.8870	62.6523
 0.8860	62.6827
 0.8850	62.6693
 0.8840	62.6917
 0.8830	62.6602
 0.8820	62.6208
 0.8810	62.6719
 0.8800	62.6503
 0.8790	62.6704
 0.8780	62.6646
 0.8770	62.6128
 0.8760	62.5943
 0.8750	62.5492
 0.8740	62.5348
 0.8730	62.6082
 0.8720	62.6115
 0.8710	62.5361
 0.8700	62.5338
 0.8690	62.5923
 0.8680	62.6027
 0.8670	62.5527
 0.8660	62.4947
 0.8650	62.4872
 0.8640	62.4770
 0.8630	62.4977
 0.8620	62.4985
 0.8610	62.4451
 0.8600	62.4226
 0.8590	62.4697
 0.8580	62.5324
 0.8570	62.5666
 0.8560	62.5617
 0.8550	62.5008
 0.8540	62.5297
 0.8530	62.5298
 0.8520	62.5867
 0.8510	62.5402
 0.8500	62.5437
 0.8490	62.5770
 0.8480	62.5869
 0.8470	62.6130
 0.8460	62.5888
 0.8450	62.6608
 0.8440	62.6231
 0.8430	62.6647
 0.8420	62.7241
 0.8410	62.7430
 0.8400	62.7314
 0.8390	62.7549
 0.8380	62.7677
 0.8370	62.7174
 0.8360	62.7780
 0.8350	62.8128
 0.8340	62.7836
 0.8330	62.8256
 0.8320	62.8503
 0.8310	62.8641
 0.8300	62.9218
 0.8290	62.8774
 0.8280	62.9184
 0.8270	62.9672
 0.8260	62.9829
 0.8250	63.0098
 0.8240	63.0048
 0.8230	62.9913
 0.8220	63.0448
 0.8210	63.1119
 0.8200	63.1283
 0.8190	63.1308
 0.8180	63.1554
 0.8170	63.1748
 0.8160	63.2096
 0.8150	63.2287
 0.8140	63.2335
 0.8130	63.2616
 0.8120	63.2644
 0.8110	63.2878
 0.8100	63.3101
 0.8090	63.3201
 0.8080	63.3854
 0.8070	63.4082
 0.8060	63.4217
 0.8050	63.4601
 0.8040	63.4602
 0.8030	63.4918
 0.8020	63.5442
 0.8010	63.5522
 0.8000	63.5332
 0.7990	63.5783
 0.7980	63.5997
 0.7970	63.5981
 0.7960	63.5698
 0.7950	63.6063
 0.7940	63.6334
 0.7930	63.6554
 0.7920	63.6781
 0.7910	63.6438
 0.7900	63.6916
 0.7890	63.7393
 0.7880	63.7519
 0.7870	63.7722
 0.7860	63.7491
 0.7850	63.8072
 0.7840	63.8215
 0.7830	63.8344
 0.7820	63.8698
 0.7810	63.8899
 0.7800	63.8873
 0.7790	63.9205
 0.7780	63.9419
 0.7770	63.9016
 0.7760	63.9029
 0.7750	63.9507
 0.7740	63.9380
 0.7730	63.9668
 0.7720	63.9596
 0.7710	63.9805
 0.7700	63.9786
 0.7690	64.0289
 0.7680	64.0134
 0.7670	64.0647
 0.7660	64.0252
 0.7650	64.0267
 0.7640	64.0458
 0.7630	64.0912
 0.7620	64.0994
 0.7610	64.1042
 0.7600	64.1250
 0.7590	64.1343
 0.7580	64.1355
 0.7570	64.1400
 0.7560	64.1582
 0.7550	64.1441
 0.7540	64.1518
 0.7530	64.1603
 0.7520	64.1607
 0.7510	64.1697
 0.7500	64.1601
 0.7490	64.1675
 0.7480	64.1846
 0.7470	64.1839
 0.7460	64.2079
 0.7450	64.2155
 0.7440	64.2095
 0.7430	64.2256
 0.7420	64.2044
 0.7410	64.2255
 0.7400	64.2282
 0.7390	64.2417
 0.7380	64.2461
 0.7370	64.2546
 0.7360	64.2488
 0.7350	64.2486
 0.7340	64.2351
 0.7330	64.2532
 0.7320	64.2767
 0.7310	64.2439
 0.7300	64.2887
 0.7290	64.2815
 0.7280	64.2643
 0.7270	64.2508
 0.7260	64.2964
 0.7250	64.2728
 0.7240	64.2872
 0.7230	64.2702
 0.7220	64.2897
 0.7210	64.2833
 0.7200	64.2869
 0.7190	64.2931
 0.7180	64.2965
 0.7170	64.2884
 0.7160	64.2969
 0.7150	64.3009
 0.7140	64.2834
 0.7130	64.2820
 0.7120	64.3076
 0.7110	64.3099
 0.7100	64.2952
 0.7090	64.3062
 0.7080	64.3070
 0.7070	64.3143
 0.7060	64.3022
 0.7050	64.3023
 0.7040	64.2997
 0.7030	64.3148
 0.7020	64.3010
 0.7010	64.2935
 0.7000	64.2991
 0.6990	64.2995
 0.6980	64.3206
 0.6970	64.3085
 0.6960	64.3157
 0.6950	64.3236
 0.6940	64.3241
 0.6930	64.3127
 0.6920	64.2921
 0.6910	64.2926
 0.6900	64.3028
 0.6890	64.3111
 0.6880	64.3034
 0.6870	64.2934
 0.6860	64.3091
 0.6850	64.3147
 0.6840	64.2996
 0.6830	64.2937
 0.6820	64.2883
 0.6810	64.2690
 0.6800	64.2659
 0.6790	64.2758
 0.6780	64.2681
 0.6770	64.2539
 0.6760	64.2637
 0.6750	64.2475
 0.6740	64.2519
 0.6730	64.2532
 0.6720	64.2476
 0.6710	64.2520
 0.6700	64.2501
 0.6690	64.2402
 0.6680	64.2458
 0.6670	64.2351
 0.6660	64.2240
 0.6650	64.2312
 0.6640	64.2166
 0.6630	64.2116
 0.6620	64.2146
 0.6610	64.2068
 0.6600	64.2002
 0.6590	64.1862
 0.6580	64.1830
 0.6570	64.1846
 0.6560	64.1790
 0.6550	64.1793
 0.6540	64.1603
 0.6530	64.1472
 0.6520	64.1448
 0.6510	64.1456
 0.6500	64.1481
 0.6490	64.1351
 0.6480	64.1227
 0.6470	64.1130
 0.6460	64.1065
 0.6450	64.0879
 0.6440	64.0876
 0.6430	64.0968
 0.6420	64.0941
 0.6410	64.0884
 0.6400	64.0681
 0.6390	64.0548
 0.6380	64.0533
 0.6370	64.0566
 0.6360	64.0495
 0.6350	64.0439
 0.6340	64.0346
 0.6330	64.0219
 0.6320	64.0163
 0.6310	64.0150
 0.6300	63.9995
 0.6290	63.9914
 0.6280	63.9954
 0.6270	63.9876
 0.6260	63.9805
 0.6250	63.9701
 0.6240	63.9590
 0.6230	63.9513
 0.6220	63.9370
 0.6210	63.9320
 0.6200	63.9356
 0.6190	63.9347
 0.6180	63.9220
 0.6170	63.9229
 0.6160	63.9158
 0.6150	63.9008
 0.6140	63.8871
 0.6130	63.8715
 0.6120	63.8691
 0.6110	63.8704
 0.6100	63.8636
 0.6090	63.8476
 0.6080	63.8432
 0.6070	63.8368
 0.6060	63.8166
 0.6050	63.8233
 0.6040	63.8149
 0.6030	63.8007
 0.6020	63.8087
 0.6010	63.8006
 0.6000	63.7990
 0.5990	63.7990
 0.5980	63.7916
 0.5970	63.7948
 0.5960	63.8026
 0.5950	63.8045
 0.5940	63.7945
 0.5930	63.7796
 0.5920	63.7808
 0.5910	63.7757
 0.5900	63.7547
 0.5890	63.7459
 0.5880	63.7417
 0.5870	63.7393
 0.5860	63.7310
 0.5850	63.7063
 0.5840	63.6927
 0.5830	63.6922
 0.5820	63.6726
 0.5810	63.6709
 0.5800	63.6618
 0.5790	63.6379
 0.5780	63.6318
 0.5770	63.6199
 0.5760	63.6063
 0.5750	63.5887
 0.5740	63.5776
 0.5730	63.5690
 0.5720	63.5531
 0.5710	63.5371
 0.5700	63.5313
 0.5690	63.5168
 0.5680	63.5073
 0.5670	63.4882
 0.5660	63.4727
 0.5650	63.4688
 0.5640	63.4583
 0.5630	63.4332
 0.5620	63.4199
 0.5610	63.3944
 0.5600	63.3785
 0.5590	63.3597
 0.5580	63.3413
 0.5570	63.3103
 0.5560	63.2886
 0.5550	63.2549
 0.5540	63.2410
 0.5530	63.2090
 0.5520	63.1915
 0.5510	63.1668
 0.5500	63.1411
 0.5490	63.1072
 0.5480	63.0906
 0.5470	63.0628
 0.5460	63.0288
 0.5450	63.0002
 0.5440	62.9616
 0.5430	62.9233
 0.5420	62.8972
 0.5410	62.8796
 0.5400	62.8279
 0.5390	62.7904
 0.5380	62.7571
 0.5370	62.7120
 0.5360	62.6800
 0.5350	62.6161
 0.5340	62.5874
 0.5330	62.5474
 0.5320	62.5072
 0.5310	62.4562
 0.5300	62.4173
 0.5290	62.3727
 0.5280	62.3200
 0.5270	62.2620
 0.5260	62.2237
 0.5250	62.1718
 0.5240	62.1080
 0.5230	62.0753
 0.5220	61.9954
 0.5210	61.9474
 0.5200	61.8962
 0.5190	61.8277
 0.5180	61.7619
 0.5170	61.7188
 0.5160	61.6335
 0.5150	61.5682
 0.5140	61.4927
 0.5130	61.4139
 0.5120	61.3601
 0.5110	61.2735
 0.5100	61.1955
 0.5090	61.1219
 0.5080	61.0266
 0.5070	60.9453
 0.5060	60.8642
 0.5050	60.7626
 0.5040	60.6999
 0.5030	60.6040
 0.5020	60.5094
 0.5010	60.4432
 0.5000	60.3368
 0.4990	60.2799
 0.4980	60.1622
 0.4970	60.0718
 0.4960	59.9856
 0.4950	59.8802
 0.4940	59.7883
 0.4930	59.6884
 0.4920	59.5917
 0.4910	59.5082
 0.4900	59.4213
 0.4890	59.3291
 0.4880	59.2271
 0.4870	59.1673
 0.4860	59.0698
 0.4850	58.9960
 0.4840	58.8966
 0.4830	58.8019
 0.4820	58.7405
 0.4810	58.6255
 0.4800	58.5748
 0.4790	58.4900
 0.4780	58.3900
 0.4770	58.3150
 0.4760	58.2341
 0.4750	58.1348
 0.4740	58.0489
 0.4730	57.9701
 0.4720	57.8740
 0.4710	57.8057
 0.4700	57.7037
 0.4690	57.6290
 0.4680	57.5435
 0.4670	57.4392
 0.4660	57.3480
 0.4650	57.2334
 0.4640	57.1272
 0.4630	57.0331
 0.4620	56.9141
 0.4610	56.8067
 0.4600	56.6816
 0.4590	56.5647
 0.4580	56.4313
 0.4570	56.3106
 0.4560	56.1928
 0.4550	56.0551
 0.4540	55.9016
 0.4530	55.7808
 0.4520	55.6457
 0.4510	55.5171
 0.4500	55.4165
 0.4490	55.3044
 0.4480	55.1896
 0.4470	55.0658
 0.4460	54.9409
 0.4450	54.8490
 0.4440	54.7291
 0.4430	54.6096
 0.4420	54.4990
 0.4410	54.3619
 0.4400	54.2399
 0.4390	54.1054
 0.4380	53.9432
 0.4370	53.7820
 0.4360	53.6262
 0.4350	53.4468
 0.4340	53.2481
 0.4330	53.0572
 0.4320	52.8595
 0.4310	52.6480
 0.4300	52.4487
 0.4290	52.2300
 0.4280	52.0260
 0.4270	51.8304
 0.4260	51.6232
 0.4250	51.4305
 0.4240	51.2419
 0.4230	51.0694
 0.4220	50.8996
 0.4210	50.7407
 0.4200	50.5985
 0.4190	50.4999
 0.4180	50.3822
 0.4170	50.2709
 0.4160	50.1944
 0.4150	50.1108
 0.4140	50.0426
 0.4130	49.9500
 0.4120	49.8530
 0.4110	49.7499
 0.4100	49.6624
 0.4090	49.5724
 0.4080	49.4401
 0.4070	49.3116
 0.4060	49.1781
 0.4050	49.0366
 0.4040	48.8504
 0.4030	48.6942
 0.4020	48.5317
 0.4010	48.3466
 0.4000	48.1670
