Name: Cummingtonite (Mg,Fe^2+)_7Si_8O_22(OH)_2
Type: Mineral
Class: Silicate
Subclass: Inosilicate
Particle Size: Coarse
Sample No.: IN-6A
Owner: JPL
Wavelength Range: VSWIR
Origin: USA, South Dakota.
Collection Date: N/A
Description: Particle size was 125-500um.Collected by:  Ward's Original ASTER Spectral Library name was jpl.perkin.mineral.silicate.inosilicate.coarse.in06a.spectrum.txt
Measurement: Hemispherical reflectance
First Column: X
Second Column: Y
X Units: Wavelength (micrometers)
Y Units:Reflectance (percent)
First X Value:  2.5000
Last X Value:  0.4000
Number of X Values: 2101
Additional Information: mineral.silicate.inosilicate.coarse.vswir.in-6a.jpl.perkin.ancillary.txt

 2.5000	 4.2622
 2.4990	 4.4996
 2.4980	 4.4251
 2.4970	 4.7372
 2.4960	 4.1340
 2.4950	 4.7192
 2.4940	 4.4273
 2.4930	 4.6136
 2.4920	 4.4846
 2.4910	 4.6645
 2.4900	 4.3788
 2.4890	 4.6645
 2.4880	 4.4528
 2.4870	 4.3851
 2.4860	 4.3146
 2.4850	 4.4500
 2.4840	 4.3423
 2.4830	 4.5271
 2.4820	 4.4474
 2.4810	 4.6815
 2.4800	 4.3255
 2.4790	 4.5118
 2.4780	 4.5566
 2.4770	 4.5927
 2.4760	 4.4970
 2.4750	 4.6849
 2.4740	 4.4038
 2.4730	 4.5216
 2.4720	 4.3825
 2.4710	 4.5996
 2.4700	 4.5146
 2.4690	 4.6424
 2.4680	 4.4158
 2.4670	 4.6957
 2.4660	 4.5595
 2.4650	 4.4507
 2.4640	 4.4302
 2.4630	 4.7964
 2.4620	 4.6471
 2.4610	 4.6753
 2.4600	 4.5650
 2.4590	 4.6098
 2.4580	 4.5231
 2.4570	 4.6038
 2.4560	 4.4618
 2.4550	 4.7027
 2.4540	 4.5082
 2.4530	 4.6395
 2.4520	 4.5749
 2.4510	 4.5591
 2.4500	 4.5243
 2.4490	 4.7389
 2.4480	 4.5268
 2.4470	 4.6189
 2.4460	 4.6056
 2.4450	 4.6285
 2.4440	 4.5957
 2.4430	 4.7309
 2.4420	 4.5754
 2.4410	 4.6850
 2.4400	 4.5969
 2.4390	 4.7164
 2.4380	 4.5949
 2.4370	 4.6708
 2.4360	 4.6093
 2.4350	 4.7759
 2.4340	 4.5922
 2.4330	 4.8028
 2.4320	 4.7354
 2.4310	 4.7437
 2.4300	 4.6117
 2.4290	 4.6878
 2.4280	 4.5726
 2.4270	 4.6755
 2.4260	 4.6072
 2.4250	 4.6549
 2.4240	 4.6219
 2.4230	 4.7502
 2.4220	 4.6547
 2.4210	 4.7328
 2.4200	 4.5951
 2.4190	 4.6720
 2.4180	 4.6022
 2.4170	 4.6570
 2.4160	 4.6355
 2.4150	 4.7353
 2.4140	 4.6449
 2.4130	 4.7352
 2.4120	 4.6433
 2.4110	 4.5965
 2.4100	 4.6279
 2.4090	 4.7078
 2.4080	 4.6437
 2.4070	 4.6791
 2.4060	 4.6920
 2.4050	 4.7538
 2.4040	 4.6825
 2.4030	 4.7019
 2.4020	 4.6946
 2.4010	 4.7471
 2.4000	 4.6366
 2.3990	 4.6356
 2.3980	 4.6801
 2.3970	 4.7319
 2.3960	 4.6957
 2.3950	 4.8257
 2.3940	 4.6674
 2.3930	 4.7033
 2.3920	 4.6949
 2.3910	 4.7297
 2.3900	 4.7459
 2.3890	 4.7524
 2.3880	 4.7007
 2.3870	 4.7093
 2.3860	 4.6667
 2.3850	 4.6826
 2.3840	 4.7191
 2.3830	 4.7667
 2.3820	 4.7352
 2.3810	 4.7375
 2.3800	 4.7087
 2.3790	 4.7092
 2.3780	 4.6994
 2.3770	 4.7284
 2.3760	 4.7504
 2.3750	 4.7405
 2.3740	 4.6818
 2.3730	 4.6885
 2.3720	 4.7165
 2.3710	 4.7387
 2.3700	 4.7216
 2.3690	 4.7731
 2.3680	 4.7603
 2.3670	 4.7546
 2.3660	 4.7541
 2.3650	 4.7863
 2.3640	 4.7442
 2.3630	 4.7216
 2.3620	 4.7052
 2.3610	 4.7493
 2.3600	 4.7469
 2.3590	 4.7397
 2.3580	 4.7137
 2.3570	 4.7321
 2.3560	 4.7755
 2.3550	 4.7192
 2.3540	 4.7018
 2.3530	 4.7092
 2.3520	 4.6855
 2.3510	 4.7171
 2.3500	 4.7522
 2.3490	 4.7608
 2.3480	 4.7267
 2.3470	 4.6795
 2.3460	 4.7279
 2.3450	 4.7057
 2.3440	 4.7131
 2.3430	 4.7432
 2.3420	 4.6980
 2.3410	 4.6825
 2.3400	 4.7183
 2.3390	 4.6962
 2.3380	 4.7492
 2.3370	 4.7382
 2.3360	 4.7716
 2.3350	 4.7664
 2.3340	 4.7399
 2.3330	 4.7534
 2.3320	 4.7856
 2.3310	 4.7421
 2.3300	 4.8071
 2.3290	 4.7840
 2.3280	 4.7597
 2.3270	 4.7106
 2.3260	 4.7499
 2.3250	 4.7108
 2.3240	 4.7206
 2.3230	 4.7500
 2.3220	 4.7707
 2.3210	 4.7549
 2.3200	 4.8320
 2.3190	 4.7951
 2.3180	 4.8096
 2.3170	 4.7578
 2.3160	 4.8073
 2.3150	 4.8067
 2.3140	 4.8693
 2.3130	 4.8426
 2.3120	 4.9121
 2.3110	 4.8475
 2.3100	 4.9086
 2.3090	 4.8446
 2.3080	 4.9387
 2.3070	 4.9074
 2.3060	 4.9126
 2.3050	 4.8661
 2.3040	 4.8856
 2.3030	 4.8578
 2.3020	 4.9241
 2.3010	 4.8573
 2.3000	 4.9076
 2.2990	 4.9104
 2.2980	 4.9718
 2.2970	 4.9130
 2.2960	 4.9271
 2.2950	 4.9151
 2.2940	 5.0288
 2.2930	 4.9883
 2.2920	 4.9840
 2.2910	 4.9873
 2.2900	 5.0371
 2.2890	 4.9961
 2.2880	 5.0253
 2.2870	 4.9594
 2.2860	 4.9882
 2.2850	 4.9882
 2.2840	 5.0347
 2.2830	 4.9791
 2.2820	 5.0364
 2.2810	 4.9864
 2.2800	 5.0908
 2.2790	 5.0179
 2.2780	 5.1080
 2.2770	 5.0068
 2.2760	 5.1069
 2.2750	 5.0242
 2.2740	 5.0603
 2.2730	 5.0387
 2.2720	 5.0781
 2.2710	 5.0726
 2.2700	 5.1480
 2.2690	 5.0214
 2.2680	 5.0104
 2.2670	 5.0312
 2.2660	 5.0884
 2.2650	 5.0485
 2.2640	 5.0728
 2.2630	 5.0690
 2.2620	 5.1474
 2.2610	 5.0235
 2.2600	 5.1318
 2.2590	 5.0113
 2.2580	 5.0960
 2.2570	 5.0719
 2.2560	 5.1314
 2.2550	 5.0516
 2.2540	 5.1151
 2.2530	 5.0900
 2.2520	 5.1604
 2.2510	 5.0462
 2.2500	 5.1123
 2.2490	 5.0543
 2.2480	 5.2554
 2.2470	 4.9802
 2.2460	 5.1808
 2.2450	 5.1513
 2.2440	 5.2247
 2.2430	 5.1387
 2.2420	 5.2309
 2.2410	 5.1592
 2.2400	 5.2616
 2.2390	 5.1959
 2.2380	 5.2208
 2.2370	 5.1928
 2.2360	 5.2304
 2.2350	 5.2109
 2.2340	 5.3404
 2.2330	 5.2344
 2.2320	 5.2725
 2.2310	 5.2108
 2.2300	 5.2986
 2.2290	 5.1992
 2.2280	 5.3145
 2.2270	 5.2760
 2.2260	 5.2740
 2.2250	 5.2267
 2.2240	 5.3801
 2.2230	 5.2347
 2.2220	 5.3319
 2.2210	 5.2640
 2.2200	 5.4220
 2.2190	 5.2808
 2.2180	 5.3431
 2.2170	 5.2341
 2.2160	 5.3722
 2.2150	 5.2777
 2.2140	 5.3293
 2.2130	 5.3139
 2.2120	 5.5114
 2.2110	 5.1471
 2.2100	 5.4562
 2.2090	 5.3022
 2.2080	 5.4030
 2.2070	 5.2620
 2.2060	 5.4497
 2.2050	 5.3431
 2.2040	 5.3218
 2.2030	 5.3723
 2.2020	 5.4907
 2.2010	 5.3772
 2.2000	 5.4324
 2.1990	 5.3507
 2.1980	 5.4336
 2.1970	 5.4499
 2.1960	 5.4103
 2.1950	 5.4721
 2.1940	 5.4897
 2.1930	 5.3702
 2.1920	 5.4118
 2.1910	 5.4647
 2.1900	 5.4551
 2.1890	 5.3391
 2.1880	 5.4305
 2.1870	 5.4329
 2.1860	 5.4753
 2.1850	 5.4261
 2.1840	 5.5782
 2.1830	 5.4199
 2.1820	 5.5000
 2.1810	 5.4812
 2.1800	 5.5566
 2.1790	 5.3544
 2.1780	 5.5492
 2.1770	 5.4565
 2.1760	 5.5063
 2.1750	 5.4393
 2.1740	 5.5328
 2.1730	 5.4061
 2.1720	 5.5920
 2.1710	 5.5062
 2.1700	 5.5224
 2.1690	 5.4401
 2.1680	 5.5591
 2.1670	 5.4977
 2.1660	 5.6024
 2.1650	 5.5076
 2.1640	 5.6462
 2.1630	 5.5813
 2.1620	 5.6402
 2.1610	 5.5222
 2.1600	 5.6037
 2.1590	 5.5755
 2.1580	 5.5930
 2.1570	 5.5679
 2.1560	 5.6311
 2.1550	 5.5115
 2.1540	 5.6474
 2.1530	 5.5637
 2.1520	 5.6341
 2.1510	 5.4998
 2.1500	 5.6014
 2.1490	 5.5551
 2.1480	 5.6987
 2.1470	 5.5589
 2.1460	 5.6918
 2.1450	 5.5661
 2.1440	 5.6707
 2.1430	 5.6215
 2.1420	 5.6699
 2.1410	 5.6428
 2.1400	 5.6576
 2.1390	 5.6162
 2.1380	 5.6757
 2.1370	 5.6062
 2.1360	 5.7138
 2.1350	 5.6146
 2.1340	 5.6415
 2.1330	 5.6187
 2.1320	 5.6885
 2.1310	 5.6071
 2.1300	 5.6142
 2.1290	 5.6054
 2.1280	 5.6473
 2.1270	 5.6314
 2.1260	 5.7132
 2.1250	 5.6539
 2.1240	 5.6078
 2.1230	 5.5966
 2.1220	 5.6990
 2.1210	 5.6340
 2.1200	 5.6635
 2.1190	 5.6074
 2.1180	 5.6566
 2.1170	 5.6283
 2.1160	 5.6790
 2.1150	 5.6382
 2.1140	 5.6441
 2.1130	 5.5446
 2.1120	 5.6187
 2.1110	 5.6772
 2.1100	 5.6713
 2.1090	 5.5983
 2.1080	 5.6779
 2.1070	 5.6555
 2.1060	 5.6536
 2.1050	 5.6868
 2.1040	 5.6981
 2.1030	 5.5969
 2.1020	 5.5856
 2.1010	 5.6210
 2.1000	 5.6731
 2.0990	 5.6259
 2.0980	 5.6493
 2.0970	 5.6406
 2.0960	 5.5992
 2.0950	 5.6052
 2.0940	 5.6649
 2.0930	 5.6717
 2.0920	 5.6496
 2.0910	 5.6364
 2.0900	 5.6659
 2.0890	 5.6697
 2.0880	 5.6519
 2.0870	 5.6471
 2.0860	 5.6830
 2.0850	 5.7019
 2.0840	 5.7220
 2.0830	 5.6876
 2.0820	 5.6905
 2.0810	 5.7120
 2.0800	 5.7378
 2.0790	 5.7135
 2.0780	 5.6922
 2.0770	 5.7276
 2.0760	 5.7277
 2.0750	 5.6945
 2.0740	 5.7120
 2.0730	 5.6729
 2.0720	 5.6776
 2.0710	 5.6985
 2.0700	 5.6381
 2.0690	 5.6806
 2.0680	 5.7440
 2.0670	 5.7150
 2.0660	 5.7404
 2.0650	 5.7580
 2.0640	 5.6799
 2.0630	 5.6628
 2.0620	 5.6788
 2.0610	 5.6984
 2.0600	 5.7495
 2.0590	 5.7538
 2.0580	 5.6928
 2.0570	 5.7393
 2.0560	 5.7360
 2.0550	 5.7249
 2.0540	 5.7033
 2.0530	 5.7732
 2.0520	 5.7507
 2.0510	 5.7381
 2.0500	 5.7418
 2.0490	 5.7805
 2.0480	 5.7553
 2.0470	 5.7525
 2.0460	 5.7490
 2.0450	 5.7831
 2.0440	 5.7457
 2.0430	 5.7823
 2.0420	 5.7804
 2.0410	 5.7601
 2.0400	 5.7634
 2.0390	 5.8001
 2.0380	 5.7307
 2.0370	 5.7674
 2.0360	 5.7830
 2.0350	 5.8358
 2.0340	 5.7580
 2.0330	 5.7897
 2.0320	 5.7214
 2.0310	 5.7587
 2.0300	 5.7059
 2.0290	 5.7548
 2.0280	 5.7434
 2.0270	 5.7785
 2.0260	 5.7277
 2.0250	 5.7316
 2.0240	 5.7386
 2.0230	 5.8453
 2.0220	 5.7985
 2.0210	 5.8220
 2.0200	 5.7690
 2.0190	 5.8238
 2.0180	 5.7971
 2.0170	 5.8006
 2.0160	 5.7843
 2.0150	 5.8468
 2.0140	 5.7995
 2.0130	 5.7937
 2.0120	 5.7468
 2.0110	 5.7832
 2.0100	 5.7435
 2.0090	 5.8529
 2.0080	 5.7379
 2.0070	 5.8443
 2.0060	 5.7921
 2.0050	 5.8041
 2.0040	 5.7269
 2.0030	 5.7742
 2.0020	 5.7702
 2.0010	 5.8427
 2.0000	 5.7223
 1.9990	 5.8150
 1.9980	 5.7959
 1.9970	 5.8080
 1.9960	 5.8003
 1.9950	 5.7899
 1.9940	 5.7647
 1.9930	 5.7986
 1.9920	 5.8506
 1.9910	 5.8652
 1.9900	 5.7673
 1.9890	 5.8894
 1.9880	 5.8461
 1.9870	 5.9068
 1.9860	 5.8243
 1.9850	 5.8441
 1.9840	 5.7587
 1.9830	 5.8791
 1.9820	 5.8071
 1.9810	 5.8599
 1.9800	 5.7971
 1.9790	 5.9192
 1.9780	 5.8198
 1.9770	 5.9312
 1.9760	 5.8291
 1.9750	 5.8645
 1.9740	 5.7845
 1.9730	 5.9079
 1.9720	 5.7562
 1.9710	 5.8886
 1.9700	 5.7535
 1.9690	 5.8694
 1.9680	 5.8265
 1.9670	 5.9305
 1.9660	 5.8656
 1.9650	 5.7925
 1.9640	 5.7591
 1.9630	 5.9853
 1.9620	 5.8097
 1.9610	 5.8267
 1.9600	 5.8584
 1.9590	 5.8362
 1.9580	 5.8219
 1.9570	 5.8547
 1.9560	 5.8202
 1.9550	 5.9504
 1.9540	 5.8462
 1.9530	 5.8946
 1.9520	 5.8443
 1.9510	 5.9429
 1.9500	 5.8193
 1.9490	 5.9457
 1.9480	 5.7723
 1.9470	 5.9173
 1.9460	 5.8123
 1.9450	 5.8717
 1.9440	 5.7354
 1.9430	 5.9828
 1.9420	 5.7974
 1.9410	 5.9460
 1.9400	 5.7352
 1.9390	 5.9298
 1.9380	 5.8811
 1.9370	 5.9129
 1.9360	 5.7673
 1.9350	 5.9637
 1.9340	 5.7750
 1.9330	 5.8723
 1.9320	 5.7974
 1.9310	 5.9142
 1.9300	 5.8519
 1.9290	 5.8816
 1.9280	 5.8885
 1.9270	 6.0040
 1.9260	 5.5971
 1.9250	 5.9616
 1.9240	 5.8153
 1.9230	 5.9092
 1.9220	 5.8267
 1.9210	 5.9020
 1.9200	 5.7657
 1.9190	 5.9496
 1.9180	 5.7633
 1.9170	 5.9413
 1.9160	 5.8248
 1.9150	 5.9481
 1.9140	 5.8779
 1.9130	 5.8990
 1.9120	 5.8527
 1.9110	 5.9221
 1.9100	 5.8771
 1.9090	 6.0283
 1.9080	 5.8730
 1.9070	 5.9542
 1.9060	 5.8422
 1.9050	 5.8646
 1.9040	 5.8606
 1.9030	 5.9195
 1.9020	 5.8406
 1.9010	 5.9912
 1.9000	 5.8520
 1.8990	 5.9977
 1.8980	 5.8482
 1.8970	 5.9628
 1.8960	 5.8283
 1.8950	 6.0350
 1.8940	 5.8916
 1.8930	 6.0334
 1.8920	 5.9113
 1.8910	 5.9513
 1.8900	 5.8468
 1.8890	 5.9898
 1.8880	 5.8638
 1.8870	 6.0082
 1.8860	 5.8965
 1.8850	 5.9554
 1.8840	 5.9375
 1.8830	 5.9651
 1.8820	 5.9656
 1.8810	 5.9973
 1.8800	 5.9939
 1.8790	 5.9980
 1.8780	 5.9128
 1.8770	 5.9548
 1.8760	 5.8806
 1.8750	 6.0351
 1.8740	 5.7743
 1.8730	 5.9976
 1.8720	 5.9007
 1.8710	 5.9658
 1.8700	 5.8423
 1.8690	 5.9471
 1.8680	 5.8780
 1.8670	 5.9691
 1.8660	 5.9069
 1.8650	 6.0001
 1.8640	 5.9648
 1.8630	 5.9865
 1.8620	 5.9182
 1.8610	 5.9989
 1.8600	 5.9015
 1.8590	 5.9862
 1.8580	 5.9558
 1.8570	 6.0102
 1.8560	 5.9672
 1.8550	 6.0126
 1.8540	 5.9830
 1.8530	 5.9445
 1.8520	 5.9640
 1.8510	 6.0559
 1.8500	 5.9665
 1.8490	 5.9827
 1.8480	 5.9188
 1.8470	 5.9766
 1.8460	 5.9290
 1.8450	 6.0048
 1.8440	 5.9674
 1.8430	 6.0151
 1.8420	 5.9559
 1.8410	 5.9919
 1.8400	 5.9168
 1.8390	 5.9786
 1.8380	 5.8837
 1.8370	 5.9439
 1.8360	 5.9503
 1.8350	 5.9925
 1.8340	 5.9705
 1.8330	 6.0390
 1.8320	 6.0353
 1.8310	 6.0405
 1.8300	 5.9646
 1.8290	 6.0275
 1.8280	 5.9907
 1.8270	 6.0186
 1.8260	 5.8924
 1.8250	 5.9759
 1.8240	 6.0347
 1.8230	 6.0319
 1.8220	 6.0090
 1.8210	 6.0282
 1.8200	 5.9747
 1.8190	 5.9392
 1.8180	 5.9557
 1.8170	 5.9706
 1.8160	 5.9336
 1.8150	 6.0360
 1.8140	 6.0232
 1.8130	 5.9967
 1.8120	 5.9772
 1.8110	 5.9964
 1.8100	 5.9521
 1.8090	 6.0016
 1.8080	 6.0124
 1.8070	 6.0375
 1.8060	 5.9660
 1.8050	 5.9700
 1.8040	 5.9908
 1.8030	 5.9927
 1.8020	 5.9838
 1.8010	 5.9908
 1.8000	 6.0043
 1.7990	 6.0450
 1.7980	 5.9794
 1.7970	 5.9533
 1.7960	 6.0065
 1.7950	 5.9864
 1.7940	 5.9584
 1.7930	 5.9974
 1.7920	 5.9795
 1.7910	 5.9767
 1.7900	 5.9959
 1.7890	 5.9633
 1.7880	 5.9591
 1.7870	 5.9830
 1.7860	 5.9210
 1.7850	 5.9639
 1.7840	 6.0336
 1.7830	 6.0161
 1.7820	 5.9993
 1.7810	 5.9843
 1.7800	 5.9909
 1.7790	 6.0059
 1.7780	 5.9310
 1.7770	 5.9201
 1.7760	 5.9655
 1.7750	 5.9715
 1.7740	 5.9921
 1.7730	 5.9584
 1.7720	 5.9608
 1.7710	 5.9624
 1.7700	 5.9991
 1.7690	 6.0077
 1.7680	 6.0060
 1.7670	 5.9586
 1.7660	 5.9661
 1.7650	 5.9485
 1.7640	 5.9719
 1.7630	 5.9986
 1.7620	 5.9953
 1.7610	 5.9436
 1.7600	 5.9337
 1.7590	 5.9335
 1.7580	 5.9527
 1.7570	 5.9336
 1.7560	 5.9613
 1.7550	 5.9509
 1.7540	 5.9818
 1.7530	 5.9802
 1.7520	 6.0264
 1.7510	 5.9146
 1.7500	 5.9518
 1.7490	 5.9604
 1.7480	 5.9765
 1.7470	 5.9531
 1.7460	 5.9983
 1.7450	 5.9801
 1.7440	 5.9880
 1.7430	 5.9252
 1.7420	 5.9362
 1.7410	 5.9794
 1.7400	 5.9679
 1.7390	 5.9384
 1.7380	 6.0010
 1.7370	 5.9662
 1.7360	 6.0046
 1.7350	 5.9646
 1.7340	 5.9849
 1.7330	 5.9160
 1.7320	 5.9151
 1.7310	 5.8815
 1.7300	 6.0099
 1.7290	 5.9472
 1.7280	 5.9904
 1.7270	 5.9366
 1.7260	 5.9910
 1.7250	 5.9375
 1.7240	 5.9640
 1.7230	 5.9344
 1.7220	 6.0204
 1.7210	 5.9625
 1.7200	 5.9833
 1.7190	 5.9768
 1.7180	 5.9900
 1.7170	 5.9727
 1.7160	 5.9994
 1.7150	 5.9472
 1.7140	 6.0301
 1.7130	 5.9316
 1.7120	 6.0178
 1.7110	 5.8996
 1.7100	 5.9758
 1.7090	 5.9113
 1.7080	 5.9784
 1.7070	 5.8944
 1.7060	 6.0039
 1.7050	 5.9791
 1.7040	 6.0096
 1.7030	 5.9972
 1.7020	 5.9789
 1.7010	 5.9436
 1.7000	 5.9823
 1.6990	 5.9471
 1.6980	 6.0355
 1.6970	 5.8760
 1.6960	 6.0075
 1.6950	 5.9000
 1.6940	 5.9863
 1.6930	 5.9245
 1.6920	 5.9850
 1.6910	 5.9676
 1.6900	 6.0070
 1.6890	 5.9515
 1.6880	 6.0364
 1.6870	 5.9319
 1.6860	 5.9699
 1.6850	 5.9095
 1.6840	 6.0529
 1.6830	 5.9231
 1.6820	 5.9750
 1.6810	 5.9009
 1.6800	 6.0249
 1.6790	 5.9255
 1.6780	 6.0434
 1.6770	 5.8554
 1.6760	 6.0642
 1.6750	 5.9549
 1.6740	 5.9018
 1.6730	 5.8790
 1.6720	 6.0411
 1.6710	 5.9598
 1.6700	 5.9656
 1.6690	 6.1143
 1.6680	 5.8790
 1.6670	 5.9263
 1.6660	 5.9894
 1.6650	 5.9176
 1.6640	 5.9715
 1.6630	 5.9413
 1.6620	 5.9582
 1.6610	 5.9609
 1.6600	 6.0170
 1.6590	 5.9221
 1.6580	 5.9878
 1.6570	 5.8814
 1.6560	 5.9966
 1.6550	 5.8902
 1.6540	 5.9397
 1.6530	 5.9436
 1.6520	 6.0164
 1.6510	 5.8295
 1.6500	 6.0410
 1.6490	 5.8965
 1.6480	 6.0193
 1.6470	 5.8892
 1.6460	 6.0301
 1.6450	 5.8626
 1.6440	 6.0755
 1.6430	 5.9060
 1.6420	 6.0478
 1.6410	 5.7734
 1.6400	 6.1452
 1.6390	 5.8865
 1.6380	 5.9597
 1.6370	 5.9213
 1.6360	 5.9793
 1.6350	 5.8309
 1.6340	 5.9823
 1.6330	 5.9205
 1.6320	 6.0365
 1.6310	 5.8395
 1.6300	 6.0123
 1.6290	 5.8719
 1.6280	 6.0109
 1.6270	 5.9115
 1.6260	 5.9022
 1.6250	 5.8868
 1.6240	 5.9268
 1.6230	 5.9259
 1.6220	 5.9273
 1.6210	 5.9731
 1.6200	 6.0101
 1.6190	 5.8882
 1.6180	 5.9153
 1.6170	 5.8517
 1.6160	 5.9450
 1.6150	 5.9027
 1.6140	 5.9958
 1.6130	 5.9120
 1.6120	 5.9599
 1.6110	 5.8961
 1.6100	 5.9738
 1.6090	 5.8603
 1.6080	 5.9542
 1.6070	 5.8955
 1.6060	 5.9885
 1.6050	 5.8663
 1.6040	 5.9650
 1.6030	 5.9435
 1.6020	 6.0676
 1.6010	 5.8899
 1.6000	 5.9346
 1.5990	 5.8767
 1.5980	 5.9011
 1.5970	 5.8453
 1.5960	 5.9504
 1.5950	 5.8614
 1.5940	 5.9745
 1.5930	 5.9078
 1.5920	 5.9470
 1.5910	 5.8325
 1.5900	 5.9711
 1.5890	 5.9481
 1.5880	 6.0211
 1.5870	 5.8725
 1.5860	 5.9367
 1.5850	 5.9208
 1.5840	 5.9408
 1.5830	 5.8791
 1.5820	 5.9843
 1.5810	 5.9186
 1.5800	 6.0050
 1.5790	 5.8941
 1.5780	 5.9852
 1.5770	 5.8638
 1.5760	 5.8863
 1.5750	 5.8402
 1.5740	 5.9094
 1.5730	 5.8424
 1.5720	 6.0040
 1.5710	 5.8567
 1.5700	 5.9932
 1.5690	 5.8674
 1.5680	 5.8941
 1.5670	 5.8831
 1.5660	 5.9873
 1.5650	 5.9061
 1.5640	 5.9175
 1.5630	 5.9204
 1.5620	 5.9572
 1.5610	 5.9188
 1.5600	 5.8974
 1.5590	 5.8774
 1.5580	 5.8897
 1.5570	 5.8677
 1.5560	 5.9238
 1.5550	 5.9069
 1.5540	 5.9127
 1.5530	 5.8592
 1.5520	 5.9426
 1.5510	 5.8483
 1.5500	 5.9107
 1.5490	 5.8814
 1.5480	 5.8570
 1.5470	 5.8982
 1.5460	 5.8987
 1.5450	 5.8665
 1.5440	 5.9174
 1.5430	 5.8565
 1.5420	 5.9217
 1.5410	 5.8953
 1.5400	 5.9120
 1.5390	 5.8373
 1.5380	 5.9086
 1.5370	 5.8624
 1.5360	 5.8694
 1.5350	 5.8162
 1.5340	 5.8491
 1.5330	 5.8771
 1.5320	 5.9038
 1.5310	 5.8654
 1.5300	 5.8286
 1.5290	 5.8403
 1.5280	 5.8435
 1.5270	 5.8056
 1.5260	 5.8527
 1.5250	 5.8304
 1.5240	 5.8644
 1.5230	 5.8350
 1.5220	 5.8332
 1.5210	 5.8696
 1.5200	 5.9095
 1.5190	 5.8278
 1.5180	 5.7858
 1.5170	 5.7936
 1.5160	 5.8624
 1.5150	 5.8290
 1.5140	 5.8487
 1.5130	 5.8039
 1.5120	 5.8150
 1.5110	 5.8895
 1.5100	 5.8566
 1.5090	 5.7999
 1.5080	 5.7936
 1.5070	 5.8267
 1.5060	 5.8407
 1.5050	 5.8405
 1.5040	 5.8249
 1.5030	 5.8029
 1.5020	 5.8339
 1.5010	 5.8031
 1.5000	 5.8045
 1.4990	 5.7968
 1.4980	 5.8162
 1.4970	 5.8255
 1.4960	 5.8219
 1.4950	 5.8583
 1.4940	 5.8158
 1.4930	 5.7762
 1.4920	 5.7692
 1.4910	 5.8059
 1.4900	 5.8021
 1.4890	 5.8235
 1.4880	 5.8137
 1.4870	 5.8456
 1.4860	 5.7563
 1.4850	 5.7558
 1.4840	 5.8004
 1.4830	 5.8329
 1.4820	 5.8517
 1.4810	 5.8058
 1.4800	 5.7724
 1.4790	 5.7369
 1.4780	 5.7652
 1.4770	 5.8034
 1.4760	 5.7881
 1.4750	 5.7820
 1.4740	 5.7289
 1.4730	 5.7606
 1.4720	 5.8150
 1.4710	 5.8367
 1.4700	 5.7217
 1.4690	 5.8014
 1.4680	 5.7509
 1.4670	 5.7170
 1.4660	 5.7038
 1.4650	 5.7877
 1.4640	 5.7127
 1.4630	 5.7235
 1.4620	 5.7001
 1.4610	 5.7253
 1.4600	 5.6927
 1.4590	 5.7623
 1.4580	 5.6726
 1.4570	 5.6898
 1.4560	 5.7257
 1.4550	 5.6972
 1.4540	 5.7089
 1.4530	 5.7638
 1.4520	 5.6929
 1.4510	 5.7426
 1.4500	 5.6805
 1.4490	 5.6724
 1.4480	 5.6050
 1.4470	 5.6899
 1.4460	 5.6344
 1.4450	 5.7128
 1.4440	 5.6549
 1.4430	 5.6777
 1.4420	 5.6024
 1.4410	 5.6328
 1.4400	 5.6907
 1.4390	 5.7187
 1.4380	 5.6384
 1.4370	 5.6831
 1.4360	 5.6180
 1.4350	 5.6886
 1.4340	 5.6569
 1.4330	 5.6562
 1.4320	 5.6159
 1.4310	 5.5977
 1.4300	 5.5942
 1.4290	 5.6494
 1.4280	 5.5805
 1.4270	 5.5898
 1.4260	 5.6286
 1.4250	 5.6342
 1.4240	 5.5723
 1.4230	 5.6857
 1.4220	 5.5662
 1.4210	 5.6241
 1.4200	 5.5753
 1.4190	 5.5725
 1.4180	 5.3544
 1.4170	 5.4994
 1.4160	 5.4275
 1.4150	 5.4904
 1.4140	 5.3834
 1.4130	 5.4623
 1.4120	 5.4405
 1.4110	 5.5767
 1.4100	 5.4491
 1.4090	 5.3548
 1.4080	 5.3144
 1.4070	 5.3641
 1.4060	 5.3229
 1.4050	 5.5217
 1.4040	 5.4390
 1.4030	 5.5153
 1.4020	 5.3939
 1.4010	 5.4958
 1.4000	 5.4166
 1.3990	 5.4782
 1.3980	 5.4864
 1.3970	 5.5879
 1.3960	 5.4860
 1.3950	 5.5564
 1.3940	 5.4277
 1.3930	 5.5564
 1.3920	 5.4503
 1.3910	 5.6673
 1.3900	 5.4935
 1.3890	 5.5537
 1.3880	 5.5312
 1.3870	 5.6000
 1.3860	 5.4589
 1.3850	 5.5311
 1.3840	 5.3793
 1.3830	 5.5694
 1.3820	 5.3809
 1.3810	 5.5271
 1.3800	 5.4311
 1.3790	 5.5459
 1.3780	 5.4108
 1.3770	 5.5581
 1.3760	 5.4550
 1.3750	 5.5511
 1.3740	 5.5033
 1.3730	 5.4525
 1.3720	 5.4024
 1.3710	 5.4663
 1.3700	 5.3858
 1.3690	 5.5856
 1.3680	 5.3594
 1.3670	 5.4765
 1.3660	 5.4578
 1.3650	 5.4964
 1.3640	 5.3767
 1.3630	 5.5020
 1.3620	 5.4020
 1.3610	 5.4433
 1.3600	 5.3828
 1.3590	 5.4762
 1.3580	 5.4694
 1.3570	 5.4933
 1.3560	 5.5492
 1.3550	 5.2711
 1.3540	 5.4524
 1.3530	 5.4599
 1.3520	 5.4076
 1.3510	 5.4815
 1.3500	 5.3207
 1.3490	 5.5421
 1.3480	 5.2968
 1.3470	 5.3487
 1.3460	 5.3842
 1.3450	 5.5379
 1.3440	 5.3881
 1.3430	 5.4472
 1.3420	 5.4226
 1.3410	 5.4259
 1.3400	 5.2871
 1.3390	 5.4233
 1.3380	 5.3168
 1.3370	 5.4319
 1.3360	 5.2872
 1.3350	 5.3517
 1.3340	 5.3187
 1.3330	 5.4126
 1.3320	 5.2327
 1.3310	 5.3885
 1.3300	 5.3179
 1.3290	 5.3823
 1.3280	 5.2807
 1.3270	 5.4038
 1.3260	 5.2192
 1.3250	 5.3322
 1.3240	 5.2554
 1.3230	 5.3524
 1.3220	 5.2714
 1.3210	 5.4029
 1.3200	 5.1973
 1.3190	 5.3304
 1.3180	 5.3047
 1.3170	 5.2935
 1.3160	 5.2742
 1.3150	 5.2412
 1.3140	 5.2190
 1.3130	 5.3126
 1.3120	 5.2426
 1.3110	 5.3792
 1.3100	 5.2345
 1.3090	 5.2865
 1.3080	 5.2110
 1.3070	 5.3149
 1.3060	 5.1863
 1.3050	 5.2825
 1.3040	 5.1652
 1.3030	 5.2386
 1.3020	 5.2039
 1.3010	 5.2675
 1.3000	 5.2236
 1.2990	 5.2336
 1.2980	 5.2106
 1.2970	 5.3072
 1.2960	 5.2037
 1.2950	 5.2442
 1.2940	 5.1897
 1.2930	 5.2123
 1.2920	 5.1579
 1.2910	 5.2514
 1.2900	 5.1685
 1.2890	 5.1790
 1.2880	 5.1930
 1.2870	 5.2131
 1.2860	 5.1245
 1.2850	 5.2266
 1.2840	 5.1469
 1.2830	 5.2147
 1.2820	 5.1371
 1.2810	 5.1877
 1.2800	 5.0980
 1.2790	 5.1647
 1.2780	 5.1390
 1.2770	 5.2050
 1.2760	 5.1428
 1.2750	 5.1720
 1.2740	 5.1181
 1.2730	 5.1249
 1.2720	 5.1595
 1.2710	 5.1939
 1.2700	 5.1217
 1.2690	 5.1489
 1.2680	 5.0752
 1.2670	 5.1693
 1.2660	 5.1326
 1.2650	 5.1587
 1.2640	 5.1041
 1.2630	 5.1491
 1.2620	 5.0987
 1.2610	 5.1232
 1.2600	 5.1269
 1.2590	 5.1263
 1.2580	 5.0599
 1.2570	 5.1610
 1.2560	 5.1276
 1.2550	 5.1320
 1.2540	 5.1248
 1.2530	 5.0959
 1.2520	 4.9981
 1.2510	 5.0673
 1.2500	 5.1182
 1.2490	 5.1041
 1.2480	 5.0179
 1.2470	 5.1026
 1.2460	 5.0487
 1.2450	 5.0677
 1.2440	 5.0737
 1.2430	 5.1033
 1.2420	 5.0996
 1.2410	 5.1063
 1.2400	 5.0802
 1.2390	 5.1103
 1.2380	 5.0604
 1.2370	 5.0344
 1.2360	 5.0512
 1.2350	 5.0420
 1.2340	 5.0152
 1.2330	 5.0802
 1.2320	 5.0637
 1.2310	 5.0715
 1.2300	 5.1210
 1.2290	 5.0933
 1.2280	 4.9934
 1.2270	 5.0128
 1.2260	 5.0108
 1.2250	 5.0149
 1.2240	 5.0188
 1.2230	 4.9726
 1.2220	 4.9907
 1.2210	 5.0107
 1.2200	 5.0198
 1.2190	 5.0023
 1.2180	 5.0024
 1.2170	 5.0579
 1.2160	 5.0322
 1.2150	 5.0040
 1.2140	 4.9626
 1.2130	 4.9758
 1.2120	 4.9875
 1.2110	 4.9898
 1.2100	 4.9823
 1.2090	 4.9126
 1.2080	 4.9852
 1.2070	 5.0356
 1.2060	 5.0433
 1.2050	 4.9904
 1.2040	 4.9586
 1.2030	 4.9533
 1.2020	 4.9800
 1.2010	 4.9593
 1.2000	 4.9885
 1.1990	 5.0359
 1.1980	 5.0243
 1.1970	 4.9367
 1.1960	 4.9647
 1.1950	 4.9671
 1.1940	 4.9894
 1.1930	 4.9637
 1.1920	 5.0031
 1.1910	 4.9451
 1.1900	 5.0199
 1.1890	 5.0398
 1.1880	 4.8726
 1.1870	 4.8838
 1.1860	 5.0311
 1.1850	 4.9648
 1.1840	 4.9989
 1.1830	 4.9621
 1.1820	 4.9510
 1.1810	 4.8932
 1.1800	 4.9078
 1.1790	 4.9728
 1.1780	 5.0110
 1.1770	 4.9699
 1.1760	 4.9578
 1.1750	 4.9351
 1.1740	 4.9580
 1.1730	 4.8607
 1.1720	 4.9189
 1.1710	 4.9737
 1.1700	 4.9866
 1.1690	 4.9437
 1.1680	 4.9671
 1.1670	 4.9851
 1.1660	 5.0331
 1.1650	 4.9046
 1.1640	 4.9951
 1.1630	 4.9203
 1.1620	 4.9535
 1.1610	 4.9207
 1.1600	 4.9767
 1.1590	 4.9445
 1.1580	 4.9107
 1.1570	 4.8741
 1.1560	 4.9118
 1.1550	 4.9399
 1.1540	 4.9841
 1.1530	 4.9574
 1.1520	 5.0168
 1.1510	 4.9561
 1.1500	 4.9962
 1.1490	 4.8872
 1.1480	 4.9735
 1.1470	 4.9151
 1.1460	 4.9883
 1.1450	 4.9426
 1.1440	 4.9420
 1.1430	 4.8690
 1.1420	 4.9693
 1.1410	 4.9162
 1.1400	 4.9334
 1.1390	 4.8577
 1.1380	 4.9832
 1.1370	 4.9004
 1.1360	 4.9695
 1.1350	 4.8682
 1.1340	 4.8905
 1.1330	 4.8536
 1.1320	 4.9332
 1.1310	 4.9385
 1.1300	 5.0098
 1.1290	 4.8469
 1.1280	 4.9645
 1.1270	 4.9515
 1.1260	 4.9373
 1.1250	 4.8821
 1.1240	 4.8909
 1.1230	 4.8559
 1.1220	 5.0018
 1.1210	 4.8949
 1.1200	 4.9178
 1.1190	 4.8082
 1.1180	 4.9421
 1.1170	 4.8153
 1.1160	 4.9887
 1.1150	 4.8504
 1.1140	 4.9504
 1.1130	 4.8772
 1.1120	 4.9287
 1.1110	 4.7293
 1.1100	 4.8997
 1.1090	 4.8304
 1.1080	 4.9647
 1.1070	 4.8036
 1.1060	 4.8966
 1.1050	 4.7481
 1.1040	 4.9694
 1.1030	 4.7468
 1.1020	 4.8385
 1.1010	 4.7875
 1.1000	 4.9069
 1.0990	 4.7338
 1.0980	 4.8280
 1.0970	 4.7998
 1.0960	 4.8013
 1.0950	 4.8126
 1.0940	 4.8423
 1.0930	 4.7476
 1.0920	 4.8586
 1.0910	 4.7517
 1.0900	 4.7756
 1.0890	 4.6745
 1.0880	 4.8055
 1.0870	 4.6910
 1.0860	 4.7787
 1.0850	 4.6892
 1.0840	 4.6981
 1.0830	 4.7567
 1.0820	 4.8235
 1.0810	 4.6338
 1.0800	 4.7469
 1.0790	 4.6580
 1.0780	 4.6810
 1.0770	 4.6480
 1.0760	 4.7077
 1.0750	 4.6128
 1.0740	 4.6491
 1.0730	 4.6620
 1.0720	 4.6200
 1.0710	 4.7153
 1.0700	 4.4915
 1.0690	 4.6131
 1.0680	 4.5422
 1.0670	 4.4639
 1.0660	 4.6639
 1.0650	 4.4076
 1.0640	 4.6282
 1.0630	 4.4706
 1.0620	 4.4861
 1.0610	 4.4558
 1.0600	 4.5845
 1.0590	 4.5093
 1.0580	 4.4936
 1.0570	 4.4584
 1.0560	 4.4955
 1.0550	 4.4413
 1.0540	 4.5416
 1.0530	 4.4604
 1.0520	 4.4199
 1.0510	 4.3596
 1.0500	 4.4713
 1.0490	 4.4148
 1.0480	 4.4746
 1.0470	 4.3194
 1.0460	 4.3736
 1.0450	 4.3679
 1.0440	 4.3398
 1.0430	 4.2439
 1.0420	 4.4491
 1.0410	 4.2287
 1.0400	 4.4170
 1.0390	 4.2905
 1.0380	 4.3542
 1.0370	 4.2399
 1.0360	 4.3480
 1.0350	 4.2689
 1.0340	 4.3935
 1.0330	 4.2810
 1.0320	 4.3574
 1.0310	 4.2035
 1.0300	 4.2530
 1.0290	 4.1961
 1.0280	 4.2971
 1.0270	 4.2193
 1.0260	 4.1858
 1.0250	 4.1441
 1.0240	 4.2678
 1.0230	 4.2283
 1.0220	 4.1942
 1.0210	 4.0976
 1.0200	 4.1726
 1.0190	 4.1652
 1.0180	 4.2297
 1.0170	 4.1115
 1.0160	 4.2477
 1.0150	 4.1605
 1.0140	 4.1828
 1.0130	 4.0672
 1.0120	 4.1810
 1.0110	 4.1361
 1.0100	 4.1441
 1.0090	 4.1126
 1.0080	 4.1435
 1.0070	 4.1092
 1.0060	 4.1828
 1.0050	 4.0918
 1.0040	 4.0800
 1.0030	 4.0672
 1.0020	 4.1190
 1.0010	 4.0704
 1.0000	 4.1353
 0.9990	 3.9825
 0.9980	 4.1116
 0.9970	 4.0884
 0.9960	 4.1333
 0.9950	 4.1065
 0.9940	 4.1324
 0.9930	 4.0466
 0.9920	 4.0958
 0.9910	 4.1060
 0.9900	 4.1168
 0.9890	 4.0829
 0.9880	 4.1076
 0.9870	 4.0506
 0.9860	 4.1437
 0.9850	 4.0449
 0.9840	 4.0632
 0.9830	 4.0594
 0.9820	 4.0884
 0.9810	 4.0391
 0.9800	 4.1057
 0.9790	 4.0813
 0.9780	 4.0916
 0.9770	 4.0868
 0.9760	 4.1232
 0.9750	 4.0629
 0.9740	 4.1052
 0.9730	 4.0196
 0.9720	 4.0923
 0.9710	 4.0825
 0.9700	 4.1433
 0.9690	 4.0777
 0.9680	 4.0708
 0.9670	 4.1177
 0.9660	 4.1492
 0.9650	 4.0714
 0.9640	 4.0491
 0.9630	 4.0724
 0.9620	 4.1029
 0.9610	 4.0545
 0.9600	 4.1045
 0.9590	 4.1469
 0.9580	 4.1408
 0.9570	 4.0594
 0.9560	 4.1384
 0.9550	 4.1447
 0.9540	 4.0431
 0.9530	 4.0527
 0.9520	 4.1569
 0.9510	 4.1324
 0.9500	 4.0812
 0.9490	 4.0516
 0.9480	 4.0715
 0.9470	 4.0981
 0.9460	 4.1435
 0.9450	 4.0893
 0.9440	 4.1067
 0.9430	 4.1360
 0.9420	 4.1505
 0.9410	 4.0961
 0.9400	 4.1171
 0.9390	 4.1104
 0.9380	 4.0927
 0.9370	 4.1369
 0.9360	 4.1366
 0.9350	 4.1455
 0.9340	 4.1837
 0.9330	 4.1829
 0.9320	 4.1849
 0.9310	 4.1751
 0.9300	 4.1770
 0.9290	 4.1651
 0.9280	 4.1590
 0.9270	 4.1852
 0.9260	 4.2107
 0.9250	 4.1913
 0.9240	 4.1995
 0.9230	 4.1900
 0.9220	 4.1469
 0.9210	 4.1931
 0.9200	 4.1827
 0.9190	 4.2207
 0.9180	 4.2619
 0.9170	 4.2554
 0.9160	 4.2338
 0.9150	 4.3004
 0.9140	 4.2963
 0.9130	 4.2828
 0.9120	 4.2514
 0.9110	 4.2813
 0.9100	 4.2602
 0.9090	 4.3196
 0.9080	 4.3368
 0.9070	 4.3626
 0.9060	 4.3139
 0.9050	 4.3182
 0.9040	 4.3110
 0.9030	 4.3172
 0.9020	 4.2911
 0.9010	 4.3356
 0.9000	 4.2754
 0.8990	 4.3616
 0.8980	 4.3574
 0.8970	 4.3697
 0.8960	 4.4131
 0.8950	 4.4838
 0.8940	 4.4402
 0.8930	 4.4618
 0.8920	 4.4278
 0.8910	 4.4544
 0.8900	 4.4821
 0.8890	 4.4729
 0.8880	 4.4451
 0.8870	 4.4486
 0.8860	 4.4508
 0.8850	 4.5238
 0.8840	 4.4840
 0.8830	 4.5408
 0.8820	 4.5698
 0.8810	 4.5586
 0.8800	 4.5163
 0.8790	 4.5703
 0.8780	 4.5452
 0.8770	 4.6143
 0.8760	 4.5686
 0.8750	 4.6442
 0.8740	 4.5892
 0.8730	 4.6739
 0.8720	 4.6272
 0.8710	 4.6189
 0.8700	 4.5523
 0.8690	 4.6832
 0.8680	 4.6249
 0.8670	 4.6667
 0.8660	 4.6915
 0.8650	 4.7499
 0.8640	 4.7518
 0.8630	 4.7922
 0.8620	 4.7375
 0.8610	 4.7345
 0.8600	 4.9767
 0.8590	 5.0537
 0.8580	 5.0745
 0.8570	 5.0808
 0.8560	 5.0822
 0.8550	 5.0961
 0.8540	 5.1113
 0.8530	 5.1284
 0.8520	 5.1395
 0.8510	 5.1602
 0.8500	 5.1615
 0.8490	 5.1683
 0.8480	 5.1884
 0.8470	 5.2012
 0.8460	 5.2131
 0.8450	 5.2263
 0.8440	 5.2340
 0.8430	 5.2426
 0.8420	 5.2583
 0.8410	 5.2663
 0.8400	 5.2825
 0.8390	 5.2887
 0.8380	 5.2938
 0.8370	 5.3063
 0.8360	 5.3209
 0.8350	 5.3322
 0.8340	 5.3381
 0.8330	 5.3549
 0.8320	 5.3537
 0.8310	 5.3605
 0.8300	 5.3854
 0.8290	 5.3891
 0.8280	 5.3935
 0.8270	 5.4084
 0.8260	 5.4214
 0.8250	 5.4332
 0.8240	 5.4342
 0.8230	 5.4454
 0.8220	 5.4514
 0.8210	 5.4602
 0.8200	 5.4775
 0.8190	 5.4834
 0.8180	 5.4801
 0.8170	 5.4922
 0.8160	 5.5028
 0.8150	 5.5089
 0.8140	 5.5179
 0.8130	 5.5147
 0.8120	 5.5271
 0.8110	 5.5353
 0.8100	 5.5406
 0.8090	 5.5553
 0.8080	 5.5611
 0.8070	 5.5578
 0.8060	 5.5687
 0.8050	 5.5664
 0.8040	 5.5804
 0.8030	 5.5842
 0.8020	 5.5857
 0.8010	 5.5877
 0.8000	 5.6002
 0.7990	 5.6039
 0.7980	 5.6031
 0.7970	 5.6084
 0.7960	 5.6076
 0.7950	 5.6161
 0.7940	 5.6152
 0.7930	 5.6158
 0.7920	 5.6257
 0.7910	 5.6276
 0.7900	 5.6312
 0.7890	 5.6358
 0.7880	 5.6351
 0.7870	 5.6345
 0.7860	 5.6444
 0.7850	 5.6432
 0.7840	 5.6452
 0.7830	 5.6432
 0.7820	 5.6406
 0.7810	 5.6546
 0.7800	 5.6465
 0.7790	 5.6454
 0.7780	 5.6402
 0.7770	 5.6440
 0.7760	 5.6523
 0.7750	 5.6531
 0.7740	 5.6517
 0.7730	 5.6556
 0.7720	 5.6564
 0.7710	 5.6567
 0.7700	 5.6565
 0.7690	 5.6608
 0.7680	 5.6505
 0.7670	 5.6634
 0.7660	 5.6586
 0.7650	 5.6547
 0.7640	 5.6626
 0.7630	 5.6602
 0.7620	 5.6608
 0.7610	 5.6643
 0.7600	 5.6560
 0.7590	 5.6602
 0.7580	 5.6549
 0.7570	 5.6609
 0.7560	 5.6586
 0.7550	 5.6601
 0.7540	 5.6555
 0.7530	 5.6665
 0.7520	 5.6609
 0.7510	 5.6645
 0.7500	 5.6645
 0.7490	 5.6612
 0.7480	 5.6664
 0.7470	 5.6606
 0.7460	 5.6666
 0.7450	 5.6653
 0.7440	 5.6655
 0.7430	 5.6634
 0.7420	 5.6638
 0.7410	 5.6633
 0.7400	 5.6636
 0.7390	 5.6645
 0.7380	 5.6613
 0.7370	 5.6661
 0.7360	 5.6651
 0.7350	 5.6662
 0.7340	 5.6641
 0.7330	 5.6717
 0.7320	 5.6734
 0.7310	 5.6668
 0.7300	 5.6648
 0.7290	 5.6718
 0.7280	 5.6723
 0.7270	 5.6694
 0.7260	 5.6701
 0.7250	 5.6722
 0.7240	 5.6730
 0.7230	 5.6744
 0.7220	 5.6701
 0.7210	 5.6753
 0.7200	 5.6778
 0.7190	 5.6754
 0.7180	 5.6756
 0.7170	 5.6785
 0.7160	 5.6766
 0.7150	 5.6829
 0.7140	 5.6835
 0.7130	 5.6840
 0.7120	 5.6857
 0.7110	 5.6852
 0.7100	 5.6902
 0.7090	 5.6916
 0.7080	 5.6941
 0.7070	 5.6966
 0.7060	 5.6978
 0.7050	 5.7002
 0.7040	 5.7014
 0.7030	 5.7040
 0.7020	 5.7083
 0.7010	 5.7105
 0.7000	 5.7110
 0.6990	 5.7125
 0.6980	 5.7142
 0.6970	 5.7162
 0.6960	 5.7195
 0.6950	 5.7236
 0.6940	 5.7280
 0.6930	 5.7313
 0.6920	 5.7328
 0.6910	 5.7363
 0.6900	 5.7376
 0.6890	 5.7381
 0.6880	 5.7460
 0.6870	 5.7491
 0.6860	 5.7487
 0.6850	 5.7522
 0.6840	 5.7593
 0.6830	 5.7637
 0.6820	 5.7641
 0.6810	 5.7653
 0.6800	 5.7692
 0.6790	 5.7792
 0.6780	 5.7826
 0.6770	 5.7835
 0.6760	 5.7855
 0.6750	 5.7907
 0.6740	 5.7965
 0.6730	 5.7992
 0.6720	 5.8032
 0.6710	 5.8062
 0.6700	 5.8089
 0.6690	 5.8132
 0.6680	 5.8178
 0.6670	 5.8233
 0.6660	 5.8256
 0.6650	 5.8301
 0.6640	 5.8353
 0.6630	 5.8391
 0.6620	 5.8420
 0.6610	 5.8446
 0.6600	 5.8486
 0.6590	 5.8523
 0.6580	 5.8577
 0.6570	 5.8617
 0.6560	 5.8655
 0.6550	 5.8725
 0.6540	 5.8754
 0.6530	 5.8787
 0.6520	 5.8837
 0.6510	 5.8877
 0.6500	 5.8910
 0.6490	 5.8954
 0.6480	 5.8999
 0.6470	 5.9033
 0.6460	 5.9063
 0.6450	 5.9090
 0.6440	 5.9137
 0.6430	 5.9192
 0.6420	 5.9222
 0.6410	 5.9251
 0.6400	 5.9294
 0.6390	 5.9323
 0.6380	 5.9353
 0.6370	 5.9422
 0.6360	 5.9456
 0.6350	 5.9461
 0.6340	 5.9505
 0.6330	 5.9538
 0.6320	 5.9559
 0.6310	 5.9585
 0.6300	 5.9629
 0.6290	 5.9649
 0.6280	 5.9678
 0.6270	 5.9725
 0.6260	 5.9750
 0.6250	 5.9807
 0.6240	 5.9855
 0.6230	 5.9871
 0.6220	 5.9855
 0.6210	 5.9905
 0.6200	 5.9989
 0.6190	 6.0013
 0.6180	 6.0028
 0.6170	 6.0039
 0.6160	 6.0060
 0.6150	 6.0098
 0.6140	 6.0132
 0.6130	 6.0186
 0.6120	 6.0258
 0.6110	 6.0301
 0.6100	 6.0319
 0.6090	 6.0331
 0.6080	 6.0369
 0.6070	 6.0408
 0.6060	 6.0455
 0.6050	 6.0497
 0.6040	 6.0515
 0.6030	 6.0549
 0.6020	 6.0578
 0.6010	 6.0594
 0.6000	 6.0647
 0.5990	 6.0710
 0.5980	 6.0745
 0.5970	 6.0804
 0.5960	 6.0842
 0.5950	 6.0842
 0.5940	 6.0867
 0.5930	 6.0913
 0.5920	 6.0928
 0.5910	 6.0971
 0.5900	 6.0990
 0.5890	 6.1007
 0.5880	 6.1009
 0.5870	 6.1007
 0.5860	 6.1036
 0.5850	 6.1037
 0.5840	 6.1077
 0.5830	 6.1090
 0.5820	 6.1058
 0.5810	 6.1071
 0.5800	 6.1076
 0.5790	 6.1087
 0.5780	 6.1108
 0.5770	 6.1110
 0.5760	 6.1114
 0.5750	 6.1124
 0.5740	 6.1123
 0.5730	 6.1136
 0.5720	 6.1141
 0.5710	 6.1133
 0.5700	 6.1152
 0.5690	 6.1145
 0.5680	 6.1129
 0.5670	 6.1070
 0.5660	 6.1089
 0.5650	 6.1079
 0.5640	 6.1037
 0.5630	 6.1007
 0.5620	 6.0970
 0.5610	 6.0944
 0.5600	 6.0859
 0.5590	 6.0804
 0.5580	 6.0741
 0.5570	 6.0655
 0.5560	 6.0568
 0.5550	 6.0526
 0.5540	 6.0476
 0.5530	 6.0449
 0.5520	 6.0431
 0.5510	 6.0430
 0.5500	 6.0450
 0.5490	 6.0494
 0.5480	 6.0531
 0.5470	 6.0578
 0.5460	 6.0637
 0.5450	 6.0671
 0.5440	 6.0715
 0.5430	 6.0731
 0.5420	 6.0772
 0.5410	 6.0762
 0.5400	 6.0747
 0.5390	 6.0762
 0.5380	 6.0744
 0.5370	 6.0708
 0.5360	 6.0658
 0.5350	 6.0646
 0.5340	 6.0590
 0.5330	 6.0532
 0.5320	 6.0482
 0.5310	 6.0429
 0.5300	 6.0387
 0.5290	 6.0312
 0.5280	 6.0269
 0.5270	 6.0214
 0.5260	 6.0129
 0.5250	 6.0105
 0.5240	 5.9998
 0.5230	 5.9939
 0.5220	 5.9873
 0.5210	 5.9786
 0.5200	 5.9672
 0.5190	 5.9576
 0.5180	 5.9450
 0.5170	 5.9293
 0.5160	 5.9170
 0.5150	 5.9004
 0.5140	 5.8856
 0.5130	 5.8682
 0.5120	 5.8555
 0.5110	 5.8499
 0.5100	 5.8433
 0.5090	 5.8407
 0.5080	 5.8447
 0.5070	 5.8488
 0.5060	 5.8534
 0.5050	 5.8623
 0.5040	 5.8636
 0.5030	 5.8676
 0.5020	 5.8675
 0.5010	 5.8676
 0.5000	 5.8653
 0.4990	 5.8624
 0.4980	 5.8551
 0.4970	 5.8493
 0.4960	 5.8423
 0.4950	 5.8300
 0.4940	 5.8273
 0.4930	 5.8146
 0.4920	 5.8079
 0.4910	 5.8017
 0.4900	 5.7947
 0.4890	 5.7865
 0.4880	 5.7835
 0.4870	 5.7793
 0.4860	 5.7710
 0.4850	 5.7690
 0.4840	 5.7649
 0.4830	 5.7547
 0.4820	 5.7509
 0.4810	 5.7457
 0.4800	 5.7369
 0.4790	 5.7290
 0.4780	 5.7204
 0.4770	 5.7128
 0.4760	 5.7122
 0.4750	 5.7059
 0.4740	 5.7072
 0.4730	 5.7070
 0.4720	 5.7060
 0.4710	 5.7082
 0.4700	 5.7103
 0.4690	 5.7047
 0.4680	 5.7041
 0.4670	 5.6996
 0.4660	 5.6955
 0.4650	 5.6916
 0.4640	 5.6880
 0.4630	 5.6828
 0.4620	 5.6833
 0.4610	 5.6818
 0.4600	 5.6746
 0.4590	 5.6697
 0.4580	 5.6642
 0.4570	 5.6612
 0.4560	 5.6567
 0.4550	 5.6546
 0.4540	 5.6516
 0.4530	 5.6443
 0.4520	 5.6393
 0.4510	 5.6349
 0.4500	 5.6314
 0.4490	 5.6247
 0.4480	 5.6207
 0.4470	 5.6149
 0.4460	 5.6087
 0.4450	 5.6034
 0.4440	 5.5963
 0.4430	 5.5844
 0.4420	 5.5758
 0.4410	 5.5700
 0.4400	 5.5589
 0.4390	 5.5523
 0.4380	 5.5480
 0.4370	 5.5392
 0.4360	 5.5309
 0.4350	 5.5262
 0.4340	 5.5179
 0.4330	 5.5138
 0.4320	 5.5075
 0.4310	 5.4998
 0.4300	 5.5001
 0.4290	 5.4991
 0.4280	 5.4875
 0.4270	 5.4822
 0.4260	 5.4721
 0.4250	 5.4658
 0.4240	 5.4595
 0.4230	 5.4509
 0.4220	 5.4428
 0.4210	 5.4407
 0.4200	 5.4334
 0.4190	 5.4308
 0.4180	 5.4272
 0.4170	 5.4202
 0.4160	 5.4177
 0.4150	 5.4160
 0.4140	 5.4103
 0.4130	 5.4059
 0.4120	 5.3999
 0.4110	 5.3967
 0.4100	 5.3935
 0.4090	 5.3889
 0.4080	 5.3831
 0.4070	 5.3765
 0.4060	 5.3693
 0.4050	 5.3637
 0.4040	 5.3606
 0.4030	 5.3520
 0.4020	 5.3463
 0.4010	 5.3386
 0.4000	 5.3274
