Name: Barite BaSO_4
Type: Mineral
Class: Sulfate
Subclass: None
Particle Size: Coarse
Sample No.: SO-3A
Owner: JPL
Wavelength Range: VSWIR
Origin: USA, South Carolina, Cherokee County, Kings Creek
Collection Date: N/A
Description: Particle size was 125-500um.Collected by Ward's Original ASTER Spectral Library name was jpl.beckman.mineral.sulfate.none.coarse.so03a.spectrum.txt
Measurement: Hemispherical reflectance
First Column: X
Second Column: Y
X Units: Wavelength (micrometers)
Y Units:Reflectance (percent)
First X Value:  0.4000
Last X Value:  2.5000
Number of X Values: 826
Additional Information: mineral.sulfate.none.coarse.vswir.so-3a.jpl.beckman.ancillary.txt

 0.4000	82.6500
 0.4010	82.8800
 0.4020	83.0500
 0.4030	83.0100
 0.4040	83.1300
 0.4050	83.3600
 0.4060	83.2700
 0.4070	83.5800
 0.4080	83.6800
 0.4090	83.7400
 0.4100	83.7000
 0.4110	83.8200
 0.4120	83.9800
 0.4130	84.2300
 0.4140	84.3100
 0.4150	84.3100
 0.4160	84.3600
 0.4170	84.4000
 0.4180	84.5600
 0.4190	84.5200
 0.4200	84.7700
 0.4210	84.8400
 0.4220	84.8300
 0.4230	84.8300
 0.4240	85.0300
 0.4250	85.1000
 0.4260	85.2200
 0.4270	85.1600
 0.4280	85.2500
 0.4290	85.2000
 0.4300	85.3700
 0.4310	85.5500
 0.4320	85.4400
 0.4330	85.5200
 0.4340	85.7400
 0.4350	85.6900
 0.4360	85.7500
 0.4370	85.8500
 0.4380	85.9700
 0.4390	86.2100
 0.4400	86.0300
 0.4410	86.1000
 0.4420	86.0500
 0.4430	86.2300
 0.4440	86.4300
 0.4450	86.3000
 0.4460	86.4300
 0.4470	86.6000
 0.4480	86.4200
 0.4490	86.4200
 0.4500	86.3600
 0.4510	86.5200
 0.4520	86.6900
 0.4530	86.6000
 0.4540	86.5600
 0.4550	86.6000
 0.4560	86.6300
 0.4570	86.8300
 0.4580	86.6200
 0.4590	86.8100
 0.4600	86.9000
 0.4610	86.8700
 0.4620	86.9200
 0.4630	86.8700
 0.4640	86.9300
 0.4650	86.8000
 0.4660	86.8600
 0.4670	87.0400
 0.4680	87.0300
 0.4690	86.9900
 0.4700	86.9700
 0.4710	86.9100
 0.4720	87.1000
 0.4730	87.0000
 0.4740	87.2800
 0.4750	87.3000
 0.4760	87.2500
 0.4770	87.1700
 0.4780	87.2600
 0.4790	87.2000
 0.4800	87.3700
 0.4810	87.3100
 0.4820	87.2100
 0.4830	87.4700
 0.4840	87.3400
 0.4850	87.5100
 0.4860	87.2900
 0.4870	87.4100
 0.4880	87.4800
 0.4890	87.4900
 0.4900	87.3400
 0.4910	87.3900
 0.4920	87.5100
 0.4930	87.6300
 0.4940	87.6500
 0.4950	87.4800
 0.4960	87.6700
 0.4970	87.6200
 0.4980	87.7500
 0.4990	87.7600
 0.5000	87.6500
 0.5010	87.8800
 0.5020	87.7800
 0.5030	87.7800
 0.5040	87.7900
 0.5050	87.7900
 0.5060	87.8400
 0.5070	87.9200
 0.5080	87.9200
 0.5090	87.9900
 0.5100	88.0400
 0.5110	88.1000
 0.5120	87.9800
 0.5130	88.1500
 0.5140	88.1500
 0.5150	88.1600
 0.5160	88.0900
 0.5170	88.1600
 0.5180	88.2300
 0.5190	88.2300
 0.5200	88.3500
 0.5210	88.3100
 0.5220	88.3000
 0.5230	88.3600
 0.5240	88.3800
 0.5250	88.3700
 0.5260	88.3100
 0.5270	88.4300
 0.5280	88.3100
 0.5290	88.3700
 0.5300	88.3600
 0.5310	88.3900
 0.5320	88.5100
 0.5330	88.4000
 0.5340	88.4100
 0.5350	88.3800
 0.5360	88.4900
 0.5370	88.5500
 0.5380	88.6100
 0.5390	88.5500
 0.5400	88.5500
 0.5410	88.4500
 0.5420	88.5700
 0.5430	88.5700
 0.5440	88.4700
 0.5450	88.6400
 0.5460	88.6500
 0.5470	88.7200
 0.5480	88.6700
 0.5490	88.7400
 0.5500	88.8600
 0.5510	88.7500
 0.5520	88.8000
 0.5530	88.8600
 0.5540	88.9700
 0.5550	88.9700
 0.5560	88.9100
 0.5570	88.8500
 0.5580	88.9400
 0.5590	88.9800
 0.5600	88.9600
 0.5610	89.2300
 0.5620	89.1800
 0.5630	89.1800
 0.5640	89.3400
 0.5650	89.1600
 0.5660	89.2200
 0.5670	89.2100
 0.5680	89.1000
 0.5690	89.1000
 0.5700	88.9300
 0.5710	89.0000
 0.5720	89.0400
 0.5730	88.8000
 0.5740	88.7000
 0.5750	88.7200
 0.5760	88.7500
 0.5770	88.8600
 0.5780	88.6700
 0.5790	88.8300
 0.5800	88.7600
 0.5810	88.7000
 0.5820	88.8200
 0.5830	88.6300
 0.5840	88.7000
 0.5850	88.8200
 0.5860	88.6400
 0.5870	88.7700
 0.5880	88.7500
 0.5890	88.8700
 0.5900	88.8800
 0.5910	88.7700
 0.5920	88.7700
 0.5930	89.0000
 0.5940	88.8100
 0.5950	88.8200
 0.5960	88.8200
 0.5970	88.8900
 0.5980	88.9000
 0.5990	88.8100
 0.6000	88.9000
 0.6010	88.9900
 0.6020	88.8900
 0.6030	89.1400
 0.6040	88.8600
 0.6050	89.0400
 0.6060	89.1600
 0.6070	88.9900
 0.6080	88.8300
 0.6090	88.8400
 0.6100	88.8400
 0.6110	89.0100
 0.6120	88.7900
 0.6130	88.9600
 0.6140	89.0200
 0.6150	88.9100
 0.6160	88.8500
 0.6170	88.8900
 0.6180	88.9400
 0.6190	89.0500
 0.6200	88.7700
 0.6210	88.8400
 0.6220	88.8500
 0.6230	88.9000
 0.6240	88.9500
 0.6250	88.9000
 0.6260	88.9700
 0.6270	89.0800
 0.6280	88.9000
 0.6290	88.9500
 0.6300	88.9400
 0.6310	88.9500
 0.6320	89.1800
 0.6330	88.9600
 0.6340	89.0200
 0.6350	89.1300
 0.6360	89.0600
 0.6370	89.1300
 0.6380	88.9600
 0.6390	89.0200
 0.6400	89.1900
 0.6410	89.0100
 0.6420	88.9500
 0.6430	89.1200
 0.6440	89.1300
 0.6450	89.3100
 0.6460	89.0800
 0.6470	89.3100
 0.6480	89.2500
 0.6490	89.1300
 0.6500	89.2600
 0.6510	89.0900
 0.6520	89.2600
 0.6530	89.4300
 0.6540	89.2400
 0.6550	89.2900
 0.6560	89.1800
 0.6570	89.3000
 0.6580	89.3600
 0.6590	89.2500
 0.6600	89.4300
 0.6610	89.4200
 0.6620	89.3700
 0.6630	89.4300
 0.6640	89.3700
 0.6650	89.4900
 0.6660	89.6000
 0.6670	89.4800
 0.6680	89.4700
 0.6690	89.4700
 0.6700	89.4800
 0.6710	89.6100
 0.6720	89.4900
 0.6730	89.6600
 0.6740	89.5900
 0.6750	89.6100
 0.6760	89.6600
 0.6770	89.6600
 0.6780	89.6600
 0.6790	89.7700
 0.6800	89.6500
 0.6810	89.7100
 0.6820	89.6600
 0.6830	89.7200
 0.6840	89.8400
 0.6850	89.6600
 0.6860	89.8300
 0.6870	90.0000
 0.6880	89.7200
 0.6890	89.7800
 0.6900	89.7200
 0.6910	89.9500
 0.6920	90.0000
 0.6930	89.8200
 0.6940	90.0000
 0.6950	89.9500
 0.6960	89.8800
 0.6970	90.0600
 0.6980	89.8700
 0.6990	90.0100
 0.7000	90.0300
 0.7010	89.9300
 0.7020	89.8800
 0.7030	89.9500
 0.7040	90.0200
 0.7050	90.1300
 0.7060	89.9000
 0.7070	90.0700
 0.7080	90.1300
 0.7090	90.1300
 0.7100	90.1800
 0.7110	90.0600
 0.7120	90.1700
 0.7130	90.3900
 0.7140	90.2400
 0.7150	90.1300
 0.7160	90.1300
 0.7170	90.1800
 0.7180	90.2400
 0.7190	90.1300
 0.7200	90.2900
 0.7210	90.2900
 0.7220	90.2300
 0.7230	90.1700
 0.7240	90.1200
 0.7250	90.2900
 0.7260	90.3500
 0.7270	90.2900
 0.7280	90.2900
 0.7290	90.4000
 0.7300	90.3500
 0.7310	90.4600
 0.7320	90.2900
 0.7330	90.4500
 0.7340	90.5700
 0.7350	90.4700
 0.7360	90.4100
 0.7370	90.4600
 0.7380	90.4700
 0.7390	90.4700
 0.7400	90.4100
 0.7410	90.5200
 0.7420	90.5100
 0.7430	90.5200
 0.7440	90.6400
 0.7450	90.3500
 0.7460	90.5900
 0.7470	90.5200
 0.7480	90.5300
 0.7490	90.4100
 0.7500	90.4100
 0.7510	90.4600
 0.7520	90.5700
 0.7530	90.4100
 0.7540	90.5300
 0.7550	90.5200
 0.7560	90.4100
 0.7570	90.5800
 0.7580	90.4700
 0.7590	90.6400
 0.7600	90.6400
 0.7610	90.5200
 0.7620	90.4100
 0.7630	90.5300
 0.7640	90.4700
 0.7650	90.5900
 0.7660	90.4700
 0.7670	90.6000
 0.7680	90.6000
 0.7690	90.4700
 0.7700	90.5200
 0.7710	90.4100
 0.7720	90.5900
 0.7730	90.5300
 0.7740	90.5900
 0.7750	90.4200
 0.7760	90.5900
 0.7770	90.5400
 0.7780	90.5800
 0.7790	90.5300
 0.7800	90.6500
 0.7810	90.7100
 0.7820	90.6000
 0.7830	90.7600
 0.7840	90.6000
 0.7850	90.7100
 0.7860	90.8200
 0.7870	90.6500
 0.7880	90.6500
 0.7890	90.6500
 0.7900	90.8300
 0.7910	90.7700
 0.7920	90.7100
 0.7930	90.6000
 0.7940	90.7100
 0.7950	90.7700
 0.7960	90.8200
 0.7970	90.6400
 0.7980	90.7600
 0.7990	90.8600
 0.8000	90.8500
 0.8040	90.7800
 0.8080	90.7200
 0.8120	90.7700
 0.8160	90.8900
 0.8200	90.7700
 0.8240	90.7800
 0.8280	90.7800
 0.8320	90.8400
 0.8360	90.9400
 0.8400	90.9500
 0.8440	91.0100
 0.8480	90.9400
 0.8520	90.8800
 0.8560	90.9400
 0.8600	90.9900
 0.8640	91.0000
 0.8680	90.9900
 0.8720	90.9300
 0.8760	90.9400
 0.8800	90.8700
 0.8840	90.8700
 0.8880	90.8200
 0.8920	90.8700
 0.8960	90.8200
 0.9000	90.8100
 0.9040	90.8800
 0.9080	90.8700
 0.9120	90.8100
 0.9160	90.7600
 0.9200	90.8800
 0.9240	90.8200
 0.9280	90.9400
 0.9320	90.8100
 0.9360	90.9400
 0.9400	90.8100
 0.9440	90.8100
 0.9480	90.8100
 0.9520	90.9900
 0.9560	90.8100
 0.9600	90.8200
 0.9640	90.8100
 0.9680	90.8700
 0.9720	90.8100
 0.9760	90.8100
 0.9800	90.7500
 0.9840	90.7600
 0.9880	90.7000
 0.9920	90.6400
 0.9960	90.7200
 1.0000	90.7800
 1.0040	90.7500
 1.0080	90.8100
 1.0120	90.8700
 1.0160	90.6900
 1.0200	90.6900
 1.0240	90.6900
 1.0280	90.6800
 1.0320	90.7500
 1.0360	90.8100
 1.0400	90.8200
 1.0440	90.8200
 1.0480	90.7600
 1.0520	90.7500
 1.0560	90.8100
 1.0600	90.8100
 1.0640	90.8100
 1.0680	90.7600
 1.0720	90.7200
 1.0760	90.7800
 1.0800	90.8500
 1.0840	90.8100
 1.0880	90.8800
 1.0920	90.7100
 1.0960	90.7700
 1.1000	90.8000
 1.1040	90.8500
 1.1080	90.8500
 1.1120	90.8500
 1.1160	90.8400
 1.1200	90.8300
 1.1240	90.8800
 1.1280	90.9300
 1.1320	90.9100
 1.1360	90.8000
 1.1400	90.7800
 1.1440	90.7600
 1.1480	90.7500
 1.1520	90.8700
 1.1560	90.8600
 1.1600	90.7300
 1.1640	90.6700
 1.1680	90.7300
 1.1720	90.6700
 1.1760	90.7200
 1.1800	90.7200
 1.1840	90.6900
 1.1880	90.7300
 1.1920	90.7400
 1.1960	90.7400
 1.2000	90.7200
 1.2040	90.7300
 1.2080	90.6700
 1.2120	90.6600
 1.2160	90.7300
 1.2200	90.8000
 1.2240	90.7500
 1.2280	90.6500
 1.2320	90.8200
 1.2360	90.7700
 1.2400	90.9000
 1.2440	90.7900
 1.2480	90.7900
 1.2520	90.8000
 1.2560	90.9100
 1.2600	90.8000
 1.2640	90.7800
 1.2680	90.8300
 1.2720	90.8400
 1.2760	90.8300
 1.2800	90.8200
 1.2840	90.8100
 1.2880	90.8000
 1.2920	90.7600
 1.2960	90.8000
 1.3000	90.8600
 1.3040	90.7900
 1.3080	90.6600
 1.3120	90.6600
 1.3160	90.7000
 1.3200	90.6400
 1.3240	90.6300
 1.3280	90.6200
 1.3320	90.5600
 1.3360	90.5600
 1.3400	90.6000
 1.3440	90.6000
 1.3480	90.4800
 1.3520	90.4800
 1.3560	90.5000
 1.3600	90.5500
 1.3640	90.4400
 1.3680	90.3600
 1.3720	90.2900
 1.3760	90.3000
 1.3800	90.1500
 1.3840	90.0100
 1.3880	89.8400
 1.3920	89.6900
 1.3960	89.5400
 1.4000	89.2600
 1.4040	89.0900
 1.4080	88.9400
 1.4120	88.7000
 1.4160	88.6000
 1.4200	88.6000
 1.4240	88.4200
 1.4280	88.3700
 1.4320	88.3100
 1.4360	88.4600
 1.4400	88.3600
 1.4440	88.3800
 1.4480	88.3700
 1.4520	88.3800
 1.4560	88.4200
 1.4600	88.4300
 1.4640	88.4300
 1.4680	88.5400
 1.4720	88.6600
 1.4760	88.7700
 1.4800	88.8200
 1.4840	88.8400
 1.4880	89.0000
 1.4920	89.0600
 1.4960	89.1800
 1.5000	89.2800
 1.5040	89.3300
 1.5080	89.3900
 1.5120	89.5600
 1.5160	89.6200
 1.5200	89.7400
 1.5240	89.7400
 1.5280	89.6400
 1.5320	89.7000
 1.5360	89.8800
 1.5400	89.9200
 1.5440	89.9300
 1.5480	89.9300
 1.5520	89.9200
 1.5560	90.1000
 1.5600	90.1600
 1.5640	90.0900
 1.5680	90.1000
 1.5720	90.1000
 1.5760	90.1600
 1.5800	90.1600
 1.5840	90.3300
 1.5880	90.3200
 1.5920	90.2600
 1.5960	90.2600
 1.6000	90.3700
 1.6040	90.3600
 1.6080	90.3500
 1.6120	90.2900
 1.6160	90.2900
 1.6200	90.3000
 1.6240	90.4600
 1.6280	90.4600
 1.6320	90.4600
 1.6360	90.5100
 1.6400	90.5000
 1.6440	90.5300
 1.6480	90.5300
 1.6520	90.5900
 1.6560	90.5200
 1.6600	90.5700
 1.6640	90.5600
 1.6680	90.6100
 1.6720	90.5400
 1.6760	90.5300
 1.6800	90.5800
 1.6840	90.5800
 1.6880	90.5800
 1.6920	90.5800
 1.6960	90.4500
 1.7000	90.5600
 1.7040	90.6700
 1.7080	90.6700
 1.7120	90.6000
 1.7160	90.5500
 1.7200	90.6000
 1.7240	90.5500
 1.7280	90.5000
 1.7320	90.3900
 1.7360	90.4000
 1.7400	90.3300
 1.7440	90.2600
 1.7480	90.3300
 1.7520	90.2700
 1.7560	90.2100
 1.7600	90.2200
 1.7640	90.3300
 1.7680	90.3300
 1.7720	90.2200
 1.7760	90.1600
 1.7800	90.1500
 1.7840	90.2100
 1.7880	90.2000
 1.7920	90.2000
 1.7960	90.1500
 1.8000	90.1500
 1.8040	90.1300
 1.8080	90.2300
 1.8120	90.1800
 1.8160	90.1600
 1.8200	90.0700
 1.8240	90.0500
 1.8280	90.1300
 1.8320	90.0900
 1.8360	90.0600
 1.8400	89.9700
 1.8440	89.8100
 1.8480	89.8600
 1.8520	89.8000
 1.8560	89.6200
 1.8600	89.4400
 1.8640	89.2600
 1.8680	88.8300
 1.8720	88.4100
 1.8760	87.8400
 1.8800	87.2500
 1.8840	86.5400
 1.8880	85.8700
 1.8920	85.0800
 1.8960	84.3900
 1.9000	83.8100
 1.9040	83.2200
 1.9080	82.8800
 1.9120	82.5500
 1.9160	82.2700
 1.9200	82.1400
 1.9240	82.0700
 1.9280	81.9500
 1.9320	82.0500
 1.9360	82.0600
 1.9400	82.1800
 1.9440	82.2900
 1.9480	82.5100
 1.9520	82.7200
 1.9560	82.8400
 1.9600	83.0200
 1.9640	83.2100
 1.9680	83.6100
 1.9720	83.7800
 1.9760	84.0000
 1.9800	84.3800
 1.9840	84.6600
 1.9880	84.9800
 1.9920	85.1300
 1.9960	85.2600
 2.0000	85.4900
 2.0040	85.4900
 2.0080	85.8000
 2.0120	85.9300
 2.0160	86.2300
 2.0200	86.4900
 2.0240	86.6500
 2.0280	86.9000
 2.0320	87.0600
 2.0360	87.1900
 2.0400	87.3300
 2.0440	87.3800
 2.0480	87.6000
 2.0520	87.6600
 2.0560	87.6900
 2.0600	87.8700
 2.0640	87.9900
 2.0680	88.1200
 2.0720	88.0700
 2.0760	88.2700
 2.0800	88.4500
 2.0840	88.6400
 2.0880	88.7200
 2.0920	88.7900
 2.0960	88.7600
 2.1000	88.9400
 2.1040	89.0100
 2.1080	89.2400
 2.1120	89.3200
 2.1160	89.3900
 2.1200	89.4600
 2.1240	89.5400
 2.1280	89.5300
 2.1320	89.4200
 2.1360	89.5500
 2.1400	89.5900
 2.1440	89.4600
 2.1480	89.4300
 2.1520	89.3800
 2.1560	89.3400
 2.1600	89.4400
 2.1640	89.4000
 2.1680	89.3600
 2.1720	89.2500
 2.1760	89.3100
 2.1800	89.3000
 2.1840	89.2600
 2.1880	89.1100
 2.1920	89.1300
 2.1960	89.1500
 2.2000	89.1100
 2.2040	89.1000
 2.2080	88.9900
 2.2120	89.0600
 2.2160	89.0400
 2.2200	89.1400
 2.2240	89.1400
 2.2280	89.0900
 2.2320	89.0600
 2.2360	89.0800
 2.2400	89.0400
 2.2440	89.0400
 2.2480	89.0000
 2.2520	88.9100
 2.2560	88.9300
 2.2600	88.9500
 2.2640	88.9000
 2.2680	88.8500
 2.2720	88.8900
 2.2760	88.9200
 2.2800	88.8600
 2.2840	88.7100
 2.2880	88.6800
 2.2920	88.6500
 2.2960	88.6400
 2.3000	88.5700
 2.3040	88.4800
 2.3080	88.3500
 2.3120	88.3100
 2.3160	88.2800
 2.3200	88.3500
 2.3240	88.2300
 2.3280	88.1500
 2.3320	88.0300
 2.3360	88.0400
 2.3400	87.9900
 2.3440	87.9300
 2.3480	87.8500
 2.3520	87.7200
 2.3560	87.6800
 2.3600	87.5900
 2.3640	87.4900
 2.3680	87.4000
 2.3720	87.2200
 2.3760	87.1100
 2.3800	87.0100
 2.3840	86.9000
 2.3880	86.8200
 2.3920	86.6400
 2.3960	86.5100
 2.4000	86.4000
 2.4040	86.4600
 2.4080	86.2900
 2.4120	86.1800
 2.4160	86.0100
 2.4200	85.9400
 2.4240	85.8600
 2.4280	85.7100
 2.4320	85.5400
 2.4360	85.4100
 2.4400	85.3500
 2.4440	85.1800
 2.4480	85.0500
 2.4520	84.9600
 2.4560	84.7800
 2.4600	84.7600
 2.4640	84.5500
 2.4680	84.4300
 2.4720	84.3400
 2.4760	84.1800
 2.4800	84.1200
 2.4840	84.2800
 2.4880	84.2700
 2.4920	84.3900
 2.4960	84.5300
 2.5000	84.6600
