Name: Microcline KAlSi3O8
Type: Mineral
Class: Silicate
Subclass: Tectosilicate
Particle Size: Fine
Sample No.: micro_1
Owner: JHU
Wavelength Range: TIR
Origin: Park County, Colorado via the Smithsonian (sample no. NMNH135231)
Collection Date: N/A
Description: Sample was a 19.5 g fragment, light green in color. A slight amount of surface contamination was removed by brushing and ultrasonic cleaning. White material filled one thin (0.5 mm) vein cutting across one corner and was removed by hand-picking the crushed sample. Sample was not obviously perthitic.  Under the microscope it appeared pure, displaying little perthite or alteration. Particle size was Less than 2 micrometers.(Framework Silicates); (Feldspar Group) Original ASTER Spectral Library name was jhu.nicolet.mineral.silicate.tectosilicate.powder.micro1.spectrum.txt
Measurement: Transmission
First Column: X
Second Column: Y
X Units: Wavelength (micrometers)
Y Units:Transmittance (percent)
First X Value: 25.0442
Last X Value:  2.0795
Number of X Values: 2287
Additional Information: mineral.silicate.tectosilicate.fine.tir.micro_1.jhu.nicolet.ancillary.txt

25.0442	55.4159
24.9238	54.4491
24.8045	53.1952
24.6864	52.0702
24.5694	50.3143
24.4536	47.3397
24.3388	43.3554
24.2250	38.4296
24.1124	33.3866
24.0007	29.1913
23.8901	27.1562
23.7805	26.5478
23.6719	27.0585
23.5643	27.4609
23.4577	27.4033
23.3520	27.5605
23.2473	28.2480
23.1435	28.8642
23.0407	30.0741
22.9387	31.6806
22.8377	33.6884
22.7375	35.6112
22.6382	37.2050
22.5398	38.3368
22.4422	39.5204
22.3455	41.4628
22.2496	44.1825
22.1545	47.7460
22.0602	51.5995
21.9668	54.8553
21.8741	56.4862
21.7822	56.9081
21.6910	55.6913
21.6007	54.5760
21.5110	53.8465
21.4221	54.9471
21.3340	57.1473
21.2465	60.5721
21.1598	63.0858
21.0738	65.2049
20.9885	66.6209
20.9038	69.0447
20.8199	71.1483
20.7366	73.9705
20.6540	76.2015
20.5720	78.3006
20.4907	79.3435
20.4100	80.5017
20.3300	80.8142
20.2506	81.3792
20.1718	81.3772
20.0936	81.8616
20.0160	81.7254
19.9391	81.9788
19.8627	81.7752
19.7869	81.6546
19.7116	81.1311
19.6370	80.7835
19.5628	80.2913
19.4893	79.6101
19.4163	79.0686
19.3439	78.0179
19.2719	76.8611
19.2006	75.1585
19.1297	73.3953
19.0594	70.6268
18.9896	67.6917
18.9203	63.8797
18.8515	60.3748
18.7832	56.4862
18.7153	53.6688
18.6480	51.7997
18.5812	52.4164
18.5148	54.5135
18.4489	57.9281
18.3835	60.7225
18.3185	63.5819
18.2541	65.3690
18.1900	66.5648
18.1264	66.5511
18.0633	66.2220
18.0005	65.0911
17.9382	63.4613
17.8764	61.2655
17.8150	58.6903
17.7539	55.9374
17.6934	53.1127
17.6332	50.7445
17.5734	48.2108
17.5140	45.7308
17.4551	43.0521
17.3965	40.7616
17.3383	38.4706
17.2805	36.8178
17.2231	35.5766
17.1661	35.1327
17.1094	35.1689
17.0531	35.9921
16.9972	37.2128
16.9417	39.1078
16.8865	41.4613
16.8317	44.0917
16.7772	46.6049
16.7231	48.7850
16.6693	50.1815
16.6159	50.2928
16.5628	49.5218
16.5100	48.5316
16.4576	48.9813
16.4055	51.1903
16.3538	55.1112
16.3024	59.3519
16.2513	63.6659
16.2005	67.1761
16.1500	70.2986
16.0998	72.3714
16.0500	74.0887
16.0005	75.0643
15.9513	75.9698
15.9023	76.2540
15.8537	76.4061
15.8054	76.0860
15.7573	75.5232
15.7096	74.2986
15.6621	72.3389
15.6149	69.4471
15.5680	65.3524
15.5214	60.8839
15.4751	56.6131
15.4290	54.7577
15.3832	55.7442
15.3377	59.7274
15.2925	64.4549
15.2475	69.4766
15.2028	73.1641
15.1583	76.2996
15.1141	78.2000
15.0702	79.8836
15.0265	80.6885
14.9831	81.6331
14.9399	82.2452
14.8970	82.8838
14.8543	83.2205
14.8119	83.5144
14.7697	83.6560
14.7277	83.6697
14.6860	83.7608
14.6445	83.6729
14.6033	83.6739
14.5622	83.2920
14.5214	83.1892
14.4809	82.7383
14.4405	82.4912
14.4004	81.8145
14.3605	81.4427
14.3209	80.5345
14.2814	79.7254
14.2422	78.4795
14.2032	77.4317
14.1643	75.8934
14.1258	74.4676
14.0874	72.5784
14.0492	70.4346
14.0112	67.8485
13.9734	64.9759
13.9359	61.8836
13.8985	58.8602
13.8614	56.1063
13.8244	53.3558
13.7876	51.4154
13.7511	50.5243
13.7147	51.1263
13.6785	52.6327
13.6425	55.3348
13.6067	58.4532
13.5711	61.7679
13.5356	64.1854
13.5004	65.8953
13.4653	66.7904
13.4304	67.7042
13.3957	68.6590
13.3612	69.7725
13.3269	70.5137
13.2927	70.5023
13.2587	69.6595
13.2249	67.7735
13.1912	65.1893
13.1577	62.2391
13.1244	59.7276
13.0913	57.5199
13.0583	55.9415
13.0255	54.6573
12.9929	54.0438
12.9604	53.9706
12.9281	54.7635
12.8959	55.8578
12.8639	57.6395
12.8321	60.2411
12.8004	63.7960
12.7688	66.9739
12.7375	69.3299
12.7063	71.2042
12.6752	73.1522
12.6443	75.5315
12.6135	77.9993
12.5829	80.4961
12.5524	82.3836
12.5221	84.1162
12.4919	85.1013
12.4619	85.9358
12.4320	86.2239
12.4023	86.7683
12.3727	86.8399
12.3432	86.9597
12.3139	86.9636
12.2847	87.1582
12.2557	87.0391
12.2268	87.0271
12.1980	86.9727
12.1694	86.8067
12.1409	86.6455
12.1125	86.4016
12.0843	86.1621
12.0562	85.8367
12.0282	85.6902
12.0004	85.2617
11.9726	85.0120
11.9450	84.5791
11.9176	84.3758
11.8903	83.8692
11.8631	83.6179
11.8360	83.0869
11.8090	82.7161
11.7822	82.1258
11.7555	81.8113
11.7289	81.2312
11.7024	80.7305
11.6760	80.2083
11.6498	79.7293
11.6237	79.2303
11.5977	78.7278
11.5718	78.2911
11.5460	77.6358
11.5203	77.0584
11.4948	76.3880
11.4694	75.8702
11.4440	75.1858
11.4188	74.7615
11.3937	74.1517
11.3688	73.6507
11.3439	72.9866
11.3191	72.4222
11.2944	71.7029
11.2699	71.0411
11.2455	70.3389
11.2211	69.7237
11.1969	69.0694
11.1727	68.4197
11.1487	67.7747
11.1248	66.9949
11.1010	66.2598
11.0773	65.4683
11.0536	64.7559
11.0301	63.9881
11.0067	63.3162
10.9834	62.5516
10.9602	61.8387
10.9370	60.9669
10.9140	60.1800
10.8911	59.2581
10.8682	58.3724
10.8455	57.4710
10.8229	56.6148
10.8003	55.6869
10.7779	54.7489
10.7555	53.7840
10.7332	52.7689
10.7111	51.7340
10.6890	50.7259
10.6670	49.5983
10.6451	48.4947
10.6233	47.4825
10.6015	46.2872
10.5799	45.0516
10.5584	43.8292
10.5369	42.6539
10.5155	41.3737
10.4942	40.1132
10.4730	38.8119
10.4519	37.5246
10.4309	36.1815
10.4099	34.8720
10.3891	33.5287
10.3683	32.1698
10.3476	30.7704
10.3270	29.3320
10.3065	27.8661
10.2860	26.4321
10.2656	24.9511
10.2454	23.4658
10.2251	21.9628
10.2050	20.4516
10.1850	18.9594
10.1650	17.4770
10.1451	16.0507
10.1253	14.7065
10.1056	13.4399
10.0859	12.3110
10.0663	11.3213
10.0468	10.3982
10.0274	 9.6001
10.0080	 8.9282
 9.9887	 8.3740
 9.9695	 7.9404
 9.9504	 7.6474
 9.9313	 7.4013
 9.9123	 7.1782
 9.8934	 6.9690
 9.8746	 6.8970
 9.8558	 6.9731
 9.8371	 7.2275
 9.8185	 7.5918
 9.7999	 8.0752
 9.7814	 8.5708
 9.7630	 9.0669
 9.7447	 9.4216
 9.7264	 9.7436
 9.7082	10.0556
 9.6900	10.3447
 9.6719	10.5874
 9.6539	10.8193
 9.6360	11.0532
 9.6181	11.2749
 9.6003	11.3720
 9.5825	11.3066
 9.5649	11.0913
 9.5472	10.8452
 9.5297	10.5908
 9.5122	10.4497
 9.4948	10.5366
 9.4774	10.9492
 9.4601	11.6860
 9.4429	12.5827
 9.4257	13.5119
 9.4086	14.3891
 9.3916	15.1062
 9.3746	15.6408
 9.3577	16.0715
 9.3408	16.4187
 9.3240	16.6982
 9.3073	16.9440
 9.2906	17.1892
 9.2740	17.4116
 9.2574	17.6460
 9.2409	17.8806
 9.2245	18.0510
 9.2081	18.1730
 9.1918	18.2504
 9.1755	18.2670
 9.1593	18.2412
 9.1431	18.3559
 9.1270	18.6142
 9.1110	18.9565
 9.0950	19.2878
 9.0791	19.5600
 9.0632	19.6848
 9.0474	19.7019
 9.0316	19.6962
 9.0159	19.6877
 9.0003	19.6748
 8.9847	19.7099
 8.9691	19.7954
 8.9536	19.8791
 8.9382	20.0144
 8.9228	20.1347
 8.9075	20.1547
 8.8922	19.9682
 8.8770	19.5253
 8.8618	18.8696
 8.8467	18.0583
 8.8316	17.1601
 8.8166	16.3725
 8.8016	15.8388
 8.7867	15.5922
 8.7718	15.5991
 8.7570	15.8125
 8.7422	16.1567
 8.7275	16.6616
 8.7129	17.2729
 8.6982	18.0112
 8.6837	18.8320
 8.6692	19.7827
 8.6547	20.8237
 8.6403	21.9277
 8.6259	23.0571
 8.6116	24.2377
 8.5973	25.4243
 8.5830	26.6279
 8.5688	27.8100
 8.5547	28.9775
 8.5406	30.1596
 8.5266	31.3661
 8.5126	32.5678
 8.4986	33.7631
 8.4847	34.9897
 8.4708	36.2148
 8.4570	37.4105
 8.4432	38.5927
 8.4295	39.7685
 8.4158	40.8954
 8.4022	42.0101
 8.3886	43.1007
 8.3750	44.1618
 8.3615	45.1893
 8.3481	46.1749
 8.3347	47.1107
 8.3213	48.0248
 8.3079	48.9047
 8.2946	49.7528
 8.2814	50.5768
 8.2682	51.3939
 8.2550	52.1297
 8.2419	52.8329
 8.2288	53.5140
 8.2158	54.1976
 8.2028	54.8114
 8.1898	55.4247
 8.1769	56.0135
 8.1640	56.5704
 8.1512	57.1119
 8.1384	57.6383
 8.1256	58.1520
 8.1129	58.6466
 8.1002	59.1412
 8.0876	59.6297
 8.0750	60.0953
 8.0624	60.5155
 8.0499	60.9237
 8.0374	61.3177
 8.0250	61.6888
 8.0126	62.0887
 8.0002	62.5267
 7.9879	62.9898
 7.9756	63.4542
 7.9634	63.8763
 7.9512	64.2821
 7.9390	64.6336
 7.9268	64.9857
 7.9147	65.2554
 7.9027	65.5418
 7.8906	65.7933
 7.8786	66.0667
 7.8667	66.3372
 7.8548	66.6102
 7.8429	66.8890
 7.8310	67.1732
 7.8192	67.4510
 7.8075	67.7210
 7.7957	67.9905
 7.7840	68.2244
 7.7723	68.4969
 7.7607	68.7327
 7.7491	68.9700
 7.7375	69.2071
 7.7260	69.4261
 7.7145	69.6126
 7.7031	69.7913
 7.6916	69.9752
 7.6802	70.1312
 7.6689	70.3353
 7.6575	70.5394
 7.6462	70.7542
 7.6350	70.9764
 7.6238	71.1824
 7.6126	71.3792
 7.6014	71.5628
 7.5903	71.7481
 7.5792	71.9158
 7.5681	72.0858
 7.5571	72.2405
 7.5461	72.4134
 7.5351	72.5713
 7.5242	72.7418
 7.5133	72.9273
 7.5024	73.0789
 7.4916	73.2347
 7.4807	73.3694
 7.4700	73.5186
 7.4592	73.6370
 7.4485	73.7679
 7.4378	73.9022
 7.4272	74.0545
 7.4165	74.2093
 7.4059	74.3497
 7.3954	74.4783
 7.3848	74.5604
 7.3743	74.6775
 7.3639	74.7591
 7.3534	74.8853
 7.3430	75.0137
 7.3326	75.1829
 7.3223	75.2913
 7.3119	75.4173
 7.3016	75.5457
 7.2914	75.6705
 7.2811	75.8182
 7.2709	75.9290
 7.2607	76.0340
 7.2506	76.1155
 7.2404	76.2337
 7.2303	76.3189
 7.2203	76.4295
 7.2102	76.5848
 7.2002	76.7962
 7.1902	76.9964
 7.1803	77.1985
 7.1703	77.3912
 7.1604	77.5633
 7.1506	77.7317
 7.1407	77.8753
 7.1309	77.9861
 7.1211	78.1038
 7.1113	78.2249
 7.1016	78.2989
 7.0919	78.3543
 7.0822	78.4109
 7.0725	78.5015
 7.0629	78.5564
 7.0533	78.6468
 7.0437	78.7544
 7.0341	78.8440
 7.0246	78.9205
 7.0151	79.0188
 7.0056	79.0955
 6.9962	79.1951
 6.9867	79.3038
 6.9773	79.4671
 6.9679	79.6092
 6.9586	79.7439
 6.9493	79.8186
 6.9400	79.8850
 6.9307	79.9585
 6.9214	80.0296
 6.9122	80.0867
 6.9030	80.1238
 6.8938	80.1829
 6.8847	80.2183
 6.8755	80.2752
 6.8664	80.3467
 6.8573	80.3843
 6.8483	80.3846
 6.8393	80.4153
 6.8302	80.4790
 6.8213	80.5389
 6.8123	80.5789
 6.8034	80.6214
 6.7944	80.7039
 6.7855	80.7517
 6.7767	80.7857
 6.7678	80.8150
 6.7590	80.8579
 6.7502	80.9212
 6.7414	80.9910
 6.7327	81.0774
 6.7239	81.1846
 6.7152	81.2857
 6.7065	81.3521
 6.6979	81.4334
 6.6892	81.5325
 6.6806	81.6094
 6.6720	81.6429
 6.6634	81.7139
 6.6549	81.7801
 6.6464	81.8528
 6.6378	81.9226
 6.6294	81.9627
 6.6209	81.9973
 6.6124	82.0486
 6.6040	82.1248
 6.5956	82.2044
 6.5872	82.2891
 6.5789	82.3611
 6.5705	82.4446
 6.5622	82.4673
 6.5539	82.5323
 6.5456	82.5725
 6.5374	82.6121
 6.5292	82.6531
 6.5209	82.7141
 6.5128	82.7410
 6.5046	82.8089
 6.4964	82.9070
 6.4883	82.9727
 6.4802	82.9976
 6.4721	83.0323
 6.4640	83.0862
 6.4560	83.1302
 6.4480	83.1668
 6.4399	83.1560
 6.4320	83.1824
 6.4240	83.1907
 6.4160	83.2771
 6.4081	83.3055
 6.4002	83.3184
 6.3923	83.3333
 6.3844	83.3863
 6.3766	83.4024
 6.3687	83.4373
 6.3609	83.4305
 6.3531	83.4217
 6.3454	83.4693
 6.3376	83.4815
 6.3299	83.4737
 6.3221	83.4834
 6.3144	83.5369
 6.3068	83.5408
 6.2991	83.5725
 6.2914	83.5799
 6.2838	83.6267
 6.2762	83.6702
 6.2686	83.7012
 6.2611	83.7049
 6.2535	83.7029
 6.2460	83.7210
 6.2385	83.7586
 6.2310	83.7893
 6.2235	83.8279
 6.2160	83.8765
 6.2086	83.9036
 6.2011	83.8902
 6.1937	83.8880
 6.1863	83.9138
 6.1790	83.8916
 6.1716	83.8477
 6.1643	83.7932
 6.1570	83.7539
 6.1496	83.6866
 6.1424	83.6929
 6.1351	83.7459
 6.1278	83.8128
 6.1206	83.8206
 6.1134	83.7998
 6.1062	83.7615
 6.0990	83.7566
 6.0918	83.7991
 6.0847	83.8758
 6.0776	84.0120
 6.0704	84.0911
 6.0633	84.1695
 6.0563	84.3147
 6.0492	84.5327
 6.0421	84.6067
 6.0351	84.7005
 6.0281	84.8655
 6.0211	85.1206
 6.0141	85.4246
 6.0071	85.6419
 6.0002	85.8064
 5.9932	85.9270
 5.9863	85.9876
 5.9794	85.9563
 5.9725	85.9510
 5.9657	85.9053
 5.9588	85.8094
 5.9520	85.7073
 5.9451	85.6482
 5.9383	85.6106
 5.9315	85.5496
 5.9247	85.4383
 5.9180	85.4192
 5.9112	85.4053
 5.9045	85.4016
 5.8978	85.4290
 5.8911	85.4510
 5.8844	85.4986
 5.8777	85.5203
 5.8711	85.4939
 5.8644	85.5281
 5.8578	85.5857
 5.8512	85.5928
 5.8446	85.6104
 5.8380	85.6250
 5.8314	85.6765
 5.8249	85.7212
 5.8184	85.7605
 5.8118	85.7520
 5.8053	85.7757
 5.7988	85.7796
 5.7924	85.7708
 5.7859	85.7610
 5.7794	85.7439
 5.7730	85.7671
 5.7666	85.7979
 5.7602	85.8145
 5.7538	85.7879
 5.7474	85.8489
 5.7410	85.8538
 5.7347	85.8631
 5.7283	85.8513
 5.7220	85.8833
 5.7157	85.8719
 5.7094	85.8762
 5.7031	85.8601
 5.6969	85.8469
 5.6906	85.8208
 5.6844	85.8015
 5.6782	85.8133
 5.6719	85.7869
 5.6657	85.7747
 5.6596	85.7459
 5.6534	85.7097
 5.6472	85.6846
 5.6411	85.7317
 5.6349	85.7361
 5.6288	85.7339
 5.6227	85.7810
 5.6166	85.8457
 5.6106	85.8865
 5.6045	85.9368
 5.5984	85.9741
 5.5924	86.0022
 5.5864	86.0225
 5.5804	86.0901
 5.5744	86.1013
 5.5684	86.0686
 5.5624	86.0945
 5.5564	86.1111
 5.5505	86.1380
 5.5445	86.1419
 5.5386	86.2010
 5.5327	86.2471
 5.5268	86.3177
 5.5209	86.3792
 5.5151	86.4397
 5.5092	86.4890
 5.5033	86.5530
 5.4975	86.6087
 5.4917	86.6419
 5.4859	86.6912
 5.4801	86.7102
 5.4743	86.7202
 5.4685	86.7251
 5.4628	86.7805
 5.4570	86.8008
 5.4513	86.8157
 5.4455	86.8277
 5.4398	86.8552
 5.4341	86.8684
 5.4284	86.8933
 5.4228	86.9385
 5.4171	86.9768
 5.4114	86.9912
 5.4058	87.0164
 5.4002	87.0388
 5.3945	87.0364
 5.3889	87.0598
 5.3833	87.0755
 5.3778	87.0974
 5.3722	87.1170
 5.3666	87.1162
 5.3611	87.1189
 5.3555	87.1648
 5.3500	87.2075
 5.3445	87.2415
 5.3390	87.2786
 5.3335	87.3511
 5.3280	87.3716
 5.3225	87.3865
 5.3171	87.4182
 5.3116	87.4431
 5.3062	87.4534
 5.3008	87.4675
 5.2954	87.5071
 5.2900	87.5086
 5.2846	87.5474
 5.2792	87.5691
 5.2738	87.5813
 5.2684	87.5818
 5.2631	87.6092
 5.2578	87.6236
 5.2524	87.6643
 5.2471	87.6941
 5.2418	87.7200
 5.2365	87.7212
 5.2312	87.7241
 5.2260	87.7249
 5.2207	87.7268
 5.2154	87.7786
 5.2102	87.8176
 5.2050	87.8601
 5.1998	87.9041
 5.1945	87.9553
 5.1893	87.9885
 5.1842	88.0198
 5.1790	88.0471
 5.1738	88.0855
 5.1686	88.1048
 5.1635	88.1380
 5.1584	88.1770
 5.1532	88.1983
 5.1481	88.2080
 5.1430	88.2410
 5.1379	88.2678
 5.1328	88.2468
 5.1277	88.2591
 5.1227	88.2793
 5.1176	88.3152
 5.1126	88.3550
 5.1075	88.4136
 5.1025	88.4456
 5.0975	88.4778
 5.0925	88.5071
 5.0875	88.5344
 5.0825	88.5481
 5.0775	88.5554
 5.0726	88.5835
 5.0676	88.6101
 5.0627	88.6101
 5.0577	88.6189
 5.0528	88.6292
 5.0479	88.6331
 5.0430	88.6695
 5.0380	88.7122
 5.0332	88.7346
 5.0283	88.7515
 5.0234	88.7747
 5.0185	88.7671
 5.0137	88.7774
 5.0088	88.7840
 5.0040	88.7966
 4.9992	88.8015
 4.9944	88.8455
 4.9896	88.8767
 4.9848	88.8831
 4.9800	88.8845
 4.9752	88.8924
 4.9704	88.9094
 4.9657	88.9153
 4.9609	88.9566
 4.9562	88.9602
 4.9514	88.9646
 4.9467	88.9407
 4.9420	88.9426
 4.9373	88.9236
 4.9326	88.9241
 4.9279	88.9397
 4.9232	88.9329
 4.9186	88.9343
 4.9139	88.9260
 4.9092	88.9539
 4.9046	88.9509
 4.9000	88.9798
 4.8953	89.0144
 4.8907	89.0178
 4.8861	89.0103
 4.8815	89.0364
 4.8769	89.0271
 4.8723	89.0188
 4.8678	89.0364
 4.8632	89.0432
 4.8586	89.0569
 4.8541	89.0823
 4.8495	89.1060
 4.8450	89.0979
 4.8405	89.0779
 4.8360	89.1013
 4.8315	89.1052
 4.8270	89.0852
 4.8225	89.0723
 4.8180	89.0684
 4.8135	89.0984
 4.8090	89.1165
 4.8046	89.1243
 4.8001	89.1209
 4.7957	89.1199
 4.7913	89.1243
 4.7868	89.1326
 4.7824	89.1179
 4.7780	89.1287
 4.7736	89.1548
 4.7692	89.1438
 4.7648	89.1448
 4.7605	89.1626
 4.7561	89.1839
 4.7517	89.1746
 4.7474	89.1819
 4.7431	89.1804
 4.7387	89.1907
 4.7344	89.2014
 4.7301	89.2117
 4.7258	89.1858
 4.7215	89.1716
 4.7172	89.1694
 4.7129	89.1585
 4.7086	89.1609
 4.7043	89.1643
 4.7000	89.1580
 4.6958	89.1521
 4.6915	89.1912
 4.6873	89.2000
 4.6831	89.1975
 4.6788	89.1970
 4.6746	89.2127
 4.6704	89.2112
 4.6662	89.2034
 4.6620	89.2161
 4.6578	89.2151
 4.6536	89.2307
 4.6495	89.2556
 4.6453	89.2590
 4.6411	89.2590
 4.6370	89.2576
 4.6328	89.2644
 4.6287	89.2717
 4.6246	89.2913
 4.6205	89.3230
 4.6163	89.3377
 4.6122	89.4075
 4.6081	89.5086
 4.6040	89.4939
 4.6000	89.4260
 4.5959	89.4285
 4.5918	89.4265
 4.5877	89.4182
 4.5837	89.4207
 4.5796	89.4124
 4.5756	89.3977
 4.5716	89.4099
 4.5675	89.4138
 4.5635	89.3985
 4.5595	89.4207
 4.5555	89.4617
 4.5515	89.4895
 4.5475	89.5056
 4.5435	89.5159
 4.5395	89.5095
 4.5356	89.5012
 4.5316	89.4812
 4.5276	89.4710
 4.5237	89.4661
 4.5197	89.4661
 4.5158	89.4749
 4.5119	89.4983
 4.5080	89.5012
 4.5040	89.5188
 4.5001	89.5261
 4.4962	89.5208
 4.4923	89.5217
 4.4884	89.5613
 4.4846	89.5447
 4.4807	89.5340
 4.4768	89.5662
 4.4730	89.6057
 4.4691	89.5891
 4.4652	89.5886
 4.4614	89.5852
 4.4576	89.5818
 4.4537	89.5618
 4.4499	89.5828
 4.4461	89.5872
 4.4423	89.5925
 4.4385	89.6111
 4.4347	89.6257
 4.4309	89.6360
 4.4271	89.6521
 4.4233	89.6790
 4.4196	89.6946
 4.4158	89.7273
 4.4120	89.7615
 4.4083	89.7586
 4.4045	89.7244
 4.4008	89.7112
 4.3971	89.7122
 4.3934	89.7293
 4.3896	89.7205
 4.3859	89.7366
 4.3822	89.7542
 4.3785	89.7532
 4.3748	89.7405
 4.3711	89.7151
 4.3674	89.7215
 4.3638	89.7346
 4.3601	89.7605
 4.3564	89.7590
 4.3528	89.7522
 4.3491	89.7688
 4.3455	89.7698
 4.3418	89.7605
 4.3382	89.7634
 4.3346	89.7737
 4.3310	89.7825
 4.3273	89.7566
 4.3237	89.7703
 4.3201	89.7634
 4.3165	89.7493
 4.3129	89.7517
 4.3094	89.7366
 4.3058	89.7551
 4.3022	89.7693
 4.2986	89.7791
 4.2951	89.7981
 4.2915	89.8152
 4.2880	89.8128
 4.2844	89.8103
 4.2809	89.7908
 4.2774	89.7837
 4.2738	89.7844
 4.2703	89.7874
 4.2668	89.8098
 4.2633	89.8486
 4.2598	89.8582
 4.2563	89.8538
 4.2528	89.8496
 4.2493	89.8538
 4.2458	89.8460
 4.2424	89.8291
 4.2389	89.8333
 4.2354	89.8391
 4.2320	89.8352
 4.2285	89.8316
 4.2251	89.8311
 4.2216	89.8245
 4.2182	89.8325
 4.2148	89.8391
 4.2113	89.8242
 4.2079	89.8445
 4.2045	89.8506
 4.2011	89.8606
 4.1977	89.8242
 4.1943	89.8201
 4.1909	89.8130
 4.1875	89.8208
 4.1841	89.8196
 4.1808	89.8462
 4.1774	89.8374
 4.1740	89.8557
 4.1707	89.8535
 4.1673	89.8450
 4.1640	89.8247
 4.1606	89.8172
 4.1573	89.8267
 4.1540	89.8176
 4.1506	89.8379
 4.1473	89.8316
 4.1440	89.8064
 4.1407	89.8130
 4.1374	89.8220
 4.1341	89.8230
 4.1308	89.8215
 4.1275	89.8416
 4.1242	89.8506
 4.1209	89.8408
 4.1177	89.8352
 4.1144	89.8142
 4.1111	89.7766
 4.1079	89.7825
 4.1046	89.7876
 4.1014	89.8132
 4.0981	89.8640
 4.0949	89.8936
 4.0917	89.8670
 4.0884	89.8640
 4.0852	89.8425
 4.0820	89.8362
 4.0788	89.7747
 4.0756	89.7485
 4.0724	89.7083
 4.0692	89.7200
 4.0660	89.7544
 4.0628	89.7774
 4.0596	89.7805
 4.0565	89.7803
 4.0533	89.8025
 4.0501	89.8010
 4.0470	89.7937
 4.0438	89.7927
 4.0406	89.7937
 4.0375	89.7644
 4.0344	89.7642
 4.0312	89.7300
 4.0281	89.7354
 4.0250	89.7227
 4.0218	89.7319
 4.0187	89.7300
 4.0156	89.7398
 4.0125	89.7676
 4.0094	89.7693
 4.0063	89.7774
 4.0032	89.7800
 4.0001	89.7869
 3.9970	89.7493
 3.9940	89.7119
 3.9909	89.6873
 3.9878	89.6624
 3.9847	89.6465
 3.9817	89.6524
 3.9786	89.6524
 3.9756	89.6721
 3.9725	89.6802
 3.9695	89.7110
 3.9665	89.6931
 3.9634	89.6851
 3.9604	89.6834
 3.9574	89.6677
 3.9544	89.6729
 3.9513	89.7005
 3.9483	89.7459
 3.9453	89.7556
 3.9423	89.7722
 3.9393	89.7593
 3.9363	89.7610
 3.9333	89.7366
 3.9304	89.7185
 3.9274	89.6936
 3.9244	89.7273
 3.9214	89.7337
 3.9185	89.7366
 3.9155	89.7427
 3.9126	89.7454
 3.9096	89.7495
 3.9067	89.7234
 3.9037	89.7293
 3.9008	89.7305
 3.8979	89.7295
 3.8949	89.7053
 3.8920	89.6929
 3.8891	89.6668
 3.8862	89.6414
 3.8833	89.6121
 3.8804	89.5952
 3.8775	89.5798
 3.8746	89.5899
 3.8717	89.5957
 3.8688	89.5527
 3.8659	89.5745
 3.8630	89.5703
 3.8601	89.5884
 3.8573	89.5574
 3.8544	89.5723
 3.8515	89.5674
 3.8487	89.5513
 3.8458	89.5618
 3.8430	89.5759
 3.8401	89.5950
 3.8373	89.5972
 3.8344	89.5930
 3.8316	89.6035
 3.8288	89.6128
 3.8259	89.5950
 3.8231	89.6179
 3.8203	89.6048
 3.8175	89.6023
 3.8147	89.5921
 3.8119	89.5933
 3.8091	89.5872
 3.8063	89.6233
 3.8035	89.6140
 3.8007	89.6321
 3.7979	89.5830
 3.7951	89.5488
 3.7924	89.5432
 3.7896	89.5584
 3.7868	89.5335
 3.7841	89.5059
 3.7813	89.4942
 3.7785	89.4895
 3.7758	89.5193
 3.7730	89.4900
 3.7703	89.5000
 3.7676	89.4876
 3.7648	89.4851
 3.7621	89.4556
 3.7594	89.4358
 3.7566	89.4285
 3.7539	89.4339
 3.7512	89.4307
 3.7485	89.4602
 3.7458	89.4617
 3.7431	89.4558
 3.7404	89.4317
 3.7377	89.4158
 3.7350	89.4346
 3.7323	89.4407
 3.7296	89.4334
 3.7269	89.4231
 3.7242	89.4280
 3.7216	89.4129
 3.7189	89.4024
 3.7162	89.3601
 3.7136	89.3455
 3.7109	89.3128
 3.7083	89.2913
 3.7056	89.2647
 3.7030	89.2766
 3.7003	89.2910
 3.6977	89.2966
 3.6950	89.3184
 3.6924	89.3145
 3.6898	89.3406
 3.6872	89.3386
 3.6845	89.3347
 3.6819	89.3213
 3.6793	89.2979
 3.6767	89.2608
 3.6741	89.2566
 3.6715	89.2166
 3.6689	89.1809
 3.6663	89.1546
 3.6637	89.1782
 3.6611	89.2005
 3.6585	89.2063
 3.6560	89.1902
 3.6534	89.1824
 3.6508	89.1714
 3.6482	89.1631
 3.6457	89.1897
 3.6431	89.2090
 3.6406	89.1846
 3.6380	89.1743
 3.6355	89.1590
 3.6329	89.1192
 3.6304	89.1150
 3.6278	89.0877
 3.6253	89.0686
 3.6227	89.0562
 3.6202	89.0408
 3.6177	89.0361
 3.6152	89.0227
 3.6127	89.0098
 3.6101	88.9924
 3.6076	88.9905
 3.6051	89.0100
 3.6026	89.0149
 3.6001	88.9793
 3.5976	88.9776
 3.5951	88.9983
 3.5926	89.0083
 3.5901	88.9988
 3.5876	89.0039
 3.5852	88.9856
 3.5827	89.0056
 3.5802	89.0379
 3.5777	89.0271
 3.5753	89.0071
 3.5728	88.9763
 3.5704	88.9724
 3.5679	88.9512
 3.5654	88.9275
 3.5630	88.9055
 3.5605	88.9055
 3.5581	88.8945
 3.5557	88.8584
 3.5532	88.8418
 3.5508	88.7920
 3.5484	88.7600
 3.5459	88.7713
 3.5435	88.7617
 3.5411	88.7227
 3.5387	88.7412
 3.5363	88.7620
 3.5338	88.7722
 3.5314	88.7598
 3.5290	88.7481
 3.5266	88.7224
 3.5242	88.6797
 3.5218	88.6638
 3.5195	88.6406
 3.5171	88.6170
 3.5147	88.6297
 3.5123	88.6436
 3.5099	88.6536
 3.5075	88.6428
 3.5052	88.5974
 3.5028	88.5427
 3.5004	88.4846
 3.4981	88.4678
 3.4957	88.4412
 3.4934	88.4241
 3.4910	88.4170
 3.4887	88.3894
 3.4863	88.3350
 3.4840	88.3313
 3.4816	88.3264
 3.4793	88.2825
 3.4770	88.2412
 3.4746	88.2422
 3.4723	88.2219
 3.4700	88.1926
 3.4677	88.1883
 3.4653	88.1826
 3.4630	88.1853
 3.4607	88.1360
 3.4584	88.0940
 3.4561	88.0437
 3.4538	88.0427
 3.4515	87.9954
 3.4492	88.0037
 3.4469	88.0098
 3.4446	88.0105
 3.4423	88.0091
 3.4400	88.0423
 3.4378	88.0716
 3.4355	88.0969
 3.4332	88.1204
 3.4309	88.1287
 3.4287	88.1521
 3.4264	88.1233
 3.4241	88.0852
 3.4219	88.0349
 3.4196	88.0222
 3.4174	87.9607
 3.4151	87.9297
 3.4129	87.9160
 3.4106	87.9060
 3.4084	87.9016
 3.4061	87.8758
 3.4039	87.8386
 3.4017	87.8469
 3.3994	87.8797
 3.3972	87.9099
 3.3950	87.8816
 3.3928	87.8635
 3.3906	87.8946
 3.3883	87.8909
 3.3861	87.8770
 3.3839	87.9212
 3.3817	87.9539
 3.3795	87.9680
 3.3773	88.0134
 3.3751	88.0488
 3.3729	88.0437
 3.3707	88.0423
 3.3685	88.0117
 3.3663	87.9422
 3.3641	87.8611
 3.3620	87.8264
 3.3598	87.7959
 3.3576	87.7727
 3.3554	87.7674
 3.3533	87.7639
 3.3511	87.7656
 3.3489	87.7918
 3.3468	87.7920
 3.3446	87.8093
 3.3425	87.8565
 3.3403	87.9226
 3.3382	87.9304
 3.3360	87.9451
 3.3339	87.9378
 3.3317	87.9629
 3.3296	87.9300
 3.3274	87.8721
 3.3253	87.8504
 3.3232	87.8875
 3.3210	87.8955
 3.3189	87.8767
 3.3168	87.8884
 3.3147	87.8855
 3.3126	87.8850
 3.3104	87.8548
 3.3083	87.8728
 3.3062	87.8916
 3.3041	87.8955
 3.3020	87.9343
 3.2999	87.9314
 3.2978	87.9197
 3.2957	87.9036
 3.2936	87.8904
 3.2915	87.9160
 3.2894	87.8906
 3.2874	87.8557
 3.2853	87.8411
 3.2832	87.8211
 3.2811	87.7910
 3.2790	87.7832
 3.2770	87.7422
 3.2749	87.7537
 3.2728	87.7344
 3.2708	87.7373
 3.2687	87.7161
 3.2666	87.7168
 3.2646	87.6416
 3.2625	87.5676
 3.2605	87.5730
 3.2584	87.6023
 3.2564	87.6055
 3.2543	87.5840
 3.2523	87.5869
 3.2503	87.6153
 3.2482	87.6162
 3.2462	87.6231
 3.2442	87.6309
 3.2421	87.6096
 3.2401	87.5818
 3.2381	87.5703
 3.2361	87.6072
 3.2340	87.5850
 3.2320	87.5703
 3.2300	87.5672
 3.2280	87.5691
 3.2260	87.5398
 3.2240	87.4893
 3.2220	87.4480
 3.2200	87.4500
 3.2180	87.4314
 3.2160	87.4148
 3.2140	87.4148
 3.2120	87.3924
 3.2100	87.4082
 3.2080	87.3841
 3.2060	87.3438
 3.2040	87.3106
 3.2021	87.3152
 3.2001	87.2735
 3.1981	87.2403
 3.1961	87.2283
 3.1942	87.2166
 3.1922	87.1990
 3.1902	87.1760
 3.1883	87.1848
 3.1863	87.1687
 3.1844	87.1553
 3.1824	87.1514
 3.1805	87.1765
 3.1785	87.1367
 3.1766	87.1094
 3.1746	87.0598
 3.1727	87.0430
 3.1707	87.0105
 3.1688	86.9939
 3.1669	86.9444
 3.1649	86.9226
 3.1630	86.8721
 3.1611	86.8516
 3.1591	86.8426
 3.1572	86.8184
 3.1553	86.8035
 3.1534	86.7698
 3.1515	86.7693
 3.1495	86.7559
 3.1476	86.7451
 3.1457	86.7022
 3.1438	86.6660
 3.1419	86.6179
 3.1400	86.5755
 3.1381	86.5540
 3.1362	86.5274
 3.1343	86.5020
 3.1324	86.5076
 3.1305	86.4864
 3.1286	86.5020
 3.1268	86.4668
 3.1249	86.4534
 3.1230	86.4456
 3.1211	86.3721
 3.1192	86.3604
 3.1174	86.2822
 3.1155	86.2324
 3.1136	86.1883
 3.1117	86.1631
 3.1099	86.1377
 3.1080	86.1182
 3.1061	86.0703
 3.1043	85.9920
 3.1024	85.9900
 3.1006	85.9168
 3.0987	85.8264
 3.0969	85.7862
 3.0950	85.7439
 3.0932	85.6643
 3.0913	85.6348
 3.0895	85.5911
 3.0876	85.5596
 3.0858	85.5193
 3.0840	85.5008
 3.0821	85.4610
 3.0803	85.4619
 3.0785	85.4698
 3.0766	85.4246
 3.0748	85.4209
 3.0730	85.3877
 3.0712	85.3506
 3.0694	85.3106
 3.0675	85.2722
 3.0657	85.2117
 3.0639	85.1612
 3.0621	85.0615
 3.0603	85.0252
 3.0585	85.0108
 3.0567	84.9783
 3.0549	84.9756
 3.0531	84.9461
 3.0513	84.9285
 3.0495	84.8963
 3.0477	84.8396
 3.0459	84.8311
 3.0441	84.7742
 3.0423	84.7420
 3.0406	84.7361
 3.0388	84.6953
 3.0370	84.6719
 3.0352	84.6619
 3.0334	84.6419
 3.0317	84.6131
 3.0299	84.6023
 3.0281	84.5760
 3.0264	84.5537
 3.0246	84.5154
 3.0228	84.4622
 3.0211	84.3789
 3.0193	84.3496
 3.0176	84.3328
 3.0158	84.3220
 3.0140	84.3445
 3.0123	84.3513
 3.0105	84.2686
 3.0088	84.1885
 3.0070	84.1365
 3.0053	84.0782
 3.0036	83.9851
 3.0018	83.9346
 3.0001	83.8963
 2.9984	83.8299
 2.9966	83.7869
 2.9949	83.7390
 2.9932	83.6858
 2.9914	83.6761
 2.9897	83.6306
 2.9880	83.5545
 2.9863	83.4690
 2.9845	83.4588
 2.9828	83.4500
 2.9811	83.4085
 2.9794	83.3489
 2.9777	83.2937
 2.9760	83.1844
 2.9743	83.0906
 2.9726	82.9705
 2.9709	82.8704
 2.9692	82.7854
 2.9675	82.7029
 2.9658	82.7000
 2.9641	82.6341
 2.9624	82.5555
 2.9607	82.5013
 2.9590	82.4529
 2.9573	82.4090
 2.9556	82.3972
 2.9539	82.3391
 2.9523	82.2806
 2.9506	82.2571
 2.9489	82.2449
 2.9472	82.1839
 2.9455	82.1570
 2.9439	82.1199
 2.9422	82.0081
 2.9405	81.9388
 2.9389	81.9300
 2.9372	81.8909
 2.9355	81.8406
 2.9339	81.8572
 2.9322	81.8689
 2.9306	81.8304
 2.9289	81.8128
 2.9272	81.8025
 2.9256	81.7723
 2.9239	81.7488
 2.9223	81.7190
 2.9207	81.7005
 2.9190	81.6629
 2.9174	81.6780
 2.9157	81.6975
 2.9141	81.6912
 2.9124	81.6922
 2.9108	81.6975
 2.9092	81.6639
 2.9075	81.6614
 2.9059	81.7185
 2.9043	81.6868
 2.9027	81.7171
 2.9010	81.7810
 2.8994	81.7942
 2.8978	81.7493
 2.8962	81.7459
 2.8946	81.7444
 2.8929	81.7137
 2.8913	81.7039
 2.8897	81.7410
 2.8881	81.7303
 2.8865	81.7176
 2.8849	81.7019
 2.8833	81.7127
 2.8817	81.6765
 2.8801	81.6551
 2.8785	81.6668
 2.8769	81.6639
 2.8753	81.6775
 2.8737	81.7078
 2.8721	81.7098
 2.8705	81.6912
 2.8689	81.6975
 2.8673	81.6966
 2.8658	81.7190
 2.8642	81.7537
 2.8626	81.7508
 2.8610	81.7517
 2.8594	81.7830
 2.8579	81.8162
 2.8563	81.8069
 2.8547	81.8299
 2.8531	81.8348
 2.8516	81.8211
 2.8500	81.8548
 2.8484	81.8670
 2.8469	81.8562
 2.8453	81.9295
 2.8437	82.0105
 2.8422	82.0623
 2.8406	82.1082
 2.8391	82.1409
 2.8375	82.1507
 2.8360	82.1492
 2.8344	82.1336
 2.8329	82.1917
 2.8313	82.2283
 2.8298	82.2752
 2.8282	82.3343
 2.8267	82.3924
 2.8252	82.4568
 2.8236	82.4856
 2.8221	82.5403
 2.8205	82.5686
 2.8190	82.6238
 2.8175	82.6746
 2.8159	82.7913
 2.8144	82.8719
 2.8129	82.9402
 2.8114	82.9744
 2.8098	83.0042
 2.8083	83.0340
 2.8068	83.0672
 2.8053	83.0877
 2.8038	83.1326
 2.8022	83.1902
 2.8007	83.1824
 2.7992	83.1785
 2.7977	83.2127
 2.7962	83.2444
 2.7947	83.2254
 2.7932	83.2996
 2.7917	83.3772
 2.7902	83.4578
 2.7887	83.5003
 2.7872	83.5974
 2.7857	83.6668
 2.7842	83.6267
 2.7827	83.6429
 2.7812	83.6604
 2.7797	83.7195
 2.7782	83.7600
 2.7767	83.8006
 2.7752	83.8533
 2.7738	83.8992
 2.7723	83.9749
 2.7708	84.0105
 2.7693	84.0818
 2.7678	84.1228
 2.7664	84.1414
 2.7649	84.1350
 2.7634	84.2190
 2.7619	84.2752
 2.7605	84.2952
 2.7590	84.2718
 2.7575	84.3347
 2.7561	84.4568
 2.7546	84.5471
 2.7531	84.5359
 2.7517	84.6062
 2.7502	84.6970
 2.7488	84.7371
 2.7473	84.7429
 2.7458	84.7190
 2.7444	84.7268
 2.7429	84.8128
 2.7415	84.8201
 2.7400	84.8362
 2.7386	84.8621
 2.7371	84.8631
 2.7357	84.8855
 2.7343	84.9109
 2.7328	84.8455
 2.7314	84.8054
 2.7299	84.8074
 2.7285	84.8343
 2.7271	84.8260
 2.7256	84.8162
 2.7242	84.8362
 2.7228	84.8186
 2.7213	84.7898
 2.7199	84.8133
 2.7185	84.7752
 2.7171	84.7952
 2.7156	84.8479
 2.7142	84.9085
 2.7128	84.8992
 2.7114	84.9402
 2.7100	84.9939
 2.7085	84.9910
 2.7071	84.9593
 2.7057	85.0037
 2.7043	85.0506
 2.7029	85.0828
 2.7015	85.0476
 2.7001	85.1253
 2.6987	85.1404
 2.6973	85.1453
 2.6959	85.1453
 2.6945	85.1765
 2.6931	85.1585
 2.6917	85.1023
 2.6903	85.1472
 2.6889	85.1668
 2.6875	85.1433
 2.6861	85.1873
 2.6847	85.2156
 2.6833	85.2127
 2.6819	85.1697
 2.6805	85.2049
 2.6791	85.1931
 2.6778	85.1121
 2.6764	85.0974
 2.6750	85.0745
 2.6736	85.0667
 2.6722	85.0271
 2.6709	85.0935
 2.6695	85.1233
 2.6681	85.1194
 2.6667	85.1585
 2.6654	85.0681
 2.6640	85.0042
 2.6626	84.9773
 2.6613	84.9226
 2.6599	84.8963
 2.6585	84.9261
 2.6572	84.9207
 2.6558	84.9275
 2.6545	84.9490
 2.6531	84.9470
 2.6517	84.9510
 2.6504	84.9553
 2.6490	84.9715
 2.6477	84.8943
 2.6463	84.8416
 2.6450	84.8133
 2.6436	84.8299
 2.6423	84.8343
 2.6409	84.8308
 2.6396	84.8596
 2.6382	84.8963
 2.6369	84.8748
 2.6356	84.8675
 2.6342	84.8416
 2.6329	84.8323
 2.6315	84.8103
 2.6302	84.8269
 2.6289	84.8011
 2.6275	84.7796
 2.6262	84.7888
 2.6249	84.7986
 2.6236	84.7498
 2.6222	84.7659
 2.6209	84.7737
 2.6196	84.7327
 2.6183	84.7635
 2.6169	84.7176
 2.6156	84.6844
 2.6143	84.7405
 2.6130	84.6072
 2.6117	84.5750
 2.6103	84.5921
 2.6090	84.6057
 2.6077	84.5818
 2.6064	84.5408
 2.6051	84.5511
 2.6038	84.5335
 2.6025	84.5193
 2.6012	84.4754
 2.5999	84.4969
 2.5986	84.5594
 2.5973	84.6013
 2.5960	84.6297
 2.5947	84.6443
 2.5934	84.6365
 2.5921	84.5100
 2.5908	84.5574
 2.5895	84.6248
 2.5882	84.6912
 2.5869	84.6902
 2.5856	84.7185
 2.5843	84.7224
 2.5830	84.7112
 2.5817	84.5769
 2.5805	84.5413
 2.5792	84.4983
 2.5779	84.4275
 2.5766	84.4085
 2.5753	84.3611
 2.5741	84.2757
 2.5728	84.2151
 2.5715	84.2556
 2.5702	84.2386
 2.5690	84.2288
 2.5677	84.2639
 2.5664	84.3435
 2.5651	84.3777
 2.5639	84.3518
 2.5626	84.2791
 2.5613	84.2771
 2.5601	84.2386
 2.5588	84.2405
 2.5575	84.2537
 2.5563	84.2542
 2.5550	84.2796
 2.5538	84.2381
 2.5525	84.2073
 2.5513	84.2107
 2.5500	84.2303
 2.5487	84.1170
 2.5475	84.1487
 2.5462	84.1526
 2.5450	84.0740
 2.5437	83.9788
 2.5425	84.0940
 2.5413	84.1643
 2.5400	84.2088
 2.5388	84.2224
 2.5375	84.1853
 2.5363	84.1599
 2.5350	84.1678
 2.5338	84.1443
 2.5326	84.1678
 2.5313	84.1253
 2.5301	84.0315
 2.5289	83.9041
 2.5276	83.9002
 2.5264	83.9275
 2.5252	83.8797
 2.5239	83.8650
 2.5227	83.8631
 2.5215	83.8831
 2.5202	83.8850
 2.5190	83.8513
 2.5178	83.8592
 2.5166	83.8069
 2.5154	83.8245
 2.5141	83.8968
 2.5129	83.8850
 2.5117	83.9378
 2.5105	83.9744
 2.5093	83.9441
 2.5081	83.9593
 2.5068	83.9178
 2.5056	83.8753
 2.5044	83.8636
 2.5032	83.8030
 2.5020	83.7722
 2.5008	83.7600
 2.4996	83.7830
 2.4984	83.7283
 2.4972	83.6062
 2.4960	83.6931
 2.4948	83.6541
 2.4936	83.5642
 2.4924	83.5471
 2.4912	83.5022
 2.4900	83.4822
 2.4888	83.5511
 2.4876	83.5608
 2.4864	83.6487
 2.4852	83.6853
 2.4840	83.6702
 2.4828	83.6971
 2.4816	83.6892
 2.4805	83.6355
 2.4793	83.5496
 2.4781	83.6189
 2.4769	83.5789
 2.4757	83.5652
 2.4745	83.5808
 2.4734	83.5740
 2.4722	83.4939
 2.4710	83.5135
 2.4698	83.5652
 2.4686	83.5330
 2.4675	83.5320
 2.4663	83.5584
 2.4651	83.5418
 2.4640	83.4480
 2.4628	83.3982
 2.4616	83.3640
 2.4604	83.3474
 2.4593	83.3846
 2.4581	83.3289
 2.4569	83.2947
 2.4558	83.2010
 2.4546	83.1922
 2.4535	83.2898
 2.4523	83.3074
 2.4511	83.2742
 2.4500	83.2234
 2.4488	83.2361
 2.4477	83.3045
 2.4465	83.3064
 2.4454	83.3572
 2.4442	83.3211
 2.4431	83.3484
 2.4419	83.2635
 2.4408	83.3084
 2.4396	83.2508
 2.4385	83.2342
 2.4373	83.1638
 2.4362	83.1346
 2.4350	83.1570
 2.4339	83.0974
 2.4327	83.0662
 2.4316	83.0291
 2.4305	82.9978
 2.4293	82.8963
 2.4282	83.0164
 2.4270	83.0349
 2.4259	83.0242
 2.4248	82.9988
 2.4236	83.0340
 2.4225	83.0750
 2.4214	83.1082
 2.4202	83.1580
 2.4191	83.1013
 2.4180	83.0672
 2.4169	83.0613
 2.4157	83.0056
 2.4146	83.0232
 2.4135	82.9822
 2.4124	82.9519
 2.4112	83.0047
 2.4101	82.9978
 2.4090	83.0115
 2.4079	82.9471
 2.4068	82.8953
 2.4056	82.8963
 2.4045	82.8572
 2.4034	82.7117
 2.4023	82.8416
 2.4012	82.8680
 2.4001	82.7967
 2.3990	82.7898
 2.3979	82.8025
 2.3967	82.8416
 2.3956	82.8562
 2.3945	82.8904
 2.3934	82.8367
 2.3923	82.7742
 2.3912	82.7420
 2.3901	82.6492
 2.3890	82.4578
 2.3879	82.5135
 2.3868	82.5506
 2.3857	82.5096
 2.3846	82.5594
 2.3835	82.6111
 2.3824	82.5555
 2.3813	82.5232
 2.3802	82.5926
 2.3791	82.6180
 2.3781	82.5418
 2.3770	82.5740
 2.3759	82.7029
 2.3748	82.6814
 2.3737	82.6453
 2.3726	82.6463
 2.3715	82.7049
 2.3704	82.6258
 2.3694	82.5789
 2.3683	82.5760
 2.3672	82.6062
 2.3661	82.5789
 2.3650	82.5076
 2.3640	82.3621
 2.3629	82.3025
 2.3618	82.2986
 2.3607	82.3221
 2.3597	82.3045
 2.3586	82.2937
 2.3575	82.2849
 2.3564	82.2986
 2.3554	82.3181
 2.3543	82.4422
 2.3532	82.4588
 2.3522	82.4588
 2.3511	82.5154
 2.3500	82.5125
 2.3490	82.4607
 2.3479	82.4373
 2.3468	82.4861
 2.3458	82.3953
 2.3447	82.4490
 2.3436	82.4510
 2.3426	82.2928
 2.3415	82.1814
 2.3405	82.2029
 2.3394	82.1346
 2.3384	82.1385
 2.3373	82.1385
 2.3363	82.1062
 2.3352	82.1463
 2.3342	82.1658
 2.3331	82.1267
 2.3321	82.0994
 2.3310	82.1111
 2.3300	82.1541
 2.3289	82.0857
 2.3279	82.1336
 2.3268	82.1150
 2.3258	82.1521
 2.3247	82.1492
 2.3237	82.0838
 2.3226	82.0359
 2.3216	82.0740
 2.3206	82.1092
 2.3195	82.1560
 2.3185	82.0877
 2.3175	82.0398
 2.3164	82.0271
 2.3154	81.9158
 2.3144	81.8289
 2.3133	81.8367
 2.3123	81.7752
 2.3113	81.7713
 2.3102	81.8982
 2.3092	82.0310
 2.3082	82.0047
 2.3071	81.9617
 2.3061	81.9998
 2.3051	82.0174
 2.3041	81.9539
 2.3030	81.9373
 2.3020	81.9471
 2.3010	81.9724
 2.3000	81.9803
 2.2990	82.0867
 2.2979	82.0564
 2.2969	81.9422
 2.2959	81.8377
 2.2949	81.8650
 2.2939	81.8474
 2.2929	81.8221
 2.2918	81.8025
 2.2908	81.7849
 2.2898	81.7664
 2.2888	81.7576
 2.2878	81.5818
 2.2868	81.5437
 2.2858	81.5486
 2.2848	81.6053
 2.2838	81.6385
 2.2828	81.6482
 2.2818	81.7303
 2.2808	81.7810
 2.2798	81.7693
 2.2787	81.6687
 2.2777	81.6150
 2.2767	81.6131
 2.2757	81.6258
 2.2747	81.5935
 2.2738	81.6326
 2.2728	81.6892
 2.2718	81.7703
 2.2708	81.8279
 2.2698	81.8758
 2.2688	81.8357
 2.2678	81.8601
 2.2668	81.8904
 2.2658	81.8680
 2.2648	81.7312
 2.2638	81.6834
 2.2628	81.7508
 2.2618	81.7166
 2.2609	81.6248
 2.2599	81.6033
 2.2589	81.5476
 2.2579	81.5799
 2.2569	81.5164
 2.2559	81.5779
 2.2550	81.4881
 2.2540	81.4139
 2.2530	81.4812
 2.2520	81.4275
 2.2510	81.4197
 2.2501	81.4588
 2.2491	81.4471
 2.2481	81.4461
 2.2471	81.5008
 2.2462	81.4646
 2.2452	81.4295
 2.2442	81.4812
 2.2433	81.4002
 2.2423	81.4139
 2.2413	81.3572
 2.2403	81.3953
 2.2394	81.4588
 2.2384	81.4764
 2.2374	81.4109
 2.2365	81.4178
 2.2355	81.4803
 2.2345	81.5174
 2.2336	81.5506
 2.2326	81.6990
 2.2317	81.5623
 2.2307	81.4510
 2.2297	81.4178
 2.2288	81.5047
 2.2278	81.5008
 2.2269	81.4939
 2.2259	81.3601
 2.2250	81.3211
 2.2240	81.3836
 2.2231	81.3943
 2.2221	81.3523
 2.2211	81.3445
 2.2202	81.3328
 2.2192	81.3514
 2.2183	81.3592
 2.2173	81.2908
 2.2164	81.3328
 2.2155	81.2586
 2.2145	81.1805
 2.2136	81.1990
 2.2126	81.1795
 2.2117	81.1756
 2.2107	81.2107
 2.2098	81.2234
 2.2088	81.1844
 2.2079	81.2029
 2.2070	81.2039
 2.2060	81.2224
 2.2051	81.2459
 2.2041	81.2586
 2.2032	81.2713
 2.2023	81.3318
 2.2013	81.3250
 2.2004	81.3601
 2.1995	81.3406
 2.1985	81.2781
 2.1976	81.2517
 2.1967	81.1932
 2.1957	81.0818
 2.1948	81.0447
 2.1939	81.0633
 2.1930	81.2976
 2.1920	81.2947
 2.1911	81.2185
 2.1902	81.1756
 2.1893	81.3406
 2.1883	81.2469
 2.1874	81.2459
 2.1865	81.3562
 2.1856	81.3533
 2.1846	81.3416
 2.1837	81.1912
 2.1828	81.1482
 2.1819	81.0516
 2.1810	80.9803
 2.1800	80.9510
 2.1791	80.9969
 2.1782	80.9344
 2.1773	80.9295
 2.1764	81.0389
 2.1755	81.0281
 2.1746	80.9422
 2.1736	80.9539
 2.1727	80.9842
 2.1718	81.1023
 2.1709	81.1131
 2.1700	81.1131
 2.1691	81.1101
 2.1682	81.0047
 2.1673	81.0711
 2.1664	81.3445
 2.1655	81.4724
 2.1646	81.3640
 2.1637	81.2703
 2.1628	81.1248
 2.1619	81.1375
 2.1610	81.1678
 2.1601	81.2283
 2.1592	81.1951
 2.1583	81.1453
 2.1574	81.0476
 2.1565	80.9812
 2.1556	80.9930
 2.1547	80.8240
 2.1538	80.7146
 2.1529	80.8318
 2.1520	80.8357
 2.1511	80.7781
 2.1502	80.7810
 2.1493	80.7693
 2.1484	80.7654
 2.1475	80.8172
 2.1466	80.9031
 2.1458	80.8680
 2.1449	80.7586
 2.1440	80.6599
 2.1431	80.6922
 2.1422	80.7185
 2.1413	80.7078
 2.1404	80.7576
 2.1396	80.7732
 2.1387	80.8650
 2.1378	80.8396
 2.1369	80.8406
 2.1360	80.8016
 2.1352	80.8953
 2.1343	80.8367
 2.1334	80.9539
 2.1325	80.9607
 2.1316	81.0564
 2.1308	80.9373
 2.1299	80.9021
 2.1290	80.8953
 2.1281	80.8943
 2.1273	80.9060
 2.1264	81.0320
 2.1255	81.1014
 2.1247	81.1414
 2.1238	81.0935
 2.1229	81.0506
 2.1220	81.1736
 2.1212	81.0984
 2.1203	81.1482
 2.1194	81.0779
 2.1186	81.0682
 2.1177	80.8875
 2.1168	80.7693
 2.1160	80.8162
 2.1151	80.8826
 2.1143	81.0076
 2.1134	81.0467
 2.1125	81.0984
 2.1117	81.0711
 2.1108	81.0682
 2.1100	81.0164
 2.1091	80.9031
 2.1082	80.8406
 2.1074	80.9803
 2.1065	80.8689
 2.1057	80.7898
 2.1048	80.8484
 2.1040	80.9930
 2.1031	80.9060
 2.1023	80.8445
 2.1014	80.8836
 2.1005	81.0476
 2.0997	81.0633
 2.0988	81.1756
 2.0980	81.0906
 2.0971	81.1717
 2.0963	81.2586
 2.0955	81.3211
 2.0946	81.4422
 2.0938	81.2937
 2.0929	81.0945
 2.0921	81.1248
 2.0912	81.0008
 2.0904	80.8435
 2.0895	80.9568
 2.0887	80.8474
 2.0879	80.8562
 2.0870	80.9773
 2.0862	80.9881
 2.0853	80.9803
 2.0845	81.0857
 2.0837	81.1521
 2.0828	81.0389
 2.0820	81.1834
 2.0812	81.1404
 2.0803	81.0799
 2.0795	81.1599
