Name: Rhodonite (Mn+2,Fe+2,Mg,Ca)SiO3
Type: Mineral
Class: Silicate
Subclass: Inosilicate
Particle Size: Solid
Sample No.: rhodon_1
Owner: JHU
Wavelength Range: TIR
Origin: Franklin, New Jersey via the Smithsonian (sample no. NMNHC6148)
Collection Date: N/A
Description:  The hand sample was composed of two fragments, each about 2 cm x 2 cm x 1 cm. Pink rhodonite crystals were removed from host rock by sawing to free pure rhodonite. Under the petrographic microscope, many of the grains show a small degree of unidentified alteration, likely accounting for the strong hydroxyl bands near 2.7 micrometers. Sample was crystal mass. (chain silicates); (Pyroxenoid Group) Original ASTER Spectral Library name was jhu.nicolet.mineral.silicate.inosilicate.solid.rhodon1.spectrum.txt
Measurement: Bidirectional reflectance
First Column: X
Second Column: Y
X Units: Wavelength (micrometers)
Y Units:Reflectance (percent)
First X Value: 25.0442
Last X Value:  2.0795
Number of X Values: 2287
Additional Information: mineral.silicate.inosilicate.solid.tir.rhodon_1.jhu.nicolet.ancillary.txt

25.0442	 9.3408
24.9238	10.3535
24.8045	10.4165
24.6864	10.7055
24.5694	11.3808
24.4536	11.7368
24.3388	11.6963
24.2250	11.5295
24.1124	11.1106
24.0007	10.7285
23.8901	10.5942
23.7805	11.0566
23.6719	11.4804
23.5643	11.5988
23.4577	11.7822
23.3520	12.2851
23.2473	12.8173
23.1435	13.3359
23.0407	13.6289
22.9387	14.1298
22.8377	14.6311
22.7375	15.0620
22.6382	15.4878
22.5398	16.0029
22.4422	17.1440
22.3455	17.7475
22.2496	17.9135
22.1545	18.1579
22.0602	18.3032
21.9668	18.6389
21.8741	18.9228
21.7822	19.0214
21.6910	19.0368
21.6007	18.9956
21.5110	18.8833
21.4221	18.9951
21.3340	19.2348
21.2465	19.4494
21.1598	19.4438
21.0738	19.4296
20.9885	19.3310
20.9038	18.9082
20.8199	18.2578
20.7366	17.5312
20.6540	16.8435
20.5720	16.6821
20.4907	17.2172
20.4100	17.8471
20.3300	18.2578
20.2506	18.6718
20.1718	19.1455
20.0936	19.6035
20.0160	19.8676
19.9391	19.8120
19.8627	19.4038
19.7869	18.9836
19.7116	18.7348
19.6370	18.8881
19.5628	19.6289
19.4893	20.9445
19.4163	22.3964
19.3439	23.7895
19.2719	24.8364
19.2006	25.0068
19.1297	24.2238
19.0594	22.6718
18.9896	20.0134
18.9203	17.2475
18.8515	14.9765
18.7832	13.5842
18.7153	13.1198
18.6480	13.1980
18.5812	13.2666
18.5148	12.8764
18.4489	12.0578
18.3835	11.0500
18.3185	 9.9204
18.2541	 9.0881
18.1900	 8.7966
18.1264	 9.0071
18.0633	 9.5654
18.0005	10.4182
17.9382	11.4023
17.8764	12.3332
17.8150	13.1526
17.7539	13.7675
17.6934	14.1880
17.6332	14.4882
17.5734	14.6955
17.5140	14.9384
17.4551	15.2588
17.3965	15.7412
17.3383	16.1982
17.2805	16.3669
17.2231	16.1977
17.1661	15.7544
17.1094	15.1076
17.0531	14.4397
16.9972	13.7153
16.9417	12.8750
16.8865	11.7851
16.8317	10.6372
16.7772	 9.5097
16.7231	 8.4407
16.6693	 7.4504
16.6159	 6.5403
16.5628	 5.8288
16.5100	 5.3244
16.4576	 5.0224
16.4055	 4.8330
16.3538	 4.7497
16.3024	 4.7610
16.2513	 4.7898
16.2005	 4.8218
16.1500	 4.9399
16.0998	 5.0725
16.0500	 5.1203
16.0005	 5.2236
15.9513	 5.3791
15.9023	 5.4490
15.8537	 5.5298
15.8054	 5.6806
15.7573	 5.8181
15.7096	 5.9263
15.6621	 6.0840
15.6149	 6.1882
15.5680	 6.2204
15.5214	 6.1809
15.4751	 6.0859
15.4290	 6.0620
15.3832	 6.1731
15.3377	 6.2585
15.2925	 6.3237
15.2475	 6.4067
15.2028	 6.5615
15.1583	 6.6665
15.1141	 6.7436
15.0702	 6.8911
15.0265	 7.0713
14.9831	 7.2539
14.9399	 7.1294
14.8970	 6.9475
14.8543	 6.7959
14.8119	 6.7102
14.7697	 6.6843
14.7277	 6.7505
14.6860	 6.8545
14.6445	 6.9367
14.6033	 7.0224
14.5622	 7.1218
14.5214	 7.2180
14.4809	 7.2973
14.4405	 7.3230
14.4004	 7.3625
14.3605	 7.4289
14.3209	 7.5227
14.2814	 7.6448
14.2422	 7.7597
14.2032	 7.8721
14.1643	 7.9853
14.1258	 8.1196
14.0874	 8.2605
14.0492	 8.4419
14.0112	 8.6867
13.9734	 8.9577
13.9359	 9.1889
13.8985	 9.2407
13.8614	 8.8767
13.8244	 8.1091
13.7876	 7.2683
13.7511	 6.6474
13.7147	 6.3699
13.6785	 6.3335
13.6425	 6.4172
13.6067	 6.5442
13.5711	 6.6848
13.5356	 6.8457
13.5004	 6.9880
13.4653	 7.0950
13.4304	 7.2002
13.3957	 7.3259
13.3612	 7.4294
13.3269	 7.5119
13.2927	 7.5744
13.2587	 7.6443
13.2249	 7.7297
13.1912	 7.8174
13.1577	 7.8865
13.1244	 7.9292
13.0913	 7.9792
13.0583	 8.0632
13.0255	 8.1323
12.9929	 8.1948
12.9604	 8.2441
12.9281	 8.2890
12.8959	 8.3396
12.8639	 8.4248
12.8321	 8.4858
12.8004	 8.5080
12.7688	 8.5718
12.7375	 8.6557
12.7063	 8.6860
12.6752	 8.7121
12.6443	 8.7785
12.6135	 8.8374
12.5829	 8.9070
12.5524	 8.9690
12.5221	 9.0005
12.4919	 9.0674
12.4619	 9.1589
12.4320	 9.2234
12.4023	 9.2522
12.3727	 9.3178
12.3432	 9.4033
12.3139	 9.4497
12.2847	 9.4975
12.2557	 9.5747
12.2268	 9.6675
12.1980	 9.7490
12.1694	 9.8159
12.1409	 9.8938
12.1125	 9.9839
12.0843	10.0683
12.0562	10.1372
12.0282	10.2292
12.0004	10.3069
11.9726	10.3752
11.9450	10.4529
11.9176	10.5588
11.8903	10.6631
11.8631	10.7578
11.8360	10.8601
11.8090	10.9658
11.7822	11.0446
11.7555	11.1318
11.7289	11.2053
11.7024	11.3144
11.6760	11.4821
11.6498	11.6750
11.6237	11.8684
11.5977	12.0551
11.5718	12.2351
11.5460	12.4646
11.5203	12.7133
11.4948	12.9409
11.4694	13.1472
11.4440	13.3398
11.4188	13.4660
11.3937	13.5227
11.3688	13.5590
11.3439	13.6902
11.3191	13.9961
11.2944	14.4248
11.2699	14.9038
11.2455	15.4760
11.2211	16.1948
11.1969	17.0210
11.1727	17.9006
11.1487	18.8137
11.1248	19.5747
11.1010	19.9707
11.0773	20.0249
11.0536	20.0388
11.0301	20.2434
11.0067	20.5825
10.9834	20.9704
10.9602	21.3222
10.9370	21.3530
10.9140	20.9392
10.8911	20.2575
10.8682	19.6098
10.8455	19.1733
10.8229	18.9296
10.8003	18.7236
10.7779	18.4533
10.7555	18.0935
10.7332	17.5468
10.7111	16.6804
10.6890	15.4484
10.6670	14.0703
10.6451	13.1013
10.6233	13.1486
10.6015	14.3713
10.5799	16.2238
10.5584	18.0065
10.5369	19.4152
10.5155	20.4189
10.4942	21.1118
10.4730	21.5954
10.4519	21.8725
10.4309	21.9636
10.4099	21.8098
10.3891	21.3383
10.3683	20.4592
10.3476	19.3388
10.3270	18.3793
10.3065	17.8657
10.2860	17.7641
10.2656	17.9428
10.2454	18.1550
10.2251	18.1906
10.2050	18.0507
10.1850	17.8120
10.1650	17.5439
10.1451	17.4558
10.1253	17.7172
10.1056	18.1726
10.0859	18.4699
10.0663	18.4416
10.0468	18.0908
10.0274	17.5461
10.0080	17.1789
 9.9887	17.3801
 9.9695	18.1313
 9.9504	19.1176
 9.9313	20.0541
 9.9123	20.7922
 9.8934	21.2402
 9.8746	21.4565
 9.8558	21.5803
 9.8371	21.7602
 9.8185	22.0795
 9.7999	22.5746
 9.7814	23.1105
 9.7630	23.5253
 9.7447	23.7556
 9.7264	23.8022
 9.7082	23.6716
 9.6900	23.3947
 9.6719	22.8674
 9.6539	22.0085
 9.6360	20.8071
 9.6181	19.4614
 9.6003	18.3249
 9.5825	17.8242
 9.5649	18.2065
 9.5472	19.2141
 9.5297	20.2629
 9.5122	20.9665
 9.4948	21.2902
 9.4774	21.3815
 9.4601	21.3801
 9.4429	21.3691
 9.4257	21.3317
 9.4086	21.3044
 9.3916	21.3046
 9.3746	21.3166
 9.3577	21.3122
 9.3408	21.3120
 9.3240	21.3278
 9.3073	21.3422
 9.2906	21.3669
 9.2740	21.3967
 9.2574	21.3884
 9.2409	21.3937
 9.2245	21.3959
 9.2081	21.4221
 9.1918	21.4777
 9.1755	21.6411
 9.1593	21.9138
 9.1431	22.3747
 9.1270	23.0637
 9.1110	23.8723
 9.0950	24.4702
 9.0791	24.6779
 9.0632	24.5471
 9.0474	24.1515
 9.0316	23.5685
 9.0159	22.9230
 9.0003	22.3110
 8.9847	21.8537
 8.9691	21.6049
 8.9536	21.6337
 8.9382	21.8527
 8.9228	22.1315
 8.9075	22.2912
 8.8922	22.2592
 8.8770	21.9985
 8.8618	21.5180
 8.8467	20.8171
 8.8316	19.9626
 8.8166	18.9909
 8.8016	17.9494
 8.7867	16.8696
 8.7718	15.8010
 8.7570	14.7597
 8.7422	13.7641
 8.7275	12.8073
 8.7129	11.9052
 8.6982	11.0334
 8.6837	10.1801
 8.6692	 9.3237
 8.6547	 8.4577
 8.6403	 7.5686
 8.6259	 6.6660
 8.6116	 5.7598
 8.5973	 4.8833
 8.5830	 4.0784
 8.5688	 3.3796
 8.5547	 2.8257
 8.5406	 2.4512
 8.5266	 2.2629
 8.5126	 2.2043
 8.4986	 2.2305
 8.4847	 2.2866
 8.4708	 2.3762
 8.4570	 2.4722
 8.4432	 2.5625
 8.4295	 2.6431
 8.4158	 2.7327
 8.4022	 2.8220
 8.3886	 2.9028
 8.3750	 2.9744
 8.3615	 3.0466
 8.3481	 3.1189
 8.3347	 3.1943
 8.3213	 3.2620
 8.3079	 3.3318
 8.2946	 3.3979
 8.2814	 3.4543
 8.2682	 3.5146
 8.2550	 3.5762
 8.2419	 3.6357
 8.2288	 3.6863
 8.2158	 3.7422
 8.2028	 3.8020
 8.1898	 3.8464
 8.1769	 3.8916
 8.1640	 3.9385
 8.1512	 3.9827
 8.1384	 4.0266
 8.1256	 4.0703
 8.1129	 4.1030
 8.1002	 4.1475
 8.0876	 4.1948
 8.0750	 4.2280
 8.0624	 4.2497
 8.0499	 4.2864
 8.0374	 4.3142
 8.0250	 4.3411
 8.0126	 4.3765
 8.0002	 4.4153
 7.9879	 4.4546
 7.9756	 4.4870
 7.9634	 4.5220
 7.9512	 4.5547
 7.9390	 4.5788
 7.9268	 4.6091
 7.9147	 4.6321
 7.9027	 4.6499
 7.8906	 4.6714
 7.8786	 4.6907
 7.8667	 4.7124
 7.8548	 4.7363
 7.8429	 4.7600
 7.8310	 4.7856
 7.8192	 4.8069
 7.8075	 4.8303
 7.7957	 4.8516
 7.7840	 4.8713
 7.7723	 4.8931
 7.7607	 4.9170
 7.7491	 4.9397
 7.7375	 4.9553
 7.7260	 4.9607
 7.7145	 4.9756
 7.7031	 5.0071
 7.6916	 5.0344
 7.6802	 5.0554
 7.6689	 5.0737
 7.6575	 5.0830
 7.6462	 5.1069
 7.6350	 5.1448
 7.6238	 5.1702
 7.6126	 5.1865
 7.6014	 5.2031
 7.5903	 5.2134
 7.5792	 5.2390
 7.5681	 5.2637
 7.5571	 5.2742
 7.5461	 5.2944
 7.5351	 5.3152
 7.5242	 5.3345
 7.5133	 5.3533
 7.5024	 5.3606
 7.4916	 5.3620
 7.4807	 5.3674
 7.4700	 5.3772
 7.4592	 5.4089
 7.4485	 5.4321
 7.4378	 5.4416
 7.4272	 5.4573
 7.4165	 5.4682
 7.4059	 5.4809
 7.3954	 5.5034
 7.3848	 5.5229
 7.3743	 5.5349
 7.3639	 5.5581
 7.3534	 5.5674
 7.3430	 5.5569
 7.3326	 5.5747
 7.3223	 5.6011
 7.3119	 5.6079
 7.3016	 5.6250
 7.2914	 5.6228
 7.2811	 5.6111
 7.2709	 5.6531
 7.2607	 5.6926
 7.2506	 5.6951
 7.2404	 5.7051
 7.2303	 5.7165
 7.2203	 5.7251
 7.2102	 5.7209
 7.2002	 5.7497
 7.1902	 5.7615
 7.1803	 5.7673
 7.1703	 5.7710
 7.1604	 5.7859
 7.1506	 5.7932
 7.1407	 5.8186
 7.1309	 5.8308
 7.1211	 5.8230
 7.1113	 5.8386
 7.1016	 5.8640
 7.0919	 5.8740
 7.0822	 5.8869
 7.0725	 5.8977
 7.0629	 5.8935
 7.0533	 5.8701
 7.0437	 5.9082
 7.0341	 5.9507
 7.0246	 5.9321
 7.0151	 5.9502
 7.0056	 5.9668
 6.9962	 5.9619
 6.9867	 5.9795
 6.9773	 5.9873
 6.9679	 5.9607
 6.9586	 5.9653
 6.9493	 6.0261
 6.9400	 6.0249
 6.9307	 6.0268
 6.9214	 6.0371
 6.9122	 6.0293
 6.9030	 6.0325
 6.8938	 6.0635
 6.8847	 6.0730
 6.8755	 6.0591
 6.8664	 5.9670
 6.8573	 6.0288
 6.8483	 6.1416
 6.8393	 6.1455
 6.8302	 6.1084
 6.8213	 6.1352
 6.8123	 6.1733
 6.8034	 6.1616
 6.7944	 6.1086
 6.7855	 6.1421
 6.7767	 6.1872
 6.7678	 6.1980
 6.7590	 6.2024
 6.7502	 6.2156
 6.7414	 6.2373
 6.7327	 6.2251
 6.7239	 6.2156
 6.7152	 6.2192
 6.7065	 6.2671
 6.6979	 6.2988
 6.6892	 6.2622
 6.6806	 6.2410
 6.6720	 6.2937
 6.6634	 6.3327
 6.6549	 6.3293
 6.6464	 6.2829
 6.6378	 6.1770
 6.6294	 6.3213
 6.6209	 6.3933
 6.6124	 6.3730
 6.6040	 6.3462
 6.5956	 6.3303
 6.5872	 6.3686
 6.5789	 6.3481
 6.5705	 6.3284
 6.5622	 6.4045
 6.5539	 6.3979
 6.5456	 6.4009
 6.5374	 6.4082
 6.5292	 6.3933
 6.5209	 6.3721
 6.5128	 6.4326
 6.5046	 6.4079
 6.4964	 6.2939
 6.4883	 6.2976
 6.4802	 6.4060
 6.4721	 6.4389
 6.4640	 6.4680
 6.4560	 6.4592
 6.4480	 6.4492
 6.4399	 6.4453
 6.4320	 6.4343
 6.4240	 6.3823
 6.4160	 6.1289
 6.4081	 6.3877
 6.4002	 6.4951
 6.3923	 6.4826
 6.3844	 6.4858
 6.3766	 6.4695
 6.3687	 6.4822
 6.3609	 6.5290
 6.3531	 6.4919
 6.3454	 6.4209
 6.3376	 6.4783
 6.3299	 6.5007
 6.3221	 6.4890
 6.3144	 6.4963
 6.3068	 6.4946
 6.2991	 6.4941
 6.2914	 6.5007
 6.2838	 6.5071
 6.2762	 6.4963
 6.2686	 6.4941
 6.2611	 6.5100
 6.2535	 6.5176
 6.2460	 6.5215
 6.2385	 6.5249
 6.2310	 6.5271
 6.2235	 6.5293
 6.2160	 6.5325
 6.2086	 6.5456
 6.2011	 6.5535
 6.1937	 6.5227
 6.1863	 6.4724
 6.1790	 6.5513
 6.1716	 6.5786
 6.1643	 6.5298
 6.1570	 6.5210
 6.1496	 6.5547
 6.1424	 6.5486
 6.1351	 6.5659
 6.1278	 6.5637
 6.1206	 6.5229
 6.1134	 6.4639
 6.1062	 6.5608
 6.0990	 6.5957
 6.0918	 6.6001
 6.0847	 6.5879
 6.0776	 6.5288
 6.0704	 6.5156
 6.0633	 6.6230
 6.0563	 6.5840
 6.0492	 6.3772
 6.0421	 6.5635
 6.0351	 6.6250
 6.0281	 6.5947
 6.0211	 6.5784
 6.0141	 6.5842
 6.0071	 6.6279
 6.0002	 6.6079
 5.9932	 6.5654
 5.9863	 6.5996
 5.9794	 6.6238
 5.9725	 6.5730
 5.9657	 6.5930
 5.9588	 6.6308
 5.9520	 6.6142
 5.9451	 6.5830
 5.9383	 6.5007
 5.9315	 6.6003
 5.9247	 6.6189
 5.9180	 6.6159
 5.9112	 6.6289
 5.9045	 6.6052
 5.8978	 6.5561
 5.8911	 6.6067
 5.8844	 6.5937
 5.8777	 6.6323
 5.8711	 6.6618
 5.8644	 6.6389
 5.8578	 6.6689
 5.8512	 6.6799
 5.8446	 6.6792
 5.8380	 6.6784
 5.8314	 6.6582
 5.8249	 6.6147
 5.8184	 6.6758
 5.8118	 6.7407
 5.8053	 6.7163
 5.7988	 6.7131
 5.7924	 6.7317
 5.7859	 6.7275
 5.7794	 6.7295
 5.7730	 6.7080
 5.7666	 6.6487
 5.7602	 6.7649
 5.7538	 6.7678
 5.7474	 6.7397
 5.7410	 6.7580
 5.7347	 6.7690
 5.7283	 6.7690
 5.7220	 6.7471
 5.7157	 6.7388
 5.7094	 6.7475
 5.7031	 6.7724
 5.6969	 6.7544
 5.6906	 6.7407
 5.6844	 6.7590
 5.6782	 6.7468
 5.6719	 6.7678
 5.6657	 6.7915
 5.6596	 6.7778
 5.6534	 6.7661
 5.6472	 6.7361
 5.6411	 6.7319
 5.6349	 6.8017
 5.6288	 6.8125
 5.6227	 6.7934
 5.6166	 6.7832
 5.6106	 6.8086
 5.6045	 6.8017
 5.5984	 6.8032
 5.5924	 6.8154
 5.5864	 6.8076
 5.5804	 6.7993
 5.5744	 6.8364
 5.5684	 6.8447
 5.5624	 6.8442
 5.5564	 6.8457
 5.5505	 6.8694
 5.5445	 6.8867
 5.5386	 6.8782
 5.5327	 6.8799
 5.5268	 6.8865
 5.5209	 6.9009
 5.5151	 6.9209
 5.5092	 6.9199
 5.5033	 6.9219
 5.4975	 6.9326
 5.4917	 6.9475
 5.4859	 6.9587
 5.4801	 6.9695
 5.4743	 7.0002
 5.4685	 6.9775
 5.4628	 6.9846
 5.4570	 7.0281
 5.4513	 7.0317
 5.4455	 7.0268
 5.4398	 7.0378
 5.4341	 7.0569
 5.4284	 7.0427
 5.4228	 7.0234
 5.4171	 7.0500
 5.4114	 7.0564
 5.4058	 7.0559
 5.4002	 7.0530
 5.3945	 7.0488
 5.3889	 7.0483
 5.3833	 7.0339
 5.3778	 7.0329
 5.3722	 7.0361
 5.3666	 7.0364
 5.3611	 7.0185
 5.3555	 7.0019
 5.3500	 7.0112
 5.3445	 7.0461
 5.3390	 7.0442
 5.3335	 7.0342
 5.3280	 7.0356
 5.3225	 7.0410
 5.3171	 7.0356
 5.3116	 7.0320
 5.3062	 7.0263
 5.3008	 7.0293
 5.2954	 7.0249
 5.2900	 7.0317
 5.2846	 7.0447
 5.2792	 7.0305
 5.2738	 7.0266
 5.2684	 7.0325
 5.2631	 7.0278
 5.2578	 7.0300
 5.2524	 7.0373
 5.2471	 7.0476
 5.2418	 7.0361
 5.2365	 7.0298
 5.2312	 7.0478
 5.2260	 7.0478
 5.2207	 7.0339
 5.2154	 7.0303
 5.2102	 7.0574
 5.2050	 7.0596
 5.1998	 7.0481
 5.1945	 7.0613
 5.1893	 7.0688
 5.1842	 7.0698
 5.1790	 7.0683
 5.1738	 7.0676
 5.1686	 7.0632
 5.1635	 7.0681
 5.1584	 7.0776
 5.1532	 7.0749
 5.1481	 7.0666
 5.1430	 7.0896
 5.1379	 7.0954
 5.1328	 7.0984
 5.1277	 7.0986
 5.1227	 7.0906
 5.1176	 7.0888
 5.1126	 7.0876
 5.1075	 7.0898
 5.1025	 7.0932
 5.0975	 7.1015
 5.0925	 7.1123
 5.0875	 7.1062
 5.0825	 7.1067
 5.0775	 7.1157
 5.0726	 7.1179
 5.0676	 7.1235
 5.0627	 7.1289
 5.0577	 7.1279
 5.0528	 7.1260
 5.0479	 7.1228
 5.0430	 7.1333
 5.0380	 7.1413
 5.0332	 7.1462
 5.0283	 7.1572
 5.0234	 7.1511
 5.0185	 7.1545
 5.0137	 7.1689
 5.0088	 7.1636
 5.0040	 7.1633
 4.9992	 7.1706
 4.9944	 7.1777
 4.9896	 7.1799
 4.9848	 7.1848
 4.9800	 7.1907
 4.9752	 7.1955
 4.9704	 7.2038
 4.9657	 7.2212
 4.9609	 7.2212
 4.9562	 7.2202
 4.9514	 7.2248
 4.9467	 7.2383
 4.9420	 7.2502
 4.9373	 7.2507
 4.9326	 7.2480
 4.9279	 7.2510
 4.9232	 7.2512
 4.9186	 7.2505
 4.9139	 7.2510
 4.9092	 7.2549
 4.9046	 7.2690
 4.9000	 7.2729
 4.8953	 7.2756
 4.8907	 7.2868
 4.8861	 7.2883
 4.8815	 7.2878
 4.8769	 7.3000
 4.8723	 7.3098
 4.8678	 7.3061
 4.8632	 7.3086
 4.8586	 7.3100
 4.8541	 7.3105
 4.8495	 7.3117
 4.8450	 7.3154
 4.8405	 7.3161
 4.8360	 7.3208
 4.8315	 7.3230
 4.8270	 7.3327
 4.8225	 7.3364
 4.8180	 7.3450
 4.8135	 7.3554
 4.8090	 7.3664
 4.8046	 7.3655
 4.8001	 7.3552
 4.7957	 7.3601
 4.7913	 7.3674
 4.7868	 7.3764
 4.7824	 7.3845
 4.7780	 7.3894
 4.7736	 7.3935
 4.7692	 7.4040
 4.7648	 7.4216
 4.7605	 7.4297
 4.7561	 7.4355
 4.7517	 7.4429
 4.7474	 7.4604
 4.7431	 7.4756
 4.7387	 7.4866
 4.7344	 7.4883
 4.7301	 7.4924
 4.7258	 7.5017
 4.7215	 7.5151
 4.7172	 7.5246
 4.7129	 7.5383
 4.7086	 7.5547
 4.7043	 7.5713
 4.7000	 7.5810
 4.6958	 7.5998
 4.6915	 7.6111
 4.6873	 7.6191
 4.6831	 7.6304
 4.6788	 7.6379
 4.6746	 7.6543
 4.6704	 7.6655
 4.6662	 7.6770
 4.6620	 7.6882
 4.6578	 7.6992
 4.6536	 7.7121
 4.6495	 7.7329
 4.6453	 7.7463
 4.6411	 7.7580
 4.6370	 7.7751
 4.6328	 7.7886
 4.6287	 7.8037
 4.6246	 7.8139
 4.6205	 7.8266
 4.6163	 7.8369
 4.6122	 7.8430
 4.6081	 7.8503
 4.6040	 7.8598
 4.6000	 7.8738
 4.5959	 7.8889
 4.5918	 7.8970
 4.5877	 7.9143
 4.5837	 7.9299
 4.5796	 7.9465
 4.5756	 7.9563
 4.5716	 7.9736
 4.5675	 7.9883
 4.5635	 7.9958
 4.5595	 8.0051
 4.5555	 8.0312
 4.5515	 8.0461
 4.5475	 8.0537
 4.5435	 8.0647
 4.5395	 8.0879
 4.5356	 8.0998
 4.5316	 8.1096
 4.5276	 8.1208
 4.5237	 8.1345
 4.5197	 8.1470
 4.5158	 8.1660
 4.5119	 8.1787
 4.5080	 8.1802
 4.5040	 8.1802
 4.5001	 8.1999
 4.4962	 8.2082
 4.4923	 8.1972
 4.4884	 8.1960
 4.4846	 8.2087
 4.4807	 8.2168
 4.4768	 8.2212
 4.4730	 8.2197
 4.4691	 8.2197
 4.4652	 8.2287
 4.4614	 8.2302
 4.4576	 8.2258
 4.4537	 8.2378
 4.4499	 8.2424
 4.4461	 8.2453
 4.4423	 8.2478
 4.4385	 8.2524
 4.4347	 8.2607
 4.4309	 8.2580
 4.4271	 8.2502
 4.4233	 8.2551
 4.4196	 8.2617
 4.4158	 8.2639
 4.4120	 8.2588
 4.4083	 8.2566
 4.4045	 8.2539
 4.4008	 8.2588
 4.3971	 8.2563
 4.3934	 8.2507
 4.3896	 8.2556
 4.3859	 8.2549
 4.3822	 8.2461
 4.3785	 8.2549
 4.3748	 8.2644
 4.3711	 8.2707
 4.3674	 8.2676
 4.3638	 8.2803
 4.3601	 8.2922
 4.3564	 8.2983
 4.3528	 8.3032
 4.3491	 8.3191
 4.3455	 8.3347
 4.3418	 8.3432
 4.3382	 8.3442
 4.3346	 8.3503
 4.3310	 8.3745
 4.3273	 8.4026
 4.3237	 8.4106
 4.3201	 8.4201
 4.3165	 8.4407
 4.3129	 8.4626
 4.3094	 8.4934
 4.3058	 8.5388
 4.3022	 8.5466
 4.2986	 8.5451
 4.2951	 8.5874
 4.2915	 8.6365
 4.2880	 8.6470
 4.2844	 8.6621
 4.2809	 8.6430
 4.2774	 8.6369
 4.2738	 8.6499
 4.2703	 8.6596
 4.2668	 8.6445
 4.2633	 8.6262
 4.2598	 8.5786
 4.2563	 8.5288
 4.2528	 8.5312
 4.2493	 8.5971
 4.2458	 8.7026
 4.2424	 8.8030
 4.2389	 8.8381
 4.2354	 8.8154
 4.2320	 8.7876
 4.2285	 8.8020
 4.2251	 8.7803
 4.2216	 8.7385
 4.2182	 8.6484
 4.2148	 8.5622
 4.2113	 8.5000
 4.2079	 8.4507
 4.2045	 8.4004
 4.2011	 8.3677
 4.1977	 8.3305
 4.1943	 8.2925
 4.1909	 8.2556
 4.1875	 8.2390
 4.1841	 8.2392
 4.1808	 8.2451
 4.1774	 8.2319
 4.1740	 8.2304
 4.1707	 8.2304
 4.1673	 8.2341
 4.1640	 8.2434
 4.1606	 8.2373
 4.1573	 8.2309
 4.1540	 8.2317
 4.1506	 8.2304
 4.1473	 8.2392
 4.1440	 8.2414
 4.1407	 8.2370
 4.1374	 8.2273
 4.1341	 8.2190
 4.1308	 8.2219
 4.1275	 8.2312
 4.1242	 8.2336
 4.1209	 8.2348
 4.1177	 8.2346
 4.1144	 8.2331
 4.1111	 8.2278
 4.1079	 8.2368
 4.1046	 8.2441
 4.1014	 8.2390
 4.0981	 8.2231
 4.0949	 8.2226
 4.0917	 8.2309
 4.0884	 8.2380
 4.0852	 8.2346
 4.0820	 8.2283
 4.0788	 8.2324
 4.0756	 8.2417
 4.0724	 8.2439
 4.0692	 8.2451
 4.0660	 8.2500
 4.0628	 8.2558
 4.0596	 8.2563
 4.0565	 8.2637
 4.0533	 8.2588
 4.0501	 8.2539
 4.0470	 8.2571
 4.0438	 8.2627
 4.0406	 8.2685
 4.0375	 8.2766
 4.0344	 8.2712
 4.0312	 8.2700
 4.0281	 8.2749
 4.0250	 8.2981
 4.0218	 8.3110
 4.0187	 8.3071
 4.0156	 8.3069
 4.0125	 8.3259
 4.0094	 8.3420
 4.0063	 8.3515
 4.0032	 8.3513
 4.0001	 8.3530
 3.9970	 8.3545
 3.9940	 8.3659
 3.9909	 8.3830
 3.9878	 8.3899
 3.9847	 8.3960
 3.9817	 8.4021
 3.9786	 8.3984
 3.9756	 8.4077
 3.9725	 8.4226
 3.9695	 8.4243
 3.9665	 8.4262
 3.9634	 8.4402
 3.9604	 8.4507
 3.9574	 8.4592
 3.9544	 8.4636
 3.9513	 8.4743
 3.9483	 8.4756
 3.9453	 8.4726
 3.9423	 8.4702
 3.9393	 8.4895
 3.9363	 8.4919
 3.9333	 8.4866
 3.9304	 8.4997
 3.9274	 8.5102
 3.9244	 8.5139
 3.9214	 8.5146
 3.9185	 8.5053
 3.9155	 8.5090
 3.9126	 8.5239
 3.9096	 8.5222
 3.9067	 8.5154
 3.9037	 8.5222
 3.9008	 8.5407
 3.8979	 8.5407
 3.8949	 8.5454
 3.8920	 8.5542
 3.8891	 8.5403
 3.8862	 8.5449
 3.8833	 8.5525
 3.8804	 8.5466
 3.8775	 8.5415
 3.8746	 8.5327
 3.8717	 8.5266
 3.8688	 8.5407
 3.8659	 8.5503
 3.8630	 8.5461
 3.8601	 8.5427
 3.8573	 8.5471
 3.8544	 8.5451
 3.8515	 8.5415
 3.8487	 8.5429
 3.8458	 8.5576
 3.8430	 8.5647
 3.8401	 8.5625
 3.8373	 8.5613
 3.8344	 8.5559
 3.8316	 8.5437
 3.8288	 8.5454
 3.8259	 8.5559
 3.8231	 8.5615
 3.8203	 8.5688
 3.8175	 8.5737
 3.8147	 8.5605
 3.8119	 8.5512
 3.8091	 8.5537
 3.8063	 8.5564
 3.8035	 8.5481
 3.8007	 8.5454
 3.7979	 8.5574
 3.7951	 8.5603
 3.7924	 8.5510
 3.7896	 8.5559
 3.7868	 8.5510
 3.7841	 8.5349
 3.7813	 8.5339
 3.7785	 8.5434
 3.7758	 8.5395
 3.7730	 8.5398
 3.7703	 8.5327
 3.7676	 8.5224
 3.7648	 8.5190
 3.7621	 8.5232
 3.7594	 8.5134
 3.7566	 8.5039
 3.7539	 8.5071
 3.7512	 8.5034
 3.7485	 8.4929
 3.7458	 8.5019
 3.7431	 8.5027
 3.7404	 8.4985
 3.7377	 8.4858
 3.7350	 8.4809
 3.7323	 8.4785
 3.7296	 8.4734
 3.7269	 8.4682
 3.7242	 8.4712
 3.7216	 8.4717
 3.7189	 8.4604
 3.7162	 8.4411
 3.7136	 8.4453
 3.7109	 8.4494
 3.7083	 8.4377
 3.7056	 8.4409
 3.7030	 8.4468
 3.7003	 8.4326
 3.6977	 8.4304
 3.6950	 8.4238
 3.6924	 8.4189
 3.6898	 8.4101
 3.6872	 8.3974
 3.6845	 8.3918
 3.6819	 8.3957
 3.6793	 8.3967
 3.6767	 8.3918
 3.6741	 8.3821
 3.6715	 8.3745
 3.6689	 8.3713
 3.6663	 8.3725
 3.6637	 8.3681
 3.6611	 8.3554
 3.6585	 8.3471
 3.6560	 8.3454
 3.6534	 8.3474
 3.6508	 8.3501
 3.6482	 8.3447
 3.6457	 8.3432
 3.6431	 8.3352
 3.6406	 8.3269
 3.6380	 8.3230
 3.6355	 8.3232
 3.6329	 8.3100
 3.6304	 8.3117
 3.6278	 8.3049
 3.6253	 8.2954
 3.6227	 8.2934
 3.6202	 8.2929
 3.6177	 8.2934
 3.6152	 8.3012
 3.6127	 8.2951
 3.6101	 8.2859
 3.6076	 8.2756
 3.6051	 8.2644
 3.6026	 8.2514
 3.6001	 8.2458
 3.5976	 8.2502
 3.5951	 8.2466
 3.5926	 8.2400
 3.5901	 8.2417
 3.5876	 8.2375
 3.5852	 8.2319
 3.5827	 8.2317
 3.5802	 8.2397
 3.5777	 8.2336
 3.5753	 8.2241
 3.5728	 8.2199
 3.5704	 8.2241
 3.5679	 8.2221
 3.5654	 8.2209
 3.5630	 8.2241
 3.5605	 8.2119
 3.5581	 8.1931
 3.5557	 8.1943
 3.5532	 8.1850
 3.5508	 8.1860
 3.5484	 8.1865
 3.5459	 8.1824
 3.5435	 8.1731
 3.5411	 8.1794
 3.5387	 8.1811
 3.5363	 8.1714
 3.5338	 8.1731
 3.5314	 8.1758
 3.5290	 8.1633
 3.5266	 8.1589
 3.5242	 8.1570
 3.5218	 8.1545
 3.5195	 8.1511
 3.5171	 8.1470
 3.5147	 8.1330
 3.5123	 8.1233
 3.5099	 8.1235
 3.5075	 8.1228
 3.5052	 8.1084
 3.5028	 8.1096
 3.5004	 8.1101
 3.4981	 8.0959
 3.4957	 8.0896
 3.4934	 8.0996
 3.4910	 8.0986
 3.4887	 8.1040
 3.4863	 8.1064
 3.4840	 8.0964
 3.4816	 8.0871
 3.4793	 8.0932
 3.4770	 8.0913
 3.4746	 8.0788
 3.4723	 8.0801
 3.4700	 8.0776
 3.4677	 8.0762
 3.4653	 8.0803
 3.4630	 8.0735
 3.4607	 8.0783
 3.4584	 8.0830
 3.4561	 8.0747
 3.4538	 8.0652
 3.4515	 8.0627
 3.4492	 8.0657
 3.4469	 8.0635
 3.4446	 8.0451
 3.4423	 8.0393
 3.4400	 8.0495
 3.4378	 8.0473
 3.4355	 8.0217
 3.4332	 8.0178
 3.4309	 8.0266
 3.4287	 8.0234
 3.4264	 8.0102
 3.4241	 8.0027
 3.4219	 8.0036
 3.4196	 7.9990
 3.4174	 7.9931
 3.4151	 7.9929
 3.4129	 7.9897
 3.4106	 7.9970
 3.4084	 8.0014
 3.4061	 7.9988
 3.4039	 7.9958
 3.4017	 8.0036
 3.3994	 7.9992
 3.3972	 7.9883
 3.3950	 7.9868
 3.3928	 7.9758
 3.3906	 7.9717
 3.3883	 7.9812
 3.3861	 7.9800
 3.3839	 7.9773
 3.3817	 7.9807
 3.3795	 7.9885
 3.3773	 7.9824
 3.3751	 7.9765
 3.3729	 7.9912
 3.3707	 7.9861
 3.3685	 7.9792
 3.3663	 7.9802
 3.3641	 7.9829
 3.3620	 7.9736
 3.3598	 7.9687
 3.3576	 7.9724
 3.3554	 7.9739
 3.3533	 7.9692
 3.3511	 7.9634
 3.3489	 7.9531
 3.3468	 7.9526
 3.3446	 7.9553
 3.3425	 7.9604
 3.3403	 7.9612
 3.3382	 7.9541
 3.3360	 7.9480
 3.3339	 7.9490
 3.3317	 7.9394
 3.3296	 7.9338
 3.3274	 7.9416
 3.3253	 7.9438
 3.3232	 7.9302
 3.3210	 7.9165
 3.3189	 7.9182
 3.3168	 7.9223
 3.3147	 7.9109
 3.3126	 7.9026
 3.3104	 7.9006
 3.3083	 7.8974
 3.3062	 7.8996
 3.3041	 7.8960
 3.3020	 7.8879
 3.2999	 7.8801
 3.2978	 7.8816
 3.2957	 7.8811
 3.2936	 7.8843
 3.2915	 7.8821
 3.2894	 7.8674
 3.2874	 7.8425
 3.2853	 7.8437
 3.2832	 7.8442
 3.2811	 7.8330
 3.2790	 7.8293
 3.2770	 7.8252
 3.2749	 7.8198
 3.2728	 7.8230
 3.2708	 7.8086
 3.2687	 7.7993
 3.2666	 7.8025
 3.2646	 7.8000
 3.2625	 7.7912
 3.2605	 7.7810
 3.2584	 7.7724
 3.2564	 7.7722
 3.2543	 7.7658
 3.2523	 7.7634
 3.2503	 7.7529
 3.2482	 7.7429
 3.2462	 7.7380
 3.2442	 7.7375
 3.2421	 7.7170
 3.2401	 7.7019
 3.2381	 7.6931
 3.2361	 7.6877
 3.2340	 7.6872
 3.2320	 7.6987
 3.2300	 7.6977
 3.2280	 7.6748
 3.2260	 7.6706
 3.2240	 7.6733
 3.2220	 7.6614
 3.2200	 7.6528
 3.2180	 7.6347
 3.2160	 7.6284
 3.2140	 7.6296
 3.2120	 7.6323
 3.2100	 7.6194
 3.2080	 7.6025
 3.2060	 7.5989
 3.2040	 7.5950
 3.2021	 7.5674
 3.2001	 7.5657
 3.1981	 7.5583
 3.1961	 7.5476
 3.1942	 7.5439
 3.1922	 7.5303
 3.1902	 7.5342
 3.1883	 7.5351
 3.1863	 7.5083
 3.1844	 7.4873
 3.1824	 7.4804
 3.1805	 7.4768
 3.1785	 7.4790
 3.1766	 7.4609
 3.1746	 7.4372
 3.1727	 7.4358
 3.1707	 7.4272
 3.1688	 7.4023
 3.1669	 7.3916
 3.1649	 7.3979
 3.1630	 7.3879
 3.1611	 7.3742
 3.1591	 7.3750
 3.1572	 7.3664
 3.1553	 7.3515
 3.1534	 7.3481
 3.1515	 7.3313
 3.1495	 7.3281
 3.1476	 7.3362
 3.1457	 7.3305
 3.1438	 7.3235
 3.1419	 7.3113
 3.1400	 7.3083
 3.1381	 7.3191
 3.1362	 7.3049
 3.1343	 7.2917
 3.1324	 7.2878
 3.1305	 7.2912
 3.1286	 7.2839
 3.1268	 7.2668
 3.1249	 7.2502
 3.1230	 7.2380
 3.1211	 7.2375
 3.1192	 7.2451
 3.1174	 7.2475
 3.1155	 7.2505
 3.1136	 7.2302
 3.1117	 7.2092
 3.1099	 7.2036
 3.1080	 7.2134
 3.1061	 7.2046
 3.1043	 7.1867
 3.1024	 7.1870
 3.1006	 7.1941
 3.0987	 7.1804
 3.0969	 7.1645
 3.0950	 7.1677
 3.0932	 7.1716
 3.0913	 7.1809
 3.0895	 7.1831
 3.0876	 7.1750
 3.0858	 7.1623
 3.0840	 7.1511
 3.0821	 7.1526
 3.0803	 7.1492
 3.0785	 7.1448
 3.0766	 7.1511
 3.0748	 7.1513
 3.0730	 7.1409
 3.0712	 7.1338
 3.0694	 7.1448
 3.0675	 7.1316
 3.0657	 7.1235
 3.0639	 7.1113
 3.0621	 7.1152
 3.0603	 7.1084
 3.0585	 7.0976
 3.0567	 7.1023
 3.0549	 7.1033
 3.0531	 7.0984
 3.0513	 7.1030
 3.0495	 7.0954
 3.0477	 7.0950
 3.0459	 7.0945
 3.0441	 7.0879
 3.0423	 7.0991
 3.0406	 7.1011
 3.0388	 7.0896
 3.0370	 7.0798
 3.0352	 7.0832
 3.0334	 7.0796
 3.0317	 7.0747
 3.0299	 7.0744
 3.0281	 7.0696
 3.0264	 7.0586
 3.0246	 7.0654
 3.0228	 7.0679
 3.0211	 7.0617
 3.0193	 7.0566
 3.0176	 7.0574
 3.0158	 7.0574
 3.0140	 7.0591
 3.0123	 7.0510
 3.0105	 7.0444
 3.0088	 7.0449
 3.0070	 7.0508
 3.0053	 7.0410
 3.0036	 7.0361
 3.0018	 7.0456
 3.0001	 7.0325
 2.9984	 7.0146
 2.9966	 7.0029
 2.9949	 7.0068
 2.9932	 7.0093
 2.9914	 7.0132
 2.9897	 7.0112
 2.9880	 6.9953
 2.9863	 6.9919
 2.9845	 6.9995
 2.9828	 6.9929
 2.9811	 6.9873
 2.9794	 6.9885
 2.9777	 6.9878
 2.9760	 6.9868
 2.9743	 6.9780
 2.9726	 6.9599
 2.9709	 6.9582
 2.9692	 6.9519
 2.9675	 6.9433
 2.9658	 6.9441
 2.9641	 6.9385
 2.9624	 6.9324
 2.9607	 6.9284
 2.9590	 6.9304
 2.9573	 6.9367
 2.9556	 6.9306
 2.9539	 6.9277
 2.9523	 6.9321
 2.9506	 6.9292
 2.9489	 6.9267
 2.9472	 6.9214
 2.9455	 6.9116
 2.9439	 6.9067
 2.9422	 6.8948
 2.9405	 6.8999
 2.9389	 6.9128
 2.9372	 6.9067
 2.9355	 6.9116
 2.9339	 6.9040
 2.9322	 6.9043
 2.9306	 6.9038
 2.9289	 6.9089
 2.9272	 6.9104
 2.9256	 6.9011
 2.9239	 6.8955
 2.9223	 6.8843
 2.9207	 6.8899
 2.9190	 6.9021
 2.9174	 6.8901
 2.9157	 6.8796
 2.9141	 6.8667
 2.9124	 6.8650
 2.9108	 6.8867
 2.9092	 6.8948
 2.9075	 6.8828
 2.9059	 6.8816
 2.9043	 6.8774
 2.9027	 6.8750
 2.9010	 6.8691
 2.8994	 6.8747
 2.8978	 6.8674
 2.8962	 6.8672
 2.8946	 6.8696
 2.8929	 6.8755
 2.8913	 6.8796
 2.8897	 6.8862
 2.8881	 6.8977
 2.8865	 6.8879
 2.8849	 6.8872
 2.8833	 6.8823
 2.8817	 6.8789
 2.8801	 6.8843
 2.8785	 6.8909
 2.8769	 6.8689
 2.8753	 6.8642
 2.8737	 6.8852
 2.8721	 6.9045
 2.8705	 6.9011
 2.8689	 6.8972
 2.8673	 6.8955
 2.8658	 6.9009
 2.8642	 6.9143
 2.8626	 6.9101
 2.8610	 6.9050
 2.8594	 6.9204
 2.8579	 6.9336
 2.8563	 6.9353
 2.8547	 6.9226
 2.8531	 6.9201
 2.8516	 6.9404
 2.8500	 6.9531
 2.8484	 6.9470
 2.8469	 6.9565
 2.8453	 6.9695
 2.8437	 6.9568
 2.8422	 6.9624
 2.8406	 6.9795
 2.8391	 6.9936
 2.8375	 7.0217
 2.8360	 7.0366
 2.8344	 7.0307
 2.8329	 7.0054
 2.8313	 6.9941
 2.8298	 7.0154
 2.8282	 7.0290
 2.8267	 7.0071
 2.8252	 7.0195
 2.8236	 7.0559
 2.8221	 7.0942
 2.8205	 7.0971
 2.8190	 7.0744
 2.8175	 7.0808
 2.8159	 7.0903
 2.8144	 7.0945
 2.8129	 7.0776
 2.8114	 7.0771
 2.8098	 7.0903
 2.8083	 7.0923
 2.8068	 7.1225
 2.8053	 7.1562
 2.8038	 7.1753
 2.8022	 7.1470
 2.8007	 7.1211
 2.7992	 7.1289
 2.7977	 7.1345
 2.7962	 7.1460
 2.7947	 7.1570
 2.7932	 7.1775
 2.7917	 7.1887
 2.7902	 7.2109
 2.7887	 7.2388
 2.7872	 7.2451
 2.7857	 7.2256
 2.7842	 7.2344
 2.7827	 7.2712
 2.7812	 7.2656
 2.7797	 7.2529
 2.7782	 7.2822
 2.7767	 7.2754
 2.7752	 7.2348
 2.7738	 7.1926
 2.7723	 7.2119
 2.7708	 7.2070
 2.7693	 7.2168
 2.7678	 7.2319
 2.7664	 7.2241
 2.7649	 7.2221
 2.7634	 7.2363
 2.7619	 7.1694
 2.7605	 7.1296
 2.7590	 7.1406
 2.7575	 7.1680
 2.7561	 7.1968
 2.7546	 7.1299
 2.7531	 7.0254
 2.7517	 6.9155
 2.7502	 6.7951
 2.7488	 6.7849
 2.7473	 6.8823
 2.7458	 7.0332
 2.7444	 7.1875
 2.7429	 7.3169
 2.7415	 7.4863
 2.7400	 7.6308
 2.7386	 7.5976
 2.7371	 7.6255
 2.7357	 7.6611
 2.7343	 7.6865
 2.7328	 7.7097
 2.7314	 7.7485
 2.7299	 7.7973
 2.7285	 7.8188
 2.7271	 7.8535
 2.7256	 7.9306
 2.7242	 7.9873
 2.7228	 8.0049
 2.7213	 8.0522
 2.7199	 8.1018
 2.7185	 8.1015
 2.7171	 8.0722
 2.7156	 8.0703
 2.7142	 8.0874
 2.7128	 8.1040
 2.7114	 8.1391
 2.7100	 8.1709
 2.7085	 8.1777
 2.7071	 8.1875
 2.7057	 8.2095
 2.7043	 8.2143
 2.7029	 8.2387
 2.7015	 8.2427
 2.7001	 8.2285
 2.6987	 8.2319
 2.6973	 8.2485
 2.6959	 8.2783
 2.6945	 8.3266
 2.6931	 8.2951
 2.6917	 8.2783
 2.6903	 8.2854
 2.6889	 8.3115
 2.6875	 8.3442
 2.6861	 8.3557
 2.6847	 8.3711
 2.6833	 8.3730
 2.6819	 8.3139
 2.6805	 8.3271
 2.6791	 8.3596
 2.6778	 8.4219
 2.6764	 8.4619
 2.6750	 8.4101
 2.6736	 8.3413
 2.6722	 8.3222
 2.6709	 8.3557
 2.6695	 8.4155
 2.6681	 8.4209
 2.6667	 8.4619
 2.6654	 8.4902
 2.6640	 8.4096
 2.6626	 8.3364
 2.6613	 8.3218
 2.6599	 8.3037
 2.6585	 8.3108
 2.6572	 8.3533
 2.6558	 8.3384
 2.6545	 8.3135
 2.6531	 8.3276
 2.6517	 8.2983
 2.6504	 8.2871
 2.6490	 8.3088
 2.6477	 8.3369
 2.6463	 8.3345
 2.6450	 8.3415
 2.6436	 8.3471
 2.6423	 8.3408
 2.6409	 8.2993
 2.6396	 8.2744
 2.6382	 8.2851
 2.6369	 8.3086
 2.6356	 8.3266
 2.6342	 8.3486
 2.6329	 8.3486
 2.6315	 8.4009
 2.6302	 8.4023
 2.6289	 8.3374
 2.6275	 8.3471
 2.6262	 8.3440
 2.6249	 8.3139
 2.6236	 8.3178
 2.6222	 8.3533
 2.6209	 8.4057
 2.6196	 8.3681
 2.6183	 8.3701
 2.6169	 8.3286
 2.6156	 8.3059
 2.6143	 8.3545
 2.6130	 8.3486
 2.6117	 8.3135
 2.6103	 8.3100
 2.6090	 8.3313
 2.6077	 8.3667
 2.6064	 8.3750
 2.6051	 8.3916
 2.6038	 8.3554
 2.6025	 8.3325
 2.6012	 8.2876
 2.5999	 8.2417
 2.5986	 8.2561
 2.5973	 8.2981
 2.5960	 8.3384
 2.5947	 8.4394
 2.5934	 8.3974
 2.5921	 8.3305
 2.5908	 8.3052
 2.5895	 8.3305
 2.5882	 8.3381
 2.5869	 8.3384
 2.5856	 8.3276
 2.5843	 8.3576
 2.5830	 8.3423
 2.5817	 8.3325
 2.5805	 8.3000
 2.5792	 8.3222
 2.5779	 8.3481
 2.5766	 8.3547
 2.5753	 8.3501
 2.5741	 8.3481
 2.5728	 8.3125
 2.5715	 8.3144
 2.5702	 8.3144
 2.5690	 8.2949
 2.5677	 8.2734
 2.5664	 8.2983
 2.5651	 8.3222
 2.5639	 8.3313
 2.5626	 8.3664
 2.5613	 8.3686
 2.5601	 8.2915
 2.5588	 8.2944
 2.5575	 8.2971
 2.5563	 8.2920
 2.5550	 8.2817
 2.5538	 8.2632
 2.5525	 8.2368
 2.5513	 8.2749
 2.5500	 8.2988
 2.5487	 8.2827
 2.5475	 8.2495
 2.5462	 8.2788
 2.5450	 8.2810
 2.5437	 8.2407
 2.5425	 8.2329
 2.5413	 8.2637
 2.5400	 8.2741
 2.5388	 8.2612
 2.5375	 8.2710
 2.5363	 8.2817
 2.5350	 8.2700
 2.5338	 8.2788
 2.5326	 8.2590
 2.5313	 8.2412
 2.5301	 8.2529
 2.5289	 8.2485
 2.5276	 8.2314
 2.5264	 8.2314
 2.5252	 8.2402
 2.5239	 8.2558
 2.5227	 8.2451
 2.5215	 8.2463
 2.5202	 8.2544
 2.5190	 8.2378
 2.5178	 8.2246
 2.5166	 8.2324
 2.5154	 8.2309
 2.5141	 8.2451
 2.5129	 8.2449
 2.5117	 8.2334
 2.5105	 8.2187
 2.5093	 8.2373
 2.5081	 8.2358
 2.5068	 8.2221
 2.5056	 8.2046
 2.5044	 8.2261
 2.5032	 8.2329
 2.5020	 8.2197
 2.5008	 8.2055
 2.4996	 8.2168
 2.4984	 8.2226
 2.4972	 8.2041
 2.4960	 8.2041
 2.4948	 8.2241
 2.4936	 8.2348
 2.4924	 8.2129
 2.4912	 8.2024
 2.4900	 8.2065
 2.4888	 8.2261
 2.4876	 8.2309
 2.4864	 8.2383
 2.4852	 8.2212
 2.4840	 8.1924
 2.4828	 8.2055
 2.4816	 8.2134
 2.4805	 8.2046
 2.4793	 8.2026
 2.4781	 8.2207
 2.4769	 8.2192
 2.4757	 8.1948
 2.4745	 8.1682
 2.4734	 8.1977
 2.4722	 8.2158
 2.4710	 8.2002
 2.4698	 8.2065
 2.4686	 8.2207
 2.4675	 8.2246
 2.4663	 8.2280
 2.4651	 8.2202
 2.4640	 8.2314
 2.4628	 8.2295
 2.4616	 8.2431
 2.4604	 8.2490
 2.4593	 8.2295
 2.4581	 8.2124
 2.4569	 8.2256
 2.4558	 8.2263
 2.4546	 8.2168
 2.4535	 8.2158
 2.4523	 8.2109
 2.4511	 8.2080
 2.4500	 8.1919
 2.4488	 8.1767
 2.4477	 8.1948
 2.4465	 8.2197
 2.4454	 8.2070
 2.4442	 8.2182
 2.4431	 8.2178
 2.4419	 8.2221
 2.4408	 8.2065
 2.4396	 8.1924
 2.4385	 8.1999
 2.4373	 8.1748
 2.4362	 8.1679
 2.4350	 8.1880
 2.4339	 8.2246
 2.4327	 8.2212
 2.4316	 8.2470
 2.4305	 8.2344
 2.4293	 8.2109
 2.4282	 8.1914
 2.4270	 8.1772
 2.4259	 8.1782
 2.4248	 8.1675
 2.4236	 8.1811
 2.4225	 8.2026
 2.4214	 8.1992
 2.4202	 8.2085
 2.4191	 8.2109
 2.4180	 8.2016
 2.4169	 8.1899
 2.4157	 8.2016
 2.4146	 8.2041
 2.4135	 8.2070
 2.4124	 8.2060
 2.4112	 8.1987
 2.4101	 8.2197
 2.4090	 8.2055
 2.4079	 8.1794
 2.4068	 8.1811
 2.4056	 8.1675
 2.4045	 8.1658
 2.4034	 8.1936
 2.4023	 8.2241
 2.4012	 8.1953
 2.4001	 8.1963
 2.3990	 8.2041
 2.3979	 8.1831
 2.3967	 8.1675
 2.3956	 8.1684
 2.3945	 8.1824
 2.3934	 8.1821
 2.3923	 8.1614
 2.3912	 8.1367
 2.3901	 8.1545
 2.3890	 8.1870
 2.3879	 8.1848
 2.3868	 8.1977
 2.3857	 8.2053
 2.3846	 8.1872
 2.3835	 8.1789
 2.3824	 8.1697
 2.3813	 8.1684
 2.3802	 8.1775
 2.3791	 8.1916
 2.3781	 8.1882
 2.3770	 8.1650
 2.3759	 8.1609
 2.3748	 8.1687
 2.3737	 8.1489
 2.3726	 8.1369
 2.3715	 8.1452
 2.3704	 8.1658
 2.3694	 8.1811
 2.3683	 8.1741
 2.3672	 8.1653
 2.3661	 8.1719
 2.3650	 8.1758
 2.3640	 8.1797
 2.3629	 8.2121
 2.3618	 8.1938
 2.3607	 8.1553
 2.3597	 8.1609
 2.3586	 8.1972
 2.3575	 8.1755
 2.3564	 8.1606
 2.3554	 8.1741
 2.3543	 8.1821
 2.3532	 8.1950
 2.3522	 8.2075
 2.3511	 8.1679
 2.3500	 8.1716
 2.3490	 8.1975
 2.3479	 8.1980
 2.3468	 8.1799
 2.3458	 8.1609
 2.3447	 8.1872
 2.3436	 8.2300
 2.3426	 8.1936
 2.3415	 8.1577
 2.3405	 8.1977
 2.3394	 8.2178
 2.3384	 8.2075
 2.3373	 8.2026
 2.3363	 8.2063
 2.3352	 8.2024
 2.3342	 8.2041
 2.3331	 8.1946
 2.3321	 8.1867
 2.3310	 8.1618
 2.3300	 8.1631
 2.3289	 8.2046
 2.3279	 8.2199
 2.3268	 8.2182
 2.3258	 8.2329
 2.3247	 8.2519
 2.3237	 8.2324
 2.3226	 8.1802
 2.3216	 8.2134
 2.3206	 8.2353
 2.3195	 8.1994
 2.3185	 8.2229
 2.3175	 8.2112
 2.3164	 8.2092
 2.3154	 8.2163
 2.3144	 8.2141
 2.3133	 8.2138
 2.3123	 8.1926
 2.3113	 8.2099
 2.3102	 8.2129
 2.3092	 8.2080
 2.3082	 8.2268
 2.3071	 8.2402
 2.3061	 8.2610
 2.3051	 8.2402
 2.3041	 8.2075
 2.3030	 8.2031
 2.3020	 8.2107
 2.3010	 8.1972
 2.3000	 8.2243
 2.2990	 8.2317
 2.2979	 8.2483
 2.2969	 8.2302
 2.2959	 8.1955
 2.2949	 8.1938
 2.2939	 8.1907
 2.2929	 8.2073
 2.2918	 8.2319
 2.2908	 8.2492
 2.2898	 8.2261
 2.2888	 8.2397
 2.2878	 8.2331
 2.2868	 8.2424
 2.2858	 8.2795
 2.2848	 8.2698
 2.2838	 8.2324
 2.2828	 8.2236
 2.2818	 8.2385
 2.2808	 8.2209
 2.2798	 8.2341
 2.2787	 8.2639
 2.2777	 8.2336
 2.2767	 8.2295
 2.2757	 8.2307
 2.2747	 8.2285
 2.2738	 8.2392
 2.2728	 8.2368
 2.2718	 8.2483
 2.2708	 8.2617
 2.2698	 8.2434
 2.2688	 8.2495
 2.2678	 8.2668
 2.2668	 8.2534
 2.2658	 8.2658
 2.2648	 8.2651
 2.2638	 8.2519
 2.2628	 8.2051
 2.2618	 8.2295
 2.2609	 8.2307
 2.2599	 8.1887
 2.2589	 8.1933
 2.2579	 8.2466
 2.2569	 8.2622
 2.2559	 8.2798
 2.2550	 8.2656
 2.2540	 8.2258
 2.2530	 8.2212
 2.2520	 8.2336
 2.2510	 8.2080
 2.2501	 8.2075
 2.2491	 8.2090
 2.2481	 8.2090
 2.2471	 8.2627
 2.2462	 8.2912
 2.2452	 8.2656
 2.2442	 8.2134
 2.2433	 8.2192
 2.2423	 8.2707
 2.2413	 8.2661
 2.2403	 8.2578
 2.2394	 8.2014
 2.2384	 8.2046
 2.2374	 8.2678
 2.2365	 8.2705
 2.2355	 8.2534
 2.2345	 8.2510
 2.2336	 8.2637
 2.2326	 8.2851
 2.2317	 8.2202
 2.2307	 8.2129
 2.2297	 8.2092
 2.2288	 8.2007
 2.2278	 8.2307
 2.2269	 8.2431
 2.2259	 8.2522
 2.2250	 8.2492
 2.2240	 8.2563
 2.2231	 8.2978
 2.2221	 8.2441
 2.2211	 8.2060
 2.2202	 8.2500
 2.2192	 8.2512
 2.2183	 8.2461
 2.2173	 8.2641
 2.2164	 8.2219
 2.2155	 8.2082
 2.2145	 8.2495
 2.2136	 8.2993
 2.2126	 8.2903
 2.2117	 8.2915
 2.2107	 8.2949
 2.2098	 8.2964
 2.2088	 8.3205
 2.2079	 8.3667
 2.2070	 8.2822
 2.2060	 8.2134
 2.2051	 8.2373
 2.2041	 8.2512
 2.2032	 8.2434
 2.2023	 8.2627
 2.2013	 8.2949
 2.2004	 8.3369
 2.1995	 8.2854
 2.1985	 8.2695
 2.1976	 8.2807
 2.1967	 8.2783
 2.1957	 8.2553
 2.1948	 8.2466
 2.1939	 8.2300
 2.1930	 8.2739
 2.1920	 8.2969
 2.1911	 8.2807
 2.1902	 8.2734
 2.1893	 8.3198
 2.1883	 8.3576
 2.1874	 8.3305
 2.1865	 8.2729
 2.1856	 8.2978
 2.1846	 8.3791
 2.1837	 8.3716
 2.1828	 8.3039
 2.1819	 8.2783
 2.1810	 8.3017
 2.1800	 8.2795
 2.1791	 8.3039
 2.1782	 8.3440
 2.1773	 8.3056
 2.1764	 8.2842
 2.1755	 8.3042
 2.1746	 8.3545
 2.1736	 8.3449
 2.1727	 8.3069
 2.1718	 8.3283
 2.1709	 8.3618
 2.1700	 8.3642
 2.1691	 8.3452
 2.1682	 8.3701
 2.1673	 8.3823
 2.1664	 8.3449
 2.1655	 8.3166
 2.1646	 8.3867
 2.1637	 8.4250
 2.1628	 8.3906
 2.1619	 8.3418
 2.1610	 8.3420
 2.1601	 8.3847
 2.1592	 8.4094
 2.1583	 8.3723
 2.1574	 8.3222
 2.1565	 8.3364
 2.1556	 8.4016
 2.1547	 8.3867
 2.1538	 8.3205
 2.1529	 8.2893
 2.1520	 8.3432
 2.1511	 8.4026
 2.1502	 8.4326
 2.1493	 8.4328
 2.1484	 8.4404
 2.1475	 8.4016
 2.1466	 8.3821
 2.1458	 8.3818
 2.1449	 8.4170
 2.1440	 8.4248
 2.1431	 8.3847
 2.1422	 8.3774
 2.1413	 8.3559
 2.1404	 8.3388
 2.1396	 8.3618
 2.1387	 8.4082
 2.1378	 8.4172
 2.1369	 8.3935
 2.1360	 8.3869
 2.1352	 8.3354
 2.1343	 8.3139
 2.1334	 8.3843
 2.1325	 8.4160
 2.1316	 8.3711
 2.1308	 8.3576
 2.1299	 8.3813
 2.1290	 8.3554
 2.1281	 8.3010
 2.1273	 8.3049
 2.1264	 8.3840
 2.1255	 8.4062
 2.1247	 8.3772
 2.1238	 8.4131
 2.1229	 8.4287
 2.1220	 8.4065
 2.1212	 8.3789
 2.1203	 8.3642
 2.1194	 8.3613
 2.1186	 8.3908
 2.1177	 8.3989
 2.1168	 8.4494
 2.1160	 8.4553
 2.1151	 8.3950
 2.1143	 8.3528
 2.1134	 8.3459
 2.1125	 8.4211
 2.1117	 8.4446
 2.1108	 8.4094
 2.1100	 8.4065
 2.1091	 8.4192
 2.1082	 8.4492
 2.1074	 8.4397
 2.1065	 8.4238
 2.1057	 8.4924
 2.1048	 8.4331
 2.1040	 8.3987
 2.1031	 8.4258
 2.1023	 8.4316
 2.1014	 8.3887
 2.1005	 8.3701
 2.0997	 8.4416
 2.0988	 8.4526
 2.0980	 8.4062
 2.0971	 8.3784
 2.0963	 8.3723
 2.0955	 8.4348
 2.0946	 8.4638
 2.0938	 8.4241
 2.0929	 8.3948
 2.0921	 8.4116
 2.0912	 8.4702
 2.0904	 8.4492
 2.0895	 8.4094
 2.0887	 8.4817
 2.0879	 8.4521
 2.0870	 8.3948
 2.0862	 8.4717
 2.0853	 8.4990
 2.0845	 8.4465
 2.0837	 8.4179
 2.0828	 8.4394
 2.0820	 8.5022
 2.0812	 8.4780
 2.0803	 8.4287
 2.0795	 8.3977
