Name: Quartz SiO_2
Type: Mineral
Class: Silicate
Subclass: Tectosilicate
Particle Size: Medium
Sample No.: TS-1C
Owner: JPL
Wavelength Range: TIR
Origin: USA, South Dakota, Custer County, Custer
Collection Date: N/A
Description: Rose quartz. Particle size was 45-125um.Collected by Ward's Original ASTER Spectral Library name was jpl.nicolet.mineral.silicate.tectosilicate.medium.ts01c.spectrum.txt
Measurement: Hemispherical reflectance
First Column: X
Second Column: Y
X Units: Wavelength (micrometers)
Y Units:Reflectance (percent)
First X Value: 15.3853
Last X Value:  2.0003
Number of X Values: 2256
Additional Information: mineral.silicate.tectosilicate.medium.tir.ts-1c.jpl.nicolet.ancillary.txt

15.3853	 6.7492
15.3397	 6.7658
15.2945	 6.6135
15.2495	 6.5332
15.2048	 6.6113
15.1603	 6.6788
15.1161	 6.4421
15.0722	 6.2805
15.0285	 6.2103
14.9851	 5.7400
14.9419	 5.6598
14.8989	 5.7578
14.8563	 5.4395
14.8138	 5.1598
14.7716	 5.1578
14.7296	 4.9099
14.6879	 4.7415
14.6464	 4.8125
14.6052	 4.6109
14.5641	 4.5011
14.5233	 4.4924
14.4828	 4.4574
14.4424	 4.5470
14.4023	 4.3326
14.3624	 3.7838
14.3227	 3.1586
14.2833	 2.7815
14.2440	 2.7961
14.2050	 3.2260
14.1662	 3.6433
14.1276	 3.6615
14.0892	 3.8160
14.0510	 4.1907
14.0131	 4.3974
13.9753	 4.5866
13.9377	 4.4829
13.9004	 4.4466
13.8632	 4.8433
13.8262	 5.0752
13.7895	 5.0953
13.7529	 5.2532
13.7165	 5.4156
13.6803	 5.2980
13.6443	 5.1026
13.6085	 5.0008
13.5729	 5.2332
13.5374	 5.3741
13.5022	 5.3720
13.4671	 5.4451
13.4322	 5.5438
13.3975	 5.6043
13.3630	 5.5349
13.3286	 5.5524
13.2944	 5.6838
13.2604	 5.6502
13.2266	 5.7686
13.1930	 6.0212
13.1595	 5.9956
13.1262	 5.9648
13.0930	 6.2742
13.0600	 6.6927
13.0272	 7.0291
12.9946	 7.3280
12.9621	 7.9513
12.9298	 8.7954
12.8976	 9.9993
12.8656	11.1475
12.8337	12.0709
12.8021	12.6543
12.7705	12.3813
12.7391	11.3160
12.7079	 9.8740
12.6769	 8.4836
12.6459	 7.8432
12.6152	 8.0072
12.5845	 8.6060
12.5541	 9.4492
12.5238	10.4661
12.4936	10.9272
12.4635	10.5596
12.4337	 9.2483
12.4039	 7.1340
12.3743	 4.4963
12.3448	 2.3056
12.3155	 1.1699
12.2863	 0.9186
12.2573	 1.0057
12.2284	 1.1409
12.1996	 1.3361
12.1710	 1.5787
12.1425	 1.9605
12.1141	 2.1898
12.0859	 2.2392
12.0578	 2.4403
12.0298	 2.7102
12.0019	 2.9011
11.9742	 3.0452
11.9466	 3.2635
11.9192	 3.4462
11.8918	 3.6484
11.8646	 3.7074
11.8375	 3.8215
11.8106	 4.0039
11.7837	 4.3141
11.7570	 4.4146
11.7304	 4.5139
11.7039	 4.7020
11.6776	 4.7242
11.6513	 4.7298
11.6252	 4.7461
11.5992	 4.8501
11.5733	 4.9672
11.5475	 5.0080
11.5219	 5.0692
11.4963	 5.1416
11.4709	 5.2672
11.4455	 5.3422
11.4203	 5.3964
11.3952	 5.5820
11.3702	 5.7045
11.3454	 5.7155
11.3206	 5.6882
11.2959	 5.7753
11.2714	 5.8591
11.2469	 5.8029
11.2226	 5.9020
11.1983	 5.8998
11.1742	 5.9131
11.1502	 6.0204
11.1263	 6.0952
11.1024	 6.1658
11.0787	 6.3038
11.0551	 6.5350
11.0316	 6.5024
11.0081	 6.3810
10.9848	 6.4903
10.9616	 6.5378
10.9385	 6.5758
10.9154	 6.5383
10.8925	 6.5477
10.8697	 6.7152
10.8469	 6.7104
10.8243	 6.6868
10.8017	 6.6250
10.7793	 6.6608
10.7569	 6.7660
10.7346	 6.7218
10.7125	 6.6372
10.6904	 6.5678
10.6684	 6.5535
10.6465	 6.5770
10.6247	 6.6216
10.6029	 6.7347
10.5813	 6.8638
10.5597	 6.8826
10.5383	 6.8571
10.5169	 6.9228
10.4956	 6.9268
10.4744	 7.0078
10.4533	 7.0872
10.4323	 7.0840
10.4113	 7.0612
10.3904	 7.1305
10.3697	 7.2841
10.3490	 7.4054
10.3284	 7.4482
10.3078	 7.4883
10.2874	 7.6265
10.2670	 7.7231
10.2467	 7.7843
10.2265	 7.8450
10.2064	 7.8813
10.1863	 7.9891
10.1663	 8.1073
10.1464	 8.1667
10.1266	 8.1804
10.1069	 8.2938
10.0872	 8.4177
10.0676	 8.4203
10.0481	 8.5547
10.0287	 8.7294
10.0093	 8.9059
 9.9901	 9.1065
 9.9708	 9.2193
 9.9517	 9.3332
 9.9326	 9.5720
 9.9136	 9.8147
 9.8947	 9.9730
 9.8759	10.2038
 9.8571	10.4042
 9.8384	10.6696
 9.8198	10.9033
 9.8012	11.1081
 9.7827	11.3837
 9.7643	11.7858
 9.7459	12.1687
 9.7276	12.3895
 9.7094	12.5952
 9.6913	12.9708
 9.6732	13.4209
 9.6552	13.9378
 9.6372	14.4381
 9.6194	15.0189
 9.6015	15.5865
 9.5838	16.0124
 9.5661	16.4966
 9.5485	17.2286
 9.5309	18.1085
 9.5135	19.0680
 9.4960	20.3211
 9.4787	21.6753
 9.4614	23.0262
 9.4441	24.7248
 9.4270	26.9426
 9.4099	29.6766
 9.3928	32.8300
 9.3758	36.1922
 9.3589	39.5580
 9.3420	42.7120
 9.3252	45.5752
 9.3085	47.9172
 9.2918	49.4841
 9.2752	50.4538
 9.2586	51.2026
 9.2421	51.7491
 9.2257	52.2336
 9.2093	52.6937
 9.1930	52.9637
 9.1767	53.1267
 9.1605	53.3588
 9.1443	53.5803
 9.1282	53.7612
 9.1122	53.9514
 9.0962	54.0917
 9.0803	54.1449
 9.0644	54.2692
 9.0486	54.3877
 9.0328	54.3558
 9.0171	54.3347
 9.0015	54.2784
 8.9858	54.1749
 8.9703	54.1363
 8.9548	54.1723
 8.9394	54.0209
 8.9240	53.8148
 8.9086	53.5135
 8.8934	53.1619
 8.8781	52.8872
 8.8630	52.5864
 8.8478	52.2080
 8.8328	51.6723
 8.8177	50.9673
 8.8028	50.3153
 8.7879	49.6257
 8.7730	48.9364
 8.7582	48.2773
 8.7434	47.6967
 8.7287	47.0130
 8.7140	45.9700
 8.6994	44.6877
 8.6848	42.7855
 8.6703	39.7279
 8.6558	35.5990
 8.6414	31.2339
 8.6270	29.2597
 8.6127	31.2526
 8.5984	35.7076
 8.5842	40.2375
 8.5700	43.3641
 8.5558	45.4456
 8.5417	46.8527
 8.5277	47.6936
 8.5137	48.1957
 8.4997	48.3907
 8.4858	48.4282
 8.4719	48.3806
 8.4581	48.2022
 8.4444	48.0299
 8.4306	47.8984
 8.4169	47.6939
 8.4033	47.4285
 8.3897	47.1745
 8.3761	46.8575
 8.3626	46.4734
 8.3492	46.2970
 8.3357	46.2267
 8.3224	45.9907
 8.3090	45.7838
 8.2957	45.7413
 8.2825	45.7005
 8.2693	45.6145
 8.2561	45.4699
 8.2430	45.1681
 8.2299	44.7407
 8.2169	44.2334
 8.2038	43.5695
 8.1909	42.6594
 8.1780	41.3486
 8.1651	39.7827
 8.1523	37.7772
 8.1395	35.3554
 8.1267	32.9125
 8.1140	30.5255
 8.1013	28.2370
 8.0887	26.1358
 8.0761	24.2929
 8.0635	22.4588
 8.0510	20.7321
 8.0385	19.1513
 8.0261	17.6339
 8.0137	16.3903
 8.0013	15.2190
 7.9890	14.0157
 7.9767	12.8050
 7.9644	11.7165
 7.9522	10.6781
 7.9400	 9.6185
 7.9279	 8.6287
 7.9158	 7.6488
 7.9037	 6.8932
 7.8917	 6.2770
 7.8797	 5.7478
 7.8677	 5.2412
 7.8558	 4.7348
 7.8439	 4.2316
 7.8321	 3.8748
 7.8203	 3.5556
 7.8085	 3.2181
 7.7967	 2.8988
 7.7850	 2.6208
 7.7734	 2.4477
 7.7617	 2.3874
 7.7501	 2.2439
 7.7386	 1.9922
 7.7270	 1.7846
 7.7155	 1.6172
 7.7041	 1.4178
 7.6926	 1.2241
 7.6812	 1.0192
 7.6699	 0.9646
 7.6585	 0.9122
 7.6472	 0.7762
 7.6360	 0.6684
 7.6247	 0.5872
 7.6136	 0.5506
 7.6024	 0.5065
 7.5913	 0.4265
 7.5802	 0.3164
 7.5691	 0.2670
 7.5581	 0.2886
 7.5471	 0.2831
 7.5361	 0.2128
 7.5252	 0.2642
 7.5142	 0.2616
 7.5034	 0.1147
 7.4925	 0.1091
 7.4817	 0.1277
 7.4709	 0.0538
 7.4602	0.000
 7.4495	 0.0207
 7.4388	 0.1446
 7.4281	 0.1889
 7.4175	 0.1831
 7.4069	 0.0620
 7.3963	0.000
 7.3858	 0.0378
 7.3753	 0.0505
 7.3648	 0.0607
 7.3544	 0.1000
 7.3440	 0.0647
 7.3336	 0.0120
 7.3232	 0.1157
 7.3129	 0.1026
 7.3026	 0.1095
 7.2923	 0.0688
 7.2821	 0.0675
 7.2718	 0.1184
 7.2617	 0.0771
 7.2515	 0.1234
 7.2414	 0.1845
 7.2313	 0.2006
 7.2212	 0.2323
 7.2112	 0.2358
 7.2012	 0.2515
 7.1912	 0.2812
 7.1812	 0.3079
 7.1713	 0.3177
 7.1614	 0.2393
 7.1515	 0.1871
 7.1416	 0.2482
 7.1318	 0.2567
 7.1220	 0.3015
 7.1123	 0.3837
 7.1025	 0.4566
 7.0928	 0.5159
 7.0831	 0.5447
 7.0734	 0.4663
 7.0638	 0.5319
 7.0542	 0.5835
 7.0446	 0.6281
 7.0351	 0.6349
 7.0255	 0.6698
 7.0160	 0.6855
 7.0065	 0.6664
 6.9971	 0.7069
 6.9877	 0.8147
 6.9782	 0.9014
 6.9689	 0.9148
 6.9595	 0.9148
 6.9502	 0.9598
 6.9409	 1.0241
 6.9316	 1.0719
 6.9223	 1.0707
 6.9131	 1.1636
 6.9039	 1.2047
 6.8947	 1.2074
 6.8856	 1.2478
 6.8764	 1.2466
 6.8673	 1.2578
 6.8582	 1.3081
 6.8492	 1.3044
 6.8402	 1.2322
 6.8311	 1.2245
 6.8221	 1.2700
 6.8132	 1.2668
 6.8042	 1.2681
 6.7953	 1.2270
 6.7864	 1.2008
 6.7776	 1.1529
 6.7687	 1.0643
 6.7599	 1.0114
 6.7511	 1.0198
 6.7423	 1.0112
 6.7336	 0.9678
 6.7248	 0.9787
 6.7161	 1.0344
 6.7074	 1.0476
 6.6988	 1.0107
 6.6901	 1.0445
 6.6815	 1.1250
 6.6729	 1.2106
 6.6643	 1.2566
 6.6558	 1.2390
 6.6472	 1.2627
 6.6387	 1.2853
 6.6302	 1.2839
 6.6217	 1.3263
 6.6133	 1.2990
 6.6049	 1.2409
 6.5965	 1.2211
 6.5881	 1.2379
 6.5797	 1.2759
 6.5714	 1.3195
 6.5631	 1.2980
 6.5548	 1.1867
 6.5465	 1.1730
 6.5382	 1.2175
 6.5300	 1.2828
 6.5218	 1.4795
 6.5136	 1.7349
 6.5054	 1.9305
 6.4973	 2.1109
 6.4892	 2.2995
 6.4810	 2.5835
 6.4729	 2.8370
 6.4649	 2.9981
 6.4568	 3.2571
 6.4488	 3.3950
 6.4408	 3.4289
 6.4328	 3.5450
 6.4248	 3.6528
 6.4169	 3.6691
 6.4089	 3.5380
 6.4010	 3.3154
 6.3931	 3.1420
 6.3853	 3.0089
 6.3774	 2.9037
 6.3696	 2.7461
 6.3618	 2.6193
 6.3540	 2.5356
 6.3462	 2.3580
 6.3384	 2.1354
 6.3307	 1.9879
 6.3230	 1.8458
 6.3153	 1.6845
 6.3076	 1.7000
 6.2999	 1.6393
 6.2923	 1.5597
 6.2847	 1.4777
 6.2770	 1.3450
 6.2694	 1.2929
 6.2619	 1.2884
 6.2543	 1.2403
 6.2468	 1.1060
 6.2393	 1.0742
 6.2318	 1.1491
 6.2243	 1.1136
 6.2168	 1.0919
 6.2094	 1.0933
 6.2020	 1.0572
 6.1945	 1.0422
 6.1871	 1.1080
 6.1798	 1.2401
 6.1724	 1.3416
 6.1651	 1.3755
 6.1578	 1.4426
 6.1505	 1.5943
 6.1432	 1.7039
 6.1359	 1.8096
 6.1286	 1.9760
 6.1214	 2.2828
 6.1142	 2.4949
 6.1070	 2.5505
 6.0998	 2.6070
 6.0926	 2.8388
 6.0855	 3.1021
 6.0784	 3.2288
 6.0712	 3.3048
 6.0641	 3.3564
 6.0571	 3.4462
 6.0500	 3.5193
 6.0429	 3.3912
 6.0359	 3.2782
 6.0289	 3.2223
 6.0219	 3.1951
 6.0149	 3.1161
 6.0079	 3.0049
 6.0010	 2.8619
 5.9940	 2.8133
 5.9871	 2.7333
 5.9802	 2.5060
 5.9733	 2.4200
 5.9664	 2.3762
 5.9596	 2.2403
 5.9527	 2.2516
 5.9459	 2.2309
 5.9391	 2.1183
 5.9323	 2.0865
 5.9255	 2.1174
 5.9188	 2.2108
 5.9120	 2.3702
 5.9053	 2.4788
 5.8986	 2.6577
 5.8919	 2.8765
 5.8852	 3.0865
 5.8785	 3.2650
 5.8718	 3.4206
 5.8652	 3.6754
 5.8586	 3.8925
 5.8520	 4.1131
 5.8454	 4.3639
 5.8388	 4.6039
 5.8322	 4.8396
 5.8257	 5.1098
 5.8191	 5.3626
 5.8126	 5.5519
 5.8061	 5.7657
 5.7996	 5.9945
 5.7931	 6.2295
 5.7866	 6.4399
 5.7802	 6.7309
 5.7738	 7.1102
 5.7673	 7.4314
 5.7609	 7.5756
 5.7545	 7.6479
 5.7481	 7.8426
 5.7418	 8.0031
 5.7354	 8.1397
 5.7291	 8.3383
 5.7228	 8.4784
 5.7165	 8.5185
 5.7102	 8.5230
 5.7039	 8.3927
 5.6976	 8.2064
 5.6914	 8.0220
 5.6851	 7.7346
 5.6789	 7.3165
 5.6727	 6.8035
 5.6665	 6.1991
 5.6603	 5.5244
 5.6541	 4.9086
 5.6480	 4.4394
 5.6418	 4.0225
 5.6357	 3.6318
 5.6296	 3.3506
 5.6235	 3.1813
 5.6174	 3.0419
 5.6113	 2.8724
 5.6052	 2.7102
 5.5992	 2.7021
 5.5931	 2.7261
 5.5871	 2.6449
 5.5811	 2.6170
 5.5751	 2.5794
 5.5691	 2.5773
 5.5631	 2.6380
 5.5572	 2.7130
 5.5512	 2.7769
 5.5453	 2.8396
 5.5393	 2.9395
 5.5334	 3.0135
 5.5275	 3.1736
 5.5217	 3.4071
 5.5158	 3.6275
 5.5099	 3.7594
 5.5041	 3.8986
 5.4982	 4.0628
 5.4924	 4.2811
 5.4866	 4.6034
 5.4808	 4.8281
 5.4750	 4.9459
 5.4692	 5.1672
 5.4635	 5.3526
 5.4577	 5.3514
 5.4520	 5.2574
 5.4463	 5.2534
 5.4405	 5.1308
 5.4348	 4.8418
 5.4291	 4.5644
 5.4235	 4.2757
 5.4178	 3.8540
 5.4121	 3.4216
 5.4065	 3.0228
 5.4009	 2.6001
 5.3952	 2.3572
 5.3896	 2.2169
 5.3840	 1.9924
 5.3785	 1.7742
 5.3729	 1.7031
 5.3673	 1.6339
 5.3618	 1.5881
 5.3562	 1.6211
 5.3507	 1.5990
 5.3452	 1.5863
 5.3397	 1.5932
 5.3342	 1.6120
 5.3287	 1.6168
 5.3232	 1.6443
 5.3178	 1.6234
 5.3123	 1.5256
 5.3069	 1.5828
 5.3015	 1.6993
 5.2961	 1.7123
 5.2907	 1.6904
 5.2852	 1.7415
 5.2799	 1.8174
 5.2745	 1.8423
 5.2691	 1.9388
 5.2638	 2.1673
 5.2584	 2.3708
 5.2531	 2.4471
 5.2478	 2.5699
 5.2425	 2.7665
 5.2372	 3.0623
 5.2319	 3.4066
 5.2267	 3.7881
 5.2214	 4.1736
 5.2161	 4.5062
 5.2109	 4.7923
 5.2057	 5.1079
 5.2004	 5.2639
 5.1952	 5.2274
 5.1900	 5.1981
 5.1848	 5.1976
 5.1796	 5.1640
 5.1745	 5.0792
 5.1693	 5.0629
 5.1642	 5.0640
 5.1590	 4.9901
 5.1539	 4.8674
 5.1488	 4.8018
 5.1437	 4.7421
 5.1386	 4.6823
 5.1335	 4.6319
 5.1284	 4.5674
 5.1234	 4.6293
 5.1183	 4.6623
 5.1132	 4.5958
 5.1082	 4.5522
 5.1032	 4.4883
 5.0982	 4.4057
 5.0932	 4.2389
 5.0882	 4.0469
 5.0832	 3.9272
 5.0782	 3.8437
 5.0732	 3.7298
 5.0683	 3.6120
 5.0633	 3.5593
 5.0584	 3.5282
 5.0534	 3.5332
 5.0485	 3.5270
 5.0436	 3.5257
 5.0387	 3.5226
 5.0338	 3.5316
 5.0289	 3.5498
 5.0241	 3.4877
 5.0192	 3.4101
 5.0144	 3.4470
 5.0095	 3.4835
 5.0047	 3.4813
 4.9998	 3.5311
 4.9950	 3.5424
 4.9902	 3.6512
 4.9854	 3.8478
 4.9806	 3.9940
 4.9759	 4.2109
 4.9711	 4.5483
 4.9663	 4.9344
 4.9616	 5.3686
 4.9568	 5.7447
 4.9521	 6.0446
 4.9474	 6.4623
 4.9426	 6.8004
 4.9379	 6.9328
 4.9332	 7.1556
 4.9286	 7.5158
 4.9239	 7.8458
 4.9192	 8.3791
 4.9145	 9.1835
 4.9099	10.0987
 4.9052	11.2505
 4.9006	12.6278
 4.8960	14.1335
 4.8914	15.7098
 4.8867	17.3440
 4.8821	18.9599
 4.8776	20.4942
 4.8730	21.8863
 4.8684	23.1639
 4.8638	24.4309
 4.8593	25.5914
 4.8547	26.6478
 4.8502	27.5955
 4.8456	28.5058
 4.8411	29.3792
 4.8366	30.1596
 4.8321	30.9157
 4.8276	31.6557
 4.8231	32.3604
 4.8186	33.0723
 4.8141	33.7519
 4.8097	34.4368
 4.8052	35.0575
 4.8008	35.6377
 4.7963	36.2813
 4.7919	36.8847
 4.7875	37.4339
 4.7831	37.9673
 4.7786	38.4088
 4.7743	38.9256
 4.7699	39.3916
 4.7655	39.8507
 4.7611	40.2542
 4.7567	40.6634
 4.7524	41.0465
 4.7480	41.3649
 4.7437	41.6451
 4.7393	41.8806
 4.7350	42.1310
 4.7307	42.3014
 4.7264	42.2893
 4.7221	42.1797
 4.7178	42.0233
 4.7135	41.7029
 4.7092	41.1963
 4.7049	40.4198
 4.7007	39.4164
 4.6964	38.2159
 4.6922	37.0561
 4.6879	36.1970
 4.6837	35.7023
 4.6795	35.7347
 4.6752	36.2948
 4.6710	37.2092
 4.6668	38.2926
 4.6626	39.4176
 4.6584	40.5224
 4.6543	41.5472
 4.6501	42.5425
 4.6459	43.5572
 4.6418	44.6352
 4.6376	45.7372
 4.6334	46.7514
 4.6293	47.5996
 4.6252	48.3731
 4.6211	49.0816
 4.6170	49.6631
 4.6128	50.1200
 4.6087	50.5076
 4.6047	50.8433
 4.6006	51.1451
 4.5965	51.4200
 4.5924	51.6068
 4.5884	51.7138
 4.5843	51.8217
 4.5802	51.8927
 4.5762	51.8125
 4.5722	51.6661
 4.5681	51.4448
 4.5641	51.1597
 4.5601	50.7823
 4.5561	50.2530
 4.5521	49.5062
 4.5481	48.6543
 4.5441	47.6765
 4.5401	46.6251
 4.5362	45.4429
 4.5322	44.1835
 4.5282	42.9879
 4.5243	41.7322
 4.5203	40.3662
 4.5164	38.9829
 4.5125	37.5192
 4.5085	36.0784
 4.5046	34.7970
 4.5007	33.7990
 4.4968	32.9359
 4.4929	32.2349
 4.4890	31.7370
 4.4851	31.3379
 4.4813	31.0038
 4.4774	30.6152
 4.4735	30.3635
 4.4697	30.3180
 4.4658	30.3459
 4.4620	30.4617
 4.4581	30.8690
 4.4543	31.4549
 4.4505	32.0561
 4.4467	32.5836
 4.4429	33.0357
 4.4391	33.3911
 4.4353	33.6516
 4.4315	33.9985
 4.4277	34.3962
 4.4239	34.9422
 4.4201	35.4474
 4.4164	35.9282
 4.4126	36.4878
 4.4089	37.0837
 4.4051	37.7130
 4.4014	38.3364
 4.3976	39.0019
 4.3939	39.7736
 4.3902	40.5407
 4.3865	41.3281
 4.3828	42.1937
 4.3791	43.0658
 4.3754	43.8791
 4.3717	44.7535
 4.3680	45.6262
 4.3643	46.4309
 4.3607	47.1793
 4.3570	47.8851
 4.3533	48.5733
 4.3497	49.1321
 4.3460	49.6046
 4.3424	50.0055
 4.3388	50.3479
 4.3351	50.6118
 4.3315	50.8218
 4.3279	50.9292
 4.3243	50.9333
 4.3207	50.8347
 4.3171	50.6559
 4.3135	50.3986
 4.3099	50.1743
 4.3063	49.9668
 4.3028	49.6745
 4.2992	49.4298
 4.2956	49.2618
 4.2921	49.1892
 4.2885	49.1017
 4.2850	49.1414
 4.2815	49.4014
 4.2779	49.6892
 4.2744	49.9667
 4.2709	50.2734
 4.2674	50.7150
 4.2638	51.2073
 4.2603	51.6160
 4.2568	51.9754
 4.2534	52.1774
 4.2499	52.0964
 4.2464	51.8737
 4.2429	51.7248
 4.2394	51.6354
 4.2360	51.5455
 4.2325	51.5133
 4.2291	51.6666
 4.2256	51.8629
 4.2222	52.1427
 4.2187	52.4014
 4.2153	52.5625
 4.2119	52.7001
 4.2085	52.8324
 4.2051	52.8664
 4.2016	52.9049
 4.1982	53.0114
 4.1948	53.1159
 4.1915	53.2655
 4.1881	53.5840
 4.1847	53.8908
 4.1813	54.2002
 4.1780	54.5430
 4.1746	54.9330
 4.1712	55.2924
 4.1679	55.4899
 4.1645	55.6543
 4.1612	55.9148
 4.1578	56.1943
 4.1545	56.4824
 4.1512	56.7336
 4.1479	56.9066
 4.1445	57.1012
 4.1412	57.3735
 4.1379	57.6543
 4.1346	57.9204
 4.1313	58.2520
 4.1280	58.6491
 4.1248	58.9591
 4.1215	59.3247
 4.1182	59.6828
 4.1150	59.9905
 4.1117	60.3839
 4.1084	60.7562
 4.1052	61.0337
 4.1019	61.3790
 4.0987	61.7473
 4.0954	62.1586
 4.0922	62.5176
 4.0890	62.8464
 4.0858	63.1554
 4.0826	63.4689
 4.0793	63.7401
 4.0761	63.9528
 4.0729	64.1351
 4.0697	64.2868
 4.0665	64.4306
 4.0633	64.5299
 4.0602	64.5940
 4.0570	64.6513
 4.0538	64.6182
 4.0507	64.5688
 4.0475	64.5154
 4.0443	64.4836
 4.0412	64.4329
 4.0380	64.2970
 4.0349	64.1876
 4.0317	64.1881
 4.0286	64.1290
 4.0255	64.0031
 4.0224	63.9914
 4.0193	63.9872
 4.0161	63.9616
 4.0130	63.9468
 4.0099	63.9180
 4.0068	63.9239
 4.0037	64.0409
 4.0006	64.1147
 3.9976	64.1405
 3.9945	64.2408
 3.9914	64.3669
 3.9883	64.4905
 3.9853	64.6536
 3.9822	64.8476
 3.9792	65.0992
 3.9761	65.3166
 3.9731	65.4969
 3.9700	65.7548
 3.9670	66.0404
 3.9639	66.3305
 3.9609	66.5774
 3.9579	66.8014
 3.9549	67.0175
 3.9519	67.2458
 3.9489	67.5071
 3.9458	67.7946
 3.9428	67.9975
 3.9398	68.1889
 3.9369	68.3664
 3.9339	68.4894
 3.9309	68.6685
 3.9279	68.8358
 3.9249	68.9050
 3.9220	69.0277
 3.9190	69.0733
 3.9160	69.0138
 3.9131	68.9738
 3.9101	68.8966
 3.9072	68.8029
 3.9042	68.7073
 3.9013	68.5893
 3.8984	68.4486
 3.8954	68.2613
 3.8925	68.0651
 3.8896	67.8563
 3.8867	67.6475
 3.8838	67.5447
 3.8809	67.3846
 3.8780	67.1779
 3.8751	67.0395
 3.8722	66.8940
 3.8693	66.7365
 3.8664	66.5701
 3.8635	66.3940
 3.8606	66.2955
 3.8578	66.3410
 3.8549	66.3432
 3.8520	66.2652
 3.8492	66.2377
 3.8463	66.2924
 3.8435	66.2767
 3.8406	66.3620
 3.8378	66.5376
 3.8349	66.6935
 3.8321	66.8327
 3.8293	66.9529
 3.8264	67.1182
 3.8236	67.2408
 3.8208	67.3296
 3.8180	67.4361
 3.8152	67.5080
 3.8124	67.6226
 3.8096	67.7259
 3.8068	67.8141
 3.8040	67.8390
 3.8012	67.8503
 3.7984	67.8293
 3.7956	67.8277
 3.7929	67.7953
 3.7901	67.7061
 3.7873	67.5753
 3.7845	67.4244
 3.7818	67.2792
 3.7790	67.1817
 3.7763	67.0288
 3.7735	66.8825
 3.7708	66.6803
 3.7681	66.4936
 3.7653	66.3385
 3.7626	66.2059
 3.7599	66.0270
 3.7571	65.8042
 3.7544	65.7064
 3.7517	65.7325
 3.7490	65.6960
 3.7463	65.5912
 3.7436	65.5335
 3.7409	65.5378
 3.7382	65.5215
 3.7355	65.5568
 3.7328	65.6261
 3.7301	65.7442
 3.7274	65.8808
 3.7247	66.1455
 3.7221	66.4443
 3.7194	66.6660
 3.7167	66.8971
 3.7141	67.0910
 3.7114	67.3140
 3.7088	67.6329
 3.7061	68.0291
 3.7035	68.3729
 3.7008	68.7384
 3.6982	69.0880
 3.6955	69.4173
 3.6929	69.7902
 3.6903	70.0783
 3.6877	70.3972
 3.6850	70.7208
 3.6824	71.0536
 3.6798	71.4137
 3.6772	71.7484
 3.6746	72.0443
 3.6720	72.3499
 3.6694	72.5744
 3.6668	72.8229
 3.6642	73.0963
 3.6616	73.3355
 3.6590	73.5327
 3.6564	73.6839
 3.6539	73.7301
 3.6513	73.8487
 3.6487	74.0068
 3.6462	74.1235
 3.6436	74.2116
 3.6410	74.2608
 3.6385	74.2626
 3.6359	74.3220
 3.6334	74.4098
 3.6308	74.4708
 3.6283	74.4413
 3.6258	74.3838
 3.6232	74.4205
 3.6207	74.4782
 3.6182	74.5398
 3.6156	74.5757
 3.6131	74.5776
 3.6106	74.5693
 3.6081	74.6251
 3.6056	74.6545
 3.6031	74.6663
 3.6006	74.7876
 3.5981	74.8444
 3.5956	74.8902
 3.5931	75.0429
 3.5906	75.1493
 3.5881	75.2174
 3.5856	75.2901
 3.5832	75.3335
 3.5807	75.4295
 3.5782	75.5964
 3.5758	75.6988
 3.5733	75.7710
 3.5708	75.8222
 3.5684	75.9306
 3.5659	76.0946
 3.5635	76.2028
 3.5610	76.3488
 3.5586	76.4871
 3.5561	76.5801
 3.5537	76.6902
 3.5513	76.8506
 3.5488	76.9279
 3.5464	77.0279
 3.5440	77.1987
 3.5415	77.3028
 3.5391	77.3602
 3.5367	77.5099
 3.5343	77.6704
 3.5319	77.7253
 3.5295	77.8312
 3.5271	77.9963
 3.5247	78.0814
 3.5223	78.1259
 3.5199	78.2057
 3.5175	78.2670
 3.5151	78.2572
 3.5128	78.2616
 3.5104	78.2270
 3.5080	78.1518
 3.5056	78.1107
 3.5033	78.1786
 3.5009	78.1724
 3.4985	78.1957
 3.4962	78.3479
 3.4938	78.5336
 3.4915	78.6235
 3.4891	78.7307
 3.4868	78.8716
 3.4844	78.9929
 3.4821	79.0451
 3.4798	79.0692
 3.4774	79.1521
 3.4751	79.2135
 3.4728	79.2733
 3.4704	79.3227
 3.4681	79.3233
 3.4658	79.3968
 3.4635	79.4716
 3.4612	79.5511
 3.4589	79.5688
 3.4566	79.4765
 3.4543	79.4451
 3.4520	79.4769
 3.4497	79.4400
 3.4474	79.3740
 3.4451	79.3378
 3.4428	79.3372
 3.4405	79.2257
 3.4382	79.1578
 3.4359	79.1103
 3.4337	78.9970
 3.4314	78.8766
 3.4291	78.6687
 3.4269	78.4716
 3.4246	78.2870
 3.4223	78.1825
 3.4201	78.0665
 3.4178	77.9267
 3.4156	77.8548
 3.4133	77.8202
 3.4111	77.8605
 3.4088	77.9893
 3.4066	78.0712
 3.4043	78.1468
 3.4021	78.2027
 3.3999	78.2605
 3.3977	78.2865
 3.3954	78.3163
 3.3932	78.4692
 3.3910	78.5110
 3.3888	78.4762
 3.3866	78.4548
 3.3844	78.4332
 3.3822	78.4172
 3.3799	78.2956
 3.3777	78.1881
 3.3755	78.1947
 3.3733	78.2001
 3.3712	78.2057
 3.3690	78.3460
 3.3668	78.4686
 3.3646	78.5890
 3.3624	78.7129
 3.3602	78.7467
 3.3580	78.8322
 3.3559	78.8743
 3.3537	78.8531
 3.3515	78.9280
 3.3494	78.9953
 3.3472	79.0181
 3.3451	79.0281
 3.3429	78.9723
 3.3407	79.0492
 3.3386	79.0676
 3.3364	78.9563
 3.3343	78.8621
 3.3321	78.8776
 3.3300	78.9070
 3.3279	78.8788
 3.3257	78.8463
 3.3236	78.8365
 3.3215	78.7812
 3.3194	78.7262
 3.3172	78.7079
 3.3151	78.6975
 3.3130	78.5917
 3.3109	78.4731
 3.3088	78.3225
 3.3066	78.2861
 3.3045	78.2525
 3.3024	78.2182
 3.3003	78.1360
 3.2982	78.1350
 3.2961	78.1754
 3.2940	78.0716
 3.2920	77.8767
 3.2899	77.6807
 3.2878	77.6469
 3.2857	77.6660
 3.2836	77.5977
 3.2815	77.5253
 3.2795	77.4499
 3.2774	77.3819
 3.2753	77.3998
 3.2732	77.3114
 3.2712	77.2228
 3.2691	77.1847
 3.2671	77.0673
 3.2650	76.9610
 3.2630	76.9485
 3.2609	76.9532
 3.2588	76.8244
 3.2568	76.7209
 3.2548	76.6749
 3.2527	76.5988
 3.2507	76.5512
 3.2486	76.5006
 3.2466	76.4727
 3.2446	76.4432
 3.2426	76.3288
 3.2405	76.2039
 3.2385	76.1539
 3.2365	76.1817
 3.2345	76.0635
 3.2324	75.9559
 3.2304	75.8858
 3.2284	75.8153
 3.2264	75.7819
 3.2244	75.6887
 3.2224	75.5038
 3.2204	75.3700
 3.2184	75.3489
 3.2164	75.3165
 3.2144	75.2464
 3.2124	75.1674
 3.2104	75.0433
 3.2084	74.9637
 3.2064	74.9039
 3.2045	74.8660
 3.2025	74.7381
 3.2005	74.6101
 3.1985	74.5309
 3.1966	74.4105
 3.1946	74.3068
 3.1926	74.1604
 3.1907	74.0396
 3.1887	73.9552
 3.1867	73.8791
 3.1848	73.7877
 3.1828	73.6586
 3.1809	73.5717
 3.1789	73.5371
 3.1770	73.4858
 3.1750	73.3273
 3.1731	73.1464
 3.1711	73.0689
 3.1692	73.0401
 3.1673	72.9498
 3.1653	72.7893
 3.1634	72.6311
 3.1615	72.5111
 3.1596	72.4141
 3.1576	72.2866
 3.1557	72.0963
 3.1538	71.9220
 3.1519	71.7564
 3.1500	71.6230
 3.1481	71.4900
 3.1461	71.2563
 3.1442	70.9401
 3.1423	70.7018
 3.1404	70.5622
 3.1385	70.3843
 3.1366	70.1920
 3.1347	70.0402
 3.1328	69.9094
 3.1309	69.7479
 3.1290	69.7047
 3.1272	69.6653
 3.1253	69.4813
 3.1234	69.2664
 3.1215	69.3142
 3.1196	69.4252
 3.1178	69.3472
 3.1159	69.3032
 3.1140	69.3226
 3.1121	69.3247
 3.1103	69.2538
 3.1084	69.2324
 3.1065	69.2414
 3.1047	69.2120
 3.1028	69.1878
 3.1010	69.2103
 3.0991	69.2030
 3.0973	69.1168
 3.0954	69.0502
 3.0936	69.0742
 3.0917	69.0156
 3.0899	68.9599
 3.0880	68.8596
 3.0862	68.7246
 3.0844	68.6371
 3.0825	68.5786
 3.0807	68.5453
 3.0789	68.4202
 3.0770	68.2442
 3.0752	68.2372
 3.0734	68.1813
 3.0716	67.9787
 3.0698	67.8324
 3.0680	67.8105
 3.0661	67.6540
 3.0643	67.5102
 3.0625	67.4521
 3.0607	67.2816
 3.0589	67.1140
 3.0571	66.9737
 3.0553	66.7973
 3.0535	66.5991
 3.0517	66.4290
 3.0499	66.3167
 3.0481	66.1689
 3.0463	65.8476
 3.0445	65.5627
 3.0427	65.4548
 3.0410	65.3221
 3.0392	65.1753
 3.0374	65.1048
 3.0356	65.0463
 3.0338	64.9363
 3.0321	64.7507
 3.0303	64.6480
 3.0285	64.5146
 3.0268	64.3142
 3.0250	64.2125
 3.0232	64.1679
 3.0215	64.1045
 3.0197	64.0125
 3.0179	63.9857
 3.0162	64.0258
 3.0144	64.1251
 3.0127	64.1453
 3.0109	64.1402
 3.0092	64.1989
 3.0074	64.3522
 3.0057	64.4398
 3.0040	64.4315
 3.0022	64.4975
 3.0005	64.6070
 2.9987	64.6607
 2.9970	64.7508
 2.9953	64.7839
 2.9935	64.6751
 2.9918	64.5609
 2.9901	64.5904
 2.9884	64.6900
 2.9867	64.7295
 2.9849	64.5396
 2.9832	64.3537
 2.9815	64.2267
 2.9798	63.9717
 2.9781	63.6729
 2.9764	63.2873
 2.9747	62.9026
 2.9729	62.4646
 2.9712	61.9137
 2.9695	61.2655
 2.9678	60.5471
 2.9661	59.8303
 2.9645	59.1849
 2.9628	58.7198
 2.9611	58.4164
 2.9594	58.4605
 2.9577	58.7344
 2.9560	59.0231
 2.9543	59.5181
 2.9526	60.0489
 2.9510	60.5745
 2.9493	61.1677
 2.9476	61.6557
 2.9459	61.9311
 2.9442	62.1862
 2.9426	62.4324
 2.9409	62.6623
 2.9392	63.0076
 2.9376	63.1508
 2.9359	63.0931
 2.9343	63.1926
 2.9326	63.3640
 2.9309	63.3820
 2.9293	63.3136
 2.9276	63.3108
 2.9260	63.3850
 2.9243	63.3021
 2.9227	63.2601
 2.9210	63.2570
 2.9194	63.2522
 2.9177	63.2823
 2.9161	63.2815
 2.9145	63.3511
 2.9128	63.3843
 2.9112	63.4166
 2.9096	63.6361
 2.9079	63.9322
 2.9063	64.1330
 2.9047	64.2797
 2.9030	64.5454
 2.9014	64.7910
 2.8998	65.0057
 2.8982	65.1775
 2.8966	65.2345
 2.8949	65.3489
 2.8933	65.5796
 2.8917	65.8552
 2.8901	65.9986
 2.8885	66.0212
 2.8869	66.0797
 2.8853	66.2051
 2.8837	66.2344
 2.8821	66.1898
 2.8805	66.1832
 2.8789	66.1004
 2.8773	65.9418
 2.8757	65.5414
 2.8741	64.9137
 2.8725	64.4306
 2.8709	64.3912
 2.8693	64.9535
 2.8677	65.7081
 2.8661	66.3557
 2.8645	66.8677
 2.8630	67.1882
 2.8614	67.4563
 2.8598	67.6933
 2.8582	67.8553
 2.8567	67.9619
 2.8551	68.1269
 2.8535	68.1829
 2.8519	68.2820
 2.8504	68.4745
 2.8488	68.6240
 2.8472	68.8656
 2.8457	69.0048
 2.8441	69.0135
 2.8426	69.0161
 2.8410	69.0854
 2.8394	69.2731
 2.8379	69.3212
 2.8363	69.3699
 2.8348	69.5051
 2.8332	69.5442
 2.8317	69.6156
 2.8302	69.6179
 2.8286	69.7474
 2.8271	69.9590
 2.8255	69.9937
 2.8240	70.0098
 2.8224	70.1911
 2.8209	70.4251
 2.8194	70.6093
 2.8178	70.7284
 2.8163	70.7213
 2.8148	70.7985
 2.8133	70.9543
 2.8117	71.0670
 2.8102	71.1971
 2.8087	71.3589
 2.8072	71.4870
 2.8056	71.6285
 2.8041	71.8999
 2.8026	72.0310
 2.8011	71.9345
 2.7996	71.9409
 2.7981	72.0615
 2.7966	72.2024
 2.7951	72.2976
 2.7936	72.4779
 2.7921	72.6138
 2.7906	72.6162
 2.7890	72.7672
 2.7875	73.0336
 2.7860	73.0228
 2.7845	73.0133
 2.7831	73.2478
 2.7816	73.2545
 2.7801	72.9865
 2.7786	73.0696
 2.7771	73.2539
 2.7756	73.2682
 2.7741	73.2149
 2.7726	73.2858
 2.7712	73.5815
 2.7697	73.7085
 2.7682	73.7246
 2.7667	73.5462
 2.7652	73.4060
 2.7638	73.3827
 2.7623	73.3906
 2.7608	73.3946
 2.7594	73.2527
 2.7579	73.2734
 2.7564	73.8375
 2.7550	73.9911
 2.7535	73.5614
 2.7520	73.7184
 2.7506	73.9341
 2.7491	74.1020
 2.7477	74.2711
 2.7462	74.4873
 2.7447	74.7308
 2.7433	75.0087
 2.7418	75.5187
 2.7404	76.0243
 2.7389	76.1212
 2.7375	75.9439
 2.7361	76.1415
 2.7346	76.4977
 2.7332	76.6777
 2.7317	76.8263
 2.7303	77.0047
 2.7289	77.2191
 2.7274	77.5506
 2.7260	78.1298
 2.7246	78.8280
 2.7231	78.9955
 2.7217	79.3757
 2.7203	79.9260
 2.7188	79.8952
 2.7174	80.0476
 2.7160	80.2915
 2.7146	80.5344
 2.7132	80.7789
 2.7117	81.3884
 2.7103	81.7539
 2.7089	81.6432
 2.7075	81.5852
 2.7061	81.7174
 2.7047	81.9378
 2.7033	82.1991
 2.7018	82.4668
 2.7004	82.6513
 2.6990	82.7068
 2.6976	82.8587
 2.6962	83.2349
 2.6948	83.5994
 2.6934	83.8086
 2.6920	83.8540
 2.6906	83.8472
 2.6892	83.9041
 2.6878	84.0975
 2.6864	84.2524
 2.6850	84.3661
 2.6837	84.5245
 2.6823	84.5596
 2.6809	84.7158
 2.6795	85.0585
 2.6781	85.2096
 2.6767	85.3456
 2.6753	85.1354
 2.6740	85.0036
 2.6726	85.2261
 2.6712	85.9793
 2.6698	86.0747
 2.6685	85.5522
 2.6671	85.9517
 2.6657	86.1731
 2.6644	85.8279
 2.6630	85.3303
 2.6616	85.4068
 2.6603	85.5258
 2.6589	85.4390
 2.6575	85.3026
 2.6562	85.4098
 2.6548	85.4462
 2.6534	85.6243
 2.6521	85.6619
 2.6507	85.4165
 2.6494	85.3273
 2.6480	85.3520
 2.6467	85.4950
 2.6453	85.5760
 2.6440	85.4377
 2.6426	85.4994
 2.6413	85.5016
 2.6399	85.4155
 2.6386	85.4104
 2.6372	85.4362
 2.6359	85.4691
 2.6346	85.7063
 2.6332	85.7330
 2.6319	85.8166
 2.6306	85.9729
 2.6292	85.6434
 2.6279	85.6875
 2.6266	85.9547
 2.6252	85.5936
 2.6239	85.4115
 2.6226	85.5081
 2.6212	85.8632
 2.6199	85.9031
 2.6186	85.7760
 2.6173	86.1901
 2.6160	86.0512
 2.6146	85.6551
 2.6133	85.6286
 2.6120	85.4920
 2.6107	85.5175
 2.6094	85.6758
 2.6081	85.8039
 2.6067	86.1579
 2.6054	86.3463
 2.6041	86.0175
 2.6028	85.8031
 2.6015	85.8088
 2.6002	85.7134
 2.5989	85.6881
 2.5976	85.7606
 2.5963	86.2779
 2.5950	86.9890
 2.5937	86.4572
 2.5924	85.7042
 2.5911	85.5626
 2.5898	85.7023
 2.5885	85.7938
 2.5872	85.8870
 2.5859	85.8474
 2.5847	86.0766
 2.5834	86.0756
 2.5821	85.8047
 2.5808	85.7067
 2.5795	85.5614
 2.5782	85.6465
 2.5770	85.8067
 2.5757	85.7505
 2.5744	85.7964
 2.5731	85.9054
 2.5718	85.7254
 2.5706	85.8849
 2.5693	85.8671
 2.5680	85.5974
 2.5667	85.5715
 2.5655	85.7566
 2.5642	86.0056
 2.5629	86.0573
 2.5617	86.0788
 2.5604	85.8717
 2.5591	85.6545
 2.5579	85.6425
 2.5566	85.6564
 2.5554	85.5868
 2.5541	85.5736
 2.5528	85.6626
 2.5516	85.7225
 2.5503	85.7188
 2.5491	85.6552
 2.5478	85.6044
 2.5466	85.5749
 2.5453	85.6088
 2.5441	85.7196
 2.5428	85.8164
 2.5416	85.7228
 2.5403	85.5570
 2.5391	85.5873
 2.5379	85.7307
 2.5366	85.7408
 2.5354	85.7066
 2.5341	85.6709
 2.5329	85.6700
 2.5317	85.6812
 2.5304	85.7698
 2.5292	85.7443
 2.5280	85.6962
 2.5267	85.7578
 2.5255	85.8157
 2.5243	85.7789
 2.5230	85.7452
 2.5218	85.7115
 2.5206	85.6763
 2.5194	85.7709
 2.5181	85.7883
 2.5169	85.7242
 2.5157	85.7297
 2.5145	85.7209
 2.5133	85.7283
 2.5120	85.6658
 2.5108	85.6621
 2.5096	85.6922
 2.5084	85.6640
 2.5072	85.6395
 2.5060	85.6890
 2.5048	85.7224
 2.5035	85.6813
 2.5023	85.6790
 2.5011	85.7144
 2.4999	85.6665
 2.4987	85.6211
 2.4975	85.6356
 2.4963	85.7394
 2.4951	85.7309
 2.4939	85.7145
 2.4927	85.7324
 2.4915	85.6714
 2.4903	85.6266
 2.4891	85.6598
 2.4879	85.7336
 2.4867	85.8079
 2.4855	85.8204
 2.4844	85.7704
 2.4832	85.6672
 2.4820	85.6393
 2.4808	85.6643
 2.4796	85.6777
 2.4784	85.7142
 2.4772	85.6455
 2.4760	85.6224
 2.4749	85.6397
 2.4737	85.7094
 2.4725	85.7073
 2.4713	85.6608
 2.4701	85.7002
 2.4690	85.7493
 2.4678	85.7601
 2.4666	85.7548
 2.4655	85.7648
 2.4643	85.7819
 2.4631	85.7717
 2.4619	85.7305
 2.4608	85.8195
 2.4596	85.8871
 2.4584	85.7572
 2.4573	85.7515
 2.4561	85.8803
 2.4549	85.8748
 2.4538	85.7033
 2.4526	85.7179
 2.4515	85.7583
 2.4503	85.7528
 2.4491	85.7633
 2.4480	85.8291
 2.4468	85.9264
 2.4457	85.8787
 2.4445	85.8169
 2.4434	85.9010
 2.4422	85.8566
 2.4411	85.7293
 2.4399	85.7639
 2.4388	85.7956
 2.4376	85.8976
 2.4365	85.8366
 2.4353	85.8393
 2.4342	85.9091
 2.4331	85.9096
 2.4319	85.8755
 2.4308	85.8152
 2.4296	85.7571
 2.4285	85.7474
 2.4274	85.8543
 2.4262	85.8897
 2.4251	85.9335
 2.4240	85.8871
 2.4228	85.8204
 2.4217	85.8130
 2.4206	85.9230
 2.4194	85.9974
 2.4183	85.9755
 2.4172	85.8834
 2.4160	85.9743
 2.4149	86.0271
 2.4138	85.9533
 2.4127	85.9247
 2.4116	85.9471
 2.4104	85.9979
 2.4093	86.0075
 2.4082	85.9932
 2.4071	85.8223
 2.4059	85.7421
 2.4048	85.8703
 2.4037	85.9540
 2.4026	85.9772
 2.4015	85.9154
 2.4004	85.8510
 2.3993	85.7836
 2.3982	85.7280
 2.3971	85.7780
 2.3960	85.9571
 2.3948	85.9647
 2.3937	85.8750
 2.3926	85.9663
 2.3915	86.0092
 2.3904	85.9561
 2.3893	85.9044
 2.3882	85.8330
 2.3871	85.7979
 2.3860	85.8534
 2.3849	85.9134
 2.3838	85.8642
 2.3827	85.9326
 2.3816	85.9590
 2.3805	85.8827
 2.3795	85.8945
 2.3784	86.0040
 2.3773	85.9750
 2.3762	85.9351
 2.3751	85.8245
 2.3740	85.7330
 2.3729	85.7530
 2.3718	85.8333
 2.3708	85.8679
 2.3697	85.8143
 2.3686	85.8331
 2.3675	85.9594
 2.3664	85.9799
 2.3653	85.9580
 2.3643	85.9124
 2.3632	85.8103
 2.3621	85.7783
 2.3610	85.8615
 2.3600	85.9162
 2.3589	85.9359
 2.3578	85.9858
 2.3567	85.9531
 2.3557	85.9364
 2.3546	85.9184
 2.3535	85.8466
 2.3525	85.8736
 2.3514	86.0176
 2.3503	86.0336
 2.3493	85.9770
 2.3482	85.9497
 2.3471	85.8610
 2.3461	85.8258
 2.3450	85.8380
 2.3440	85.8565
 2.3429	85.9596
 2.3418	86.0691
 2.3408	86.0762
 2.3397	86.0016
 2.3387	85.9208
 2.3376	85.9395
 2.3366	86.0274
 2.3355	85.9271
 2.3345	85.8736
 2.3334	85.9788
 2.3324	85.8911
 2.3313	85.8813
 2.3303	86.0198
 2.3292	85.9893
 2.3282	85.9565
 2.3271	86.0894
 2.3261	86.1463
 2.3250	86.0202
 2.3240	85.8721
 2.3230	85.9791
 2.3219	86.0589
 2.3209	85.9775
 2.3198	86.0303
 2.3188	86.0672
 2.3178	85.9873
 2.3167	86.0339
 2.3157	86.0271
 2.3147	85.8950
 2.3136	86.0100
 2.3126	86.1433
 2.3116	85.9654
 2.3105	85.9215
 2.3095	85.9388
 2.3085	85.9056
 2.3074	86.0361
 2.3064	86.1513
 2.3054	86.0169
 2.3044	85.8431
 2.3034	85.9109
 2.3023	86.0435
 2.3013	86.1555
 2.3003	86.1583
 2.2993	86.0427
 2.2982	86.0021
 2.2972	85.9269
 2.2962	85.8172
 2.2952	85.8432
 2.2942	86.0184
 2.2932	86.0598
 2.2921	86.0054
 2.2911	86.0106
 2.2901	86.0275
 2.2891	86.0355
 2.2881	86.0787
 2.2871	86.1037
 2.2861	86.1090
 2.2851	86.0936
 2.2841	86.2228
 2.2831	86.2020
 2.2821	86.0939
 2.2811	86.0761
 2.2801	86.1047
 2.2790	86.0266
 2.2780	85.8985
 2.2771	85.9194
 2.2761	85.8977
 2.2750	85.9992
 2.2740	86.0785
 2.2731	85.9758
 2.2721	85.9543
 2.2711	86.0374
 2.2701	86.1483
 2.2691	86.0929
 2.2681	86.0957
 2.2671	86.0991
 2.2661	85.9917
 2.2651	85.9438
 2.2641	85.8966
 2.2631	86.0381
 2.2621	86.1136
 2.2612	86.1799
 2.2602	86.1972
 2.2592	86.0659
 2.2582	86.0037
 2.2572	85.9711
 2.2562	85.9980
 2.2553	85.9339
 2.2543	85.9869
 2.2533	86.1013
 2.2523	86.0806
 2.2513	85.9388
 2.2504	85.8332
 2.2494	85.8608
 2.2484	85.9495
 2.2474	86.0349
 2.2465	85.9657
 2.2455	85.8995
 2.2445	85.9651
 2.2435	86.0083
 2.2426	85.8376
 2.2416	85.8694
 2.2406	86.0859
 2.2397	86.0816
 2.2387	85.9708
 2.2377	85.9128
 2.2368	85.9822
 2.2358	86.0098
 2.2348	85.8879
 2.2339	85.8773
 2.2329	85.9214
 2.2320	85.9307
 2.2310	86.0658
 2.2300	85.9665
 2.2291	85.8108
 2.2281	85.8373
 2.2272	85.9495
 2.2262	85.9031
 2.2252	85.8613
 2.2243	85.9537
 2.2233	85.9631
 2.2224	85.9147
 2.2214	85.8888
 2.2205	85.8910
 2.2195	86.0332
 2.2186	86.0751
 2.2176	85.9019
 2.2167	85.7521
 2.2157	85.7492
 2.2148	85.8043
 2.2138	85.7635
 2.2129	85.7660
 2.2120	85.9205
 2.2110	86.0195
 2.2101	85.9104
 2.2091	85.7609
 2.2082	85.7412
 2.2073	85.7208
 2.2063	85.8032
 2.2054	85.8462
 2.2044	85.8847
 2.2035	85.8120
 2.2026	85.7645
 2.2016	85.9608
 2.2007	86.1476
 2.1998	85.9346
 2.1988	85.7197
 2.1979	85.7358
 2.1970	85.9036
 2.1960	85.8378
 2.1951	85.6992
 2.1942	85.7381
 2.1932	85.8768
 2.1923	85.7746
 2.1914	85.8581
 2.1905	85.9004
 2.1895	85.7941
 2.1886	85.8296
 2.1877	85.9355
 2.1868	85.9642
 2.1858	85.9736
 2.1849	85.8986
 2.1840	85.6916
 2.1831	85.7564
 2.1822	85.8835
 2.1812	85.9212
 2.1803	85.9443
 2.1794	85.8997
 2.1785	85.9472
 2.1776	85.9625
 2.1767	85.9000
 2.1758	85.9220
 2.1749	85.9066
 2.1739	85.9355
 2.1730	85.9859
 2.1721	85.7670
 2.1712	85.7511
 2.1703	85.9410
 2.1694	86.0109
 2.1685	86.0994
 2.1676	86.1490
 2.1667	86.0085
 2.1658	85.8077
 2.1649	85.8381
 2.1639	85.9897
 2.1631	86.0576
 2.1622	86.0762
 2.1612	85.9900
 2.1604	85.9568
 2.1595	85.8623
 2.1585	85.7873
 2.1576	85.8077
 2.1568	85.9949
 2.1559	86.0104
 2.1550	85.9246
 2.1541	85.8613
 2.1532	86.0201
 2.1523	86.1416
 2.1514	86.0742
 2.1505	86.0355
 2.1496	86.0335
 2.1487	86.0767
 2.1478	86.2010
 2.1469	86.0743
 2.1460	85.9739
 2.1452	85.9820
 2.1443	85.9480
 2.1434	85.8558
 2.1425	85.9414
 2.1416	86.0262
 2.1407	86.1041
 2.1398	86.0847
 2.1390	86.0516
 2.1381	85.9883
 2.1372	86.0851
 2.1363	86.2135
 2.1354	86.1619
 2.1345	85.9854
 2.1337	86.0220
 2.1328	85.9025
 2.1319	85.7716
 2.1311	85.8302
 2.1302	86.0874
 2.1293	86.1137
 2.1284	86.1011
 2.1275	86.1123
 2.1267	86.0773
 2.1258	86.0649
 2.1249	86.0725
 2.1241	86.0700
 2.1232	85.9936
 2.1223	85.9691
 2.1214	86.0182
 2.1206	85.9086
 2.1197	85.8025
 2.1189	86.0254
 2.1180	86.2100
 2.1171	86.2478
 2.1163	86.2512
 2.1154	86.0918
 2.1145	86.0603
 2.1137	86.0866
 2.1128	85.9746
 2.1120	85.7699
 2.1111	85.7162
 2.1102	85.9099
 2.1094	85.9907
 2.1085	85.9169
 2.1077	86.0310
 2.1068	86.1911
 2.1059	86.0718
 2.1051	85.9995
 2.1042	86.1190
 2.1034	86.1479
 2.1025	86.0691
 2.1017	86.0375
 2.1008	86.1418
 2.1000	86.1515
 2.0991	86.0314
 2.0983	86.0256
 2.0974	85.8415
 2.0966	85.8004
 2.0957	85.8190
 2.0949	85.7287
 2.0940	85.8841
 2.0932	86.0784
 2.0924	86.0648
 2.0915	85.9203
 2.0907	85.8191
 2.0898	85.7338
 2.0890	85.9846
 2.0881	86.1433
 2.0873	85.9212
 2.0865	85.7625
 2.0856	86.0305
 2.0848	86.0557
 2.0839	86.0981
 2.0831	86.0851
 2.0823	85.8343
 2.0814	85.5885
 2.0806	85.4574
 2.0798	85.5780
 2.0789	85.9613
 2.0781	86.3190
 2.0773	86.0129
 2.0764	86.2202
 2.0756	86.4963
 2.0748	86.1743
 2.0739	86.0616
 2.0731	86.0151
 2.0723	86.0571
 2.0715	86.0724
 2.0706	86.2404
 2.0698	86.0589
 2.0690	85.8028
 2.0681	85.7822
 2.0673	85.8226
 2.0665	85.9730
 2.0657	86.1651
 2.0648	86.0384
 2.0640	85.9588
 2.0632	86.0453
 2.0624	86.0270
 2.0616	85.8677
 2.0607	85.9129
 2.0599	86.0151
 2.0591	86.0228
 2.0583	85.9263
 2.0575	85.8905
 2.0567	85.8136
 2.0558	85.9489
 2.0550	86.0119
 2.0542	85.8642
 2.0534	85.8403
 2.0526	85.7703
 2.0518	85.9185
 2.0510	85.9054
 2.0501	85.8844
 2.0493	85.9629
 2.0485	86.0694
 2.0477	86.0012
 2.0469	85.8311
 2.0461	85.8848
 2.0453	85.9703
 2.0445	85.7841
 2.0437	85.6506
 2.0429	85.7905
 2.0421	85.7999
 2.0413	85.7276
 2.0405	85.7347
 2.0397	85.7628
 2.0389	85.8952
 2.0381	86.0467
 2.0373	86.0007
 2.0365	85.8150
 2.0357	85.7289
 2.0349	85.9223
 2.0341	86.0147
 2.0333	85.8385
 2.0325	85.5445
 2.0317	85.4945
 2.0309	85.6197
 2.0301	85.7689
 2.0293	85.8723
 2.0285	86.0096
 2.0277	86.0134
 2.0269	85.8444
 2.0261	85.7911
 2.0253	85.8117
 2.0245	85.7205
 2.0237	85.6225
 2.0229	85.7054
 2.0222	85.8001
 2.0214	85.9026
 2.0206	86.0354
 2.0198	86.2226
 2.0190	86.0988
 2.0182	85.7929
 2.0174	85.6380
 2.0167	85.6790
 2.0159	85.7651
 2.0151	85.8564
 2.0143	85.8611
 2.0135	85.5752
 2.0128	85.5718
 2.0120	85.8297
 2.0112	85.9858
 2.0104	85.9701
 2.0096	85.9933
 2.0088	85.9229
 2.0081	85.8477
 2.0073	85.7590
 2.0065	85.5696
 2.0057	85.6247
 2.0050	85.8688
 2.0042	85.8430
 2.0034	85.7868
 2.0026	85.9728
 2.0019	85.9093
 2.0011	85.7350
 2.0003	85.7252
