Name: Halite NaCl
Type: Mineral
Class: Halide
Subclass: None
Particle Size: Coarse
Sample No.: H-3A
Owner: JPL
Wavelength Range: TIR
Origin: USA, Michigan, Wayne County, Detroit
Collection Date: N/A
Description: Particle size was 125-500um.Collected by Ward's Original ASTER Spectral Library name was jpl.nicolet.mineral.halide.none.coarse.h03a.spectrum.txt
Measurement: Hemispherical reflectance
First Column: X
Second Column: Y
X Units: Wavelength (micrometers)
Y Units:Reflectance (percent)
First X Value: 15.3853
Last X Value:  2.0003
Number of X Values: 2256
Additional Information: mineral.halide.none.coarse.tir.h-3a.jpl.nicolet.ancillary.txt

15.3853	45.6760
15.3397	45.7191
15.2945	45.8822
15.2495	46.1517
15.2048	46.4249
15.1603	46.5989
15.1161	46.7382
15.0722	46.8350
15.0285	46.8311
14.9851	47.1334
14.9419	47.2006
14.8989	47.1586
14.8563	47.3736
14.8138	47.4898
14.7716	47.7005
14.7296	47.9685
14.6879	48.0850
14.6464	48.2094
14.6052	48.2837
14.5641	48.4489
14.5233	48.7407
14.4828	48.8346
14.4424	48.8964
14.4023	48.9761
14.3624	48.9483
14.3227	48.9914
14.2833	49.2270
14.2440	49.4690
14.2050	49.4960
14.1662	49.5136
14.1276	49.7346
14.0892	50.0046
14.0510	50.2006
14.0131	50.2706
13.9753	50.2874
13.9377	50.4039
13.9004	50.6458
13.8632	50.7198
13.8262	50.8530
13.7895	50.9858
13.7529	50.9423
13.7165	51.0680
13.6803	51.3563
13.6443	51.5955
13.6085	51.7532
13.5729	51.9457
13.5374	52.0584
13.5022	52.2480
13.4671	52.4632
13.4322	52.6565
13.3975	52.7330
13.3630	52.8432
13.3286	53.0820
13.2944	53.1537
13.2604	53.2296
13.2266	53.3720
13.1930	53.6783
13.1595	53.8425
13.1262	53.8815
13.0930	54.0179
13.0600	54.1890
13.0272	54.3847
12.9946	54.6582
12.9621	54.8538
12.9298	55.1126
12.8976	55.2503
12.8656	55.3073
12.8337	55.3816
12.8021	55.5887
12.7705	55.8618
12.7391	56.0762
12.7079	56.2210
12.6769	56.3363
12.6459	56.6150
12.6152	56.9182
12.5845	57.0616
12.5541	57.2579
12.5238	57.4520
12.4936	57.6813
12.4635	57.8270
12.4337	57.9731
12.4039	58.1792
12.3743	58.4057
12.3448	58.5557
12.3155	58.6027
12.2863	58.6312
12.2573	58.6923
12.2284	58.8329
12.1996	59.1618
12.1710	59.6248
12.1425	60.0121
12.1141	60.2248
12.0859	60.4234
12.0578	60.6554
12.0298	60.9755
12.0019	61.1771
11.9742	61.3182
11.9466	61.5126
11.9192	61.6335
11.8918	61.8857
11.8646	62.1985
11.8375	62.3291
11.8106	62.4869
11.7837	62.7057
11.7570	62.9170
11.7304	63.0707
11.7039	63.2393
11.6776	63.4548
11.6513	63.5224
11.6252	63.6594
11.5992	63.8420
11.5733	63.9584
11.5475	64.1572
11.5219	64.3560
11.4963	64.5573
11.4709	64.7293
11.4455	64.8435
11.4203	64.9644
11.3952	65.1627
11.3702	65.3313
11.3454	65.5131
11.3206	65.7234
11.2959	65.9003
11.2714	66.0940
11.2469	66.1848
11.2226	66.2134
11.1983	66.4557
11.1742	66.6630
11.1502	66.7598
11.1263	66.8606
11.1024	67.0294
11.0787	67.1406
11.0551	67.2719
11.0316	67.3547
11.0081	67.4060
10.9848	67.4671
10.9616	67.6205
10.9385	67.8197
10.9154	67.9561
10.8925	68.0443
10.8697	68.1778
10.8469	68.3018
10.8243	68.3831
10.8017	68.4999
10.7793	68.4994
10.7569	68.4477
10.7346	68.4258
10.7125	68.4207
10.6904	68.5034
10.6684	68.4790
10.6465	68.4195
10.6247	68.2898
10.6029	68.0940
10.5813	67.8255
10.5597	67.5972
10.5383	67.4465
10.5169	67.3808
10.4956	67.4581
10.4744	67.6555
10.4533	68.0847
10.4323	68.6400
10.4113	69.0665
10.3904	69.4300
10.3697	69.6030
10.3490	69.6582
10.3284	69.8468
10.3078	69.9064
10.2874	69.9146
10.2670	69.9789
10.2467	69.9596
10.2265	69.9605
10.2064	70.0412
10.1863	70.0724
10.1663	70.0216
10.1464	69.9414
10.1266	69.8952
10.1069	69.9235
10.0872	69.9270
10.0676	69.9141
10.0481	69.9065
10.0287	69.8475
10.0093	69.7964
 9.9901	69.7352
 9.9708	69.6310
 9.9517	69.5426
 9.9326	69.5849
 9.9136	69.6434
 9.8947	69.5177
 9.8759	69.5094
 9.8571	69.5384
 9.8384	69.5966
 9.8198	69.6662
 9.8012	69.6222
 9.7827	69.4901
 9.7643	69.3955
 9.7459	69.3790
 9.7276	69.3545
 9.7094	69.3019
 9.6913	69.2735
 9.6732	69.3314
 9.6552	69.5124
 9.6372	69.5598
 9.6194	69.4948
 9.6015	69.4708
 9.5838	69.5790
 9.5661	69.6009
 9.5485	69.5657
 9.5309	69.5090
 9.5135	69.5400
 9.4960	69.5840
 9.4787	69.6449
 9.4614	69.6921
 9.4441	69.7717
 9.4270	69.7656
 9.4099	69.7839
 9.3928	69.8076
 9.3758	69.7178
 9.3589	69.6743
 9.3420	69.6670
 9.3252	69.6068
 9.3085	69.6521
 9.2918	69.6052
 9.2752	69.5013
 9.2586	69.4302
 9.2421	69.4741
 9.2257	69.4183
 9.2093	69.3146
 9.1930	69.2751
 9.1767	69.2601
 9.1605	69.2494
 9.1443	69.1975
 9.1282	69.0733
 9.1122	68.9309
 9.0962	68.7643
 9.0803	68.6671
 9.0644	68.6906
 9.0486	68.6756
 9.0328	68.6069
 9.0171	68.5381
 9.0015	68.6142
 8.9858	68.7402
 8.9703	68.7111
 8.9548	68.7132
 8.9394	68.7161
 8.9240	68.7660
 8.9086	68.6744
 8.8934	68.4882
 8.8781	68.3776
 8.8630	68.3411
 8.8478	68.4674
 8.8328	68.7474
 8.8177	68.9314
 8.8028	69.0870
 8.7879	69.2953
 8.7730	69.4653
 8.7582	69.5958
 8.7434	69.7164
 8.7287	69.6799
 8.7140	69.7280
 8.6994	69.7432
 8.6848	69.6509
 8.6703	69.5687
 8.6558	69.4835
 8.6414	69.3598
 8.6270	69.3352
 8.6127	69.3548
 8.5984	69.3183
 8.5842	69.4975
 8.5700	69.7383
 8.5558	69.9494
 8.5417	70.3394
 8.5277	70.5568
 8.5137	70.7555
 8.4997	70.9422
 8.4858	71.0876
 8.4719	71.1203
 8.4581	71.2810
 8.4444	71.3890
 8.4306	71.3650
 8.4169	71.3483
 8.4033	71.4325
 8.3897	71.4878
 8.3761	71.6458
 8.3626	71.6348
 8.3492	71.6468
 8.3357	71.7255
 8.3224	71.8049
 8.3090	71.8345
 8.2957	71.8960
 8.2825	71.9362
 8.2693	71.9186
 8.2561	71.9008
 8.2430	71.9801
 8.2299	72.0258
 8.2169	72.0834
 8.2038	72.1895
 8.1909	72.1312
 8.1780	72.0632
 8.1651	72.0750
 8.1523	72.0911
 8.1395	72.1707
 8.1267	72.2596
 8.1140	72.2318
 8.1013	72.0607
 8.0887	72.0411
 8.0761	72.0694
 8.0635	72.1048
 8.0510	72.1209
 8.0385	72.1196
 8.0261	72.1120
 8.0137	72.0563
 8.0013	72.0292
 7.9890	72.0811
 7.9767	72.0581
 7.9644	72.0645
 7.9522	72.1018
 7.9400	72.1102
 7.9279	71.9985
 7.9158	72.0288
 7.9037	72.1246
 7.8917	72.1046
 7.8797	72.0295
 7.8677	72.0463
 7.8558	72.0431
 7.8439	71.9487
 7.8321	71.8320
 7.8203	71.7439
 7.8085	71.6622
 7.7967	71.6368
 7.7850	71.5869
 7.7734	71.5887
 7.7617	71.5702
 7.7501	71.4898
 7.7386	71.3215
 7.7270	71.2590
 7.7155	71.2565
 7.7041	71.2291
 7.6926	71.2356
 7.6812	71.2146
 7.6699	71.0910
 7.6585	71.0214
 7.6472	71.0358
 7.6360	70.9660
 7.6247	70.8148
 7.6136	70.7786
 7.6024	70.7941
 7.5913	70.9197
 7.5802	71.0358
 7.5691	71.1165
 7.5581	71.2556
 7.5471	71.3859
 7.5361	71.4196
 7.5252	71.4599
 7.5142	71.4449
 7.5034	71.4421
 7.4925	71.4511
 7.4817	71.5491
 7.4709	71.6433
 7.4602	71.5016
 7.4495	71.1230
 7.4388	71.0735
 7.4281	71.0720
 7.4175	71.1485
 7.4069	71.0951
 7.3963	71.0217
 7.3858	71.0868
 7.3753	71.0836
 7.3648	70.9398
 7.3544	71.0512
 7.3440	71.2823
 7.3336	71.0808
 7.3232	70.5007
 7.3129	70.3798
 7.3026	70.3709
 7.2923	70.3858
 7.2821	70.6881
 7.2718	70.6916
 7.2617	70.2623
 7.2515	70.0673
 7.2414	69.8817
 7.2313	69.9310
 7.2212	70.2862
 7.2112	71.1461
 7.2012	71.1776
 7.1912	70.7819
 7.1812	71.1306
 7.1713	71.9198
 7.1614	71.7099
 7.1515	71.6242
 7.1416	71.4254
 7.1318	70.9475
 7.1220	71.0592
 7.1123	71.0342
 7.1025	70.7358
 7.0928	70.6100
 7.0831	70.5163
 7.0734	70.4775
 7.0638	70.7300
 7.0542	71.8262
 7.0446	72.4787
 7.0351	71.2206
 7.0255	70.7356
 7.0160	70.6568
 7.0065	70.5401
 6.9971	70.9458
 6.9877	70.9458
 6.9782	70.7488
 6.9689	71.6533
 6.9595	72.7519
 6.9502	71.4686
 6.9409	70.6989
 6.9316	70.6873
 6.9223	70.7372
 6.9131	71.0250
 6.9039	71.2939
 6.8947	70.8667
 6.8856	70.8441
 6.8764	71.5460
 6.8673	74.0778
 6.8582	73.9584
 6.8492	71.4950
 6.8402	70.5694
 6.8311	71.3014
 6.8221	71.3667
 6.8132	70.5435
 6.8042	70.9248
 6.7953	72.8009
 6.7864	73.5206
 6.7776	72.6406
 6.7687	72.0317
 6.7599	71.6047
 6.7511	71.7966
 6.7423	71.7567
 6.7336	72.0921
 6.7248	72.8893
 6.7161	73.6639
 6.7074	73.5260
 6.6988	72.4912
 6.6901	72.9961
 6.6815	74.1886
 6.6729	73.7409
 6.6643	72.7983
 6.6558	72.4124
 6.6472	74.3030
 6.6387	77.3462
 6.6302	76.0485
 6.6217	73.6403
 6.6133	73.0590
 6.6049	72.9069
 6.5965	73.7031
 6.5881	74.0470
 6.5797	74.7335
 6.5714	75.6020
 6.5631	74.0064
 6.5548	73.3843
 6.5465	72.8428
 6.5382	72.0747
 6.5300	72.1255
 6.5218	73.0366
 6.5136	72.1303
 6.5054	72.4430
 6.4973	75.3414
 6.4892	75.5554
 6.4810	73.2977
 6.4729	71.7051
 6.4649	70.3034
 6.4568	69.9156
 6.4488	69.8622
 6.4408	69.9208
 6.4328	70.4790
 6.4248	71.3106
 6.4169	74.2483
 6.4089	73.0245
 6.4010	69.0597
 6.3931	67.8813
 6.3853	67.4908
 6.3774	67.7104
 6.3696	67.9636
 6.3618	66.5413
 6.3540	66.2952
 6.3462	67.6726
 6.3384	66.5264
 6.3307	64.6316
 6.3230	64.0413
 6.3153	63.5873
 6.3076	63.1688
 6.2999	62.7385
 6.2923	62.3686
 6.2847	61.8670
 6.2770	61.3960
 6.2694	60.8854
 6.2619	60.3553
 6.2543	59.7781
 6.2468	59.3284
 6.2393	58.8311
 6.2318	58.2855
 6.2243	57.7096
 6.2168	57.2293
 6.2094	56.6634
 6.2020	56.0729
 6.1945	56.1495
 6.1871	57.2239
 6.1798	56.1312
 6.1724	54.4866
 6.1651	54.6468
 6.1578	54.7515
 6.1505	54.0585
 6.1432	53.7690
 6.1359	53.2925
 6.1286	52.8990
 6.1214	53.8351
 6.1142	55.2887
 6.1070	54.1019
 6.0998	52.8264
 6.0926	52.6380
 6.0855	52.9025
 6.0784	54.3532
 6.0712	55.2125
 6.0641	54.2927
 6.0571	55.4113
 6.0500	58.7616
 6.0429	57.0308
 6.0359	54.6666
 6.0289	54.4604
 6.0219	55.0735
 6.0149	56.1476
 6.0079	56.1742
 6.0010	56.3170
 5.9940	57.8577
 5.9871	58.7295
 5.9802	58.4173
 5.9733	59.4513
 5.9664	60.2853
 5.9596	59.6771
 5.9527	60.2891
 5.9459	61.7659
 5.9391	64.6583
 5.9323	64.5114
 5.9255	63.1077
 5.9188	63.4310
 5.9120	63.8202
 5.9053	64.9474
 5.8986	67.7296
 5.8919	68.3740
 5.8852	69.8851
 5.8785	70.8535
 5.8718	68.7757
 5.8652	69.3048
 5.8586	69.6441
 5.8520	69.5789
 5.8454	69.8768
 5.8388	70.8900
 5.8322	72.4698
 5.8257	74.4674
 5.8191	74.8466
 5.8126	73.2757
 5.8061	73.0458
 5.7996	73.5847
 5.7931	73.8530
 5.7866	74.5493
 5.7802	75.3823
 5.7738	76.8999
 5.7673	79.3436
 5.7609	78.1277
 5.7545	76.8876
 5.7481	77.8373
 5.7418	77.7369
 5.7354	77.7328
 5.7291	77.8997
 5.7228	78.5318
 5.7165	79.3054
 5.7102	79.8033
 5.7039	78.8605
 5.6976	78.7007
 5.6914	79.2982
 5.6851	79.1903
 5.6789	79.8197
 5.6727	79.9704
 5.6665	79.2951
 5.6603	79.8129
 5.6541	80.4650
 5.6480	81.2680
 5.6418	82.2976
 5.6357	81.2070
 5.6296	80.3374
 5.6235	80.3585
 5.6174	80.6312
 5.6113	80.5763
 5.6052	80.7563
 5.5992	80.8613
 5.5931	80.6227
 5.5871	81.1720
 5.5811	82.3325
 5.5751	82.1668
 5.5691	81.1980
 5.5631	81.2059
 5.5572	81.6176
 5.5512	81.7814
 5.5453	81.3584
 5.5393	81.1945
 5.5334	81.2376
 5.5275	81.5156
 5.5217	81.6705
 5.5158	81.5116
 5.5099	81.3271
 5.5041	81.4393
 5.4982	81.4330
 5.4924	81.4700
 5.4866	81.6198
 5.4808	82.1876
 5.4750	82.1546
 5.4692	82.3689
 5.4635	82.6879
 5.4577	82.0629
 5.4520	81.7737
 5.4463	81.8363
 5.4405	81.8159
 5.4348	81.7979
 5.4291	82.2963
 5.4235	83.3881
 5.4178	82.8572
 5.4121	82.0029
 5.4065	81.7943
 5.4009	81.6995
 5.3952	81.7627
 5.3896	81.7902
 5.3840	81.7728
 5.3785	81.7947
 5.3729	81.8288
 5.3673	81.8465
 5.3618	81.9855
 5.3562	82.4688
 5.3507	82.9350
 5.3452	82.3833
 5.3397	81.8223
 5.3342	81.7442
 5.3287	81.7279
 5.3232	81.7149
 5.3178	81.6944
 5.3123	81.7522
 5.3069	81.7783
 5.3015	81.7383
 5.2961	81.9729
 5.2907	82.1073
 5.2852	81.7436
 5.2799	81.7578
 5.2745	81.7632
 5.2691	81.6428
 5.2638	81.5217
 5.2584	81.5469
 5.2531	81.6247
 5.2478	81.6351
 5.2425	81.6261
 5.2372	81.6608
 5.2319	81.5551
 5.2267	81.4760
 5.2214	81.5128
 5.2161	81.9186
 5.2109	81.8723
 5.2057	81.5477
 5.2004	81.5698
 5.1952	81.3548
 5.1900	81.2064
 5.1848	81.1838
 5.1796	81.1906
 5.1745	81.1612
 5.1693	81.1088
 5.1642	81.0009
 5.1590	80.9631
 5.1539	81.0948
 5.1488	81.3556
 5.1437	81.1713
 5.1386	80.9033
 5.1335	80.8225
 5.1284	80.7225
 5.1234	80.6654
 5.1183	80.6397
 5.1132	80.5576
 5.1082	80.4463
 5.1032	80.4673
 5.0982	80.4259
 5.0932	80.3723
 5.0882	80.3776
 5.0832	80.3638
 5.0782	80.1875
 5.0732	80.1150
 5.0683	80.0875
 5.0633	80.0112
 5.0584	79.9269
 5.0534	79.8747
 5.0485	79.7691
 5.0436	79.6799
 5.0387	79.6003
 5.0338	79.5847
 5.0289	79.6000
 5.0241	79.6107
 5.0192	79.6148
 5.0144	79.4300
 5.0095	79.3231
 5.0047	79.2541
 4.9998	79.1864
 4.9950	79.1638
 4.9902	79.0826
 4.9854	78.9889
 4.9806	78.9317
 4.9759	78.9179
 4.9711	78.8419
 4.9663	78.7305
 4.9616	78.7144
 4.9568	78.7327
 4.9521	78.6253
 4.9474	78.4843
 4.9426	78.4256
 4.9379	78.4176
 4.9332	78.3605
 4.9286	78.3133
 4.9239	78.2241
 4.9192	78.1876
 4.9145	78.1796
 4.9099	78.1071
 4.9052	78.0521
 4.9006	78.0703
 4.8960	78.0034
 4.8914	77.9239
 4.8867	77.8435
 4.8821	77.7537
 4.8776	77.7095
 4.8730	77.6849
 4.8684	77.6459
 4.8638	77.6416
 4.8593	77.6641
 4.8547	77.6586
 4.8502	77.6074
 4.8456	77.6454
 4.8411	77.6651
 4.8366	77.6081
 4.8321	77.5738
 4.8276	77.5833
 4.8231	77.5268
 4.8186	77.4800
 4.8141	77.4834
 4.8097	77.4780
 4.8052	77.4748
 4.8008	77.5053
 4.7963	77.4725
 4.7919	77.4267
 4.7875	77.4136
 4.7831	77.3840
 4.7786	77.4121
 4.7743	77.4560
 4.7699	77.4266
 4.7655	77.4274
 4.7611	77.4729
 4.7567	77.4355
 4.7524	77.4035
 4.7480	77.4557
 4.7437	77.4518
 4.7393	77.4855
 4.7350	77.5087
 4.7307	77.5218
 4.7264	77.4864
 4.7221	77.4535
 4.7178	77.4826
 4.7135	77.5101
 4.7092	77.5646
 4.7049	77.5951
 4.7007	77.5972
 4.6964	77.6047
 4.6922	77.5633
 4.6879	77.6234
 4.6837	77.7043
 4.6795	77.7067
 4.6752	77.7041
 4.6710	77.7659
 4.6668	77.7686
 4.6626	77.7650
 4.6584	77.8104
 4.6543	77.8363
 4.6501	77.8287
 4.6459	77.8684
 4.6418	77.9175
 4.6376	77.9702
 4.6334	78.0396
 4.6293	78.0416
 4.6252	78.0027
 4.6211	78.0195
 4.6170	78.0651
 4.6128	78.1467
 4.6087	78.1589
 4.6047	78.1772
 4.6006	78.1998
 4.5965	78.2189
 4.5924	78.2085
 4.5884	78.2758
 4.5843	78.3224
 4.5802	78.3180
 4.5762	78.3542
 4.5722	78.3966
 4.5681	78.4327
 4.5641	78.4818
 4.5601	78.5003
 4.5561	78.4986
 4.5521	78.4614
 4.5481	78.4586
 4.5441	78.4686
 4.5401	78.4901
 4.5362	78.5610
 4.5322	78.6242
 4.5282	78.6117
 4.5243	78.6703
 4.5203	78.7819
 4.5164	78.7312
 4.5125	78.6774
 4.5085	78.7666
 4.5046	78.8052
 4.5007	78.8128
 4.4968	78.8552
 4.4929	78.8750
 4.4890	78.8444
 4.4851	78.8890
 4.4813	78.9229
 4.4774	78.9218
 4.4735	78.8943
 4.4697	78.9014
 4.4658	78.9569
 4.4620	79.0577
 4.4581	79.0845
 4.4543	79.1032
 4.4505	79.1358
 4.4467	79.0808
 4.4429	79.0824
 4.4391	79.1518
 4.4353	79.1651
 4.4315	79.1969
 4.4277	79.2445
 4.4239	79.3071
 4.4201	79.3308
 4.4164	79.3171
 4.4126	79.2978
 4.4089	79.3768
 4.4051	79.4580
 4.4014	79.4457
 4.3976	79.4689
 4.3939	79.4884
 4.3902	79.5264
 4.3865	79.5496
 4.3828	79.5821
 4.3791	79.6275
 4.3754	79.6906
 4.3717	79.7273
 4.3680	79.6773
 4.3643	79.6808
 4.3607	79.7294
 4.3570	79.7901
 4.3533	79.8591
 4.3497	79.8901
 4.3460	79.9590
 4.3424	79.9955
 4.3388	79.9920
 4.3351	80.0632
 4.3315	80.1237
 4.3279	80.1519
 4.3243	80.2347
 4.3207	80.2767
 4.3171	80.3303
 4.3135	80.3825
 4.3099	80.4347
 4.3063	80.4909
 4.3028	80.6210
 4.2992	80.7347
 4.2956	80.7761
 4.2921	80.8550
 4.2885	80.8818
 4.2850	80.8933
 4.2815	80.9667
 4.2779	81.0246
 4.2744	80.9992
 4.2709	81.0164
 4.2674	81.0143
 4.2638	80.9262
 4.2603	80.8936
 4.2568	80.9424
 4.2534	81.0643
 4.2499	81.2038
 4.2464	81.3278
 4.2429	81.5007
 4.2394	81.6297
 4.2360	81.6659
 4.2325	81.7114
 4.2291	81.7586
 4.2256	81.7146
 4.2222	81.6803
 4.2187	81.6727
 4.2153	81.6534
 4.2119	81.6115
 4.2085	81.5621
 4.2051	81.5275
 4.2016	81.5092
 4.1982	81.4788
 4.1948	81.5232
 4.1915	81.5951
 4.1881	81.6752
 4.1847	81.7247
 4.1813	81.7184
 4.1780	81.6817
 4.1746	81.7404
 4.1712	81.7649
 4.1679	81.7812
 4.1645	81.8613
 4.1612	81.9379
 4.1578	82.0571
 4.1545	82.0831
 4.1512	82.0383
 4.1479	82.0997
 4.1445	82.1516
 4.1412	82.1885
 4.1379	82.2369
 4.1346	82.3067
 4.1313	82.3594
 4.1280	82.3742
 4.1248	82.4255
 4.1215	82.5496
 4.1182	82.6358
 4.1150	82.5942
 4.1117	82.5093
 4.1084	82.5703
 4.1052	82.6718
 4.1019	82.7233
 4.0987	82.8219
 4.0954	82.8810
 4.0922	82.8854
 4.0890	82.9291
 4.0858	82.9876
 4.0826	82.9829
 4.0793	83.0481
 4.0761	83.1085
 4.0729	83.1146
 4.0697	83.1448
 4.0665	83.2232
 4.0633	83.2618
 4.0602	83.2789
 4.0570	83.3037
 4.0538	83.2974
 4.0507	83.3381
 4.0475	83.3509
 4.0443	83.4015
 4.0412	83.4542
 4.0380	83.5171
 4.0349	83.5504
 4.0317	83.4994
 4.0286	83.4833
 4.0255	83.6028
 4.0224	83.6496
 4.0193	83.6545
 4.0161	83.6727
 4.0130	83.7497
 4.0099	83.8567
 4.0068	83.8960
 4.0037	83.9031
 4.0006	83.9219
 3.9976	83.9023
 3.9945	83.9397
 3.9914	83.9606
 3.9883	83.9364
 3.9853	83.9526
 3.9822	84.0130
 3.9792	84.0364
 3.9761	84.0964
 3.9731	84.1069
 3.9700	84.1043
 3.9670	84.0914
 3.9639	84.0924
 3.9609	84.1524
 3.9579	84.2404
 3.9549	84.1784
 3.9519	84.1811
 3.9489	84.2448
 3.9458	84.2738
 3.9428	84.2820
 3.9398	84.3220
 3.9369	84.3699
 3.9339	84.3638
 3.9309	84.4213
 3.9279	84.4703
 3.9249	84.4667
 3.9220	84.4547
 3.9190	84.4436
 3.9160	84.4810
 3.9131	84.5164
 3.9101	84.5092
 3.9072	84.5746
 3.9042	84.6049
 3.9013	84.5833
 3.8984	84.5943
 3.8954	84.5885
 3.8925	84.6311
 3.8896	84.6305
 3.8867	84.5822
 3.8838	84.5572
 3.8809	84.5640
 3.8780	84.5734
 3.8751	84.5648
 3.8722	84.5382
 3.8693	84.5518
 3.8664	84.6105
 3.8635	84.6307
 3.8606	84.6187
 3.8578	84.6078
 3.8549	84.5984
 3.8520	84.5959
 3.8492	84.6558
 3.8463	84.6840
 3.8435	84.6408
 3.8406	84.6587
 3.8378	84.6688
 3.8349	84.6113
 3.8321	84.6113
 3.8293	84.5970
 3.8264	84.5203
 3.8236	84.4837
 3.8208	84.5196
 3.8180	84.5699
 3.8152	84.6155
 3.8124	84.6102
 3.8096	84.5864
 3.8068	84.5279
 3.8040	84.5012
 3.8012	84.5586
 3.7984	84.5598
 3.7956	84.4880
 3.7929	84.4482
 3.7901	84.4750
 3.7873	84.4689
 3.7845	84.4047
 3.7818	84.3271
 3.7790	84.2949
 3.7763	84.2526
 3.7735	84.2665
 3.7708	84.2606
 3.7681	84.2178
 3.7653	84.1449
 3.7626	84.1398
 3.7599	84.1567
 3.7571	84.1576
 3.7544	84.1705
 3.7517	84.1348
 3.7490	84.0524
 3.7463	84.0033
 3.7436	83.9805
 3.7409	84.0298
 3.7382	84.0745
 3.7355	84.0398
 3.7328	84.0077
 3.7301	84.0277
 3.7274	83.9936
 3.7247	83.9771
 3.7221	83.9118
 3.7194	83.8281
 3.7167	83.7354
 3.7141	83.7372
 3.7114	83.7533
 3.7088	83.6752
 3.7061	83.6104
 3.7035	83.5886
 3.7008	83.5976
 3.6982	83.5525
 3.6955	83.4354
 3.6929	83.3713
 3.6903	83.3784
 3.6877	83.4073
 3.6850	83.3401
 3.6824	83.2801
 3.6798	83.1860
 3.6772	83.0914
 3.6746	83.0347
 3.6720	83.0568
 3.6694	83.0434
 3.6668	82.9885
 3.6642	82.9146
 3.6616	82.8473
 3.6590	82.8348
 3.6564	82.7876
 3.6539	82.7401
 3.6513	82.7056
 3.6487	82.6674
 3.6462	82.6435
 3.6436	82.5705
 3.6410	82.4156
 3.6385	82.3374
 3.6359	82.3563
 3.6334	82.4439
 3.6308	82.4154
 3.6283	82.1916
 3.6258	82.0976
 3.6232	82.0881
 3.6207	82.0261
 3.6182	81.9577
 3.6156	81.9092
 3.6131	81.7920
 3.6106	81.7608
 3.6081	81.6505
 3.6056	81.5365
 3.6031	81.4998
 3.6006	81.4871
 3.5981	81.4027
 3.5956	81.3426
 3.5931	81.2389
 3.5906	81.1391
 3.5881	81.1874
 3.5856	81.1057
 3.5832	80.9125
 3.5807	80.7795
 3.5782	80.7105
 3.5758	80.6421
 3.5733	80.5288
 3.5708	80.4521
 3.5684	80.4099
 3.5659	80.3132
 3.5635	80.1847
 3.5610	80.0485
 3.5586	79.9786
 3.5561	79.9422
 3.5537	79.8229
 3.5513	79.6629
 3.5488	79.5370
 3.5464	79.4457
 3.5440	79.3588
 3.5415	79.2105
 3.5391	79.0912
 3.5367	78.9990
 3.5343	78.8932
 3.5319	78.8059
 3.5295	78.6058
 3.5271	78.3856
 3.5247	78.2452
 3.5223	78.1527
 3.5199	77.9610
 3.5175	77.7256
 3.5151	77.5405
 3.5128	77.3500
 3.5104	77.0489
 3.5080	76.7422
 3.5056	76.4734
 3.5033	76.2248
 3.5009	76.0555
 3.4985	75.9973
 3.4962	75.9134
 3.4938	75.7501
 3.4915	75.6368
 3.4891	75.5486
 3.4868	75.4445
 3.4844	75.3857
 3.4821	75.2685
 3.4798	75.0930
 3.4774	74.9215
 3.4751	74.7083
 3.4728	74.5943
 3.4704	74.5174
 3.4681	74.4623
 3.4658	74.3805
 3.4635	74.2563
 3.4612	74.1393
 3.4589	74.0504
 3.4566	73.9242
 3.4543	73.7507
 3.4520	73.6340
 3.4497	73.5365
 3.4474	73.3587
 3.4451	73.2113
 3.4428	73.0337
 3.4405	72.8427
 3.4382	72.7187
 3.4359	72.5882
 3.4337	72.4170
 3.4314	72.0759
 3.4291	71.7832
 3.4269	71.5514
 3.4246	71.2861
 3.4223	71.0490
 3.4201	70.8423
 3.4178	70.6496
 3.4156	70.4273
 3.4133	70.2509
 3.4111	70.2143
 3.4088	70.1446
 3.4066	70.1135
 3.4043	70.1518
 3.4021	70.1532
 3.3999	70.0469
 3.3977	69.9758
 3.3954	69.9717
 3.3932	69.9266
 3.3910	69.8236
 3.3888	69.6724
 3.3866	69.4878
 3.3844	69.2203
 3.3822	68.8862
 3.3799	68.5568
 3.3777	68.2078
 3.3755	67.8022
 3.3733	67.3606
 3.3712	67.0174
 3.3690	66.7783
 3.3668	66.5143
 3.3646	66.2550
 3.3624	66.2060
 3.3602	66.3109
 3.3580	66.4038
 3.3559	66.5325
 3.3537	66.6495
 3.3515	66.7182
 3.3494	66.7498
 3.3472	66.8120
 3.3451	66.8938
 3.3429	66.8772
 3.3407	66.7641
 3.3386	66.6886
 3.3364	66.5193
 3.3343	66.3376
 3.3321	66.2349
 3.3300	66.0612
 3.3279	65.9520
 3.3257	65.7949
 3.3236	65.5868
 3.3215	65.3978
 3.3194	65.2427
 3.3172	65.0716
 3.3151	64.8969
 3.3130	64.7420
 3.3109	64.5759
 3.3088	64.4028
 3.3066	64.2364
 3.3045	64.0282
 3.3024	63.8526
 3.3003	63.6440
 3.2982	63.4387
 3.2961	63.2119
 3.2940	62.9885
 3.2920	62.8493
 3.2899	62.6777
 3.2878	62.4690
 3.2857	62.2361
 3.2836	61.9842
 3.2815	61.7871
 3.2795	61.6742
 3.2774	61.4556
 3.2753	61.2434
 3.2732	61.1219
 3.2712	60.9316
 3.2691	60.6862
 3.2671	60.3927
 3.2650	60.2117
 3.2630	60.0850
 3.2609	59.9099
 3.2588	59.7211
 3.2568	59.5165
 3.2548	59.2958
 3.2527	59.1242
 3.2507	58.8868
 3.2486	58.7008
 3.2466	58.5471
 3.2446	58.3187
 3.2426	58.0243
 3.2405	57.7670
 3.2385	57.6594
 3.2365	57.4921
 3.2345	57.2423
 3.2324	57.0845
 3.2304	56.9994
 3.2284	56.7722
 3.2264	56.4867
 3.2244	56.2891
 3.2224	56.1784
 3.2204	56.0355
 3.2184	55.7315
 3.2164	55.4826
 3.2144	55.2977
 3.2124	55.1357
 3.2104	55.0333
 3.2084	54.7966
 3.2064	54.4872
 3.2045	54.3642
 3.2025	54.2688
 3.2005	54.0778
 3.1985	53.8496
 3.1966	53.6325
 3.1946	53.4917
 3.1926	53.3425
 3.1907	53.1048
 3.1887	52.8655
 3.1867	52.6790
 3.1848	52.5015
 3.1828	52.3166
 3.1809	52.0613
 3.1789	51.8527
 3.1770	51.6781
 3.1750	51.4620
 3.1731	51.2507
 3.1711	51.1666
 3.1692	51.0629
 3.1673	50.9196
 3.1653	50.7098
 3.1634	50.4953
 3.1615	50.3042
 3.1596	50.0749
 3.1576	49.8751
 3.1557	49.7107
 3.1538	49.5336
 3.1519	49.3603
 3.1500	49.2113
 3.1481	49.1292
 3.1461	49.0274
 3.1442	48.7998
 3.1423	48.6362
 3.1404	48.4754
 3.1385	48.2635
 3.1366	48.0904
 3.1347	47.9116
 3.1328	47.7343
 3.1309	47.6109
 3.1290	47.5139
 3.1272	47.3503
 3.1253	47.1256
 3.1234	47.0816
 3.1215	46.9567
 3.1196	46.7884
 3.1178	46.7286
 3.1159	46.5474
 3.1140	46.3633
 3.1121	46.2241
 3.1103	46.1242
 3.1084	46.0560
 3.1065	45.9348
 3.1047	45.7878
 3.1028	45.6487
 3.1010	45.5463
 3.0991	45.3996
 3.0973	45.2494
 3.0954	45.1518
 3.0936	45.1768
 3.0917	45.1389
 3.0899	45.0135
 3.0880	44.8594
 3.0862	44.7406
 3.0844	44.6863
 3.0825	44.5496
 3.0807	44.4340
 3.0789	44.3939
 3.0770	44.3556
 3.0752	44.3196
 3.0734	44.2955
 3.0716	44.2247
 3.0698	44.0782
 3.0680	44.0308
 3.0661	44.0062
 3.0643	43.8541
 3.0625	43.8592
 3.0607	43.8452
 3.0589	43.7777
 3.0571	43.7874
 3.0553	43.7037
 3.0535	43.5586
 3.0517	43.4892
 3.0499	43.3871
 3.0481	43.2984
 3.0463	43.2187
 3.0445	43.1908
 3.0427	43.1834
 3.0410	43.1081
 3.0392	43.0626
 3.0374	43.0240
 3.0356	42.9172
 3.0338	42.8870
 3.0321	42.9552
 3.0303	42.7678
 3.0285	42.5655
 3.0268	42.4371
 3.0250	42.4085
 3.0232	42.4301
 3.0215	42.3963
 3.0197	42.3264
 3.0179	42.1942
 3.0162	42.0679
 3.0144	41.9762
 3.0127	41.8855
 3.0109	41.8775
 3.0092	41.9325
 3.0074	41.8570
 3.0057	41.6755
 3.0040	41.5543
 3.0022	41.4474
 3.0005	41.4420
 2.9987	41.4611
 2.9970	41.4511
 2.9953	41.4839
 2.9935	41.4777
 2.9918	41.3184
 2.9901	41.1491
 2.9884	40.9238
 2.9867	40.9141
 2.9849	41.0223
 2.9832	40.9839
 2.9815	40.9453
 2.9798	40.8890
 2.9781	40.8388
 2.9764	40.8676
 2.9747	40.8048
 2.9729	40.7460
 2.9712	40.7425
 2.9695	40.6982
 2.9678	40.5636
 2.9661	40.4604
 2.9645	40.5184
 2.9628	40.5906
 2.9611	40.5327
 2.9594	40.4616
 2.9577	40.4728
 2.9560	40.3672
 2.9543	40.3477
 2.9526	40.4568
 2.9510	40.5241
 2.9493	40.5341
 2.9476	40.5999
 2.9459	40.6099
 2.9442	40.5779
 2.9426	40.5188
 2.9409	40.6273
 2.9392	40.6898
 2.9376	40.6376
 2.9359	40.7021
 2.9343	40.7545
 2.9326	40.7843
 2.9309	40.7672
 2.9293	40.7669
 2.9276	40.8155
 2.9260	40.8680
 2.9243	40.9058
 2.9227	40.9565
 2.9210	41.0790
 2.9194	41.1495
 2.9177	41.2325
 2.9161	41.2798
 2.9145	41.2034
 2.9128	41.2718
 2.9112	41.3801
 2.9096	41.4864
 2.9079	41.5936
 2.9063	41.6690
 2.9047	41.7764
 2.9030	41.8488
 2.9014	41.8785
 2.8998	41.8775
 2.8982	41.8601
 2.8966	41.8954
 2.8949	41.9901
 2.8933	42.2251
 2.8917	42.4334
 2.8901	42.5099
 2.8885	42.6150
 2.8869	42.6156
 2.8853	42.6455
 2.8837	42.7013
 2.8821	42.8153
 2.8805	42.9047
 2.8789	43.0196
 2.8773	43.2536
 2.8757	43.3004
 2.8741	43.3583
 2.8725	43.5402
 2.8709	43.6919
 2.8693	43.7799
 2.8677	43.9394
 2.8661	44.1606
 2.8645	44.2205
 2.8630	44.2102
 2.8614	44.2480
 2.8598	44.3677
 2.8582	44.5121
 2.8567	44.6691
 2.8551	44.9291
 2.8535	45.0190
 2.8519	45.0696
 2.8504	45.3178
 2.8488	45.4124
 2.8472	45.4375
 2.8457	45.5789
 2.8441	45.7025
 2.8426	45.8540
 2.8410	46.0616
 2.8394	46.3409
 2.8379	46.5689
 2.8363	46.6656
 2.8348	46.8274
 2.8332	46.9444
 2.8317	46.9963
 2.8302	47.1453
 2.8286	47.2930
 2.8271	47.4312
 2.8255	47.6218
 2.8240	47.8405
 2.8224	48.1239
 2.8209	48.4103
 2.8194	48.5109
 2.8178	48.5239
 2.8163	48.7669
 2.8148	49.0235
 2.8133	49.1057
 2.8117	49.3080
 2.8102	49.6221
 2.8087	49.8240
 2.8072	50.0182
 2.8056	50.4204
 2.8041	51.1083
 2.8026	51.3247
 2.8011	50.9592
 2.7996	50.9919
 2.7981	51.2239
 2.7966	51.3646
 2.7951	51.5171
 2.7936	51.7807
 2.7921	52.0230
 2.7906	52.3130
 2.7890	53.0391
 2.7875	53.9751
 2.7860	53.9387
 2.7845	53.4680
 2.7831	53.7060
 2.7816	54.0530
 2.7801	54.2667
 2.7786	54.4654
 2.7771	54.8383
 2.7756	55.0835
 2.7741	55.2398
 2.7726	55.8560
 2.7712	56.6893
 2.7697	56.9770
 2.7682	57.3581
 2.7667	57.5752
 2.7652	57.7061
 2.7638	58.4595
 2.7623	58.8485
 2.7608	58.3743
 2.7594	58.4900
 2.7579	59.4089
 2.7564	61.2138
 2.7550	62.0300
 2.7535	60.9768
 2.7520	60.9828
 2.7506	61.0935
 2.7491	61.4709
 2.7477	62.1148
 2.7462	62.4985
 2.7447	62.9928
 2.7433	64.0733
 2.7418	65.9181
 2.7404	67.5577
 2.7389	67.4396
 2.7375	66.3847
 2.7361	66.9688
 2.7346	68.0145
 2.7332	67.7191
 2.7317	67.8552
 2.7303	68.3635
 2.7289	68.8418
 2.7274	69.7046
 2.7260	71.4838
 2.7246	73.2519
 2.7231	72.9989
 2.7217	74.1595
 2.7203	75.7074
 2.7188	74.2992
 2.7174	73.8723
 2.7160	73.9568
 2.7146	74.3836
 2.7132	75.1571
 2.7117	77.3332
 2.7103	78.2564
 2.7089	77.4735
 2.7075	76.8290
 2.7061	76.8084
 2.7047	77.1430
 2.7033	77.5733
 2.7018	78.5587
 2.7004	78.8801
 2.6990	78.7177
 2.6976	79.0862
 2.6962	80.2830
 2.6948	81.7062
 2.6934	82.0080
 2.6920	80.7759
 2.6906	80.3947
 2.6892	80.8047
 2.6878	81.2824
 2.6864	81.7196
 2.6850	81.9008
 2.6837	82.1421
 2.6823	81.9115
 2.6809	82.2609
 2.6795	83.7690
 2.6781	84.3078
 2.6767	84.7872
 2.6753	83.9536
 2.6740	83.0319
 2.6726	83.4139
 2.6712	86.2942
 2.6698	86.7359
 2.6685	84.9147
 2.6671	86.3992
 2.6657	86.8911
 2.6644	85.5246
 2.6630	83.7488
 2.6616	83.8469
 2.6603	84.1512
 2.6589	83.8595
 2.6575	83.2612
 2.6562	83.8434
 2.6548	83.9819
 2.6534	84.2891
 2.6521	84.4528
 2.6507	83.7135
 2.6494	83.3570
 2.6480	83.5573
 2.6467	84.1419
 2.6453	84.3929
 2.6440	83.7803
 2.6426	83.8612
 2.6413	83.9012
 2.6399	83.8364
 2.6386	83.7466
 2.6372	83.7500
 2.6359	83.8070
 2.6346	84.5463
 2.6332	84.8275
 2.6319	85.4653
 2.6306	86.9073
 2.6292	85.7251
 2.6279	85.3050
 2.6266	86.1468
 2.6252	84.9101
 2.6239	84.2763
 2.6226	84.4712
 2.6212	86.1252
 2.6199	86.6016
 2.6186	85.7060
 2.6173	86.9342
 2.6160	86.3171
 2.6146	84.8942
 2.6133	84.9248
 2.6120	84.7167
 2.6107	85.0414
 2.6094	85.5100
 2.6081	85.7043
 2.6067	86.6033
 2.6054	87.5599
 2.6041	86.6437
 2.6028	85.7061
 2.6015	85.3042
 2.6002	84.7933
 2.5989	84.4761
 2.5976	85.1231
 2.5963	87.5674
 2.5950	90.4628
 2.5937	88.2516
 2.5924	85.3514
 2.5911	84.8230
 2.5898	85.3513
 2.5885	85.8511
 2.5872	86.1414
 2.5859	85.6815
 2.5847	86.6149
 2.5834	86.6647
 2.5821	85.5169
 2.5808	85.4444
 2.5795	84.7504
 2.5782	85.0623
 2.5770	85.7293
 2.5757	85.3504
 2.5744	85.8243
 2.5731	86.2456
 2.5718	85.0391
 2.5706	85.4079
 2.5693	85.7077
 2.5680	84.8783
 2.5667	84.5259
 2.5655	85.2273
 2.5642	86.1450
 2.5629	86.4036
 2.5617	86.4595
 2.5604	85.6796
 2.5591	84.6851
 2.5579	84.3807
 2.5566	84.4190
 2.5554	84.5404
 2.5541	84.9008
 2.5528	85.3210
 2.5516	85.1374
 2.5503	84.8119
 2.5491	84.7022
 2.5478	84.9014
 2.5466	84.6737
 2.5453	84.5924
 2.5441	84.9550
 2.5428	85.1460
 2.5416	84.8389
 2.5403	84.7033
 2.5391	84.6908
 2.5379	84.6878
 2.5366	84.8776
 2.5354	84.7768
 2.5341	84.6361
 2.5329	84.8866
 2.5317	84.9322
 2.5304	84.8183
 2.5292	84.6954
 2.5280	84.5854
 2.5267	84.5691
 2.5255	84.6666
 2.5243	84.7330
 2.5230	84.7028
 2.5218	84.6779
 2.5206	84.7825
 2.5194	84.8073
 2.5181	84.7926
 2.5169	84.7347
 2.5157	84.6702
 2.5145	84.6212
 2.5133	84.5234
 2.5120	84.6193
 2.5108	84.7253
 2.5096	84.6997
 2.5084	84.8451
 2.5072	84.9321
 2.5060	84.9257
 2.5048	84.9072
 2.5035	84.8776
 2.5023	84.8505
 2.5011	84.8725
 2.4999	84.9857
 2.4987	84.9876
 2.4975	84.9527
 2.4963	84.9567
 2.4951	85.0347
 2.4939	84.9732
 2.4927	84.9590
 2.4915	85.0874
 2.4903	85.1447
 2.4891	85.1523
 2.4879	85.1503
 2.4867	85.0968
 2.4855	85.0634
 2.4844	85.0730
 2.4832	85.1392
 2.4820	85.1681
 2.4808	85.2106
 2.4796	85.2390
 2.4784	85.2359
 2.4772	85.2702
 2.4760	85.2322
 2.4749	85.1279
 2.4737	85.1532
 2.4725	85.3196
 2.4713	85.4421
 2.4701	85.3558
 2.4690	85.3176
 2.4678	85.3735
 2.4666	85.2971
 2.4655	85.2068
 2.4643	85.3574
 2.4631	85.4539
 2.4619	85.4482
 2.4608	85.4191
 2.4596	85.4380
 2.4584	85.4364
 2.4573	85.4417
 2.4561	85.5631
 2.4549	85.6991
 2.4538	85.6836
 2.4526	85.7280
 2.4515	85.7487
 2.4503	85.6605
 2.4491	85.6080
 2.4480	85.7173
 2.4468	85.7278
 2.4457	85.7517
 2.4445	85.8836
 2.4434	85.9379
 2.4422	85.8230
 2.4411	85.7856
 2.4399	85.7685
 2.4388	85.7591
 2.4376	85.8108
 2.4365	85.8601
 2.4353	85.8514
 2.4342	85.8414
 2.4331	85.8670
 2.4319	85.9135
 2.4308	85.8978
 2.4296	86.0152
 2.4285	86.0289
 2.4274	85.9429
 2.4262	86.0062
 2.4251	86.1466
 2.4240	86.2734
 2.4228	86.2457
 2.4217	86.0730
 2.4206	86.0866
 2.4194	86.1599
 2.4183	86.1018
 2.4172	86.0694
 2.4160	86.1140
 2.4149	86.1027
 2.4138	86.1158
 2.4127	86.1903
 2.4116	86.2123
 2.4104	86.2317
 2.4093	86.2751
 2.4082	86.3519
 2.4071	86.3417
 2.4059	86.2614
 2.4048	86.2818
 2.4037	86.3297
 2.4026	86.3902
 2.4015	86.4099
 2.4004	86.3379
 2.3993	86.2701
 2.3982	86.2806
 2.3971	86.3083
 2.3960	86.4774
 2.3948	86.4925
 2.3937	86.4992
 2.3926	86.4366
 2.3915	86.4344
 2.3904	86.5893
 2.3893	86.5519
 2.3882	86.4894
 2.3871	86.4637
 2.3860	86.4283
 2.3849	86.5435
 2.3838	86.5430
 2.3827	86.5052
 2.3816	86.6624
 2.3805	86.7588
 2.3795	86.7044
 2.3784	86.7864
 2.3773	86.7967
 2.3762	86.6602
 2.3751	86.5808
 2.3740	86.5243
 2.3729	86.5400
 2.3718	86.6286
 2.3708	86.6749
 2.3697	86.7954
 2.3686	86.9007
 2.3675	86.9152
 2.3664	86.8628
 2.3653	86.8309
 2.3643	86.8324
 2.3632	86.8187
 2.3621	86.8024
 2.3610	86.8540
 2.3600	86.8354
 2.3589	86.7684
 2.3578	86.7824
 2.3567	86.7792
 2.3557	86.7861
 2.3546	86.8068
 2.3535	86.8608
 2.3525	87.0407
 2.3514	87.0468
 2.3503	86.9165
 2.3493	86.9021
 2.3482	86.9402
 2.3471	86.8428
 2.3461	86.9509
 2.3450	87.0763
 2.3440	87.0136
 2.3429	86.9528
 2.3418	86.9715
 2.3408	87.0315
 2.3397	87.1162
 2.3387	87.1045
 2.3376	87.0614
 2.3366	87.0857
 2.3355	87.1871
 2.3345	87.2029
 2.3334	87.1642
 2.3324	87.1241
 2.3313	87.0042
 2.3303	86.9209
 2.3292	87.0032
 2.3282	87.0798
 2.3271	86.9971
 2.3261	86.9283
 2.3250	86.9788
 2.3240	87.0542
 2.3230	87.1308
 2.3219	87.2665
 2.3209	87.2348
 2.3198	87.1077
 2.3188	87.1338
 2.3178	87.1335
 2.3167	87.1347
 2.3157	87.1892
 2.3147	87.1648
 2.3136	87.0377
 2.3126	87.1231
 2.3116	87.2456
 2.3105	87.1587
 2.3095	87.1393
 2.3085	87.1518
 2.3074	87.1808
 2.3064	87.2360
 2.3054	87.2505
 2.3044	87.2180
 2.3034	87.1748
 2.3023	87.2524
 2.3013	87.2640
 2.3003	87.2159
 2.2993	87.1620
 2.2982	87.2030
 2.2972	87.2501
 2.2962	87.2699
 2.2952	87.2742
 2.2942	87.4343
 2.2932	87.4757
 2.2921	87.3429
 2.2911	87.2943
 2.2901	87.2377
 2.2891	87.2517
 2.2881	87.3350
 2.2871	87.2944
 2.2861	87.2213
 2.2851	87.3558
 2.2841	87.4630
 2.2831	87.3567
 2.2821	87.2224
 2.2811	87.2869
 2.2801	87.3527
 2.2790	87.2822
 2.2780	87.3112
 2.2771	87.3635
 2.2761	87.4194
 2.2750	87.3810
 2.2740	87.3922
 2.2731	87.4528
 2.2721	87.3406
 2.2711	87.3069
 2.2701	87.4335
 2.2691	87.4570
 2.2681	87.4300
 2.2671	87.3779
 2.2661	87.4008
 2.2651	87.3201
 2.2641	87.2239
 2.2631	87.2869
 2.2621	87.4199
 2.2612	87.3466
 2.2602	87.3607
 2.2592	87.4475
 2.2582	87.3498
 2.2572	87.3445
 2.2562	87.5014
 2.2553	87.4857
 2.2543	87.5399
 2.2533	87.4884
 2.2523	87.3671
 2.2513	87.4027
 2.2504	87.3967
 2.2494	87.3918
 2.2484	87.4312
 2.2474	87.4569
 2.2465	87.5669
 2.2455	87.5933
 2.2445	87.5117
 2.2435	87.6073
 2.2426	87.6450
 2.2416	87.5267
 2.2406	87.5035
 2.2397	87.4529
 2.2387	87.3560
 2.2377	87.4678
 2.2368	87.5899
 2.2358	87.5632
 2.2348	87.5535
 2.2339	87.4950
 2.2329	87.4307
 2.2320	87.5129
 2.2310	87.6102
 2.2300	87.6264
 2.2291	87.5187
 2.2281	87.4592
 2.2272	87.5086
 2.2262	87.5490
 2.2252	87.4953
 2.2243	87.5546
 2.2233	87.6086
 2.2224	87.5753
 2.2214	87.6202
 2.2205	87.5945
 2.2195	87.5104
 2.2186	87.4762
 2.2176	87.4224
 2.2167	87.4336
 2.2157	87.5576
 2.2148	87.6320
 2.2138	87.5473
 2.2129	87.3745
 2.2120	87.4366
 2.2110	87.4971
 2.2101	87.3855
 2.2091	87.3175
 2.2082	87.4474
 2.2073	87.6042
 2.2063	87.5182
 2.2054	87.4139
 2.2044	87.4441
 2.2035	87.6163
 2.2026	87.7128
 2.2016	87.5441
 2.2007	87.4655
 2.1998	87.4011
 2.1988	87.4436
 2.1979	87.5328
 2.1970	87.4881
 2.1960	87.4929
 2.1951	87.4623
 2.1942	87.3791
 2.1932	87.5973
 2.1923	87.7110
 2.1914	87.5138
 2.1905	87.3453
 2.1895	87.3766
 2.1886	87.5000
 2.1877	87.6621
 2.1868	87.6695
 2.1858	87.5434
 2.1849	87.6583
 2.1840	87.6012
 2.1831	87.3431
 2.1822	87.4417
 2.1812	87.3955
 2.1803	87.3484
 2.1794	87.5917
 2.1785	87.5948
 2.1776	87.4350
 2.1767	87.5131
 2.1758	87.4881
 2.1749	87.4922
 2.1739	87.5554
 2.1730	87.5374
 2.1721	87.5198
 2.1712	87.5340
 2.1703	87.4545
 2.1694	87.3761
 2.1685	87.4412
 2.1676	87.5808
 2.1667	87.5878
 2.1658	87.5581
 2.1649	87.5758
 2.1639	87.5036
 2.1631	87.4598
 2.1622	87.3883
 2.1612	87.3136
 2.1604	87.4129
 2.1595	87.4038
 2.1585	87.4016
 2.1576	87.4651
 2.1568	87.4080
 2.1559	87.2547
 2.1550	87.2145
 2.1541	87.4161
 2.1532	87.5061
 2.1523	87.4546
 2.1514	87.4663
 2.1505	87.4938
 2.1496	87.3918
 2.1487	87.2892
 2.1478	87.3024
 2.1469	87.3488
 2.1460	87.4415
 2.1452	87.3769
 2.1443	87.2861
 2.1434	87.3355
 2.1425	87.4559
 2.1416	87.4092
 2.1407	87.3633
 2.1398	87.3536
 2.1390	87.1970
 2.1381	87.1299
 2.1372	87.3055
 2.1363	87.4395
 2.1354	87.4614
 2.1345	87.3155
 2.1337	87.1968
 2.1328	87.2206
 2.1319	87.1967
 2.1311	87.2596
 2.1302	87.4262
 2.1293	87.4080
 2.1284	87.2662
 2.1275	87.3758
 2.1267	87.4626
 2.1258	87.3682
 2.1249	87.4465
 2.1241	87.4585
 2.1232	87.3810
 2.1223	87.3997
 2.1214	87.3987
 2.1206	87.3046
 2.1197	87.1924
 2.1189	87.1795
 2.1180	87.3675
 2.1171	87.4311
 2.1163	87.3573
 2.1154	87.3228
 2.1145	87.0935
 2.1137	87.0588
 2.1128	87.2255
 2.1120	87.2459
 2.1111	87.3418
 2.1102	87.4082
 2.1094	87.3231
 2.1085	87.1832
 2.1077	87.1306
 2.1068	87.2094
 2.1059	87.1747
 2.1051	87.0441
 2.1042	87.1134
 2.1034	87.2816
 2.1025	87.3107
 2.1017	87.1924
 2.1008	87.0534
 2.1000	87.1269
 2.0991	87.2731
 2.0983	87.2317
 2.0974	87.1474
 2.0966	87.1767
 2.0957	87.1970
 2.0949	87.1889
 2.0940	87.1520
 2.0932	87.1752
 2.0924	87.2412
 2.0915	87.2387
 2.0907	87.3747
 2.0898	87.2964
 2.0890	87.1276
 2.0881	87.0825
 2.0873	87.0609
 2.0865	87.1143
 2.0856	86.9929
 2.0848	86.9727
 2.0839	87.0847
 2.0831	86.9575
 2.0823	86.7871
 2.0814	86.9558
 2.0806	86.9954
 2.0798	86.8778
 2.0789	86.5835
 2.0781	86.3604
 2.0773	86.4811
 2.0764	86.7572
 2.0756	86.9210
 2.0748	87.1063
 2.0739	87.3119
 2.0731	87.2127
 2.0723	87.1049
 2.0715	87.0435
 2.0706	86.8660
 2.0698	86.6978
 2.0690	86.7562
 2.0681	86.7871
 2.0673	86.8865
 2.0665	86.7031
 2.0657	86.7145
 2.0648	86.8694
 2.0640	86.8503
 2.0632	86.7868
 2.0624	86.6301
 2.0616	86.6942
 2.0607	86.7630
 2.0599	86.6338
 2.0591	86.6960
 2.0583	86.7818
 2.0575	86.7067
 2.0567	86.6682
 2.0558	86.6749
 2.0550	86.5750
 2.0542	86.6059
 2.0534	86.7077
 2.0526	86.7439
 2.0518	86.8158
 2.0510	86.7258
 2.0501	86.6633
 2.0493	86.7710
 2.0485	86.7114
 2.0477	86.5688
 2.0469	86.4811
 2.0461	86.4950
 2.0453	86.5085
 2.0445	86.5975
 2.0437	86.6438
 2.0429	86.5695
 2.0421	86.4968
 2.0413	86.4314
 2.0405	86.5564
 2.0397	86.6846
 2.0389	86.5585
 2.0381	86.3686
 2.0373	86.3516
 2.0365	86.3770
 2.0357	86.3274
 2.0349	86.3144
 2.0341	86.3758
 2.0333	86.4207
 2.0325	86.4191
 2.0317	86.3890
 2.0309	86.3626
 2.0301	86.2950
 2.0293	86.2357
 2.0285	86.2871
 2.0277	86.2035
 2.0269	86.0673
 2.0261	85.9716
 2.0253	85.9290
 2.0245	85.9250
 2.0237	85.8824
 2.0229	85.9653
 2.0222	86.1746
 2.0214	86.2415
 2.0206	86.0416
 2.0198	85.8381
 2.0190	85.8849
 2.0182	85.9269
 2.0174	85.9837
 2.0167	85.9985
 2.0159	85.7567
 2.0151	85.6101
 2.0143	85.7895
 2.0135	85.8914
 2.0128	85.8234
 2.0120	85.6920
 2.0112	85.5716
 2.0104	85.5595
 2.0096	85.5752
 2.0088	85.5388
 2.0081	85.5056
 2.0073	85.4388
 2.0065	85.2224
 2.0057	85.2161
 2.0050	85.4157
 2.0042	85.6003
 2.0034	85.5534
 2.0026	85.4164
 2.0019	85.3872
 2.0011	85.3930
 2.0003	85.3509
