Name: Ulexite NaCaB_5O_6(OH)_6.5H_2O
Type: Mineral
Class: Borate
Subclass: None
Particle Size: Coarse
Sample No.: B-3A
Owner: JPL
Wavelength Range: TIR
Origin: USA, California, Kern County, Boron
Collection Date: N/A
Description: Particle size was 125-500um.Collected by JPL Original ASTER Spectral Library name was jpl.nicolet.mineral.borate.none.coarse.b03a.spectrum.txt
Measurement: Hemispherical reflectance
First Column: X
Second Column: Y
X Units: Wavelength (micrometers)
Y Units:Reflectance (percent)
First X Value: 15.3853
Last X Value:  2.0003
Number of X Values: 2256
Additional Information: mineral.borate.none.coarse.tir.b-3a.jpl.nicolet.ancillary.txt

15.3853	 3.9867
15.3397	 3.6612
15.2945	 3.5142
15.2495	 3.5469
15.2048	 3.3763
15.1603	 3.1977
15.1161	 3.3015
15.0722	 3.2449
15.0285	 2.9913
14.9851	 3.1339
14.9419	 3.2416
14.8989	 3.0573
14.8563	 3.1595
14.8138	 3.1021
14.7716	 3.1778
14.7296	 3.2347
14.6879	 3.2614
14.6464	 3.2784
14.6052	 3.3622
14.5641	 3.4784
14.5233	 3.4467
14.4828	 3.2389
14.4424	 3.4872
14.4023	 3.7627
14.3624	 3.6990
14.3227	 3.7080
14.2833	 3.5839
14.2440	 3.5875
14.2050	 3.9360
14.1662	 4.0655
14.1276	 4.0243
14.0892	 3.9661
14.0510	 3.9609
14.0131	 3.9017
13.9753	 3.8092
13.9377	 3.6484
13.9004	 3.3147
13.8632	 3.1112
13.8262	 2.9749
13.7895	 2.9986
13.7529	 2.9199
13.7165	 2.7576
13.6803	 2.7339
13.6443	 2.8332
13.6085	 2.9221
13.5729	 3.1195
13.5374	 3.1950
13.5022	 3.1829
13.4671	 3.3100
13.4322	 3.2921
13.3975	 3.2434
13.3630	 3.3333
13.3286	 3.1395
13.2944	 2.7930
13.2604	 2.4700
13.2266	 2.2912
13.1930	 2.2576
13.1595	 2.1947
13.1262	 2.0850
13.0930	 2.0287
13.0600	 2.0085
13.0272	 2.1725
12.9946	 2.3618
12.9621	 2.4327
12.9298	 2.6462
12.8976	 2.6765
12.8656	 2.6945
12.8337	 2.7247
12.8021	 2.7870
12.7705	 2.5890
12.7391	 2.5677
12.7079	 2.7239
12.6769	 2.8516
12.6459	 2.9371
12.6152	 2.9392
12.5845	 3.0219
12.5541	 3.3222
12.5238	 3.3399
12.4936	 3.4278
12.4635	 3.5810
12.4337	 3.5806
12.4039	 3.6106
12.3743	 3.9140
12.3448	 4.0988
12.3155	 4.1394
12.2863	 4.2368
12.2573	 4.4455
12.2284	 4.6902
12.1996	 4.8984
12.1710	 5.1998
12.1425	 5.3888
12.1141	 5.4555
12.0859	 5.4161
12.0578	 5.3601
12.0298	 5.2278
12.0019	 5.2997
11.9742	 5.3648
11.9466	 5.1688
11.9192	 5.1078
11.8918	 5.1440
11.8646	 5.2805
11.8375	 5.5917
11.8106	 5.9832
11.7837	 6.5434
11.7570	 7.0527
11.7304	 7.4383
11.7039	 7.9195
11.6776	 8.2633
11.6513	 8.4957
11.6252	 8.6159
11.5992	 8.5713
11.5733	 8.3004
11.5475	 7.9515
11.5219	 7.5093
11.4963	 6.9704
11.4709	 6.3782
11.4455	 5.8876
11.4203	 5.5353
11.3952	 5.1342
11.3702	 4.5910
11.3454	 4.1906
11.3206	 3.7437
11.2959	 3.2883
11.2714	 2.8668
11.2469	 2.4013
11.2226	 2.1046
11.1983	 2.0237
11.1742	 2.0378
11.1502	 2.1066
11.1263	 2.0675
11.1024	 2.1543
11.0787	 2.4224
11.0551	 2.5699
11.0316	 2.5698
11.0081	 2.6001
10.9848	 2.7260
10.9616	 2.9013
10.9385	 3.0170
10.9154	 3.0317
10.8925	 3.1471
10.8697	 3.3254
10.8469	 3.2492
10.8243	 3.3189
10.8017	 3.3872
10.7793	 3.2539
10.7569	 3.0979
10.7346	 3.1194
10.7125	 3.1234
10.6904	 3.2527
10.6684	 3.3547
10.6465	 3.4087
10.6247	 3.4623
10.6029	 3.5816
10.5813	 3.7211
10.5597	 3.9396
10.5383	 4.1318
10.5169	 4.3332
10.4956	 4.4710
10.4744	 4.4740
10.4533	 4.5822
10.4323	 4.6988
10.4113	 4.7511
10.3904	 4.8309
10.3697	 4.9508
10.3490	 5.1820
10.3284	 5.4408
10.3078	 5.6914
10.2874	 5.9245
10.2670	 5.9766
10.2467	 6.0852
10.2265	 6.0766
10.2064	 6.0103
10.1863	 5.9916
10.1663	 6.0702
10.1464	 6.1375
10.1266	 6.1695
10.1069	 6.2571
10.0872	 6.4955
10.0676	 6.7670
10.0481	 7.0124
10.0287	 7.1795
10.0093	 7.1954
 9.9901	 7.3608
 9.9708	 7.5354
 9.9517	 7.5613
 9.9326	 7.5479
 9.9136	 7.5282
 9.8947	 7.2651
 9.8759	 6.9023
 9.8571	 6.4051
 9.8384	 5.8027
 9.8198	 5.2534
 9.8012	 4.8250
 9.7827	 4.3903
 9.7643	 3.9845
 9.7459	 3.7558
 9.7276	 3.5901
 9.7094	 3.5656
 9.6913	 3.6635
 9.6732	 3.7192
 9.6552	 3.8431
 9.6372	 4.1933
 9.6194	 4.4954
 9.6015	 4.7374
 9.5838	 4.9309
 9.5661	 5.2165
 9.5485	 5.5893
 9.5309	 5.8742
 9.5135	 6.1124
 9.4960	 6.2982
 9.4787	 6.3445
 9.4614	 6.3502
 9.4441	 6.4711
 9.4270	 6.6927
 9.4099	 6.6823
 9.3928	 6.6152
 9.3758	 6.6264
 9.3589	 6.6071
 9.3420	 6.4787
 9.3252	 6.3396
 9.3085	 6.2995
 9.2918	 6.3077
 9.2752	 6.1003
 9.2586	 5.9073
 9.2421	 5.8008
 9.2257	 5.7680
 9.2093	 5.6542
 9.1930	 5.4260
 9.1767	 5.2589
 9.1605	 5.2381
 9.1443	 5.1912
 9.1282	 5.1938
 9.1122	 5.3650
 9.0962	 5.3642
 9.0803	 5.2044
 9.0644	 5.1719
 9.0486	 5.1800
 9.0328	 5.0839
 9.0171	 5.0444
 9.0015	 4.9750
 8.9858	 4.9458
 8.9703	 4.8748
 8.9548	 4.6489
 8.9394	 4.4768
 8.9240	 4.3351
 8.9086	 4.2138
 8.8934	 3.9098
 8.8781	 3.6218
 8.8630	 3.5272
 8.8478	 3.3245
 8.8328	 3.0716
 8.8177	 2.8507
 8.8028	 2.7956
 8.7879	 2.7256
 8.7730	 2.5724
 8.7582	 2.4793
 8.7434	 2.3381
 8.7287	 2.0552
 8.7140	 1.9873
 8.6994	 2.0335
 8.6848	 1.9540
 8.6703	 1.7120
 8.6558	 1.5079
 8.6414	 1.4002
 8.6270	 1.3183
 8.6127	 1.3245
 8.5984	 1.4963
 8.5842	 1.4343
 8.5700	 1.2276
 8.5558	 1.2182
 8.5417	 1.2914
 8.5277	 1.4838
 8.5137	 1.5561
 8.4997	 1.5306
 8.4858	 1.6387
 8.4719	 1.7199
 8.4581	 1.7476
 8.4444	 1.9191
 8.4306	 2.1165
 8.4169	 2.0432
 8.4033	 2.0464
 8.3897	 2.2332
 8.3761	 2.2905
 8.3626	 2.2331
 8.3492	 2.1730
 8.3357	 2.0781
 8.3224	 2.0625
 8.3090	 2.2388
 8.2957	 2.3203
 8.2825	 2.3133
 8.2693	 2.4494
 8.2561	 2.5456
 8.2430	 2.6596
 8.2299	 2.8443
 8.2169	 2.8314
 8.2038	 2.6781
 8.1909	 2.5051
 8.1780	 2.2833
 8.1651	 2.0515
 8.1523	 1.8991
 8.1395	 1.6876
 8.1267	 1.4123
 8.1140	 1.2653
 8.1013	 1.1764
 8.0887	 1.0819
 8.0761	 1.0103
 8.0635	 1.0865
 8.0510	 1.0495
 8.0385	 0.8329
 8.0261	 0.7515
 8.0137	 0.7830
 8.0013	 0.8735
 7.9890	 0.8111
 7.9767	 0.7694
 7.9644	 0.7651
 7.9522	 0.7864
 7.9400	 0.9172
 7.9279	 1.0245
 7.9158	 1.0730
 7.9037	 1.0528
 7.8917	 1.0914
 7.8797	 1.1963
 7.8677	 1.2244
 7.8558	 1.2637
 7.8439	 1.4937
 7.8321	 1.6057
 7.8203	 1.5900
 7.8085	 1.5791
 7.7967	 1.5914
 7.7850	 1.6595
 7.7734	 1.7489
 7.7617	 1.8376
 7.7501	 1.8306
 7.7386	 1.9117
 7.7270	 2.0586
 7.7155	 2.0703
 7.7041	 2.1619
 7.6926	 2.3274
 7.6812	 2.4704
 7.6699	 2.6186
 7.6585	 2.6891
 7.6472	 2.8497
 7.6360	 3.0869
 7.6247	 3.3028
 7.6136	 3.5209
 7.6024	 3.7272
 7.5913	 3.8955
 7.5802	 3.9937
 7.5691	 4.0072
 7.5581	 4.0586
 7.5471	 4.0480
 7.5361	 3.9748
 7.5252	 3.8137
 7.5142	 3.6928
 7.5034	 3.5998
 7.4925	 3.4499
 7.4817	 3.3707
 7.4709	 3.2988
 7.4602	 3.0352
 7.4495	 2.8937
 7.4388	 2.8556
 7.4281	 2.7812
 7.4175	 2.7599
 7.4069	 2.7405
 7.3963	 2.6788
 7.3858	 2.7997
 7.3753	 2.9696
 7.3648	 2.9825
 7.3544	 2.8187
 7.3440	 2.7142
 7.3336	 2.6554
 7.3232	 2.4177
 7.3129	 2.1608
 7.3026	 1.9509
 7.2923	 1.7766
 7.2821	 1.6544
 7.2718	 1.5483
 7.2617	 1.5481
 7.2515	 1.5866
 7.2414	 1.6639
 7.2313	 1.8980
 7.2212	 2.0565
 7.2112	 2.1028
 7.2012	 2.2569
 7.1912	 2.4367
 7.1812	 2.4299
 7.1713	 2.4177
 7.1614	 2.4163
 7.1515	 2.3454
 7.1416	 2.3513
 7.1318	 2.3849
 7.1220	 2.4246
 7.1123	 2.4395
 7.1025	 2.4179
 7.0928	 2.4464
 7.0831	 2.5974
 7.0734	 2.7637
 7.0638	 2.8683
 7.0542	 2.9806
 7.0446	 3.1347
 7.0351	 3.1711
 7.0255	 3.2180
 7.0160	 3.3111
 7.0065	 3.3843
 6.9971	 3.4117
 6.9877	 3.2674
 6.9782	 3.1096
 6.9689	 3.0881
 6.9595	 2.9963
 6.9502	 2.7808
 6.9409	 2.4916
 6.9316	 2.1803
 6.9223	 1.8705
 6.9131	 1.5556
 6.9039	 1.2955
 6.8947	 1.0476
 6.8856	 0.9385
 6.8764	 0.8835
 6.8673	 0.8375
 6.8582	 0.7137
 6.8492	 0.5877
 6.8402	 0.5941
 6.8311	 0.6619
 6.8221	 0.6073
 6.8132	 0.6396
 6.8042	 0.6630
 6.7953	 0.6397
 6.7864	 0.6069
 6.7776	 0.5956
 6.7687	 0.6421
 6.7599	 0.6740
 6.7511	 0.6152
 6.7423	 0.5437
 6.7336	 0.5048
 6.7248	 0.4545
 6.7161	 0.4004
 6.7074	 0.3999
 6.6988	 0.3886
 6.6901	 0.3523
 6.6815	 0.3884
 6.6729	 0.4538
 6.6643	 0.4824
 6.6558	 0.4864
 6.6472	 0.4703
 6.6387	 0.3685
 6.6302	 0.2831
 6.6217	 0.3113
 6.6133	 0.3614
 6.6049	 0.4626
 6.5965	 0.5657
 6.5881	 0.5534
 6.5797	 0.5434
 6.5714	 0.5537
 6.5631	 0.5515
 6.5548	 0.5447
 6.5465	 0.5869
 6.5382	 0.5865
 6.5300	 0.5334
 6.5218	 0.5402
 6.5136	 0.5392
 6.5054	 0.6094
 6.4973	 0.6681
 6.4892	 0.6660
 6.4810	 0.6179
 6.4729	 0.6233
 6.4649	 0.5954
 6.4568	 0.5648
 6.4488	 0.6426
 6.4408	 0.6848
 6.4328	 0.6889
 6.4248	 0.6722
 6.4169	 0.6912
 6.4089	 0.6622
 6.4010	 0.6442
 6.3931	 0.7112
 6.3853	 0.7260
 6.3774	 0.7435
 6.3696	 0.7452
 6.3618	 0.7053
 6.3540	 0.6938
 6.3462	 0.7466
 6.3384	 0.8858
 6.3307	 0.9176
 6.3230	 0.8700
 6.3153	 0.7989
 6.3076	 0.7726
 6.2999	 0.8000
 6.2923	 0.8653
 6.2847	 0.8814
 6.2770	 0.8547
 6.2694	 0.8558
 6.2619	 0.8671
 6.2543	 0.9268
 6.2468	 0.8955
 6.2393	 0.8849
 6.2318	 0.8424
 6.2243	 0.7860
 6.2168	 0.9092
 6.2094	 1.0417
 6.2020	 1.0402
 6.1945	 0.9724
 6.1871	 0.9183
 6.1798	 0.9580
 6.1724	 1.0083
 6.1651	 1.0035
 6.1578	 0.9718
 6.1505	 0.9175
 6.1432	 0.8427
 6.1359	 0.7598
 6.1286	 0.8011
 6.1214	 0.8288
 6.1142	 0.8393
 6.1070	 0.8960
 6.0998	 0.9483
 6.0926	 0.8954
 6.0855	 0.7917
 6.0784	 0.7441
 6.0712	 0.7689
 6.0641	 0.7865
 6.0571	 0.8422
 6.0500	 0.9327
 6.0429	 0.9309
 6.0359	 0.8522
 6.0289	 0.8421
 6.0219	 0.8899
 6.0149	 0.9288
 6.0079	 0.8564
 6.0010	 0.8455
 5.9940	 0.8712
 5.9871	 0.8333
 5.9802	 0.8013
 5.9733	 0.7571
 5.9664	 0.6964
 5.9596	 0.7657
 5.9527	 0.7901
 5.9459	 0.7712
 5.9391	 0.7951
 5.9323	 0.7923
 5.9255	 0.8291
 5.9188	 0.8519
 5.9120	 0.8276
 5.9053	 0.8793
 5.8986	 0.8505
 5.8919	 0.8170
 5.8852	 0.9256
 5.8785	 0.8733
 5.8718	 0.7792
 5.8652	 0.8041
 5.8586	 0.8361
 5.8520	 0.8709
 5.8454	 0.8866
 5.8388	 0.8592
 5.8322	 0.8501
 5.8257	 0.8255
 5.8191	 0.8038
 5.8126	 0.8354
 5.8061	 0.8663
 5.7996	 0.8711
 5.7931	 0.9195
 5.7866	 0.9794
 5.7802	 0.9574
 5.7738	 0.8834
 5.7673	 0.8409
 5.7609	 0.9024
 5.7545	 0.9348
 5.7481	 0.8639
 5.7418	 0.8124
 5.7354	 0.8689
 5.7291	 0.9147
 5.7228	 0.9620
 5.7165	 0.9663
 5.7102	 0.8805
 5.7039	 0.8870
 5.6976	 0.9311
 5.6914	 0.9201
 5.6851	 0.9199
 5.6789	 0.9008
 5.6727	 0.9966
 5.6665	 1.0443
 5.6603	 0.9988
 5.6541	 1.0113
 5.6480	 1.0512
 5.6418	 1.0579
 5.6357	 1.0177
 5.6296	 1.0072
 5.6235	 1.0622
 5.6174	 1.0635
 5.6113	 1.0585
 5.6052	 1.0479
 5.5992	 1.0212
 5.5931	 1.0667
 5.5871	 1.0659
 5.5811	 1.0176
 5.5751	 0.9982
 5.5691	 0.9561
 5.5631	 0.9755
 5.5572	 0.9720
 5.5512	 1.0163
 5.5453	 1.0898
 5.5393	 1.1669
 5.5334	 1.1191
 5.5275	 1.0269
 5.5217	 1.0380
 5.5158	 1.0112
 5.5099	 1.0185
 5.5041	 1.0419
 5.4982	 1.0593
 5.4924	 1.1096
 5.4866	 1.1545
 5.4808	 1.1453
 5.4750	 1.0610
 5.4692	 1.0856
 5.4635	 1.2018
 5.4577	 1.2730
 5.4520	 1.2240
 5.4463	 1.1288
 5.4405	 1.0691
 5.4348	 1.0593
 5.4291	 1.1357
 5.4235	 1.1621
 5.4178	 1.0679
 5.4121	 1.0760
 5.4065	 1.1821
 5.4009	 1.2658
 5.3952	 1.2069
 5.3896	 1.1057
 5.3840	 1.1063
 5.3785	 1.1552
 5.3729	 1.1719
 5.3673	 1.1457
 5.3618	 1.1878
 5.3562	 1.2281
 5.3507	 1.1649
 5.3452	 1.1478
 5.3397	 1.1638
 5.3342	 1.1955
 5.3287	 1.2494
 5.3232	 1.2301
 5.3178	 1.1441
 5.3123	 1.1363
 5.3069	 1.1935
 5.3015	 1.1441
 5.2961	 1.1624
 5.2907	 1.2184
 5.2852	 1.1816
 5.2799	 1.2007
 5.2745	 1.2105
 5.2691	 1.1942
 5.2638	 1.2053
 5.2584	 1.1775
 5.2531	 1.1632
 5.2478	 1.1611
 5.2425	 1.1289
 5.2372	 1.1591
 5.2319	 1.1634
 5.2267	 1.1465
 5.2214	 1.1965
 5.2161	 1.2641
 5.2109	 1.2881
 5.2057	 1.2771
 5.2004	 1.2610
 5.1952	 1.2274
 5.1900	 1.1784
 5.1848	 1.1627
 5.1796	 1.1737
 5.1745	 1.1994
 5.1693	 1.2160
 5.1642	 1.2389
 5.1590	 1.2358
 5.1539	 1.2635
 5.1488	 1.2863
 5.1437	 1.2753
 5.1386	 1.2587
 5.1335	 1.2708
 5.1284	 1.2754
 5.1234	 1.2893
 5.1183	 1.2613
 5.1132	 1.2379
 5.1082	 1.2171
 5.1032	 1.1924
 5.0982	 1.1888
 5.0932	 1.1895
 5.0882	 1.2079
 5.0832	 1.2172
 5.0782	 1.2730
 5.0732	 1.2658
 5.0683	 1.2295
 5.0633	 1.3077
 5.0584	 1.3521
 5.0534	 1.3269
 5.0485	 1.2641
 5.0436	 1.1975
 5.0387	 1.2469
 5.0338	 1.3058
 5.0289	 1.3224
 5.0241	 1.2891
 5.0192	 1.2732
 5.0144	 1.2754
 5.0095	 1.2842
 5.0047	 1.3052
 4.9998	 1.3124
 4.9950	 1.3589
 4.9902	 1.3656
 4.9854	 1.3719
 4.9806	 1.3719
 4.9759	 1.3091
 4.9711	 1.2362
 4.9663	 1.2760
 4.9616	 1.3507
 4.9568	 1.3268
 4.9521	 1.2971
 4.9474	 1.2724
 4.9426	 1.3717
 4.9379	 1.4114
 4.9332	 1.3722
 4.9286	 1.3147
 4.9239	 1.2843
 4.9192	 1.2995
 4.9145	 1.2906
 4.9099	 1.2347
 4.9052	 1.1606
 4.9006	 1.1880
 4.8960	 1.3210
 4.8914	 1.3978
 4.8867	 1.3489
 4.8821	 1.3346
 4.8776	 1.2964
 4.8730	 1.3177
 4.8684	 1.3959
 4.8638	 1.3882
 4.8593	 1.3956
 4.8547	 1.3395
 4.8502	 1.3136
 4.8456	 1.3809
 4.8411	 1.4082
 4.8366	 1.4788
 4.8321	 1.5285
 4.8276	 1.4252
 4.8231	 1.2878
 4.8186	 1.2308
 4.8141	 1.2788
 4.8097	 1.2898
 4.8052	 1.3184
 4.8008	 1.4121
 4.7963	 1.4110
 4.7919	 1.3472
 4.7875	 1.3813
 4.7831	 1.4389
 4.7786	 1.3458
 4.7743	 1.2632
 4.7699	 1.4047
 4.7655	 1.4979
 4.7611	 1.3777
 4.7567	 1.3069
 4.7524	 1.3523
 4.7480	 1.4312
 4.7437	 1.4025
 4.7393	 1.3385
 4.7350	 1.3618
 4.7307	 1.4200
 4.7264	 1.4613
 4.7221	 1.3903
 4.7178	 1.3728
 4.7135	 1.4155
 4.7092	 1.4150
 4.7049	 1.3952
 4.7007	 1.3592
 4.6964	 1.3775
 4.6922	 1.4272
 4.6879	 1.4017
 4.6837	 1.3018
 4.6795	 1.3050
 4.6752	 1.3671
 4.6710	 1.3983
 4.6668	 1.4613
 4.6626	 1.4286
 4.6584	 1.3639
 4.6543	 1.3948
 4.6501	 1.4824
 4.6459	 1.5179
 4.6418	 1.4261
 4.6376	 1.4021
 4.6334	 1.3965
 4.6293	 1.4007
 4.6252	 1.4711
 4.6211	 1.4480
 4.6170	 1.3724
 4.6128	 1.3434
 4.6087	 1.3376
 4.6047	 1.3827
 4.6006	 1.4083
 4.5965	 1.4823
 4.5924	 1.5300
 4.5884	 1.4735
 4.5843	 1.4754
 4.5802	 1.4096
 4.5762	 1.3719
 4.5722	 1.4474
 4.5681	 1.4563
 4.5641	 1.4275
 4.5601	 1.4107
 4.5561	 1.3695
 4.5521	 1.3741
 4.5481	 1.4539
 4.5441	 1.5249
 4.5401	 1.5083
 4.5362	 1.4474
 4.5322	 1.4115
 4.5282	 1.4980
 4.5243	 1.4004
 4.5203	 1.3548
 4.5164	 1.5025
 4.5125	 1.5096
 4.5085	 1.4851
 4.5046	 1.4515
 4.5007	 1.4296
 4.4968	 1.4760
 4.4929	 1.5017
 4.4890	 1.4245
 4.4851	 1.4003
 4.4813	 1.4396
 4.4774	 1.4366
 4.4735	 1.4760
 4.4697	 1.4873
 4.4658	 1.4951
 4.4620	 1.5297
 4.4581	 1.5194
 4.4543	 1.4898
 4.4505	 1.5340
 4.4467	 1.4906
 4.4429	 1.4651
 4.4391	 1.5071
 4.4353	 1.4161
 4.4315	 1.3564
 4.4277	 1.4246
 4.4239	 1.4884
 4.4201	 1.4702
 4.4164	 1.3826
 4.4126	 1.4261
 4.4089	 1.5061
 4.4051	 1.5432
 4.4014	 1.5454
 4.3976	 1.5391
 4.3939	 1.5546
 4.3902	 1.5185
 4.3865	 1.4826
 4.3828	 1.3823
 4.3791	 1.3650
 4.3754	 1.4589
 4.3717	 1.5420
 4.3680	 1.5706
 4.3643	 1.4582
 4.3607	 1.4323
 4.3570	 1.5279
 4.3533	 1.4862
 4.3497	 1.4141
 4.3460	 1.4747
 4.3424	 1.5268
 4.3388	 1.4996
 4.3351	 1.5498
 4.3315	 1.5817
 4.3279	 1.5269
 4.3243	 1.4986
 4.3207	 1.5163
 4.3171	 1.5297
 4.3135	 1.5286
 4.3099	 1.5425
 4.3063	 1.5336
 4.3028	 1.5263
 4.2992	 1.5183
 4.2956	 1.5180
 4.2921	 1.5672
 4.2885	 1.5494
 4.2850	 1.4928
 4.2815	 1.4934
 4.2779	 1.4891
 4.2744	 1.4874
 4.2709	 1.4709
 4.2674	 1.5238
 4.2638	 1.6205
 4.2603	 1.6160
 4.2568	 1.5926
 4.2534	 1.5593
 4.2499	 1.4952
 4.2464	 1.4603
 4.2429	 1.4903
 4.2394	 1.5390
 4.2360	 1.6446
 4.2325	 1.6034
 4.2291	 1.5113
 4.2256	 1.5427
 4.2222	 1.5433
 4.2187	 1.4913
 4.2153	 1.4994
 4.2119	 1.4845
 4.2085	 1.5349
 4.2051	 1.6376
 4.2016	 1.5769
 4.1982	 1.5011
 4.1948	 1.4813
 4.1915	 1.4495
 4.1881	 1.4509
 4.1847	 1.4815
 4.1813	 1.5429
 4.1780	 1.5779
 4.1746	 1.5603
 4.1712	 1.5554
 4.1679	 1.5242
 4.1645	 1.4876
 4.1612	 1.5380
 4.1578	 1.5521
 4.1545	 1.6197
 4.1512	 1.6437
 4.1479	 1.4825
 4.1445	 1.4412
 4.1412	 1.5198
 4.1379	 1.5646
 4.1346	 1.5437
 4.1313	 1.5721
 4.1280	 1.6735
 4.1248	 1.6728
 4.1215	 1.5565
 4.1182	 1.4743
 4.1150	 1.4761
 4.1117	 1.5860
 4.1084	 1.5481
 4.1052	 1.5122
 4.1019	 1.5192
 4.0987	 1.5719
 4.0954	 1.6343
 4.0922	 1.6072
 4.0890	 1.5527
 4.0858	 1.5091
 4.0826	 1.4576
 4.0793	 1.5151
 4.0761	 1.5912
 4.0729	 1.5865
 4.0697	 1.5776
 4.0665	 1.5789
 4.0633	 1.5405
 4.0602	 1.5892
 4.0570	 1.5883
 4.0538	 1.5248
 4.0507	 1.4598
 4.0475	 1.4009
 4.0443	 1.4879
 4.0412	 1.4919
 4.0380	 1.5031
 4.0349	 1.6022
 4.0317	 1.6691
 4.0286	 1.6518
 4.0255	 1.6142
 4.0224	 1.6091
 4.0193	 1.5451
 4.0161	 1.4291
 4.0130	 1.4004
 4.0099	 1.5436
 4.0068	 1.6174
 4.0037	 1.6247
 4.0006	 1.6338
 3.9976	 1.6114
 3.9945	 1.7106
 3.9914	 1.7031
 3.9883	 1.6315
 3.9853	 1.6099
 3.9822	 1.5463
 3.9792	 1.4867
 3.9761	 1.5091
 3.9731	 1.5820
 3.9700	 1.5948
 3.9670	 1.5959
 3.9639	 1.6308
 3.9609	 1.5647
 3.9579	 1.5819
 3.9549	 1.6350
 3.9519	 1.5301
 3.9489	 1.5124
 3.9458	 1.6138
 3.9428	 1.5606
 3.9398	 1.4840
 3.9369	 1.4957
 3.9339	 1.5014
 3.9309	 1.4805
 3.9279	 1.5316
 3.9249	 1.6581
 3.9220	 1.6797
 3.9190	 1.6063
 3.9160	 1.5510
 3.9131	 1.5555
 3.9101	 1.5737
 3.9072	 1.5138
 3.9042	 1.4627
 3.9013	 1.4559
 3.8984	 1.5355
 3.8954	 1.5772
 3.8925	 1.5864
 3.8896	 1.5478
 3.8867	 1.5179
 3.8838	 1.5818
 3.8809	 1.6135
 3.8780	 1.5576
 3.8751	 1.5796
 3.8722	 1.6699
 3.8693	 1.6836
 3.8664	 1.6352
 3.8635	 1.5759
 3.8606	 1.4767
 3.8578	 1.4530
 3.8549	 1.4905
 3.8520	 1.5156
 3.8492	 1.5705
 3.8463	 1.6189
 3.8435	 1.6363
 3.8406	 1.6382
 3.8378	 1.5733
 3.8349	 1.5562
 3.8321	 1.6334
 3.8293	 1.6170
 3.8264	 1.6297
 3.8236	 1.7055
 3.8208	 1.6587
 3.8180	 1.6161
 3.8152	 1.6300
 3.8124	 1.5717
 3.8096	 1.5071
 3.8068	 1.5440
 3.8040	 1.5714
 3.8012	 1.5594
 3.7984	 1.6327
 3.7956	 1.6141
 3.7929	 1.5207
 3.7901	 1.6371
 3.7873	 1.6985
 3.7845	 1.7592
 3.7818	 1.7234
 3.7790	 1.6019
 3.7763	 1.5765
 3.7735	 1.6193
 3.7708	 1.5780
 3.7681	 1.5989
 3.7653	 1.6360
 3.7626	 1.6102
 3.7599	 1.5195
 3.7571	 1.5013
 3.7544	 1.5931
 3.7517	 1.6475
 3.7490	 1.6744
 3.7463	 1.7032
 3.7436	 1.6960
 3.7409	 1.6708
 3.7382	 1.6335
 3.7355	 1.6579
 3.7328	 1.6907
 3.7301	 1.6234
 3.7274	 1.5640
 3.7247	 1.5903
 3.7221	 1.5742
 3.7194	 1.5710
 3.7167	 1.5449
 3.7141	 1.6166
 3.7114	 1.7190
 3.7088	 1.6320
 3.7061	 1.6124
 3.7035	 1.6639
 3.7008	 1.6670
 3.6982	 1.6183
 3.6955	 1.6616
 3.6929	 1.6833
 3.6903	 1.6846
 3.6877	 1.7577
 3.6850	 1.6935
 3.6824	 1.6175
 3.6798	 1.6220
 3.6772	 1.6626
 3.6746	 1.7132
 3.6720	 1.6687
 3.6694	 1.6448
 3.6668	 1.7121
 3.6642	 1.7211
 3.6616	 1.7479
 3.6590	 1.7725
 3.6564	 1.7114
 3.6539	 1.6275
 3.6513	 1.6413
 3.6487	 1.6935
 3.6462	 1.7280
 3.6436	 1.7029
 3.6410	 1.7068
 3.6385	 1.6606
 3.6359	 1.6396
 3.6334	 1.7421
 3.6308	 1.7429
 3.6283	 1.7327
 3.6258	 1.7207
 3.6232	 1.6786
 3.6207	 1.6729
 3.6182	 1.6127
 3.6156	 1.5926
 3.6131	 1.6476
 3.6106	 1.7063
 3.6081	 1.7595
 3.6056	 1.7821
 3.6031	 1.6673
 3.6006	 1.6195
 3.5981	 1.6839
 3.5956	 1.7836
 3.5931	 1.8445
 3.5906	 1.7840
 3.5881	 1.7610
 3.5856	 1.8237
 3.5832	 1.7816
 3.5807	 1.7149
 3.5782	 1.6484
 3.5758	 1.6366
 3.5733	 1.7770
 3.5708	 1.8392
 3.5684	 1.7656
 3.5659	 1.6233
 3.5635	 1.6319
 3.5610	 1.6726
 3.5586	 1.6968
 3.5561	 1.7615
 3.5537	 1.7992
 3.5513	 1.7473
 3.5488	 1.7572
 3.5464	 1.7556
 3.5440	 1.6672
 3.5415	 1.6343
 3.5391	 1.6746
 3.5367	 1.7495
 3.5343	 1.7946
 3.5319	 1.8566
 3.5295	 1.8565
 3.5271	 1.7510
 3.5247	 1.7510
 3.5223	 1.7963
 3.5199	 1.7088
 3.5175	 1.6889
 3.5151	 1.6960
 3.5128	 1.7455
 3.5104	 1.8703
 3.5080	 1.8275
 3.5056	 1.7524
 3.5033	 1.7958
 3.5009	 1.8243
 3.4985	 1.8383
 3.4962	 1.8233
 3.4938	 1.8031
 3.4915	 1.7979
 3.4891	 1.7936
 3.4868	 1.7925
 3.4844	 1.8044
 3.4821	 1.7483
 3.4798	 1.6725
 3.4774	 1.7269
 3.4751	 1.7452
 3.4728	 1.6901
 3.4704	 1.7271
 3.4681	 1.8101
 3.4658	 1.8060
 3.4635	 1.8078
 3.4612	 1.8423
 3.4589	 1.7973
 3.4566	 1.6901
 3.4543	 1.7409
 3.4520	 1.8375
 3.4497	 1.8449
 3.4474	 1.7928
 3.4451	 1.8319
 3.4428	 1.8508
 3.4405	 1.7865
 3.4382	 1.7380
 3.4359	 1.7406
 3.4337	 1.7948
 3.4314	 1.8594
 3.4291	 1.9878
 3.4269	 1.9838
 3.4246	 1.8779
 3.4223	 1.8776
 3.4201	 1.8384
 3.4178	 1.7584
 3.4156	 1.7539
 3.4133	 1.8577
 3.4111	 1.9101
 3.4088	 1.8599
 3.4066	 1.7787
 3.4043	 1.6938
 3.4021	 1.7587
 3.3999	 1.8500
 3.3977	 1.8403
 3.3954	 1.7676
 3.3932	 1.7588
 3.3910	 1.8536
 3.3888	 1.8545
 3.3866	 1.8976
 3.3844	 1.8611
 3.3822	 1.7201
 3.3799	 1.7960
 3.3777	 1.8090
 3.3755	 1.7313
 3.3733	 1.7623
 3.3712	 1.8198
 3.3690	 1.7874
 3.3668	 1.9390
 3.3646	 1.9801
 3.3624	 1.8352
 3.3602	 1.8102
 3.3580	 1.8200
 3.3559	 1.8099
 3.3537	 1.8350
 3.3515	 1.8693
 3.3494	 1.8505
 3.3472	 1.7571
 3.3451	 1.7375
 3.3429	 1.7349
 3.3407	 1.7344
 3.3386	 1.8053
 3.3364	 1.8300
 3.3343	 1.8246
 3.3321	 1.8990
 3.3300	 1.9833
 3.3279	 1.9995
 3.3257	 1.8858
 3.3236	 1.7923
 3.3215	 1.8940
 3.3194	 1.9586
 3.3172	 1.9623
 3.3151	 1.9392
 3.3130	 1.9400
 3.3109	 1.9925
 3.3088	 2.0151
 3.3066	 1.9292
 3.3045	 1.8841
 3.3024	 1.8856
 3.3003	 1.9193
 3.2982	 1.8873
 3.2961	 1.9292
 3.2940	 1.9737
 3.2920	 1.9502
 3.2899	 1.9900
 3.2878	 2.0112
 3.2857	 2.0726
 3.2836	 2.1438
 3.2815	 2.0811
 3.2795	 1.9864
 3.2774	 2.0693
 3.2753	 2.0628
 3.2732	 1.9872
 3.2712	 1.9736
 3.2691	 1.9275
 3.2671	 1.9669
 3.2650	 2.0800
 3.2630	 2.0318
 3.2609	 2.0412
 3.2588	 2.1547
 3.2568	 2.2217
 3.2548	 2.2017
 3.2527	 2.1454
 3.2507	 2.0986
 3.2486	 2.0639
 3.2466	 2.1000
 3.2446	 2.2432
 3.2426	 2.3047
 3.2405	 2.2697
 3.2385	 2.1751
 3.2365	 2.1091
 3.2345	 2.1974
 3.2324	 2.3010
 3.2304	 2.3200
 3.2284	 2.3426
 3.2264	 2.3957
 3.2244	 2.4196
 3.2224	 2.2884
 3.2204	 2.1998
 3.2184	 2.3105
 3.2164	 2.3167
 3.2144	 2.3191
 3.2124	 2.3827
 3.2104	 2.4184
 3.2084	 2.5270
 3.2064	 2.3850
 3.2045	 2.2727
 3.2025	 2.3007
 3.2005	 2.2488
 3.1985	 2.2408
 3.1966	 2.2221
 3.1946	 2.1312
 3.1926	 2.1531
 3.1907	 2.1880
 3.1887	 2.0998
 3.1867	 2.1042
 3.1848	 2.0069
 3.1828	 1.9844
 3.1809	 2.1342
 3.1789	 2.0678
 3.1770	 2.0076
 3.1750	 1.9047
 3.1731	 1.8390
 3.1711	 1.9510
 3.1692	 1.9766
 3.1673	 1.9605
 3.1653	 1.9728
 3.1634	 1.9917
 3.1615	 2.0052
 3.1596	 2.0194
 3.1576	 1.9671
 3.1557	 1.9545
 3.1538	 1.9192
 3.1519	 1.8563
 3.1500	 1.9408
 3.1481	 1.9551
 3.1461	 1.9006
 3.1442	 1.9612
 3.1423	 2.1276
 3.1404	 2.1069
 3.1385	 1.9851
 3.1366	 1.9206
 3.1347	 1.9935
 3.1328	 2.0287
 3.1309	 1.9651
 3.1290	 1.9639
 3.1272	 2.1395
 3.1253	 2.0753
 3.1234	 1.9152
 3.1215	 1.8966
 3.1196	 1.9371
 3.1178	 1.9386
 3.1159	 1.8837
 3.1140	 1.9032
 3.1121	 1.8856
 3.1103	 1.8815
 3.1084	 1.8260
 3.1065	 1.7928
 3.1047	 1.7415
 3.1028	 1.7072
 3.1010	 1.8541
 3.0991	 2.0222
 3.0973	 2.0384
 3.0954	 1.8677
 3.0936	 1.7644
 3.0917	 1.7806
 3.0899	 1.7783
 3.0880	 1.8205
 3.0862	 1.8488
 3.0844	 1.8335
 3.0825	 1.8437
 3.0807	 1.8613
 3.0789	 1.8456
 3.0770	 1.6396
 3.0752	 1.6465
 3.0734	 1.7268
 3.0716	 1.6911
 3.0698	 1.7058
 3.0680	 1.7672
 3.0661	 1.8065
 3.0643	 1.7456
 3.0625	 1.6860
 3.0607	 1.6856
 3.0589	 1.7443
 3.0571	 1.7705
 3.0553	 1.8701
 3.0535	 1.7991
 3.0517	 1.6734
 3.0499	 1.6218
 3.0481	 1.5897
 3.0463	 1.5516
 3.0445	 1.7019
 3.0427	 1.9173
 3.0410	 1.9741
 3.0392	 1.9206
 3.0374	 1.7348
 3.0356	 1.6389
 3.0338	 1.6908
 3.0321	 1.7991
 3.0303	 1.7065
 3.0285	 1.6699
 3.0268	 1.7843
 3.0250	 1.8324
 3.0232	 1.9097
 3.0215	 1.8839
 3.0197	 1.7240
 3.0179	 1.5607
 3.0162	 1.5049
 3.0144	 1.6700
 3.0127	 1.7357
 3.0109	 1.6170
 3.0092	 1.5983
 3.0074	 1.6243
 3.0057	 1.5442
 3.0040	 1.4981
 3.0022	 1.4999
 3.0005	 1.5368
 2.9987	 1.5817
 2.9970	 1.5995
 2.9953	 1.6356
 2.9935	 1.6911
 2.9918	 1.6560
 2.9901	 1.6684
 2.9884	 1.7217
 2.9867	 1.7235
 2.9849	 1.7213
 2.9832	 1.7216
 2.9815	 1.6672
 2.9798	 1.6327
 2.9781	 1.6291
 2.9764	 1.5876
 2.9747	 1.6144
 2.9729	 1.6091
 2.9712	 1.6321
 2.9695	 1.5517
 2.9678	 1.4658
 2.9661	 1.5133
 2.9645	 1.6162
 2.9628	 1.6376
 2.9611	 1.6445
 2.9594	 1.5965
 2.9577	 1.7008
 2.9560	 1.6949
 2.9543	 1.6107
 2.9526	 1.6100
 2.9510	 1.5954
 2.9493	 1.5584
 2.9476	 1.5383
 2.9459	 1.6405
 2.9442	 1.7794
 2.9426	 1.7588
 2.9409	 1.7889
 2.9392	 1.7777
 2.9376	 1.6736
 2.9359	 1.7142
 2.9343	 1.8226
 2.9326	 2.0302
 2.9309	 2.0518
 2.9293	 1.8973
 2.9276	 1.8209
 2.9260	 1.7529
 2.9243	 1.6690
 2.9227	 1.6584
 2.9210	 1.4945
 2.9194	 1.4073
 2.9177	 1.5123
 2.9161	 1.5948
 2.9145	 1.4678
 2.9128	 1.3960
 2.9112	 1.4103
 2.9096	 1.4251
 2.9079	 1.3473
 2.9063	 1.3417
 2.9047	 1.3422
 2.9030	 1.2844
 2.9014	 1.2143
 2.8998	 1.1817
 2.8982	 1.2887
 2.8966	 1.3231
 2.8949	 1.2793
 2.8933	 1.2918
 2.8917	 1.1712
 2.8901	 1.1307
 2.8885	 1.2127
 2.8869	 1.1998
 2.8853	 1.0891
 2.8837	 0.9852
 2.8821	 1.0997
 2.8805	 1.2425
 2.8789	 1.1669
 2.8773	 1.2093
 2.8757	 1.2768
 2.8741	 1.2331
 2.8725	 1.3451
 2.8709	 1.3459
 2.8693	 1.2508
 2.8677	 1.2089
 2.8661	 1.1755
 2.8645	 1.2032
 2.8630	 1.1994
 2.8614	 1.1819
 2.8598	 1.2354
 2.8582	 1.1475
 2.8567	 1.0795
 2.8551	 1.1021
 2.8535	 1.2344
 2.8519	 1.1651
 2.8504	 1.1505
 2.8488	 1.1159
 2.8472	 0.9909
 2.8457	 1.0081
 2.8441	 1.1354
 2.8426	 1.2090
 2.8410	 1.1418
 2.8394	 0.9492
 2.8379	 0.8682
 2.8363	 0.9902
 2.8348	 1.0604
 2.8332	 0.9904
 2.8317	 0.9840
 2.8302	 1.0341
 2.8286	 0.8945
 2.8271	 0.8460
 2.8255	 0.8891
 2.8240	 0.9776
 2.8224	 0.8458
 2.8209	 0.8108
 2.8194	 0.9462
 2.8178	 0.9335
 2.8163	 0.9198
 2.8148	 0.8959
 2.8133	 0.8640
 2.8117	 0.8988
 2.8102	 0.9207
 2.8087	 0.9449
 2.8072	 1.0543
 2.8056	 1.1736
 2.8041	 1.2231
 2.8026	 1.1327
 2.8011	 0.9516
 2.7996	 0.9030
 2.7981	 0.9514
 2.7966	 0.9827
 2.7951	 1.0211
 2.7936	 1.1703
 2.7921	 1.1719
 2.7906	 1.1726
 2.7890	 1.2909
 2.7875	 1.4197
 2.7860	 1.4787
 2.7845	 1.5974
 2.7831	 1.7586
 2.7816	 1.8100
 2.7801	 1.6294
 2.7786	 1.4699
 2.7771	 1.2862
 2.7756	 1.0749
 2.7741	 0.9104
 2.7726	 0.6405
 2.7712	 0.6893
 2.7697	 0.7960
 2.7682	 0.7277
 2.7667	 0.6391
 2.7652	 0.4607
 2.7638	 0.6346
 2.7623	 0.7047
 2.7608	 0.5414
 2.7594	 0.6028
 2.7579	 0.7271
 2.7564	 0.8207
 2.7550	 0.7951
 2.7535	 0.7919
 2.7520	 0.8786
 2.7506	 0.9037
 2.7491	 1.0166
 2.7477	 0.8381
 2.7462	 0.5828
 2.7447	 0.6444
 2.7433	 0.7610
 2.7418	 0.8231
 2.7404	 0.8611
 2.7389	 0.9684
 2.7375	 1.0299
 2.7361	 1.1564
 2.7346	 1.0773
 2.7332	 0.8341
 2.7317	 0.7782
 2.7303	 0.7916
 2.7289	 0.8467
 2.7274	 0.8750
 2.7260	 0.8516
 2.7246	 0.8863
 2.7231	 0.9642
 2.7217	 1.1419
 2.7203	 1.1843
 2.7188	 1.1707
 2.7174	 1.1889
 2.7160	 1.1648
 2.7146	 1.2292
 2.7132	 1.2236
 2.7117	 1.0557
 2.7103	 0.9186
 2.7089	 1.0289
 2.7075	 1.1826
 2.7061	 1.2143
 2.7047	 1.1113
 2.7033	 1.1483
 2.7018	 1.1986
 2.7004	 1.1195
 2.6990	 1.1088
 2.6976	 1.1492
 2.6962	 1.2894
 2.6948	 1.3954
 2.6934	 1.3981
 2.6920	 1.2221
 2.6906	 1.1290
 2.6892	 1.2607
 2.6878	 1.5235
 2.6864	 1.5551
 2.6850	 1.3781
 2.6837	 1.3764
 2.6823	 1.4988
 2.6809	 1.5293
 2.6795	 1.3813
 2.6781	 1.3204
 2.6767	 1.3886
 2.6753	 1.5046
 2.6740	 1.6628
 2.6726	 1.7179
 2.6712	 1.7003
 2.6698	 1.6428
 2.6685	 1.7151
 2.6671	 1.8255
 2.6657	 1.8188
 2.6644	 1.7779
 2.6630	 1.7502
 2.6616	 1.6573
 2.6603	 1.6093
 2.6589	 1.7534
 2.6575	 2.0082
 2.6562	 2.0991
 2.6548	 1.9271
 2.6534	 1.9033
 2.6521	 1.9182
 2.6507	 1.9233
 2.6494	 2.0561
 2.6480	 2.0522
 2.6467	 2.1481
 2.6453	 2.1883
 2.6440	 2.1504
 2.6426	 2.1445
 2.6413	 2.0309
 2.6399	 1.9228
 2.6386	 2.1781
 2.6372	 2.4495
 2.6359	 2.4434
 2.6346	 2.3128
 2.6332	 2.3240
 2.6319	 2.3190
 2.6306	 2.3700
 2.6292	 2.4880
 2.6279	 2.5238
 2.6266	 2.5170
 2.6252	 2.5414
 2.6239	 2.6510
 2.6226	 2.7168
 2.6212	 2.7062
 2.6199	 2.7311
 2.6186	 2.7049
 2.6173	 2.7847
 2.6160	 2.7315
 2.6146	 2.7007
 2.6133	 2.7341
 2.6120	 2.8037
 2.6107	 2.8354
 2.6094	 2.7628
 2.6081	 2.8629
 2.6067	 2.8823
 2.6054	 2.8000
 2.6041	 2.6679
 2.6028	 2.6595
 2.6015	 2.7732
 2.6002	 2.8536
 2.5989	 2.7587
 2.5976	 2.7972
 2.5963	 2.9356
 2.5950	 2.9585
 2.5937	 2.9907
 2.5924	 2.9524
 2.5911	 2.8073
 2.5898	 2.7095
 2.5885	 2.7837
 2.5872	 2.7612
 2.5859	 2.8005
 2.5847	 2.8502
 2.5834	 2.7674
 2.5821	 2.8716
 2.5808	 2.9215
 2.5795	 3.0096
 2.5782	 3.0470
 2.5770	 3.0408
 2.5757	 3.0645
 2.5744	 3.1118
 2.5731	 3.1810
 2.5718	 3.1795
 2.5706	 3.1946
 2.5693	 3.0864
 2.5680	 3.1818
 2.5667	 3.3269
 2.5655	 3.2780
 2.5642	 3.0676
 2.5629	 2.8537
 2.5617	 2.9102
 2.5604	 2.9840
 2.5591	 2.9376
 2.5579	 2.9669
 2.5566	 3.0495
 2.5554	 3.0306
 2.5541	 3.0150
 2.5528	 2.9660
 2.5516	 2.9427
 2.5503	 2.8781
 2.5491	 2.8731
 2.5478	 2.9098
 2.5466	 2.9478
 2.5453	 2.9731
 2.5441	 2.9419
 2.5428	 2.8284
 2.5416	 2.7898
 2.5403	 2.8162
 2.5391	 2.9234
 2.5379	 2.8285
 2.5366	 2.6778
 2.5354	 2.6203
 2.5341	 2.6349
 2.5329	 2.6498
 2.5317	 2.6629
 2.5304	 2.7053
 2.5292	 2.5831
 2.5280	 2.5778
 2.5267	 2.6507
 2.5255	 2.7061
 2.5243	 2.7937
 2.5230	 2.7682
 2.5218	 2.8147
 2.5206	 2.8603
 2.5194	 2.7918
 2.5181	 2.7553
 2.5169	 2.7274
 2.5157	 2.7461
 2.5145	 2.6703
 2.5133	 2.5513
 2.5120	 2.5990
 2.5108	 2.6501
 2.5096	 2.7035
 2.5084	 2.6854
 2.5072	 2.7577
 2.5060	 2.7148
 2.5048	 2.5905
 2.5035	 2.5236
 2.5023	 2.5381
 2.5011	 2.4434
 2.4999	 2.3699
 2.4987	 2.4385
 2.4975	 2.4113
 2.4963	 2.4876
 2.4951	 2.6011
 2.4939	 2.5589
 2.4927	 2.4922
 2.4915	 2.4398
 2.4903	 2.5524
 2.4891	 2.6428
 2.4879	 2.7591
 2.4867	 2.6753
 2.4855	 2.5375
 2.4844	 2.5721
 2.4832	 2.6575
 2.4820	 2.5852
 2.4808	 2.4045
 2.4796	 2.2980
 2.4784	 2.4700
 2.4772	 2.6050
 2.4760	 2.4647
 2.4749	 2.5643
 2.4737	 2.5965
 2.4725	 2.5984
 2.4713	 2.6078
 2.4701	 2.5822
 2.4690	 2.5615
 2.4678	 2.5323
 2.4666	 2.5389
 2.4655	 2.5590
 2.4643	 2.5779
 2.4631	 2.6064
 2.4619	 2.6858
 2.4608	 2.7509
 2.4596	 2.6973
 2.4584	 2.6813
 2.4573	 2.8594
 2.4561	 2.8564
 2.4549	 2.8586
 2.4538	 2.8686
 2.4526	 2.8707
 2.4515	 2.9404
 2.4503	 2.9078
 2.4491	 3.0266
 2.4480	 3.1891
 2.4468	 3.2551
 2.4457	 3.1968
 2.4445	 3.0812
 2.4434	 3.2111
 2.4422	 3.4102
 2.4411	 3.3682
 2.4399	 3.4297
 2.4388	 3.5346
 2.4376	 3.6033
 2.4365	 3.5802
 2.4353	 3.5240
 2.4342	 3.5519
 2.4331	 3.5329
 2.4319	 3.5296
 2.4308	 3.6220
 2.4296	 3.6339
 2.4285	 3.5307
 2.4274	 3.5290
 2.4262	 3.5792
 2.4251	 3.6698
 2.4240	 3.7223
 2.4228	 3.7556
 2.4217	 3.8228
 2.4206	 3.9595
 2.4194	 3.8426
 2.4183	 3.7528
 2.4172	 3.8632
 2.4160	 3.8514
 2.4149	 3.9101
 2.4138	 4.0227
 2.4127	 4.1105
 2.4116	 4.1003
 2.4104	 4.1122
 2.4093	 4.1862
 2.4082	 4.0792
 2.4071	 4.0879
 2.4059	 4.2676
 2.4048	 4.3219
 2.4037	 4.3225
 2.4026	 4.4082
 2.4015	 4.5389
 2.4004	 4.5543
 2.3993	 4.5174
 2.3982	 4.6119
 2.3971	 4.7599
 2.3960	 4.8097
 2.3948	 4.9635
 2.3937	 5.1245
 2.3926	 5.1798
 2.3915	 4.9681
 2.3904	 4.9797
 2.3893	 5.1229
 2.3882	 5.1475
 2.3871	 5.2391
 2.3860	 5.3220
 2.3849	 5.4626
 2.3838	 5.6801
 2.3827	 5.8488
 2.3816	 5.7984
 2.3805	 5.7466
 2.3795	 5.6999
 2.3784	 5.7457
 2.3773	 6.0069
 2.3762	 6.0587
 2.3751	 5.9725
 2.3740	 6.1391
 2.3729	 6.3092
 2.3718	 6.3806
 2.3708	 6.5050
 2.3697	 6.4865
 2.3686	 6.4325
 2.3675	 6.5245
 2.3664	 6.7309
 2.3653	 6.9370
 2.3643	 7.0639
 2.3632	 7.0398
 2.3621	 7.0117
 2.3610	 7.1289
 2.3600	 7.2426
 2.3589	 7.3516
 2.3578	 7.3860
 2.3567	 7.4607
 2.3557	 7.4875
 2.3546	 7.3328
 2.3535	 7.4775
 2.3525	 7.8536
 2.3514	 7.8527
 2.3503	 7.8572
 2.3493	 8.0719
 2.3482	 8.1302
 2.3471	 8.1053
 2.3461	 8.1614
 2.3450	 8.0942
 2.3440	 8.2358
 2.3429	 8.4180
 2.3418	 8.5485
 2.3408	 8.6218
 2.3397	 8.5541
 2.3387	 8.4312
 2.3376	 8.5092
 2.3366	 8.7310
 2.3355	 8.9317
 2.3345	 8.9677
 2.3334	 8.8390
 2.3324	 8.8160
 2.3313	 8.7805
 2.3303	 8.7427
 2.3292	 8.6737
 2.3282	 8.7322
 2.3271	 8.8219
 2.3261	 8.8865
 2.3250	 8.9452
 2.3240	 8.9599
 2.3230	 9.0142
 2.3219	 9.0173
 2.3209	 9.0623
 2.3198	 9.0694
 2.3188	 9.1482
 2.3178	 9.0937
 2.3167	 9.0712
 2.3157	 9.0682
 2.3147	 9.1990
 2.3136	 9.2925
 2.3126	 9.3190
 2.3116	 9.3279
 2.3105	 9.4150
 2.3095	 9.5437
 2.3085	 9.6104
 2.3074	 9.5588
 2.3064	 9.6182
 2.3054	 9.7147
 2.3044	 9.8571
 2.3034	 9.8709
 2.3023	 9.8301
 2.3013	 9.8628
 2.3003	 9.8460
 2.2993	 9.7690
 2.2982	 9.9175
 2.2972	10.0228
 2.2962	 9.9626
 2.2952	 9.8469
 2.2942	 9.8233
 2.2932	 9.8161
 2.2921	 9.8527
 2.2911	 9.9652
 2.2901	10.1417
 2.2891	10.0316
 2.2881	 9.8809
 2.2871	 9.8386
 2.2861	 9.8726
 2.2851	 9.8265
 2.2841	 9.8718
 2.2831	 9.9419
 2.2821	10.0412
 2.2811	 9.8973
 2.2801	 9.6871
 2.2790	 9.6596
 2.2780	 9.5541
 2.2771	 9.6219
 2.2761	 9.7359
 2.2750	 9.6614
 2.2740	 9.7153
 2.2731	 9.7259
 2.2721	 9.5258
 2.2711	 9.5267
 2.2701	 9.4608
 2.2691	 9.2690
 2.2681	 9.3241
 2.2671	 9.3787
 2.2661	 9.2265
 2.2651	 9.1067
 2.2641	 9.0856
 2.2631	 9.0488
 2.2621	 8.7743
 2.2612	 8.6316
 2.2602	 8.7197
 2.2592	 8.5243
 2.2582	 8.2654
 2.2572	 8.3297
 2.2562	 8.2825
 2.2553	 8.0699
 2.2543	 8.0805
 2.2533	 8.0154
 2.2523	 7.8271
 2.2513	 7.5597
 2.2504	 7.6136
 2.2494	 7.6122
 2.2484	 7.4645
 2.2474	 7.5041
 2.2465	 7.5243
 2.2455	 7.2664
 2.2445	 7.2445
 2.2435	 7.2913
 2.2426	 7.2491
 2.2416	 7.1161
 2.2406	 7.0816
 2.2397	 7.2331
 2.2387	 7.3371
 2.2377	 7.2169
 2.2368	 7.1745
 2.2358	 7.2993
 2.2348	 7.2693
 2.2339	 7.4152
 2.2329	 7.4553
 2.2320	 7.3373
 2.2310	 7.3224
 2.2300	 7.1555
 2.2291	 7.0621
 2.2281	 7.1563
 2.2272	 7.2040
 2.2262	 7.1773
 2.2252	 7.2848
 2.2243	 7.3470
 2.2233	 7.4033
 2.2224	 7.4328
 2.2214	 7.2614
 2.2205	 7.0179
 2.2195	 7.0563
 2.2186	 7.2081
 2.2176	 7.0750
 2.2167	 6.8407
 2.2157	 6.8366
 2.2148	 6.8974
 2.2138	 6.9840
 2.2129	 7.0736
 2.2120	 6.8810
 2.2110	 6.7810
 2.2101	 6.7832
 2.2091	 6.6399
 2.2082	 6.4009
 2.2073	 6.2371
 2.2063	 6.4107
 2.2054	 6.4671
 2.2044	 6.3680
 2.2035	 6.3564
 2.2026	 6.3553
 2.2016	 6.0593
 2.2007	 5.8007
 2.1998	 5.7880
 2.1988	 5.7144
 2.1979	 5.6441
 2.1970	 5.7037
 2.1960	 5.7372
 2.1951	 5.6673
 2.1942	 5.6274
 2.1932	 5.5554
 2.1923	 5.3724
 2.1914	 5.3284
 2.1905	 5.4061
 2.1895	 5.4045
 2.1886	 5.1672
 2.1877	 4.8907
 2.1868	 4.9009
 2.1858	 4.9599
 2.1849	 4.7472
 2.1840	 4.5697
 2.1831	 4.6633
 2.1822	 4.7533
 2.1812	 4.6306
 2.1803	 4.4179
 2.1794	 4.4257
 2.1785	 4.4110
 2.1776	 4.3794
 2.1767	 4.4874
 2.1758	 4.7173
 2.1749	 4.6319
 2.1739	 4.2442
 2.1730	 4.1594
 2.1721	 4.3140
 2.1712	 4.3990
 2.1703	 4.2618
 2.1694	 4.2349
 2.1685	 4.2553
 2.1676	 4.2732
 2.1667	 4.2993
 2.1658	 4.1732
 2.1649	 4.2373
 2.1639	 4.3655
 2.1631	 4.3654
 2.1622	 4.2817
 2.1612	 4.3326
 2.1604	 4.5938
 2.1595	 4.8414
 2.1585	 4.7207
 2.1576	 4.3695
 2.1568	 4.4162
 2.1559	 4.6700
 2.1550	 4.8632
 2.1541	 5.0453
 2.1532	 5.0263
 2.1523	 4.8284
 2.1514	 4.7011
 2.1505	 4.8285
 2.1496	 5.0342
 2.1487	 5.1057
 2.1478	 5.1473
 2.1469	 5.3038
 2.1460	 5.2127
 2.1452	 5.1526
 2.1443	 5.2589
 2.1434	 5.1317
 2.1425	 4.9179
 2.1416	 4.9374
 2.1407	 5.1202
 2.1398	 5.3851
 2.1390	 5.4336
 2.1381	 5.1074
 2.1372	 4.9132
 2.1363	 4.9782
 2.1354	 5.0753
 2.1345	 5.0715
 2.1337	 4.8842
 2.1328	 4.8638
 2.1319	 5.0801
 2.1311	 4.9285
 2.1302	 4.5358
 2.1293	 4.3848
 2.1284	 4.4573
 2.1275	 4.6206
 2.1267	 4.7297
 2.1258	 4.6137
 2.1249	 4.6001
 2.1241	 4.6167
 2.1232	 4.5669
 2.1223	 4.5813
 2.1214	 4.6375
 2.1206	 4.3782
 2.1197	 4.4173
 2.1189	 4.3926
 2.1180	 4.4770
 2.1171	 4.7374
 2.1163	 4.7751
 2.1154	 4.7243
 2.1145	 4.7410
 2.1137	 4.8930
 2.1128	 4.8597
 2.1120	 5.0520
 2.1111	 5.0645
 2.1102	 4.7647
 2.1094	 4.7048
 2.1085	 4.9613
 2.1077	 5.2174
 2.1068	 5.1613
 2.1059	 5.1648
 2.1051	 5.3122
 2.1042	 5.4860
 2.1034	 5.5846
 2.1025	 5.5350
 2.1017	 5.3052
 2.1008	 5.4065
 2.1000	 5.7646
 2.0991	 5.7896
 2.0983	 5.7716
 2.0974	 5.7735
 2.0966	 5.7936
 2.0957	 5.7043
 2.0949	 5.2935
 2.0940	 5.3480
 2.0932	 5.6600
 2.0924	 5.8595
 2.0915	 5.8172
 2.0907	 5.4420
 2.0898	 5.4595
 2.0890	 5.9780
 2.0881	 6.1455
 2.0873	 6.2776
 2.0865	 6.2372
 2.0856	 5.9428
 2.0848	 5.9391
 2.0839	 6.2624
 2.0831	 6.1999
 2.0823	 6.4445
 2.0814	 6.5941
 2.0806	 6.2784
 2.0798	 5.9395
 2.0789	 6.1762
 2.0781	 6.2953
 2.0773	 5.8381
 2.0764	 6.2971
 2.0756	 6.6259
 2.0748	 6.3545
 2.0739	 6.0442
 2.0731	 5.8896
 2.0723	 6.2921
 2.0715	 6.5970
 2.0706	 6.4214
 2.0698	 6.2109
 2.0690	 6.2155
 2.0681	 6.1474
 2.0673	 5.9970
 2.0665	 6.1936
 2.0657	 6.5182
 2.0648	 6.6723
 2.0640	 6.5709
 2.0632	 6.5915
 2.0624	 6.7501
 2.0616	 6.8432
 2.0607	 6.6829
 2.0599	 6.6906
 2.0591	 6.4905
 2.0583	 6.4658
 2.0575	 6.7995
 2.0567	 6.8204
 2.0558	 6.9426
 2.0550	 6.6716
 2.0542	 6.4598
 2.0534	 6.5616
 2.0526	 6.8170
 2.0518	 6.6401
 2.0510	 6.4214
 2.0501	 6.5287
 2.0493	 6.5041
 2.0485	 6.4949
 2.0477	 6.5802
 2.0469	 6.6082
 2.0461	 6.8040
 2.0453	 6.7567
 2.0445	 6.4782
 2.0437	 6.5337
 2.0429	 6.4944
 2.0421	 6.3069
 2.0413	 6.4191
 2.0405	 6.7250
 2.0397	 6.6025
 2.0389	 6.5141
 2.0381	 6.6138
 2.0373	 6.6507
 2.0365	 6.7603
 2.0357	 6.9246
 2.0349	 6.8890
 2.0341	 6.7017
 2.0333	 6.9215
 2.0325	 7.0174
 2.0317	 6.6728
 2.0309	 6.5456
 2.0301	 6.5092
 2.0293	 6.3813
 2.0285	 6.6114
 2.0277	 7.0296
 2.0269	 6.8878
 2.0261	 6.5698
 2.0253	 6.4548
 2.0245	 6.3259
 2.0237	 6.1451
 2.0229	 6.2225
 2.0222	 6.5507
 2.0214	 6.6923
 2.0206	 6.6242
 2.0198	 6.7163
 2.0190	 6.7582
 2.0182	 6.5701
 2.0174	 6.4177
 2.0167	 6.7809
 2.0159	 6.6639
 2.0151	 6.0917
 2.0143	 5.9988
 2.0135	 6.3851
 2.0128	 6.4107
 2.0120	 6.2044
 2.0112	 5.9342
 2.0104	 5.8251
 2.0096	 6.0633
 2.0088	 5.9600
 2.0081	 5.5682
 2.0073	 5.6978
 2.0065	 5.7723
 2.0057	 5.8635
 2.0050	 5.8534
 2.0042	 5.6247
 2.0034	 5.6053
 2.0026	 5.7035
 2.0019	 5.5970
 2.0011	 5.3435
 2.0003	 5.3276
