Name: Smithsonite PbCO_3
Type: Mineral
Class: Carbonate
Subclass: None
Particle Size: Fine
Sample No.: C-11A
Owner: JPL
Wavelength Range: TIR
Origin: N/A
Collection Date: N/A
Description: Particle size was 0-45um.Collected by JPL Original ASTER Spectral Library name was jpl.nicolet.mineral.carbonate.none.fine.c11a.spectrum.txt
Measurement: Hemispherical reflectance
First Column: X
Second Column: Y
X Units: Wavelength (micrometers)
Y Units:Reflectance (percent)
First X Value: 15.3853
Last X Value:  2.0003
Number of X Values: 2256
Additional Information: mineral.carbonate.none.fine.tir.c-11a.jpl.nicolet.ancillary.txt

15.3853	33.3369
15.3397	33.3079
15.2945	33.3783
15.2495	33.5655
15.2048	33.7680
15.1603	33.8856
15.1161	33.7845
15.0722	33.7821
15.0285	33.7640
14.9851	33.8271
14.9419	33.9599
14.8989	33.8279
14.8563	33.8474
14.8138	34.0952
14.7716	33.9927
14.7296	33.8238
14.6879	33.9592
14.6464	33.8111
14.6052	33.4845
14.5641	33.4045
14.5233	33.1606
14.4828	32.7208
14.4424	32.6037
14.4023	32.5124
14.3624	32.1533
14.3227	31.6212
14.2833	31.2461
14.2440	30.7645
14.2050	30.0267
14.1662	29.5218
14.1276	28.8903
14.0892	27.9091
14.0510	26.9635
14.0131	25.9687
13.9753	24.8647
13.9377	23.9332
13.9004	23.1285
13.8632	22.2681
13.8262	21.0803
13.7895	19.4919
13.7529	17.8209
13.7165	16.3097
13.6803	14.7009
13.6443	12.7534
13.6085	10.8680
13.5729	 9.1531
13.5374	 7.5218
13.5022	 6.1484
13.4671	 5.0691
13.4322	 4.1205
13.3975	 2.9372
13.3630	 2.4719
13.3286	 3.4565
13.2944	 5.6991
13.2604	 8.5332
13.2266	11.5397
13.1930	14.3106
13.1595	16.8045
13.1262	18.8853
13.0930	20.4756
13.0600	21.8520
13.0272	23.0544
12.9946	24.1579
12.9621	24.9640
12.9298	25.6185
12.8976	26.1563
12.8656	26.5572
12.8337	26.7729
12.8021	26.9560
12.7705	27.0761
12.7391	27.1926
12.7079	27.5630
12.6769	27.9192
12.6459	28.0420
12.6152	28.2133
12.5845	28.3234
12.5541	28.5340
12.5238	28.7467
12.4936	28.8203
12.4635	28.6888
12.4337	28.6479
12.4039	28.6328
12.3743	28.4739
12.3448	28.3618
12.3155	28.1716
12.2863	27.9228
12.2573	27.6672
12.2284	27.2215
12.1996	26.8246
12.1710	26.5372
12.1425	26.3226
12.1141	26.1610
12.0859	25.9795
12.0578	25.6296
12.0298	25.0971
12.0019	24.5575
11.9742	23.9438
11.9466	22.4340
11.9192	18.4196
11.8918	13.6257
11.8646	15.0463
11.8375	19.5160
11.8106	20.8840
11.7837	20.3014
11.7570	19.0299
11.7304	17.3765
11.7039	15.5607
11.6776	13.7626
11.6513	12.0972
11.6252	10.6608
11.5992	 9.8517
11.5733	 9.4515
11.5475	 9.3110
11.5219	 9.5036
11.4963	10.0638
11.4709	10.9028
11.4455	11.6510
11.4203	12.7534
11.3952	14.7102
11.3702	17.6457
11.3454	21.4250
11.3206	25.2076
11.2959	27.0830
11.2714	26.7783
11.2469	25.9748
11.2226	25.6164
11.1983	25.4803
11.1742	25.5120
11.1502	25.5781
11.1263	25.6253
11.1024	25.7351
11.0787	25.9598
11.0551	26.1495
11.0316	26.2374
11.0081	26.4361
10.9848	26.7620
10.9616	26.8846
10.9385	26.9720
10.9154	27.1268
10.8925	27.3162
10.8697	27.4992
10.8469	27.5865
10.8243	27.6795
10.8017	27.7099
10.7793	27.8287
10.7569	27.8065
10.7346	27.8073
10.7125	27.8789
10.6904	27.8088
10.6684	27.6825
10.6465	27.4502
10.6247	27.2507
10.6029	27.2197
10.5813	27.2100
10.5597	27.1440
10.5383	27.1460
10.5169	27.1402
10.4956	27.0259
10.4744	26.9593
10.4533	26.9733
10.4323	27.1462
10.4113	27.5077
10.3904	27.8104
10.3697	27.9410
10.3490	28.1290
10.3284	28.3054
10.3078	28.3420
10.2874	28.4214
10.2670	28.6532
10.2467	28.8294
10.2265	28.9433
10.2064	29.1905
10.1863	29.5427
10.1663	29.8693
10.1464	30.1292
10.1266	30.2957
10.1069	30.4530
10.0872	30.6562
10.0676	30.7432
10.0481	30.6782
10.0287	30.6057
10.0093	30.5959
 9.9901	30.5630
 9.9708	30.6154
 9.9517	30.6194
 9.9326	30.5585
 9.9136	30.4339
 9.8947	30.1615
 9.8759	29.9914
 9.8571	29.8483
 9.8384	29.7660
 9.8198	29.5729
 9.8012	29.2508
 9.7827	28.9400
 9.7643	28.5247
 9.7459	28.0129
 9.7276	27.4584
 9.7094	26.9419
 9.6913	26.3314
 9.6732	25.6869
 9.6552	25.0940
 9.6372	24.7310
 9.6194	24.5777
 9.6015	24.5940
 9.5838	24.6693
 9.5661	24.6214
 9.5485	24.5802
 9.5309	24.5851
 9.5135	24.4928
 9.4960	24.2726
 9.4787	24.0149
 9.4614	23.7269
 9.4441	23.5761
 9.4270	23.5971
 9.4099	23.6632
 9.3928	23.6294
 9.3758	23.5011
 9.3589	23.2847
 9.3420	23.0645
 9.3252	22.8321
 9.3085	22.5481
 9.2918	22.2080
 9.2752	22.0099
 9.2586	21.9668
 9.2421	21.7387
 9.2257	21.3293
 9.2093	20.9251
 9.1930	20.6278
 9.1767	20.4230
 9.1605	20.1937
 9.1443	20.3045
 9.1282	20.7250
 9.1122	21.2380
 9.0962	21.5940
 9.0803	21.7393
 9.0644	21.9372
 9.0486	22.1403
 9.0328	22.3591
 9.0171	22.5709
 9.0015	22.7632
 8.9858	23.0944
 8.9703	23.4682
 8.9548	23.6396
 8.9394	23.7458
 8.9240	23.8614
 8.9086	24.0344
 8.8934	24.3532
 8.8781	24.6722
 8.8630	24.8316
 8.8478	24.8860
 8.8328	24.6763
 8.8177	24.3394
 8.8028	23.9804
 8.7879	23.7755
 8.7730	23.6292
 8.7582	23.4352
 8.7434	23.2655
 8.7287	23.1067
 8.7140	22.8491
 8.6994	22.3899
 8.6848	21.9067
 8.6703	21.2852
 8.6558	20.5127
 8.6414	19.8484
 8.6270	19.0831
 8.6127	18.1726
 8.5984	17.3281
 8.5842	16.7640
 8.5700	16.2882
 8.5558	15.7687
 8.5417	15.4393
 8.5277	15.0965
 8.5137	14.7718
 8.4997	14.6887
 8.4858	14.6642
 8.4719	14.6162
 8.4581	14.6400
 8.4444	14.6612
 8.4306	14.7214
 8.4169	14.8067
 8.4033	14.9554
 8.3897	14.9590
 8.3761	14.9612
 8.3626	15.0979
 8.3492	15.1605
 8.3357	15.2053
 8.3224	15.2585
 8.3090	15.2445
 8.2957	15.2264
 8.2825	15.1687
 8.2693	14.9432
 8.2561	14.5458
 8.2430	14.0133
 8.2299	13.3908
 8.2169	13.0962
 8.2038	13.1207
 8.1909	13.1326
 8.1780	13.1835
 8.1651	13.2718
 8.1523	13.4200
 8.1395	13.6725
 8.1267	13.7344
 8.1140	13.8298
 8.1013	13.9598
 8.0887	14.0995
 8.0761	14.1811
 8.0635	14.3227
 8.0510	14.4752
 8.0385	14.5890
 8.0261	14.6717
 8.0137	14.7505
 8.0013	14.9143
 7.9890	15.0031
 7.9767	14.9957
 7.9644	15.0743
 7.9522	15.1863
 7.9400	15.2177
 7.9279	15.3365
 7.9158	15.3708
 7.9037	15.3282
 7.8917	15.2926
 7.8797	15.2320
 7.8677	15.1286
 7.8558	15.0456
 7.8439	14.8945
 7.8321	14.6760
 7.8203	14.5654
 7.8085	14.4800
 7.7967	14.3957
 7.7850	14.3035
 7.7734	14.1485
 7.7617	14.0700
 7.7501	13.8786
 7.7386	13.7094
 7.7270	13.6198
 7.7155	13.4595
 7.7041	13.3431
 7.6926	13.1704
 7.6812	12.9982
 7.6699	12.9015
 7.6585	12.8228
 7.6472	12.7195
 7.6360	12.6559
 7.6247	12.6022
 7.6136	12.5137
 7.6024	12.3575
 7.5913	12.2109
 7.5802	12.0383
 7.5691	11.8982
 7.5581	11.7402
 7.5471	11.5790
 7.5361	11.4050
 7.5252	11.3046
 7.5142	11.1817
 7.5034	11.1003
 7.4925	11.0741
 7.4817	11.0336
 7.4709	10.9967
 7.4602	10.8967
 7.4495	10.8302
 7.4388	10.7551
 7.4281	10.7276
 7.4175	10.6468
 7.4069	10.4931
 7.3963	10.3024
 7.3858	10.0892
 7.3753	 9.9232
 7.3648	 9.8096
 7.3544	 9.6943
 7.3440	 9.6262
 7.3336	 9.5673
 7.3232	 9.4202
 7.3129	 9.4064
 7.3026	 9.4929
 7.2923	 9.5105
 7.2821	 9.4989
 7.2718	 9.4642
 7.2617	 9.5000
 7.2515	 9.4658
 7.2414	 9.4693
 7.2313	 9.5564
 7.2212	 9.5892
 7.2112	 9.7343
 7.2012	 9.9955
 7.1912	10.3587
 7.1812	10.8432
 7.1713	11.4909
 7.1614	12.2182
 7.1515	12.8531
 7.1416	13.2476
 7.1318	13.4274
 7.1220	13.5234
 7.1123	13.4981
 7.1025	13.4903
 7.0928	13.4708
 7.0831	13.3815
 7.0734	13.3663
 7.0638	13.3797
 7.0542	13.4439
 7.0446	13.4721
 7.0351	13.3198
 7.0255	13.2401
 7.0160	13.1391
 7.0065	13.0253
 6.9971	13.0250
 6.9877	13.0525
 6.9782	13.0135
 6.9689	13.0307
 6.9595	13.0889
 6.9502	12.8958
 6.9409	12.7828
 6.9316	12.7911
 6.9223	12.8407
 6.9131	12.9466
 6.9039	13.0392
 6.8947	13.0241
 6.8856	13.1072
 6.8764	13.3631
 6.8673	13.6473
 6.8582	13.6494
 6.8492	13.4874
 6.8402	13.5150
 6.8311	13.6981
 6.8221	13.7800
 6.8132	13.7451
 6.8042	13.8941
 6.7953	14.1821
 6.7864	14.2701
 6.7776	14.3815
 6.7687	14.5090
 6.7599	14.5915
 6.7511	14.7343
 6.7423	14.8984
 6.7336	15.1604
 6.7248	15.4308
 6.7161	15.6880
 6.7074	15.9187
 6.6988	16.0921
 6.6901	16.4181
 6.6815	16.6537
 6.6729	16.6941
 6.6643	16.7685
 6.6558	16.9643
 6.6472	17.4414
 6.6387	18.0153
 6.6302	17.9899
 6.6217	17.8644
 6.6133	17.9288
 6.6049	18.0600
 6.5965	18.2884
 6.5881	18.5133
 6.5797	18.8753
 6.5714	19.2073
 6.5631	19.2926
 6.5548	19.5321
 6.5465	19.6610
 6.5382	19.7696
 6.5300	19.9340
 6.5218	20.1569
 6.5136	20.2009
 6.5054	20.3362
 6.4973	20.7372
 6.4892	20.8710
 6.4810	20.6370
 6.4729	20.2980
 6.4649	19.8407
 6.4568	19.5313
 6.4488	19.1825
 6.4408	18.7396
 6.4328	18.2896
 6.4248	17.8248
 6.4169	17.3950
 6.4089	16.4219
 6.4010	15.3852
 6.3931	14.6660
 6.3853	13.9515
 6.3774	13.3903
 6.3696	12.6201
 6.3618	11.6590
 6.3540	10.8119
 6.3462	10.0597
 6.3384	 9.0493
 6.3307	 7.9828
 6.3230	 6.9711
 6.3153	 6.0850
 6.3076	 5.3899
 6.2999	 4.9107
 6.2923	 4.5135
 6.2847	 4.1327
 6.2770	 3.7265
 6.2694	 3.3963
 6.2619	 3.1144
 6.2543	 2.8747
 6.2468	 2.7059
 6.2393	 2.5661
 6.2318	 2.3848
 6.2243	 2.2577
 6.2168	 2.2297
 6.2094	 2.2221
 6.2020	 2.2515
 6.1945	 2.2960
 6.1871	 2.2775
 6.1798	 2.2230
 6.1724	 2.1841
 6.1651	 2.2103
 6.1578	 2.3461
 6.1505	 2.4483
 6.1432	 2.4281
 6.1359	 2.4461
 6.1286	 2.5254
 6.1214	 2.6084
 6.1142	 2.7034
 6.1070	 2.7779
 6.0998	 2.8488
 6.0926	 2.9091
 6.0855	 3.0525
 6.0784	 3.2807
 6.0712	 3.4603
 6.0641	 3.5333
 6.0571	 3.6710
 6.0500	 3.7722
 6.0429	 3.8095
 6.0359	 3.8960
 6.0289	 3.9799
 6.0219	 4.0572
 6.0149	 4.1244
 6.0079	 4.2332
 6.0010	 4.3350
 5.9940	 4.4988
 5.9871	 4.6622
 5.9802	 4.7022
 5.9733	 4.8591
 5.9664	 5.1048
 5.9596	 5.3499
 5.9527	 5.5942
 5.9459	 5.8467
 5.9391	 6.1900
 5.9323	 6.5629
 5.9255	 6.8248
 5.9188	 7.1401
 5.9120	 7.4435
 5.9053	 7.8722
 5.8986	 8.4146
 5.8919	 8.7983
 5.8852	 9.1931
 5.8785	 9.6736
 5.8718	 9.9199
 5.8652	10.3635
 5.8586	10.8164
 5.8520	11.1103
 5.8454	11.3734
 5.8388	11.7288
 5.8322	12.1170
 5.8257	12.5241
 5.8191	12.7490
 5.8126	12.8095
 5.8061	12.9823
 5.7996	13.1561
 5.7931	13.3627
 5.7866	13.6256
 5.7802	13.7892
 5.7738	14.0712
 5.7673	14.4701
 5.7609	14.5101
 5.7545	14.5619
 5.7481	14.8694
 5.7418	14.9904
 5.7354	15.1160
 5.7291	15.3679
 5.7228	15.5336
 5.7165	15.5534
 5.7102	15.7276
 5.7039	15.8553
 5.6976	15.9132
 5.6914	15.9155
 5.6851	15.8589
 5.6789	15.8803
 5.6727	15.9330
 5.6665	15.9878
 5.6603	16.0594
 5.6541	16.1362
 5.6480	16.1916
 5.6418	16.1823
 5.6357	15.9614
 5.6296	15.8506
 5.6235	15.7367
 5.6174	15.5921
 5.6113	15.4024
 5.6052	15.1641
 5.5992	14.8581
 5.5931	14.4127
 5.5871	13.8841
 5.5811	13.1975
 5.5751	12.3287
 5.5691	11.2879
 5.5631	10.1617
 5.5572	 9.0446
 5.5512	 7.9277
 5.5453	 6.8550
 5.5393	 6.1230
 5.5334	 5.7203
 5.5275	 5.4931
 5.5217	 5.4597
 5.5158	 5.4965
 5.5099	 5.4879
 5.5041	 5.5107
 5.4982	 5.6002
 5.4924	 5.7457
 5.4866	 6.0150
 5.4808	 6.4689
 5.4750	 7.1248
 5.4692	 7.9399
 5.4635	 8.9742
 5.4577	10.2326
 5.4520	11.8859
 5.4463	13.9047
 5.4405	16.1520
 5.4348	18.6913
 5.4291	21.4107
 5.4235	24.1085
 5.4178	26.4336
 5.4121	28.4444
 5.4065	30.3330
 5.4009	32.0250
 5.3952	33.4914
 5.3896	34.9169
 5.3840	36.2365
 5.3785	37.3022
 5.3729	38.2662
 5.3673	39.1851
 5.3618	40.0606
 5.3562	40.8901
 5.3507	41.7433
 5.3452	42.3557
 5.3397	42.8840
 5.3342	43.4876
 5.3287	44.0600
 5.3232	44.6443
 5.3178	45.1379
 5.3123	45.6392
 5.3069	46.1441
 5.3015	46.6269
 5.2961	47.0491
 5.2907	47.4108
 5.2852	47.6837
 5.2799	48.0564
 5.2745	48.3656
 5.2691	48.5707
 5.2638	48.8601
 5.2584	49.1358
 5.2531	49.3746
 5.2478	49.5979
 5.2425	49.8323
 5.2372	50.0541
 5.2319	50.2279
 5.2267	50.3820
 5.2214	50.5239
 5.2161	50.7656
 5.2109	50.9490
 5.2057	51.0457
 5.2004	51.1881
 5.1952	51.2496
 5.1900	51.2809
 5.1848	51.3871
 5.1796	51.4438
 5.1745	51.5312
 5.1693	51.6371
 5.1642	51.7012
 5.1590	51.7140
 5.1539	51.7214
 5.1488	51.6189
 5.1437	51.3163
 5.1386	50.7558
 5.1335	49.9050
 5.1284	48.6899
 5.1234	47.4440
 5.1183	46.5139
 5.1132	46.3374
 5.1082	46.9744
 5.1032	48.1135
 5.0982	49.3874
 5.0932	50.5300
 5.0882	51.4378
 5.0832	52.1212
 5.0782	52.6144
 5.0732	53.0612
 5.0683	53.3785
 5.0633	53.5821
 5.0584	53.7537
 5.0534	53.8334
 5.0485	53.9400
 5.0436	54.0895
 5.0387	54.1414
 5.0338	54.1854
 5.0289	54.2242
 5.0241	54.2631
 5.0192	54.3167
 5.0144	54.4271
 5.0095	54.5248
 5.0047	54.5731
 4.9998	54.5650
 4.9950	54.5524
 4.9902	54.5936
 4.9854	54.7150
 4.9806	54.8371
 4.9759	54.9505
 4.9711	54.9462
 4.9663	54.9670
 4.9616	55.0736
 4.9568	55.1218
 4.9521	55.1065
 4.9474	55.1700
 4.9426	55.2685
 4.9379	55.3779
 4.9332	55.3873
 4.9286	55.4081
 4.9239	55.5131
 4.9192	55.6109
 4.9145	55.7031
 4.9099	55.6977
 4.9052	55.7064
 4.9006	55.7878
 4.8960	55.8706
 4.8914	55.8560
 4.8867	55.8289
 4.8821	55.8841
 4.8776	55.9376
 4.8730	56.0109
 4.8684	56.0106
 4.8638	55.9493
 4.8593	55.9884
 4.8547	56.1201
 4.8502	56.1414
 4.8456	56.1534
 4.8411	56.1919
 4.8366	56.1214
 4.8321	56.0215
 4.8276	56.0471
 4.8231	56.1080
 4.8186	56.1383
 4.8141	56.0910
 4.8097	56.0456
 4.8052	55.9251
 4.8008	55.9155
 4.7963	55.9760
 4.7919	55.8891
 4.7875	55.7881
 4.7831	55.6692
 4.7786	55.5027
 4.7743	55.4022
 4.7699	55.2811
 4.7655	55.1134
 4.7611	54.9534
 4.7567	54.7111
 4.7524	54.4366
 4.7480	54.1250
 4.7437	53.7180
 4.7393	53.2161
 4.7350	52.6996
 4.7307	52.1768
 4.7264	51.4457
 4.7221	50.4549
 4.7178	49.2424
 4.7135	47.8728
 4.7092	46.1921
 4.7049	44.5537
 4.7007	43.1905
 4.6964	42.1232
 4.6922	41.3830
 4.6879	40.8654
 4.6837	40.5022
 4.6795	40.2266
 4.6752	40.0456
 4.6710	40.0211
 4.6668	40.0671
 4.6626	40.2755
 4.6584	40.6282
 4.6543	41.0752
 4.6501	41.6487
 4.6459	42.3149
 4.6418	42.8926
 4.6376	43.5601
 4.6334	44.3476
 4.6293	45.1675
 4.6252	45.9236
 4.6211	46.6092
 4.6170	47.1944
 4.6128	47.6578
 4.6087	48.0371
 4.6047	48.3113
 4.6006	48.5281
 4.5965	48.8159
 4.5924	49.1180
 4.5884	49.3999
 4.5843	49.7481
 4.5802	50.1128
 4.5762	50.3708
 4.5722	50.5594
 4.5681	50.7156
 4.5641	50.9094
 4.5601	51.1260
 4.5561	51.2685
 4.5521	51.3106
 4.5481	51.4039
 4.5441	51.4780
 4.5401	51.5583
 4.5362	51.6117
 4.5322	51.6410
 4.5282	51.6902
 4.5243	51.7227
 4.5203	51.6721
 4.5164	51.6974
 4.5125	51.7093
 4.5085	51.6360
 4.5046	51.5629
 4.5007	51.5637
 4.4968	51.6184
 4.4929	51.6468
 4.4890	51.6760
 4.4851	51.7013
 4.4813	51.7546
 4.4774	51.8550
 4.4735	51.9004
 4.4697	52.0248
 4.4658	52.1889
 4.4620	52.3746
 4.4581	52.5442
 4.4543	52.6567
 4.4505	52.8075
 4.4467	53.0009
 4.4429	53.1708
 4.4391	53.3220
 4.4353	53.4809
 4.4315	53.7377
 4.4277	53.9313
 4.4239	54.0154
 4.4201	54.0935
 4.4164	54.1259
 4.4126	53.9518
 4.4089	53.7694
 4.4051	53.5626
 4.4014	53.4518
 4.3976	53.5163
 4.3939	53.7099
 4.3902	53.8691
 4.3865	53.9444
 4.3828	54.0411
 4.3791	54.2549
 4.3754	54.4699
 4.3717	54.6238
 4.3680	54.7283
 4.3643	54.7937
 4.3607	54.8554
 4.3570	54.8997
 4.3533	54.9534
 4.3497	54.9560
 4.3460	54.9649
 4.3424	55.0424
 4.3388	55.0764
 4.3351	55.1726
 4.3315	55.2539
 4.3279	55.3660
 4.3243	55.4353
 4.3207	55.4719
 4.3171	55.5472
 4.3135	55.7031
 4.3099	55.8467
 4.3063	55.8559
 4.3028	55.8815
 4.2992	56.0057
 4.2956	56.0946
 4.2921	56.1546
 4.2885	56.2494
 4.2850	56.2767
 4.2815	56.2044
 4.2779	56.2225
 4.2744	56.2599
 4.2709	56.1834
 4.2674	56.0239
 4.2638	55.9684
 4.2603	55.9098
 4.2568	55.8146
 4.2534	55.7781
 4.2499	55.7674
 4.2464	55.7351
 4.2429	55.6565
 4.2394	55.5503
 4.2360	55.4711
 4.2325	55.3575
 4.2291	55.1907
 4.2256	55.0426
 4.2222	54.8337
 4.2187	54.6641
 4.2153	54.4969
 4.2119	54.2782
 4.2085	54.0985
 4.2051	53.9390
 4.2016	53.8162
 4.1982	53.7184
 4.1948	53.6263
 4.1915	53.5038
 4.1881	53.3548
 4.1847	53.2098
 4.1813	53.0763
 4.1780	52.9624
 4.1746	52.8629
 4.1712	52.6600
 4.1679	52.3834
 4.1645	52.0826
 4.1612	51.8559
 4.1578	51.5956
 4.1545	51.3575
 4.1512	51.1067
 4.1479	50.7832
 4.1445	50.4118
 4.1412	50.0596
 4.1379	49.6827
 4.1346	49.3299
 4.1313	49.0022
 4.1280	48.7241
 4.1248	48.3686
 4.1215	47.9377
 4.1182	47.5009
 4.1150	46.9988
 4.1117	46.4957
 4.1084	46.0110
 4.1052	45.4952
 4.1019	44.8797
 4.0987	44.1625
 4.0954	43.3344
 4.0922	42.5379
 4.0890	41.7329
 4.0858	40.8386
 4.0826	39.8890
 4.0793	38.7878
 4.0761	37.6197
 4.0729	36.4822
 4.0697	35.2006
 4.0665	33.6947
 4.0633	32.1526
 4.0602	30.4973
 4.0570	28.8270
 4.0538	27.1326
 4.0507	25.6001
 4.0475	24.1291
 4.0443	22.5064
 4.0412	20.8395
 4.0380	19.1365
 4.0349	17.3789
 4.0317	15.6099
 4.0286	13.8143
 4.0255	12.0623
 4.0224	10.6415
 4.0193	 9.6162
 4.0161	 8.8986
 4.0130	 8.5200
 4.0099	 8.3845
 4.0068	 8.3786
 4.0037	 8.5702
 4.0006	 8.7744
 3.9976	 9.0017
 3.9945	 9.1796
 3.9914	 9.4918
 3.9883	 9.8420
 3.9853	10.0928
 3.9822	10.3024
 3.9792	10.6108
 3.9761	10.9626
 3.9731	11.4209
 3.9700	11.9754
 3.9670	12.5576
 3.9639	13.1601
 3.9609	13.9099
 3.9579	14.7726
 3.9549	15.5495
 3.9519	16.3121
 3.9489	16.9966
 3.9458	17.6357
 3.9428	18.2677
 3.9398	18.7270
 3.9369	19.0801
 3.9339	19.3215
 3.9309	19.4135
 3.9279	19.3976
 3.9249	19.3919
 3.9220	19.4626
 3.9190	19.6038
 3.9160	19.8689
 3.9131	20.0016
 3.9101	20.0686
 3.9072	20.2098
 3.9042	20.3749
 3.9013	20.5816
 3.8984	20.7956
 3.8954	20.9412
 3.8925	21.0437
 3.8896	21.1613
 3.8867	21.3126
 3.8838	21.4622
 3.8809	21.5690
 3.8780	21.6452
 3.8751	21.6828
 3.8722	21.7801
 3.8693	21.8822
 3.8664	21.8873
 3.8635	21.8714
 3.8606	21.8708
 3.8578	21.9781
 3.8549	22.1205
 3.8520	22.3536
 3.8492	22.6134
 3.8463	22.7705
 3.8435	23.0021
 3.8406	23.4188
 3.8378	23.9010
 3.8349	24.3858
 3.8321	24.9818
 3.8293	25.6733
 3.8264	26.3627
 3.8236	26.9373
 3.8208	27.6033
 3.8180	28.3656
 3.8152	29.0978
 3.8124	29.7966
 3.8096	30.5309
 3.8068	31.2750
 3.8040	32.0635
 3.8012	32.9160
 3.7984	33.6685
 3.7956	34.4962
 3.7929	35.3853
 3.7901	36.3115
 3.7873	37.2324
 3.7845	38.1049
 3.7818	39.0931
 3.7790	40.1691
 3.7763	41.2389
 3.7735	42.2877
 3.7708	43.2440
 3.7681	44.1637
 3.7653	45.1718
 3.7626	46.0820
 3.7599	46.7769
 3.7571	47.4015
 3.7544	47.9118
 3.7517	48.2729
 3.7490	48.5760
 3.7463	48.8630
 3.7436	49.0958
 3.7409	49.2771
 3.7382	49.3899
 3.7355	49.4730
 3.7328	49.6277
 3.7301	49.7800
 3.7274	49.8752
 3.7247	49.9748
 3.7221	50.1179
 3.7194	50.2384
 3.7167	50.3613
 3.7141	50.5105
 3.7114	50.5661
 3.7088	50.7407
 3.7061	50.9303
 3.7035	51.0655
 3.7008	51.2030
 3.6982	51.4120
 3.6955	51.5921
 3.6929	51.6931
 3.6903	51.7399
 3.6877	51.7636
 3.6850	51.8256
 3.6824	51.8823
 3.6798	51.9104
 3.6772	51.9899
 3.6746	51.9655
 3.6720	52.0260
 3.6694	52.1239
 3.6668	52.0004
 3.6642	51.9264
 3.6616	51.9945
 3.6590	51.9275
 3.6564	51.8242
 3.6539	51.8001
 3.6513	51.6903
 3.6487	51.5750
 3.6462	51.4365
 3.6436	51.2456
 3.6410	51.1563
 3.6385	51.0848
 3.6359	50.9107
 3.6334	50.6358
 3.6308	50.2330
 3.6283	49.9175
 3.6258	49.6108
 3.6232	49.1445
 3.6207	48.5339
 3.6182	47.7516
 3.6156	46.8520
 3.6131	45.9057
 3.6106	45.1324
 3.6081	44.9092
 3.6056	45.2240
 3.6031	45.5591
 3.6006	45.7339
 3.5981	45.5271
 3.5956	45.0058
 3.5931	44.3736
 3.5906	43.6074
 3.5881	42.5746
 3.5856	41.3639
 3.5832	39.9349
 3.5807	38.3350
 3.5782	36.5666
 3.5758	34.5606
 3.5733	32.5073
 3.5708	30.5539
 3.5684	28.7891
 3.5659	27.2581
 3.5635	25.9638
 3.5610	24.9555
 3.5586	24.1903
 3.5561	23.5253
 3.5537	22.9697
 3.5513	22.6259
 3.5488	22.2894
 3.5464	21.7290
 3.5440	21.2364
 3.5415	20.7957
 3.5391	20.3442
 3.5367	19.9251
 3.5343	19.4946
 3.5319	19.0337
 3.5295	18.5609
 3.5271	18.1441
 3.5247	17.7671
 3.5223	17.3835
 3.5199	17.0636
 3.5175	16.7214
 3.5151	16.3820
 3.5128	16.2359
 3.5104	16.1018
 3.5080	16.0521
 3.5056	16.2357
 3.5033	16.6381
 3.5009	17.2236
 3.4985	17.9003
 3.4962	18.6369
 3.4938	19.4561
 3.4915	20.2386
 3.4891	20.8615
 3.4868	21.3551
 3.4844	21.8270
 3.4821	22.1278
 3.4798	22.4087
 3.4774	22.6932
 3.4751	22.9546
 3.4728	23.2123
 3.4704	23.3799
 3.4681	23.3877
 3.4658	23.4854
 3.4635	23.5992
 3.4612	23.5801
 3.4589	23.5115
 3.4566	23.5776
 3.4543	23.6427
 3.4520	23.7150
 3.4497	23.7441
 3.4474	23.7285
 3.4451	23.7563
 3.4428	23.8122
 3.4405	23.8662
 3.4382	23.9119
 3.4359	23.8999
 3.4337	24.0014
 3.4314	24.1041
 3.4291	24.0296
 3.4269	23.9704
 3.4246	23.9324
 3.4223	23.9308
 3.4201	23.9078
 3.4178	23.7935
 3.4156	23.6770
 3.4133	23.5505
 3.4111	23.3445
 3.4088	23.1001
 3.4066	22.9531
 3.4043	22.9628
 3.4021	22.9063
 3.3999	22.7809
 3.3977	22.7369
 3.3954	22.7225
 3.3932	22.6620
 3.3910	22.5780
 3.3888	22.5619
 3.3866	22.6420
 3.3844	22.7199
 3.3822	22.7357
 3.3799	22.7694
 3.3777	22.8710
 3.3755	22.9078
 3.3733	22.8612
 3.3712	22.6902
 3.3690	22.6090
 3.3668	22.6556
 3.3646	22.6170
 3.3624	22.3684
 3.3602	22.1709
 3.3580	22.1460
 3.3559	22.0775
 3.3537	22.0260
 3.3515	22.0857
 3.3494	22.1492
 3.3472	22.1784
 3.3451	22.3096
 3.3429	22.3950
 3.3407	22.5406
 3.3386	22.8399
 3.3364	23.1835
 3.3343	23.6902
 3.3321	24.5584
 3.3300	25.7947
 3.3279	27.2141
 3.3257	28.7705
 3.3236	30.3350
 3.3215	31.6047
 3.3194	32.4658
 3.3172	33.2367
 3.3151	33.9711
 3.3130	34.5112
 3.3109	34.9097
 3.3088	35.4298
 3.3066	35.9024
 3.3045	36.2397
 3.3024	36.5593
 3.3003	36.8255
 3.2982	37.0116
 3.2961	37.2357
 3.2940	37.4778
 3.2920	37.5964
 3.2899	37.6909
 3.2878	37.8321
 3.2857	38.0023
 3.2836	38.1959
 3.2815	38.2815
 3.2795	38.2431
 3.2774	38.2278
 3.2753	38.3032
 3.2732	38.4778
 3.2712	38.5980
 3.2691	38.6045
 3.2671	38.6105
 3.2650	38.7059
 3.2630	38.7113
 3.2609	38.6649
 3.2588	38.7610
 3.2568	38.8631
 3.2548	38.8814
 3.2527	38.8760
 3.2507	38.8726
 3.2486	38.8575
 3.2466	38.8350
 3.2446	38.8733
 3.2426	38.9631
 3.2405	39.0128
 3.2385	38.9993
 3.2365	38.9402
 3.2345	38.8387
 3.2324	38.8041
 3.2304	38.8462
 3.2284	38.8001
 3.2264	38.7883
 3.2244	38.7789
 3.2224	38.7613
 3.2204	38.7929
 3.2184	38.7583
 3.2164	38.6610
 3.2144	38.6318
 3.2124	38.6991
 3.2104	38.6948
 3.2084	38.6432
 3.2064	38.5648
 3.2045	38.4898
 3.2025	38.3801
 3.2005	38.2803
 3.1985	38.2432
 3.1966	38.1798
 3.1946	38.0393
 3.1926	37.9708
 3.1907	37.9139
 3.1887	37.8736
 3.1867	37.8942
 3.1848	37.8658
 3.1828	37.7815
 3.1809	37.8135
 3.1789	37.8652
 3.1770	37.7585
 3.1750	37.7262
 3.1731	37.7344
 3.1711	37.7141
 3.1692	37.7407
 3.1673	37.6144
 3.1653	37.6380
 3.1634	37.6752
 3.1615	37.6209
 3.1596	37.5816
 3.1576	37.5735
 3.1557	37.5539
 3.1538	37.5014
 3.1519	37.4946
 3.1500	37.5775
 3.1481	37.5379
 3.1461	37.3656
 3.1442	37.3552
 3.1423	37.3675
 3.1404	37.2938
 3.1385	37.3260
 3.1366	37.3040
 3.1347	37.2174
 3.1328	37.1451
 3.1309	37.0673
 3.1290	36.9323
 3.1272	36.8257
 3.1253	36.8119
 3.1234	36.8136
 3.1215	36.7442
 3.1196	36.6807
 3.1178	36.6716
 3.1159	36.6032
 3.1140	36.4297
 3.1121	36.3322
 3.1103	36.3367
 3.1084	36.3052
 3.1065	36.2176
 3.1047	36.1467
 3.1028	36.1182
 3.1010	36.1508
 3.0991	36.1181
 3.0973	36.0352
 3.0954	36.0350
 3.0936	36.0440
 3.0917	35.9695
 3.0899	35.9459
 3.0880	35.9061
 3.0862	35.8566
 3.0844	35.9906
 3.0825	36.0580
 3.0807	36.0300
 3.0789	35.9970
 3.0770	35.9215
 3.0752	35.9765
 3.0734	36.0284
 3.0716	35.9536
 3.0698	35.8844
 3.0680	35.8943
 3.0661	35.9019
 3.0643	35.8647
 3.0625	35.8348
 3.0607	35.7997
 3.0589	35.8055
 3.0571	35.8806
 3.0553	35.8349
 3.0535	35.6829
 3.0517	35.6813
 3.0499	35.7464
 3.0481	35.6575
 3.0463	35.5716
 3.0445	35.6745
 3.0427	35.7312
 3.0410	35.6435
 3.0392	35.5364
 3.0374	35.4337
 3.0356	35.3558
 3.0338	35.3916
 3.0321	35.4563
 3.0303	35.5324
 3.0285	35.5568
 3.0268	35.5941
 3.0250	35.5586
 3.0232	35.4974
 3.0215	35.4674
 3.0197	35.4677
 3.0179	35.3735
 3.0162	35.3175
 3.0144	35.3474
 3.0127	35.4486
 3.0109	35.4704
 3.0092	35.4092
 3.0074	35.4266
 3.0057	35.3092
 3.0040	35.2396
 3.0022	35.2106
 3.0005	35.2607
 2.9987	35.2361
 2.9970	35.2253
 2.9953	35.3620
 2.9935	35.4509
 2.9918	35.3357
 2.9901	35.2623
 2.9884	35.2324
 2.9867	35.2754
 2.9849	35.3582
 2.9832	35.3230
 2.9815	35.1788
 2.9798	35.2030
 2.9781	35.3131
 2.9764	35.3080
 2.9747	35.3193
 2.9729	35.3979
 2.9712	35.4877
 2.9695	35.5328
 2.9678	35.5229
 2.9661	35.4845
 2.9645	35.5200
 2.9628	35.6097
 2.9611	35.6309
 2.9594	35.5675
 2.9577	35.6035
 2.9560	35.7418
 2.9543	35.8817
 2.9526	36.0109
 2.9510	36.0338
 2.9493	36.0232
 2.9476	36.0096
 2.9459	36.1249
 2.9442	36.1974
 2.9426	36.3164
 2.9409	36.4596
 2.9392	36.6077
 2.9376	36.6881
 2.9359	36.7940
 2.9343	36.8636
 2.9326	36.8697
 2.9309	37.0424
 2.9293	37.1895
 2.9276	37.2084
 2.9260	37.3040
 2.9243	37.5223
 2.9227	37.6628
 2.9210	37.7734
 2.9194	37.9281
 2.9177	38.0088
 2.9161	38.0908
 2.9145	38.2897
 2.9128	38.4195
 2.9112	38.4546
 2.9096	38.6203
 2.9079	38.6682
 2.9063	38.7482
 2.9047	38.9481
 2.9030	39.1435
 2.9014	39.2463
 2.8998	39.3259
 2.8982	39.4642
 2.8966	39.6841
 2.8949	39.8834
 2.8933	40.0347
 2.8917	40.0785
 2.8901	40.1727
 2.8885	40.4143
 2.8869	40.5302
 2.8853	40.5795
 2.8837	40.7033
 2.8821	40.8893
 2.8805	41.1176
 2.8789	41.2418
 2.8773	41.3866
 2.8757	41.6394
 2.8741	41.9342
 2.8725	42.1142
 2.8709	42.2583
 2.8693	42.3684
 2.8677	42.3971
 2.8661	42.5920
 2.8645	42.7371
 2.8630	42.7926
 2.8614	42.9240
 2.8598	43.2162
 2.8582	43.4063
 2.8567	43.6056
 2.8551	43.7303
 2.8535	43.7270
 2.8519	43.9208
 2.8504	44.0840
 2.8488	44.1955
 2.8472	44.2852
 2.8457	44.3671
 2.8441	44.4915
 2.8426	44.7628
 2.8410	44.9327
 2.8394	45.0162
 2.8379	45.2100
 2.8363	45.4499
 2.8348	45.6346
 2.8332	45.7248
 2.8317	45.7753
 2.8302	45.9290
 2.8286	46.1584
 2.8271	46.3806
 2.8255	46.5398
 2.8240	46.8850
 2.8224	47.2219
 2.8209	47.5659
 2.8194	47.8492
 2.8178	48.1499
 2.8163	48.4377
 2.8148	48.7331
 2.8133	48.8013
 2.8117	48.9026
 2.8102	49.0524
 2.8087	49.1468
 2.8072	49.3911
 2.8056	49.6802
 2.8041	49.8855
 2.8026	49.8251
 2.8011	49.7282
 2.7996	49.8033
 2.7981	50.1310
 2.7966	50.5150
 2.7951	50.8752
 2.7936	51.3829
 2.7921	51.8387
 2.7906	52.1300
 2.7890	52.6835
 2.7875	53.3516
 2.7860	53.6651
 2.7845	53.9535
 2.7831	54.4712
 2.7816	54.9701
 2.7801	55.3496
 2.7786	55.8230
 2.7771	56.3301
 2.7756	56.7474
 2.7741	57.1763
 2.7726	57.7932
 2.7712	58.4693
 2.7697	58.8763
 2.7682	59.1732
 2.7667	59.4561
 2.7652	59.7614
 2.7638	60.3380
 2.7623	60.8864
 2.7608	61.2861
 2.7594	61.7628
 2.7579	62.5167
 2.7564	63.6837
 2.7550	64.4620
 2.7535	64.5308
 2.7520	64.8874
 2.7506	65.3465
 2.7491	65.8165
 2.7477	66.3587
 2.7462	66.8550
 2.7447	67.0267
 2.7433	67.6297
 2.7418	68.6388
 2.7404	69.4751
 2.7389	69.9525
 2.7375	69.9486
 2.7361	70.2483
 2.7346	70.7937
 2.7332	71.0195
 2.7317	71.2859
 2.7303	71.5439
 2.7289	71.9192
 2.7274	72.3951
 2.7260	73.1096
 2.7246	73.7796
 2.7231	73.8544
 2.7217	74.3465
 2.7203	74.9196
 2.7188	74.7390
 2.7174	74.8221
 2.7160	74.9349
 2.7146	75.2314
 2.7132	75.6156
 2.7117	76.5121
 2.7103	77.0367
 2.7089	76.9522
 2.7075	76.8105
 2.7061	76.9421
 2.7047	77.2300
 2.7033	77.5753
 2.7018	78.0401
 2.7004	78.3026
 2.6990	78.3616
 2.6976	78.5760
 2.6962	79.0825
 2.6948	79.6131
 2.6934	79.7385
 2.6920	79.5772
 2.6906	79.6659
 2.6892	80.0305
 2.6878	80.2820
 2.6864	80.4963
 2.6850	80.6922
 2.6837	80.8890
 2.6823	80.8419
 2.6809	81.0033
 2.6795	81.5563
 2.6781	81.8651
 2.6767	82.2091
 2.6753	81.9742
 2.6740	81.6056
 2.6726	81.7892
 2.6712	82.7417
 2.6698	82.9558
 2.6685	82.4457
 2.6671	82.8869
 2.6657	83.1304
 2.6644	82.8672
 2.6630	82.3865
 2.6616	82.4393
 2.6603	82.6093
 2.6589	82.6254
 2.6575	82.5577
 2.6562	82.7075
 2.6548	82.6811
 2.6534	82.8011
 2.6521	82.8452
 2.6507	82.5852
 2.6494	82.6033
 2.6480	82.8177
 2.6467	82.9950
 2.6453	83.1057
 2.6440	83.0295
 2.6426	83.1699
 2.6413	83.1672
 2.6399	83.0567
 2.6386	83.0871
 2.6372	83.2046
 2.6359	83.2230
 2.6346	83.4112
 2.6332	83.4026
 2.6319	83.5491
 2.6306	83.9857
 2.6292	83.6842
 2.6279	83.5334
 2.6266	83.8107
 2.6252	83.5264
 2.6239	83.3543
 2.6226	83.3792
 2.6212	83.8426
 2.6199	84.0370
 2.6186	83.8168
 2.6173	84.0887
 2.6160	83.8736
 2.6146	83.4691
 2.6133	83.5199
 2.6120	83.4083
 2.6107	83.3751
 2.6094	83.4909
 2.6081	83.5121
 2.6067	83.6419
 2.6054	83.7003
 2.6041	83.3064
 2.6028	82.9764
 2.6015	82.7435
 2.6002	82.5528
 2.5989	82.3584
 2.5976	82.5080
 2.5963	83.1393
 2.5950	83.8437
 2.5937	83.0990
 2.5924	82.1801
 2.5911	81.8046
 2.5898	81.6197
 2.5885	81.5415
 2.5872	81.4450
 2.5859	81.0387
 2.5847	80.9826
 2.5834	80.4525
 2.5821	79.5649
 2.5808	78.8789
 2.5795	78.1042
 2.5782	77.7444
 2.5770	77.3366
 2.5757	76.4369
 2.5744	75.8532
 2.5731	75.1810
 2.5718	74.1304
 2.5706	73.5848
 2.5693	73.0503
 2.5680	72.3558
 2.5667	71.8864
 2.5655	71.7021
 2.5642	71.5421
 2.5629	71.2717
 2.5617	71.0217
 2.5604	70.6714
 2.5591	70.2769
 2.5579	70.0488
 2.5566	70.0922
 2.5554	70.1923
 2.5541	70.1790
 2.5528	70.2419
 2.5516	70.3037
 2.5503	70.3767
 2.5491	70.5584
 2.5478	70.7609
 2.5466	70.8781
 2.5453	71.0553
 2.5441	71.3887
 2.5428	71.6226
 2.5416	71.6634
 2.5403	71.8167
 2.5391	72.0129
 2.5379	72.2146
 2.5366	72.4052
 2.5354	72.5245
 2.5341	72.6740
 2.5329	72.9763
 2.5317	73.1049
 2.5304	73.1560
 2.5292	73.2657
 2.5280	73.3311
 2.5267	73.3291
 2.5255	73.5059
 2.5243	73.7500
 2.5230	73.8174
 2.5218	73.9183
 2.5206	73.9173
 2.5194	73.8719
 2.5181	73.9629
 2.5169	74.1602
 2.5157	74.2698
 2.5145	74.3624
 2.5133	74.4161
 2.5120	74.3882
 2.5108	74.5589
 2.5096	74.6309
 2.5084	74.6164
 2.5072	74.6954
 2.5060	74.7013
 2.5048	74.6592
 2.5035	74.7922
 2.5023	74.9641
 2.5011	75.0765
 2.4999	75.0799
 2.4987	75.2160
 2.4975	75.4575
 2.4963	75.5921
 2.4951	75.6631
 2.4939	75.6683
 2.4927	75.7452
 2.4915	75.9176
 2.4903	76.0553
 2.4891	76.2845
 2.4879	76.4994
 2.4867	76.5382
 2.4855	76.6605
 2.4844	76.8675
 2.4832	77.0384
 2.4820	77.2215
 2.4808	77.3974
 2.4796	77.4902
 2.4784	77.7328
 2.4772	78.0020
 2.4760	78.2643
 2.4749	78.4626
 2.4737	78.6324
 2.4725	78.7887
 2.4713	78.9688
 2.4701	79.2143
 2.4690	79.4722
 2.4678	79.7311
 2.4666	79.9247
 2.4655	80.1195
 2.4643	80.2541
 2.4631	80.3391
 2.4619	80.4797
 2.4608	80.6186
 2.4596	80.7488
 2.4584	80.8512
 2.4573	81.0167
 2.4561	81.1743
 2.4549	81.3577
 2.4538	81.5225
 2.4526	81.6938
 2.4515	81.7811
 2.4503	81.8990
 2.4491	81.9782
 2.4480	82.0651
 2.4468	82.0820
 2.4457	82.1958
 2.4445	82.3886
 2.4434	82.5372
 2.4422	82.6719
 2.4411	82.8094
 2.4399	82.8963
 2.4388	82.8712
 2.4376	82.8766
 2.4365	82.9699
 2.4353	83.1238
 2.4342	83.2295
 2.4331	83.2694
 2.4319	83.3404
 2.4308	83.4286
 2.4296	83.5161
 2.4285	83.5251
 2.4274	83.4941
 2.4262	83.5765
 2.4251	83.7314
 2.4240	83.8941
 2.4228	83.8728
 2.4217	83.9157
 2.4206	84.0932
 2.4194	84.1319
 2.4183	84.1466
 2.4172	84.2838
 2.4160	84.3860
 2.4149	84.4408
 2.4138	84.5524
 2.4127	84.6136
 2.4116	84.6441
 2.4104	84.6617
 2.4093	84.5917
 2.4082	84.5653
 2.4071	84.6304
 2.4059	84.6074
 2.4048	84.7198
 2.4037	84.7401
 2.4026	84.7923
 2.4015	84.8762
 2.4004	84.7813
 2.3993	84.6668
 2.3982	84.5984
 2.3971	84.4540
 2.3960	84.3726
 2.3948	84.1954
 2.3937	83.9837
 2.3926	83.9323
 2.3915	83.7877
 2.3904	83.5489
 2.3893	83.2268
 2.3882	82.8984
 2.3871	82.5558
 2.3860	82.1257
 2.3849	81.7061
 2.3838	81.3266
 2.3827	80.9783
 2.3816	80.6698
 2.3805	80.4492
 2.3795	80.2420
 2.3784	80.0705
 2.3773	79.7809
 2.3762	79.5388
 2.3751	79.4076
 2.3740	79.2817
 2.3729	79.2542
 2.3718	79.1596
 2.3708	78.9654
 2.3697	78.8871
 2.3686	78.9016
 2.3675	78.8219
 2.3664	78.8318
 2.3653	78.9047
 2.3643	78.8246
 2.3632	78.8192
 2.3621	78.9675
 2.3610	78.9424
 2.3600	78.9384
 2.3589	79.0480
 2.3578	79.1181
 2.3567	79.1422
 2.3557	79.2362
 2.3546	79.3588
 2.3535	79.3595
 2.3525	79.5165
 2.3514	79.6236
 2.3503	79.7593
 2.3493	79.8465
 2.3482	79.8922
 2.3471	79.9321
 2.3461	80.0568
 2.3450	80.1601
 2.3440	80.1541
 2.3429	80.2263
 2.3418	80.3739
 2.3408	80.3663
 2.3397	80.3317
 2.3387	80.4044
 2.3376	80.4852
 2.3366	80.5366
 2.3355	80.4171
 2.3345	80.3982
 2.3334	80.5790
 2.3324	80.6191
 2.3313	80.6177
 2.3303	80.6898
 2.3292	80.7028
 2.3282	80.7299
 2.3271	80.8889
 2.3261	81.0416
 2.3250	81.0694
 2.3240	81.0154
 2.3230	81.0643
 2.3219	81.1408
 2.3209	81.2468
 2.3198	81.3399
 2.3188	81.3976
 2.3178	81.4096
 2.3167	81.4038
 2.3157	81.5457
 2.3147	81.5816
 2.3136	81.5907
 2.3126	81.8012
 2.3116	81.8964
 2.3105	82.0288
 2.3095	82.0360
 2.3085	82.0550
 2.3074	82.2762
 2.3064	82.4310
 2.3054	82.5342
 2.3044	82.6872
 2.3034	82.6865
 2.3023	82.7599
 2.3013	82.8271
 2.3003	82.8519
 2.2993	82.9791
 2.2982	83.1171
 2.2972	83.2190
 2.2962	83.2336
 2.2952	83.4070
 2.2942	83.6181
 2.2932	83.7597
 2.2921	83.8439
 2.2911	83.9294
 2.2901	84.1104
 2.2891	84.1845
 2.2881	84.3197
 2.2871	84.4380
 2.2861	84.4906
 2.2851	84.5203
 2.2841	84.6008
 2.2831	84.6978
 2.2821	84.9606
 2.2811	85.0144
 2.2801	84.9430
 2.2790	84.9680
 2.2780	85.2612
 2.2771	85.4820
 2.2761	85.5261
 2.2750	85.5223
 2.2740	85.6645
 2.2731	85.7167
 2.2721	85.6760
 2.2711	85.7637
 2.2701	85.8783
 2.2691	85.9562
 2.2681	85.9717
 2.2671	85.9752
 2.2661	86.0843
 2.2651	86.2422
 2.2641	86.3515
 2.2631	86.3889
 2.2621	86.3863
 2.2612	86.4250
 2.2602	86.5353
 2.2592	86.6047
 2.2582	86.6772
 2.2572	86.8410
 2.2562	86.8718
 2.2553	86.8671
 2.2543	86.9431
 2.2533	87.0646
 2.2523	87.2016
 2.2513	87.1575
 2.2504	87.2251
 2.2494	87.2639
 2.2484	87.2452
 2.2474	87.3592
 2.2465	87.6256
 2.2455	87.7830
 2.2445	87.7692
 2.2435	87.7393
 2.2426	87.7229
 2.2416	87.6978
 2.2406	87.7092
 2.2397	87.7928
 2.2387	87.8876
 2.2377	87.9364
 2.2368	87.9884
 2.2358	88.1008
 2.2348	88.1702
 2.2339	88.1975
 2.2329	88.1669
 2.2320	88.2264
 2.2310	88.3490
 2.2300	88.3270
 2.2291	88.4286
 2.2281	88.4925
 2.2272	88.4463
 2.2262	88.5190
 2.2252	88.6757
 2.2243	88.7131
 2.2233	88.6763
 2.2224	88.6895
 2.2214	88.7879
 2.2205	88.7822
 2.2195	88.7898
 2.2186	88.8666
 2.2176	88.9254
 2.2167	89.0981
 2.2157	89.0289
 2.2148	88.9662
 2.2138	89.0594
 2.2129	89.1388
 2.2120	89.1320
 2.2110	89.1370
 2.2101	89.1451
 2.2091	89.2171
 2.2082	89.3016
 2.2073	89.2586
 2.2063	89.1314
 2.2054	89.1348
 2.2044	89.2274
 2.2035	89.3580
 2.2026	89.3957
 2.2016	89.2905
 2.2007	89.3262
 2.1998	89.2922
 2.1988	89.3093
 2.1979	89.3995
 2.1970	89.4565
 2.1960	89.4792
 2.1951	89.4512
 2.1942	89.3823
 2.1932	89.4073
 2.1923	89.3969
 2.1914	89.3705
 2.1905	89.5117
 2.1895	89.6204
 2.1886	89.4159
 2.1877	89.3070
 2.1868	89.3823
 2.1858	89.4851
 2.1849	89.4427
 2.1840	89.4518
 2.1831	89.4846
 2.1822	89.4655
 2.1812	89.5501
 2.1803	89.5150
 2.1794	89.3656
 2.1785	89.2767
 2.1776	89.3988
 2.1767	89.4755
 2.1758	89.3253
 2.1749	89.1511
 2.1739	89.2308
 2.1730	89.3728
 2.1721	89.4437
 2.1712	89.3951
 2.1703	89.3153
 2.1694	89.3089
 2.1685	89.1936
 2.1676	89.2007
 2.1667	89.1626
 2.1658	89.1967
 2.1649	89.1678
 2.1639	89.1033
 2.1631	89.2043
 2.1622	89.1675
 2.1612	89.1418
 2.1604	89.2403
 2.1595	89.2361
 2.1585	89.1076
 2.1576	89.0233
 2.1568	89.0903
 2.1559	89.0950
 2.1550	89.2136
 2.1541	89.3274
 2.1532	89.5058
 2.1523	89.5567
 2.1514	89.4567
 2.1505	89.3742
 2.1496	89.3696
 2.1487	89.3867
 2.1478	89.2973
 2.1469	89.3854
 2.1460	89.4837
 2.1452	89.4310
 2.1443	89.3709
 2.1434	89.5174
 2.1425	89.5882
 2.1416	89.5199
 2.1407	89.3360
 2.1398	89.2478
 2.1390	89.5839
 2.1381	89.7586
 2.1372	89.6895
 2.1363	89.6889
 2.1354	89.7373
 2.1345	89.6912
 2.1337	89.7218
 2.1328	89.6576
 2.1319	89.6513
 2.1311	89.6592
 2.1302	89.6728
 2.1293	89.6770
 2.1284	89.6562
 2.1275	89.7825
 2.1267	89.7738
 2.1258	89.6076
 2.1249	89.4578
 2.1241	89.4643
 2.1232	89.6472
 2.1223	89.6452
 2.1214	89.6610
 2.1206	89.6802
 2.1197	89.6340
 2.1189	89.7348
 2.1180	89.7852
 2.1171	89.6572
 2.1163	89.5588
 2.1154	89.6234
 2.1145	89.6953
 2.1137	89.6087
 2.1128	89.4959
 2.1120	89.4123
 2.1111	89.4772
 2.1102	89.5919
 2.1094	89.6327
 2.1085	89.8009
 2.1077	89.7022
 2.1068	89.6249
 2.1059	89.7025
 2.1051	89.7450
 2.1042	89.7423
 2.1034	89.7859
 2.1025	89.7367
 2.1017	89.6748
 2.1008	89.7536
 2.1000	89.7826
 2.0991	89.7393
 2.0983	89.6900
 2.0974	89.6637
 2.0966	89.5995
 2.0957	89.6899
 2.0949	89.8936
 2.0940	89.8683
 2.0932	89.8436
 2.0924	89.8649
 2.0915	89.6672
 2.0907	89.6067
 2.0898	89.8339
 2.0890	89.6658
 2.0881	89.5810
 2.0873	89.6404
 2.0865	89.5954
 2.0856	89.6954
 2.0848	89.6468
 2.0839	89.5956
 2.0831	89.7446
 2.0823	89.8981
 2.0814	89.7607
 2.0806	89.7043
 2.0798	89.8626
 2.0789	89.7126
 2.0781	89.7319
 2.0773	89.8827
 2.0764	89.8029
 2.0756	89.7417
 2.0748	89.7644
 2.0739	89.5849
 2.0731	89.5267
 2.0723	89.6040
 2.0715	89.7046
 2.0706	89.7682
 2.0698	89.8144
 2.0690	89.8620
 2.0681	89.6885
 2.0673	89.6025
 2.0665	89.5249
 2.0657	89.5919
 2.0648	89.6764
 2.0640	89.5737
 2.0632	89.5547
 2.0624	89.6155
 2.0616	89.6810
 2.0607	89.6138
 2.0599	89.4827
 2.0591	89.5437
 2.0583	89.6621
 2.0575	89.5593
 2.0567	89.6383
 2.0558	89.7040
 2.0550	89.6181
 2.0542	89.7079
 2.0534	89.6591
 2.0526	89.5183
 2.0518	89.6299
 2.0510	89.7894
 2.0501	89.7563
 2.0493	89.5351
 2.0485	89.4346
 2.0477	89.5689
 2.0469	89.5456
 2.0461	89.4668
 2.0453	89.3745
 2.0445	89.3375
 2.0437	89.5314
 2.0429	89.6453
 2.0421	89.4649
 2.0413	89.5087
 2.0405	89.7666
 2.0397	89.7487
 2.0389	89.6163
 2.0381	89.6606
 2.0373	89.6338
 2.0365	89.5794
 2.0357	89.4358
 2.0349	89.3868
 2.0341	89.4446
 2.0333	89.5084
 2.0325	89.5986
 2.0317	89.5678
 2.0309	89.4146
 2.0301	89.3671
 2.0293	89.3701
 2.0285	89.3244
 2.0277	89.2180
 2.0269	89.3089
 2.0261	89.4995
 2.0253	89.4578
 2.0245	89.2660
 2.0237	89.1374
 2.0229	89.1157
 2.0222	89.2150
 2.0214	89.3629
 2.0206	89.4459
 2.0198	89.2330
 2.0190	89.1914
 2.0182	89.1740
 2.0174	89.0061
 2.0167	88.9825
 2.0159	89.0758
 2.0151	89.0337
 2.0143	89.0143
 2.0135	88.9969
 2.0128	88.9167
 2.0120	88.8552
 2.0112	88.7936
 2.0104	88.7321
 2.0096	88.8008
 2.0088	88.8544
 2.0081	89.0566
 2.0073	89.2095
 2.0065	89.0167
 2.0057	88.6781
 2.0050	88.7611
 2.0042	88.9042
 2.0034	88.9029
 2.0026	88.9060
 2.0019	88.8278
 2.0011	88.8785
 2.0003	88.9464
