Name: Sulphur S
Type: Mineral
Class: Element
Subclass: None
Particle Size: Coarse
Sample No.: E-2A
Owner: JPL
Wavelength Range: VSWIR
Origin: None.
Collection Date: N/A
Description: Particle size was 125-500um.Collected by:  JPL Original ASTER Spectral Library name was jpl.perkin.mineral.element.none.coarse.e02a.spectrum.txt
Measurement: Hemispherical reflectance
First Column: X
Second Column: Y
X Units: Wavelength (micrometers)
Y Units:Reflectance (percent)
First X Value:  2.5000
Last X Value:  0.4000
Number of X Values: 2101
Additional Information: mineral.element.none.coarse.vswir.e-2a.jpl.perkin.ancillary.txt

 2.5000	85.7503
 2.4990	85.6694
 2.4980	85.7121
 2.4970	85.6711
 2.4960	85.8449
 2.4950	85.6631
 2.4940	85.5147
 2.4930	85.7428
 2.4920	85.5127
 2.4910	85.6048
 2.4900	85.7035
 2.4890	85.6596
 2.4880	85.5923
 2.4870	85.5020
 2.4860	85.6183
 2.4850	85.6029
 2.4840	85.6702
 2.4830	85.6948
 2.4820	85.6145
 2.4810	85.7940
 2.4800	85.6870
 2.4790	85.6418
 2.4780	85.5709
 2.4770	85.6069
 2.4760	85.5599
 2.4750	85.6703
 2.4740	85.6264
 2.4730	85.6762
 2.4720	85.6746
 2.4710	85.7832
 2.4700	85.8053
 2.4690	85.7171
 2.4680	85.7893
 2.4670	85.7095
 2.4660	85.8116
 2.4650	85.7891
 2.4640	85.6203
 2.4630	85.7665
 2.4620	85.7835
 2.4610	85.7977
 2.4600	85.8380
 2.4590	85.7088
 2.4580	85.7712
 2.4570	85.8193
 2.4560	85.8070
 2.4550	85.9370
 2.4540	85.9101
 2.4530	86.0591
 2.4520	85.9018
 2.4510	85.7569
 2.4500	85.9404
 2.4490	85.9823
 2.4480	86.0435
 2.4470	85.9584
 2.4460	85.9107
 2.4450	85.9645
 2.4440	85.8907
 2.4430	85.9780
 2.4420	86.1243
 2.4410	86.0676
 2.4400	85.9943
 2.4390	85.9389
 2.4380	85.9829
 2.4370	86.0533
 2.4360	86.0442
 2.4350	86.1574
 2.4340	86.0928
 2.4330	86.0968
 2.4320	86.1309
 2.4310	86.2496
 2.4300	86.1930
 2.4290	86.2485
 2.4280	86.3276
 2.4270	86.1885
 2.4260	86.1328
 2.4250	86.1584
 2.4240	86.1566
 2.4230	86.1454
 2.4220	86.1861
 2.4210	86.1988
 2.4200	86.2330
 2.4190	86.2641
 2.4180	86.1915
 2.4170	86.1429
 2.4160	86.1282
 2.4150	86.2883
 2.4140	86.3836
 2.4130	86.4803
 2.4120	86.4337
 2.4110	86.3523
 2.4100	86.2419
 2.4090	86.3624
 2.4080	86.4125
 2.4070	86.2981
 2.4060	86.2988
 2.4050	86.4002
 2.4040	86.3405
 2.4030	86.3598
 2.4020	86.4190
 2.4010	86.4213
 2.4000	86.3744
 2.3990	86.3460
 2.3980	86.4008
 2.3970	86.4115
 2.3960	86.4125
 2.3950	86.5463
 2.3940	86.5466
 2.3930	86.4614
 2.3920	86.4796
 2.3910	86.5892
 2.3900	86.5691
 2.3890	86.5367
 2.3880	86.5225
 2.3870	86.5499
 2.3860	86.6453
 2.3850	86.6669
 2.3840	86.6723
 2.3830	86.6538
 2.3820	86.6436
 2.3810	86.7226
 2.3800	86.8215
 2.3790	86.8024
 2.3780	86.7469
 2.3770	86.7443
 2.3760	86.7944
 2.3750	86.8175
 2.3740	86.7461
 2.3730	86.7651
 2.3720	86.8298
 2.3710	86.7668
 2.3700	86.7721
 2.3690	86.9012
 2.3680	86.9378
 2.3670	86.8795
 2.3660	86.9410
 2.3650	86.9775
 2.3640	86.9125
 2.3630	86.8968
 2.3620	86.9118
 2.3610	86.8596
 2.3600	86.8611
 2.3590	86.9922
 2.3580	87.0191
 2.3570	87.0234
 2.3560	87.0074
 2.3550	86.9933
 2.3540	87.0466
 2.3530	87.0137
 2.3520	86.9940
 2.3510	86.9531
 2.3500	87.0208
 2.3490	87.1424
 2.3480	87.0982
 2.3470	87.0763
 2.3460	87.1020
 2.3450	87.0624
 2.3440	87.0757
 2.3430	87.0890
 2.3420	87.1158
 2.3410	87.0398
 2.3400	87.0357
 2.3390	87.1216
 2.3380	87.1153
 2.3370	87.0743
 2.3360	87.0199
 2.3350	87.0488
 2.3340	87.0726
 2.3330	87.0873
 2.3320	87.0880
 2.3310	87.0399
 2.3300	86.9874
 2.3290	86.9807
 2.3280	86.9662
 2.3270	86.9699
 2.3260	87.0118
 2.3250	86.9879
 2.3240	86.9386
 2.3230	86.9791
 2.3220	86.9922
 2.3210	86.9600
 2.3200	86.9503
 2.3190	86.9234
 2.3180	86.8923
 2.3170	86.9565
 2.3160	86.9072
 2.3150	86.8968
 2.3140	86.9009
 2.3130	86.9610
 2.3120	86.9227
 2.3110	86.9271
 2.3100	86.8603
 2.3090	86.8749
 2.3080	86.9730
 2.3070	86.9335
 2.3060	86.9469
 2.3050	86.9019
 2.3040	86.8856
 2.3030	86.8815
 2.3020	86.8379
 2.3010	86.8456
 2.3000	86.8542
 2.2990	86.8540
 2.2980	86.8592
 2.2970	86.9124
 2.2960	86.9128
 2.2950	86.8734
 2.2940	86.8474
 2.2930	86.8546
 2.2920	86.8309
 2.2910	86.8077
 2.2900	86.8162
 2.2890	86.8141
 2.2880	86.7963
 2.2870	86.7919
 2.2860	86.7778
 2.2850	86.7521
 2.2840	86.7329
 2.2830	86.8460
 2.2820	86.7872
 2.2810	86.7275
 2.2800	86.7397
 2.2790	86.7604
 2.2780	86.7327
 2.2770	86.8196
 2.2760	86.7332
 2.2750	86.7222
 2.2740	86.7081
 2.2730	86.7267
 2.2720	86.6286
 2.2710	86.7706
 2.2700	86.6715
 2.2690	86.7776
 2.2680	86.6817
 2.2670	86.6996
 2.2660	86.7349
 2.2650	86.7377
 2.2640	86.6474
 2.2630	86.6459
 2.2620	86.7897
 2.2610	86.7030
 2.2600	86.7484
 2.2590	86.6632
 2.2580	86.6087
 2.2570	86.6829
 2.2560	86.7393
 2.2550	86.7977
 2.2540	86.6955
 2.2530	86.6684
 2.2520	86.6484
 2.2510	86.6728
 2.2500	86.7007
 2.2490	86.7238
 2.2480	86.6635
 2.2470	86.7866
 2.2460	86.7072
 2.2450	86.6829
 2.2440	86.6963
 2.2430	86.6176
 2.2420	86.6094
 2.2410	86.6516
 2.2400	86.7007
 2.2390	86.6757
 2.2380	86.7920
 2.2370	86.7299
 2.2360	86.6608
 2.2350	86.7392
 2.2340	86.5836
 2.2330	86.7255
 2.2320	86.6301
 2.2310	86.6962
 2.2300	86.6356
 2.2290	86.7138
 2.2280	86.7129
 2.2270	86.6934
 2.2260	86.6983
 2.2250	86.6669
 2.2240	86.7093
 2.2230	86.9145
 2.2220	86.7276
 2.2210	86.7259
 2.2200	86.7497
 2.2190	86.7468
 2.2180	86.7437
 2.2170	86.7967
 2.2160	86.7935
 2.2150	86.8386
 2.2140	86.8562
 2.2130	86.8980
 2.2120	86.9806
 2.2110	86.9265
 2.2100	86.9286
 2.2090	86.9692
 2.2080	86.9773
 2.2070	86.9231
 2.2060	86.9654
 2.2050	87.0148
 2.2040	87.0715
 2.2030	87.1489
 2.2020	87.0681
 2.2010	87.0719
 2.2000	87.1825
 2.1990	87.1564
 2.1980	87.1474
 2.1970	87.0737
 2.1960	87.1838
 2.1950	87.1575
 2.1940	87.1673
 2.1930	87.1842
 2.1920	87.2464
 2.1910	87.3118
 2.1900	87.2064
 2.1890	87.2656
 2.1880	87.1553
 2.1870	87.2226
 2.1860	87.2041
 2.1850	87.2336
 2.1840	87.2544
 2.1830	87.3471
 2.1820	87.3372
 2.1810	87.3394
 2.1800	87.3420
 2.1790	87.2889
 2.1780	87.3500
 2.1770	87.4264
 2.1760	87.4927
 2.1750	87.3758
 2.1740	87.4359
 2.1730	87.5325
 2.1720	87.5231
 2.1710	87.5133
 2.1700	87.5896
 2.1690	87.5989
 2.1680	87.6755
 2.1670	87.7532
 2.1660	87.7237
 2.1650	87.8100
 2.1640	87.7686
 2.1630	87.7954
 2.1620	87.8853
 2.1610	87.7952
 2.1600	87.7650
 2.1590	87.8543
 2.1580	87.9117
 2.1570	87.9152
 2.1560	87.8994
 2.1550	88.0295
 2.1540	88.0226
 2.1530	87.9901
 2.1520	88.0241
 2.1510	88.0561
 2.1500	88.0464
 2.1490	88.0355
 2.1480	88.0185
 2.1470	88.0025
 2.1460	88.0240
 2.1450	88.0425
 2.1440	87.9795
 2.1430	87.9782
 2.1420	87.9995
 2.1410	88.0005
 2.1400	87.9058
 2.1390	87.9278
 2.1380	87.9328
 2.1370	88.0306
 2.1360	87.9824
 2.1350	87.8403
 2.1340	87.8400
 2.1330	87.8712
 2.1320	87.8521
 2.1310	87.8191
 2.1300	87.8045
 2.1290	87.7851
 2.1280	87.7415
 2.1270	87.6293
 2.1260	87.5748
 2.1250	87.6536
 2.1240	87.6368
 2.1230	87.5135
 2.1220	87.4641
 2.1210	87.5060
 2.1200	87.4224
 2.1190	87.3466
 2.1180	87.3322
 2.1170	87.1532
 2.1160	87.1115
 2.1150	87.1412
 2.1140	87.0535
 2.1130	86.9960
 2.1120	87.0197
 2.1110	86.9478
 2.1100	86.8489
 2.1090	86.7878
 2.1080	86.7585
 2.1070	86.7117
 2.1060	86.6524
 2.1050	86.6013
 2.1040	86.5915
 2.1030	86.5892
 2.1020	86.5712
 2.1010	86.5368
 2.1000	86.4690
 2.0990	86.4444
 2.0980	86.4513
 2.0970	86.4907
 2.0960	86.4331
 2.0950	86.4120
 2.0940	86.5006
 2.0930	86.5677
 2.0920	86.5865
 2.0910	86.5649
 2.0900	86.5440
 2.0890	86.5112
 2.0880	86.5302
 2.0870	86.5032
 2.0860	86.5634
 2.0850	86.6198
 2.0840	86.5475
 2.0830	86.5743
 2.0820	86.5810
 2.0810	86.5471
 2.0800	86.5757
 2.0790	86.5952
 2.0780	86.6303
 2.0770	86.6275
 2.0760	86.5951
 2.0750	86.6426
 2.0740	86.7112
 2.0730	86.7093
 2.0720	86.6713
 2.0710	86.6322
 2.0700	86.6327
 2.0690	86.6768
 2.0680	86.6906
 2.0670	86.6733
 2.0660	86.7134
 2.0650	86.7461
 2.0640	86.7556
 2.0630	86.7721
 2.0620	86.8009
 2.0610	86.7376
 2.0600	86.7952
 2.0590	86.8745
 2.0580	86.8314
 2.0570	86.8540
 2.0560	86.8796
 2.0550	86.9372
 2.0540	86.8863
 2.0530	86.8175
 2.0520	86.9124
 2.0510	86.9340
 2.0500	86.9429
 2.0490	86.9813
 2.0480	86.9356
 2.0470	86.8808
 2.0460	86.9118
 2.0450	86.8958
 2.0440	86.9030
 2.0430	86.9476
 2.0420	86.9207
 2.0410	86.9720
 2.0400	87.0266
 2.0390	87.0620
 2.0380	87.0259
 2.0370	87.0185
 2.0360	87.1028
 2.0350	87.0664
 2.0340	87.0310
 2.0330	87.0685
 2.0320	87.0258
 2.0310	86.9771
 2.0300	87.0833
 2.0290	87.0412
 2.0280	86.9354
 2.0270	87.0128
 2.0260	87.0940
 2.0250	87.0631
 2.0240	87.0430
 2.0230	87.0247
 2.0220	86.9749
 2.0210	87.0554
 2.0200	87.1086
 2.0190	87.0483
 2.0180	87.0003
 2.0170	87.0829
 2.0160	87.1002
 2.0150	87.1256
 2.0140	87.1402
 2.0130	87.0800
 2.0120	87.0736
 2.0110	87.1430
 2.0100	87.0889
 2.0090	87.0622
 2.0080	87.0819
 2.0070	87.0899
 2.0060	87.0783
 2.0050	87.0678
 2.0040	87.0122
 2.0030	87.0379
 2.0020	87.0466
 2.0010	87.1022
 2.0000	87.0123
 1.9990	87.1084
 1.9980	87.0748
 1.9970	87.0729
 1.9960	87.1118
 1.9950	87.0109
 1.9940	87.0857
 1.9930	87.0057
 1.9920	87.0144
 1.9910	86.9392
 1.9900	86.9574
 1.9890	87.0054
 1.9880	87.0372
 1.9870	86.9962
 1.9860	86.9608
 1.9850	86.8737
 1.9840	86.9413
 1.9830	86.9845
 1.9820	86.9212
 1.9810	86.9144
 1.9800	86.8734
 1.9790	86.8581
 1.9780	86.7690
 1.9770	86.8906
 1.9760	86.9235
 1.9750	86.9199
 1.9740	86.8934
 1.9730	86.8085
 1.9720	86.7647
 1.9710	86.8042
 1.9700	86.7375
 1.9690	86.9690
 1.9680	86.9422
 1.9670	86.7833
 1.9660	86.7605
 1.9650	86.7864
 1.9640	86.8304
 1.9630	86.8317
 1.9620	86.8513
 1.9610	86.7609
 1.9600	86.9254
 1.9590	86.8377
 1.9580	86.8289
 1.9570	86.9198
 1.9560	86.8105
 1.9550	86.8597
 1.9540	86.8135
 1.9530	86.8370
 1.9520	86.9115
 1.9510	86.8920
 1.9500	86.8206
 1.9490	86.9458
 1.9480	86.9109
 1.9470	86.8908
 1.9460	86.7565
 1.9450	86.8428
 1.9440	86.8256
 1.9430	86.7868
 1.9420	86.8793
 1.9410	86.8939
 1.9400	86.8968
 1.9390	86.9473
 1.9380	87.0041
 1.9370	86.9115
 1.9360	87.0118
 1.9350	86.9958
 1.9340	86.9777
 1.9330	86.9376
 1.9320	87.0157
 1.9310	87.0487
 1.9300	86.8721
 1.9290	87.0704
 1.9280	87.0854
 1.9270	86.9777
 1.9260	86.9425
 1.9250	87.1436
 1.9240	87.1193
 1.9230	87.0900
 1.9220	87.2017
 1.9210	87.2057
 1.9200	87.1659
 1.9190	87.2385
 1.9180	87.1359
 1.9170	87.2427
 1.9160	87.1021
 1.9150	87.1639
 1.9140	87.2389
 1.9130	87.1310
 1.9120	87.1419
 1.9110	87.1995
 1.9100	87.2047
 1.9090	87.2388
 1.9080	87.2765
 1.9070	87.2517
 1.9060	87.2079
 1.9050	87.2927
 1.9040	87.2455
 1.9030	87.2997
 1.9020	87.2536
 1.9010	87.2915
 1.9000	87.2625
 1.8990	87.3655
 1.8980	87.2953
 1.8970	87.3125
 1.8960	87.3646
 1.8950	87.2856
 1.8940	87.3395
 1.8930	87.1371
 1.8920	87.1570
 1.8910	87.2115
 1.8900	87.2901
 1.8890	87.3511
 1.8880	87.2746
 1.8870	87.2485
 1.8860	87.2046
 1.8850	87.1600
 1.8840	87.2674
 1.8830	87.3667
 1.8820	87.2875
 1.8810	87.3549
 1.8800	87.2492
 1.8790	87.3331
 1.8780	87.3155
 1.8770	87.3193
 1.8760	87.3597
 1.8750	87.3386
 1.8740	87.3968
 1.8730	87.3340
 1.8720	87.3658
 1.8710	87.4583
 1.8700	87.4818
 1.8690	87.4007
 1.8680	87.4045
 1.8670	87.4894
 1.8660	87.4440
 1.8650	87.4507
 1.8640	87.3320
 1.8630	87.3383
 1.8620	87.4005
 1.8610	87.4013
 1.8600	87.4536
 1.8590	87.3383
 1.8580	87.3064
 1.8570	87.4074
 1.8560	87.4005
 1.8550	87.3962
 1.8540	87.3667
 1.8530	87.4018
 1.8520	87.4450
 1.8510	87.4756
 1.8500	87.4319
 1.8490	87.4009
 1.8480	87.3743
 1.8470	87.4607
 1.8460	87.4192
 1.8450	87.4245
 1.8440	87.5206
 1.8430	87.4451
 1.8420	87.4759
 1.8410	87.4472
 1.8400	87.3825
 1.8390	87.3916
 1.8380	87.4247
 1.8370	87.4754
 1.8360	87.4248
 1.8350	87.4230
 1.8340	87.4600
 1.8330	87.4819
 1.8320	87.4525
 1.8310	87.4625
 1.8300	87.4612
 1.8290	87.3578
 1.8280	87.4113
 1.8270	87.4069
 1.8260	87.4267
 1.8250	87.4136
 1.8240	87.3786
 1.8230	87.3989
 1.8220	87.4630
 1.8210	87.4861
 1.8200	87.4166
 1.8190	87.4169
 1.8180	87.4659
 1.8170	87.4718
 1.8160	87.4232
 1.8150	87.4676
 1.8140	87.4144
 1.8130	87.3738
 1.8120	87.4034
 1.8110	87.4002
 1.8100	87.4331
 1.8090	87.3955
 1.8080	87.3441
 1.8070	87.4000
 1.8060	87.4218
 1.8050	87.4321
 1.8040	87.4372
 1.8030	87.4221
 1.8020	87.4141
 1.8010	87.4285
 1.8000	87.4726
 1.7990	87.4626
 1.7980	87.5111
 1.7970	87.4542
 1.7960	87.3815
 1.7950	87.4595
 1.7940	87.4469
 1.7930	87.3653
 1.7920	87.3402
 1.7910	87.3401
 1.7900	87.3392
 1.7890	87.3581
 1.7880	87.3927
 1.7870	87.3516
 1.7860	87.3872
 1.7850	87.4302
 1.7840	87.3509
 1.7830	87.3610
 1.7820	87.3600
 1.7810	87.3526
 1.7800	87.3839
 1.7790	87.3899
 1.7780	87.3861
 1.7770	87.3797
 1.7760	87.3709
 1.7750	87.3115
 1.7740	87.3976
 1.7730	87.4076
 1.7720	87.3471
 1.7710	87.3583
 1.7700	87.3981
 1.7690	87.3640
 1.7680	87.3697
 1.7670	87.3475
 1.7660	87.3266
 1.7650	87.3585
 1.7640	87.3357
 1.7630	87.3314
 1.7620	87.3422
 1.7610	87.3388
 1.7600	87.3021
 1.7590	87.3055
 1.7580	87.3986
 1.7570	87.3804
 1.7560	87.3128
 1.7550	87.4423
 1.7540	87.4025
 1.7530	87.4013
 1.7520	87.4005
 1.7510	87.3578
 1.7500	87.3982
 1.7490	87.4088
 1.7480	87.4021
 1.7470	87.3745
 1.7460	87.3705
 1.7450	87.4266
 1.7440	87.4539
 1.7430	87.4331
 1.7420	87.3757
 1.7410	87.3845
 1.7400	87.4057
 1.7390	87.3575
 1.7380	87.3687
 1.7370	87.4272
 1.7360	87.4365
 1.7350	87.4171
 1.7340	87.4396
 1.7330	87.5683
 1.7320	87.5041
 1.7310	87.4506
 1.7300	87.4714
 1.7290	87.5130
 1.7280	87.5244
 1.7270	87.4796
 1.7260	87.3981
 1.7250	87.4046
 1.7240	87.4415
 1.7230	87.5036
 1.7220	87.4584
 1.7210	87.4747
 1.7200	87.4707
 1.7190	87.4247
 1.7180	87.4283
 1.7170	87.4580
 1.7160	87.4193
 1.7150	87.5221
 1.7140	87.4878
 1.7130	87.4315
 1.7120	87.4115
 1.7110	87.4151
 1.7100	87.4293
 1.7090	87.4169
 1.7080	87.4038
 1.7070	87.4152
 1.7060	87.5080
 1.7050	87.5291
 1.7040	87.4055
 1.7030	87.3349
 1.7020	87.3483
 1.7010	87.3660
 1.7000	87.3641
 1.6990	87.3266
 1.6980	87.3807
 1.6970	87.3842
 1.6960	87.3761
 1.6950	87.4241
 1.6940	87.4033
 1.6930	87.4138
 1.6920	87.3785
 1.6910	87.3522
 1.6900	87.4032
 1.6890	87.4072
 1.6880	87.3099
 1.6870	87.3832
 1.6860	87.2487
 1.6850	87.3354
 1.6840	87.3666
 1.6830	87.3014
 1.6820	87.3129
 1.6810	87.3539
 1.6800	87.3617
 1.6790	87.3637
 1.6780	87.4405
 1.6770	87.3455
 1.6760	87.3702
 1.6750	87.3212
 1.6740	87.3239
 1.6730	87.3862
 1.6720	87.2959
 1.6710	87.3259
 1.6700	87.3127
 1.6690	87.3984
 1.6680	87.3203
 1.6670	87.3709
 1.6660	87.3666
 1.6650	87.3022
 1.6640	87.3822
 1.6630	87.3279
 1.6620	87.3331
 1.6610	87.2671
 1.6600	87.3633
 1.6590	87.3311
 1.6580	87.3471
 1.6570	87.2964
 1.6560	87.3585
 1.6550	87.2137
 1.6540	87.2929
 1.6530	87.3299
 1.6520	87.3087
 1.6510	87.2957
 1.6500	87.2814
 1.6490	87.3137
 1.6480	87.2593
 1.6470	87.3490
 1.6460	87.2473
 1.6450	87.3165
 1.6440	87.2897
 1.6430	87.3419
 1.6420	87.3544
 1.6410	87.2848
 1.6400	87.3546
 1.6390	87.3471
 1.6380	87.3159
 1.6370	87.3271
 1.6360	87.3614
 1.6350	87.2751
 1.6340	87.3761
 1.6330	87.2683
 1.6320	87.2513
 1.6310	87.2616
 1.6300	87.2365
 1.6290	87.2789
 1.6280	87.3277
 1.6270	87.2872
 1.6260	87.2537
 1.6250	87.1823
 1.6240	87.3269
 1.6230	87.3972
 1.6220	87.2427
 1.6210	87.1959
 1.6200	87.2950
 1.6190	87.2687
 1.6180	87.3465
 1.6170	87.3497
 1.6160	87.2777
 1.6150	87.3157
 1.6140	87.2900
 1.6130	87.3044
 1.6120	87.3711
 1.6110	87.4030
 1.6100	87.3442
 1.6090	87.2933
 1.6080	87.3486
 1.6070	87.2909
 1.6060	87.3599
 1.6050	87.3344
 1.6040	87.3033
 1.6030	87.3113
 1.6020	87.3610
 1.6010	87.3295
 1.6000	87.3309
 1.5990	87.2977
 1.5980	87.2875
 1.5970	87.2865
 1.5960	87.2875
 1.5950	87.2121
 1.5940	87.1757
 1.5930	87.2096
 1.5920	87.3091
 1.5910	87.2818
 1.5900	87.3392
 1.5890	87.2769
 1.5880	87.2942
 1.5870	87.2400
 1.5860	87.3089
 1.5850	87.3466
 1.5840	87.2990
 1.5830	87.2413
 1.5820	87.2814
 1.5810	87.3688
 1.5800	87.2819
 1.5790	87.2599
 1.5780	87.3145
 1.5770	87.2874
 1.5760	87.2603
 1.5750	87.2995
 1.5740	87.3023
 1.5730	87.3455
 1.5720	87.3151
 1.5710	87.3391
 1.5700	87.2951
 1.5690	87.2966
 1.5680	87.2457
 1.5670	87.2613
 1.5660	87.2453
 1.5650	87.2538
 1.5640	87.2367
 1.5630	87.2359
 1.5620	87.2072
 1.5610	87.3050
 1.5600	87.2974
 1.5590	87.2408
 1.5580	87.2717
 1.5570	87.3563
 1.5560	87.2603
 1.5550	87.2181
 1.5540	87.2699
 1.5530	87.2690
 1.5520	87.3332
 1.5510	87.2421
 1.5500	87.1960
 1.5490	87.2416
 1.5480	87.2909
 1.5470	87.3006
 1.5460	87.2729
 1.5450	87.2497
 1.5440	87.2237
 1.5430	87.1988
 1.5420	87.1813
 1.5410	87.1932
 1.5400	87.2431
 1.5390	87.2309
 1.5380	87.2528
 1.5370	87.2845
 1.5360	87.2631
 1.5350	87.2099
 1.5340	87.1936
 1.5330	87.2256
 1.5320	87.1911
 1.5310	87.1974
 1.5300	87.2395
 1.5290	87.2579
 1.5280	87.2429
 1.5270	87.1871
 1.5260	87.1884
 1.5250	87.1781
 1.5240	87.1708
 1.5230	87.1393
 1.5220	87.1814
 1.5210	87.1827
 1.5200	87.1534
 1.5190	87.1667
 1.5180	87.1639
 1.5170	87.1874
 1.5160	87.1987
 1.5150	87.0865
 1.5140	87.0834
 1.5130	87.1516
 1.5120	87.1534
 1.5110	87.0983
 1.5100	87.1320
 1.5090	87.1918
 1.5080	87.2074
 1.5070	87.2408
 1.5060	87.2013
 1.5050	87.1372
 1.5040	87.1486
 1.5030	87.1059
 1.5020	87.1154
 1.5010	87.1769
 1.5000	87.1707
 1.4990	87.1386
 1.4980	87.1282
 1.4970	87.1488
 1.4960	87.1107
 1.4950	87.1868
 1.4940	87.1598
 1.4930	87.1120
 1.4920	87.1531
 1.4910	87.1002
 1.4900	87.0659
 1.4890	87.1097
 1.4880	87.1678
 1.4870	87.1817
 1.4860	87.1716
 1.4850	87.1730
 1.4840	87.1876
 1.4830	87.1627
 1.4820	87.0975
 1.4810	87.0477
 1.4800	87.0706
 1.4790	87.0769
 1.4780	87.1238
 1.4770	87.1210
 1.4760	87.0899
 1.4750	87.0685
 1.4740	87.0505
 1.4730	87.0846
 1.4720	87.0955
 1.4710	87.1751
 1.4700	87.1737
 1.4690	87.0909
 1.4680	87.0723
 1.4670	87.0741
 1.4660	87.0943
 1.4650	87.0935
 1.4640	87.1308
 1.4630	87.1503
 1.4620	87.0923
 1.4610	87.1022
 1.4600	87.0777
 1.4590	87.1065
 1.4580	87.1342
 1.4570	87.0679
 1.4560	87.0982
 1.4550	87.1681
 1.4540	87.1297
 1.4530	87.1727
 1.4520	87.1125
 1.4510	87.1545
 1.4500	87.1509
 1.4490	87.0651
 1.4480	87.0923
 1.4470	87.1492
 1.4460	87.1344
 1.4450	87.1341
 1.4440	87.1068
 1.4430	87.0833
 1.4420	87.1004
 1.4410	87.1533
 1.4400	87.1252
 1.4390	87.0798
 1.4380	87.0781
 1.4370	87.1599
 1.4360	87.0296
 1.4350	87.0852
 1.4340	87.0431
 1.4330	87.0168
 1.4320	87.0768
 1.4310	87.0738
 1.4300	87.0010
 1.4290	87.1302
 1.4280	87.1395
 1.4270	87.0733
 1.4260	87.0428
 1.4250	87.0447
 1.4240	87.0505
 1.4230	87.0700
 1.4220	87.0837
 1.4210	87.1554
 1.4200	87.0815
 1.4190	87.0335
 1.4180	86.9664
 1.4170	87.0070
 1.4160	87.0641
 1.4150	87.1346
 1.4140	87.0909
 1.4130	87.0246
 1.4120	87.0575
 1.4110	87.0347
 1.4100	87.0497
 1.4090	87.0715
 1.4080	87.1022
 1.4070	87.0748
 1.4060	87.0283
 1.4050	87.0050
 1.4040	86.9941
 1.4030	87.0570
 1.4020	86.9706
 1.4010	87.0445
 1.4000	87.0468
 1.3990	87.0678
 1.3980	87.0484
 1.3970	87.1046
 1.3960	87.1480
 1.3950	87.1556
 1.3940	87.0850
 1.3930	87.1206
 1.3920	87.1648
 1.3910	87.1525
 1.3900	87.1207
 1.3890	87.1485
 1.3880	87.0575
 1.3870	87.0846
 1.3860	87.0821
 1.3850	87.1589
 1.3840	87.0367
 1.3830	87.1178
 1.3820	87.1114
 1.3810	87.0489
 1.3800	87.1513
 1.3790	87.2014
 1.3780	87.0750
 1.3770	87.0530
 1.3760	87.1411
 1.3750	87.0767
 1.3740	87.1161
 1.3730	87.1440
 1.3720	87.2146
 1.3710	87.1213
 1.3700	86.9309
 1.3690	87.1141
 1.3680	87.1398
 1.3670	87.1058
 1.3660	87.1973
 1.3650	87.1018
 1.3640	87.0174
 1.3630	87.0598
 1.3620	87.1398
 1.3610	87.1179
 1.3600	87.2094
 1.3590	87.0662
 1.3580	87.0608
 1.3570	87.0657
 1.3560	87.0895
 1.3550	87.1415
 1.3540	87.1628
 1.3530	87.1219
 1.3520	87.1418
 1.3510	87.1349
 1.3500	87.1080
 1.3490	87.0917
 1.3480	87.1296
 1.3470	87.0738
 1.3460	86.9774
 1.3450	87.0213
 1.3440	87.1382
 1.3430	86.9940
 1.3420	87.0729
 1.3410	86.9943
 1.3400	86.9905
 1.3390	87.0158
 1.3380	87.0260
 1.3370	86.9982
 1.3360	87.0185
 1.3350	86.9909
 1.3340	86.9682
 1.3330	87.0315
 1.3320	87.0719
 1.3310	87.1028
 1.3300	86.9372
 1.3290	87.0805
 1.3280	87.0758
 1.3270	87.0500
 1.3260	86.9940
 1.3250	87.0280
 1.3240	87.0415
 1.3230	87.0905
 1.3220	87.0222
 1.3210	87.0269
 1.3200	86.9845
 1.3190	87.0514
 1.3180	87.0194
 1.3170	86.9783
 1.3160	87.0809
 1.3150	87.0845
 1.3140	87.0699
 1.3130	87.0290
 1.3120	86.9751
 1.3110	87.0079
 1.3100	86.9718
 1.3090	86.9995
 1.3080	86.9684
 1.3070	87.0479
 1.3060	87.0675
 1.3050	87.0024
 1.3040	87.0576
 1.3030	87.0325
 1.3020	86.9999
 1.3010	86.9635
 1.3000	86.9984
 1.2990	86.9734
 1.2980	86.9456
 1.2970	87.0522
 1.2960	86.9800
 1.2950	86.9885
 1.2940	86.9976
 1.2930	87.0057
 1.2920	87.0089
 1.2910	86.9119
 1.2900	86.9904
 1.2890	86.9947
 1.2880	86.9895
 1.2870	87.0151
 1.2860	87.0294
 1.2850	86.9832
 1.2840	87.0305
 1.2830	87.0127
 1.2820	86.9480
 1.2810	86.9743
 1.2800	86.9999
 1.2790	87.0473
 1.2780	86.9497
 1.2770	86.9360
 1.2760	86.8630
 1.2750	86.9394
 1.2740	86.9252
 1.2730	86.9904
 1.2720	86.9704
 1.2710	86.9813
 1.2700	87.0456
 1.2690	87.0018
 1.2680	86.8780
 1.2670	86.9327
 1.2660	86.9499
 1.2650	86.8872
 1.2640	86.9695
 1.2630	86.9431
 1.2620	86.9551
 1.2610	86.9726
 1.2600	86.9496
 1.2590	86.9773
 1.2580	87.0130
 1.2570	87.0863
 1.2560	86.9914
 1.2550	86.8834
 1.2540	86.9621
 1.2530	86.9666
 1.2520	86.9129
 1.2510	86.9052
 1.2500	86.9245
 1.2490	86.9273
 1.2480	86.9177
 1.2470	86.9381
 1.2460	86.9591
 1.2450	86.9272
 1.2440	86.9128
 1.2430	86.9682
 1.2420	86.9651
 1.2410	86.9361
 1.2400	86.8690
 1.2390	86.9200
 1.2380	86.9272
 1.2370	86.9206
 1.2360	86.9812
 1.2350	86.9771
 1.2340	86.8850
 1.2330	86.8298
 1.2320	86.8436
 1.2310	86.8983
 1.2300	86.8333
 1.2290	86.8068
 1.2280	86.8692
 1.2270	86.9426
 1.2260	86.9391
 1.2250	86.8720
 1.2240	86.9137
 1.2230	86.9071
 1.2220	86.8752
 1.2210	86.9196
 1.2200	86.9639
 1.2190	86.9772
 1.2180	86.9055
 1.2170	86.8688
 1.2160	86.8863
 1.2150	86.8661
 1.2140	86.8703
 1.2130	86.8752
 1.2120	86.9113
 1.2110	86.8747
 1.2100	86.8503
 1.2090	86.8502
 1.2080	86.8974
 1.2070	86.8845
 1.2060	86.8530
 1.2050	86.8441
 1.2040	86.8638
 1.2030	86.8889
 1.2020	86.8516
 1.2010	86.8712
 1.2000	86.8476
 1.1990	86.8691
 1.1980	86.9284
 1.1970	86.8774
 1.1960	86.8442
 1.1950	86.9197
 1.1940	86.9441
 1.1930	86.9117
 1.1920	86.9461
 1.1910	86.8638
 1.1900	86.8292
 1.1890	86.8956
 1.1880	86.9030
 1.1870	86.8608
 1.1860	86.8783
 1.1850	86.9008
 1.1840	86.8947
 1.1830	86.8736
 1.1820	86.8267
 1.1810	86.8420
 1.1800	86.8825
 1.1790	86.8348
 1.1780	86.8593
 1.1770	86.9052
 1.1760	86.8350
 1.1750	86.8866
 1.1740	86.8692
 1.1730	86.8779
 1.1720	86.8723
 1.1710	86.9130
 1.1700	86.8746
 1.1690	86.8569
 1.1680	86.8746
 1.1670	86.8917
 1.1660	86.9105
 1.1650	86.8763
 1.1640	86.9016
 1.1630	86.8439
 1.1620	86.8732
 1.1610	86.8941
 1.1600	86.9219
 1.1590	86.8657
 1.1580	86.9899
 1.1570	86.9385
 1.1560	86.8878
 1.1550	86.9174
 1.1540	86.8795
 1.1530	86.8265
 1.1520	86.8853
 1.1510	86.9095
 1.1500	86.8831
 1.1490	86.8720
 1.1480	86.9122
 1.1470	86.9114
 1.1460	86.9567
 1.1450	86.8681
 1.1440	86.9362
 1.1430	86.9284
 1.1420	86.9285
 1.1410	86.8910
 1.1400	86.9414
 1.1390	86.9517
 1.1380	86.8804
 1.1370	86.8969
 1.1360	86.9067
 1.1350	86.8898
 1.1340	86.8754
 1.1330	86.8606
 1.1320	86.8714
 1.1310	86.9403
 1.1300	86.8973
 1.1290	86.8903
 1.1280	86.8942
 1.1270	86.9048
 1.1260	86.9056
 1.1250	86.8373
 1.1240	86.9548
 1.1230	86.9516
 1.1220	86.9653
 1.1210	86.9089
 1.1200	86.8479
 1.1190	86.9262
 1.1180	86.8999
 1.1170	86.8585
 1.1160	86.8287
 1.1150	86.8808
 1.1140	86.9316
 1.1130	86.9071
 1.1120	86.9822
 1.1110	86.9324
 1.1100	86.9161
 1.1090	86.9131
 1.1080	86.8919
 1.1070	86.9636
 1.1060	86.8861
 1.1050	86.8948
 1.1040	86.9146
 1.1030	86.8779
 1.1020	86.8724
 1.1010	86.8601
 1.1000	86.9888
 1.0990	86.8419
 1.0980	86.9198
 1.0970	86.9627
 1.0960	86.8717
 1.0950	86.8733
 1.0940	86.8697
 1.0930	86.8813
 1.0920	86.9051
 1.0910	86.9403
 1.0900	86.8432
 1.0890	86.9541
 1.0880	86.9776
 1.0870	86.8690
 1.0860	86.9636
 1.0850	86.9668
 1.0840	86.9757
 1.0830	86.9573
 1.0820	86.9482
 1.0810	86.8924
 1.0800	86.8621
 1.0790	86.8691
 1.0780	86.7936
 1.0770	86.8396
 1.0760	86.9771
 1.0750	87.0331
 1.0740	86.9018
 1.0730	86.9545
 1.0720	86.9167
 1.0710	86.9320
 1.0700	86.9474
 1.0690	86.9113
 1.0680	86.9551
 1.0670	86.8823
 1.0660	86.9145
 1.0650	86.9053
 1.0640	86.9467
 1.0630	86.9220
 1.0620	86.9905
 1.0610	86.9298
 1.0600	86.9041
 1.0590	86.8565
 1.0580	86.9503
 1.0570	86.9183
 1.0560	86.9389
 1.0550	86.8381
 1.0540	86.9541
 1.0530	86.9803
 1.0520	86.8921
 1.0510	86.8473
 1.0500	86.9480
 1.0490	86.9172
 1.0480	86.9202
 1.0470	86.8411
 1.0460	86.9281
 1.0450	86.8867
 1.0440	86.8890
 1.0430	86.9561
 1.0420	86.9753
 1.0410	86.8096
 1.0400	86.9018
 1.0390	86.9046
 1.0380	86.8548
 1.0370	86.8410
 1.0360	86.9592
 1.0350	86.8952
 1.0340	86.9232
 1.0330	86.8008
 1.0320	86.9391
 1.0310	86.9223
 1.0300	86.9484
 1.0290	86.8468
 1.0280	86.9434
 1.0270	86.8584
 1.0260	86.8628
 1.0250	86.9152
 1.0240	86.9293
 1.0230	86.8751
 1.0220	86.9780
 1.0210	86.9206
 1.0200	86.9418
 1.0190	86.9251
 1.0180	86.8290
 1.0170	86.8379
 1.0160	86.8503
 1.0150	86.8355
 1.0140	86.8989
 1.0130	86.9638
 1.0120	86.9712
 1.0110	86.8950
 1.0100	86.9437
 1.0090	86.9459
 1.0080	86.8855
 1.0070	86.8807
 1.0060	86.8450
 1.0050	86.8493
 1.0040	86.8983
 1.0030	87.0025
 1.0020	86.8867
 1.0010	86.8598
 1.0000	86.9671
 0.9990	87.0074
 0.9980	86.9647
 0.9970	86.9453
 0.9960	86.9603
 0.9950	86.9287
 0.9940	86.9137
 0.9930	86.8801
 0.9920	86.8684
 0.9910	86.8928
 0.9900	86.9364
 0.9890	86.9675
 0.9880	86.9500
 0.9870	86.9093
 0.9860	86.9027
 0.9850	86.9714
 0.9840	86.9746
 0.9830	86.9313
 0.9820	86.9226
 0.9810	86.9230
 0.9800	86.9294
 0.9790	86.9697
 0.9780	86.9508
 0.9770	86.8824
 0.9760	86.9433
 0.9750	86.8699
 0.9740	86.8732
 0.9730	86.9272
 0.9720	86.9619
 0.9710	86.9629
 0.9700	86.9644
 0.9690	86.9479
 0.9680	86.9220
 0.9670	86.9310
 0.9660	86.8863
 0.9650	86.8839
 0.9640	86.9147
 0.9630	86.9550
 0.9620	86.9225
 0.9610	87.0164
 0.9600	86.9953
 0.9590	86.9237
 0.9580	86.9830
 0.9570	86.9673
 0.9560	86.9827
 0.9550	86.9210
 0.9540	86.9176
 0.9530	86.9233
 0.9520	86.9403
 0.9510	86.9440
 0.9500	86.9320
 0.9490	86.8984
 0.9480	86.9076
 0.9470	86.9213
 0.9460	86.9560
 0.9450	86.9658
 0.9440	86.9329
 0.9430	86.9393
 0.9420	86.9625
 0.9410	86.9282
 0.9400	86.9763
 0.9390	87.0213
 0.9380	86.9591
 0.9370	86.9634
 0.9360	86.9494
 0.9350	86.9143
 0.9340	86.9608
 0.9330	86.9497
 0.9320	86.9705
 0.9310	86.9834
 0.9300	86.9650
 0.9290	87.0058
 0.9280	86.9916
 0.9270	86.9711
 0.9260	86.9715
 0.9250	87.0042
 0.9240	87.0039
 0.9230	86.9622
 0.9220	86.9462
 0.9210	86.9969
 0.9200	87.0206
 0.9190	87.0165
 0.9180	86.9996
 0.9170	86.9949
 0.9160	87.0270
 0.9150	87.0275
 0.9140	86.9868
 0.9130	87.0080
 0.9120	87.0224
 0.9110	86.9930
 0.9100	86.9990
 0.9090	87.0099
 0.9080	86.9791
 0.9070	86.9931
 0.9060	87.0126
 0.9050	87.0812
 0.9040	87.0811
 0.9030	87.0468
 0.9020	87.0347
 0.9010	87.0994
 0.9000	87.0840
 0.8990	87.0782
 0.8980	87.0793
 0.8970	87.0617
 0.8960	87.0706
 0.8950	87.1160
 0.8940	87.1553
 0.8930	87.1198
 0.8920	87.0523
 0.8910	87.1161
 0.8900	87.1423
 0.8890	87.0952
 0.8880	87.0867
 0.8870	87.1275
 0.8860	87.1556
 0.8850	87.1632
 0.8840	87.2035
 0.8830	87.1923
 0.8820	87.1787
 0.8810	87.1681
 0.8800	87.1527
 0.8790	87.2165
 0.8780	87.2040
 0.8770	87.1732
 0.8760	87.1994
 0.8750	87.2173
 0.8740	87.1946
 0.8730	87.2138
 0.8720	87.3072
 0.8710	87.2609
 0.8700	87.1798
 0.8690	87.2696
 0.8680	87.3528
 0.8670	87.3575
 0.8660	87.2590
 0.8650	87.2949
 0.8640	87.2558
 0.8630	87.2496
 0.8620	87.2150
 0.8610	87.2580
 0.8600	87.6688
 0.8590	87.7419
 0.8580	87.8512
 0.8570	87.8740
 0.8560	87.8604
 0.8550	87.7308
 0.8540	87.7859
 0.8530	87.8572
 0.8520	87.8785
 0.8510	87.8018
 0.8500	87.7851
 0.8490	87.7336
 0.8480	87.7140
 0.8470	87.7780
 0.8460	87.8346
 0.8450	87.8501
 0.8440	87.7986
 0.8430	87.8108
 0.8420	87.7550
 0.8410	87.7832
 0.8400	87.7925
 0.8390	87.7694
 0.8380	87.8034
 0.8370	87.7763
 0.8360	87.7831
 0.8350	87.7874
 0.8340	87.7928
 0.8330	87.7828
 0.8320	87.8056
 0.8310	87.8112
 0.8300	87.7676
 0.8290	87.7428
 0.8280	87.7549
 0.8270	87.7750
 0.8260	87.7507
 0.8250	87.7838
 0.8240	87.7693
 0.8230	87.7715
 0.8220	87.7582
 0.8210	87.7505
 0.8200	87.7985
 0.8190	87.8108
 0.8180	87.8311
 0.8170	87.7518
 0.8160	87.7508
 0.8150	87.7777
 0.8140	87.8091
 0.8130	87.8278
 0.8120	87.8398
 0.8110	87.7581
 0.8100	87.8524
 0.8090	87.8441
 0.8080	87.8086
 0.8070	87.7704
 0.8060	87.7712
 0.8050	87.8320
 0.8040	87.8470
 0.8030	87.8480
 0.8020	87.8117
 0.8010	87.7778
 0.8000	87.7980
 0.7990	87.8049
 0.7980	87.8152
 0.7970	87.8002
 0.7960	87.7467
 0.7950	87.7462
 0.7940	87.6983
 0.7930	87.7275
 0.7920	87.7168
 0.7910	87.7169
 0.7900	87.7310
 0.7890	87.7776
 0.7880	87.7693
 0.7870	87.7698
 0.7860	87.7364
 0.7850	87.7550
 0.7840	87.6964
 0.7830	87.7806
 0.7820	87.7614
 0.7810	87.7054
 0.7800	87.7628
 0.7790	87.7234
 0.7780	87.6941
 0.7770	87.6401
 0.7760	87.6555
 0.7750	87.7027
 0.7740	87.6836
 0.7730	87.7197
 0.7720	87.6972
 0.7710	87.6413
 0.7700	87.6978
 0.7690	87.6756
 0.7680	87.7338
 0.7670	87.7230
 0.7660	87.7589
 0.7650	87.7135
 0.7640	87.6928
 0.7630	87.7067
 0.7620	87.7274
 0.7610	87.7025
 0.7600	87.6933
 0.7590	87.6773
 0.7580	87.7146
 0.7570	87.6855
 0.7560	87.6718
 0.7550	87.7077
 0.7540	87.7271
 0.7530	87.7277
 0.7520	87.6866
 0.7510	87.7025
 0.7500	87.6979
 0.7490	87.7034
 0.7480	87.7261
 0.7470	87.6819
 0.7460	87.6961
 0.7450	87.7186
 0.7440	87.7246
 0.7430	87.7179
 0.7420	87.7083
 0.7410	87.6949
 0.7400	87.7300
 0.7390	87.7007
 0.7380	87.7393
 0.7370	87.6869
 0.7360	87.6979
 0.7350	87.7052
 0.7340	87.7227
 0.7330	87.6842
 0.7320	87.7125
 0.7310	87.6894
 0.7300	87.6725
 0.7290	87.6924
 0.7280	87.6975
 0.7270	87.7298
 0.7260	87.7092
 0.7250	87.7307
 0.7240	87.6825
 0.7230	87.6804
 0.7220	87.6787
 0.7210	87.7214
 0.7200	87.6950
 0.7190	87.6839
 0.7180	87.6814
 0.7170	87.6932
 0.7160	87.6867
 0.7150	87.6962
 0.7140	87.6767
 0.7130	87.6952
 0.7120	87.6775
 0.7110	87.6889
 0.7100	87.6946
 0.7090	87.6959
 0.7080	87.6851
 0.7070	87.6911
 0.7060	87.6887
 0.7050	87.6666
 0.7040	87.6714
 0.7030	87.6621
 0.7020	87.6684
 0.7010	87.6837
 0.7000	87.6899
 0.6990	87.6667
 0.6980	87.6696
 0.6970	87.6698
 0.6960	87.6601
 0.6950	87.6852
 0.6940	87.6920
 0.6930	87.6771
 0.6920	87.6664
 0.6910	87.6697
 0.6900	87.6636
 0.6890	87.6825
 0.6880	87.6697
 0.6870	87.6501
 0.6860	87.6472
 0.6850	87.6656
 0.6840	87.6848
 0.6830	87.6723
 0.6820	87.6790
 0.6810	87.6790
 0.6800	87.6825
 0.6790	87.6948
 0.6780	87.6659
 0.6770	87.6697
 0.6760	87.6532
 0.6750	87.6463
 0.6740	87.6496
 0.6730	87.6495
 0.6720	87.6519
 0.6710	87.6512
 0.6700	87.6594
 0.6690	87.6807
 0.6680	87.6847
 0.6670	87.6612
 0.6660	87.6630
 0.6650	87.6832
 0.6640	87.6809
 0.6630	87.6816
 0.6620	87.6792
 0.6610	87.6745
 0.6600	87.6868
 0.6590	87.6573
 0.6580	87.6463
 0.6570	87.6612
 0.6560	87.6771
 0.6550	87.6563
 0.6540	87.6571
 0.6530	87.6622
 0.6520	87.6551
 0.6510	87.6351
 0.6500	87.6278
 0.6490	87.6553
 0.6480	87.6385
 0.6470	87.6384
 0.6460	87.6666
 0.6450	87.6614
 0.6440	87.6485
 0.6430	87.6422
 0.6420	87.6377
 0.6410	87.6411
 0.6400	87.6443
 0.6390	87.6493
 0.6380	87.6423
 0.6370	87.6274
 0.6360	87.6411
 0.6350	87.6642
 0.6340	87.6652
 0.6330	87.6596
 0.6320	87.6423
 0.6310	87.6318
 0.6300	87.6281
 0.6290	87.6383
 0.6280	87.6367
 0.6270	87.6279
 0.6260	87.6370
 0.6250	87.6549
 0.6240	87.6472
 0.6230	87.6296
 0.6220	87.6285
 0.6210	87.6279
 0.6200	87.6361
 0.6190	87.6354
 0.6180	87.6255
 0.6170	87.6092
 0.6160	87.6037
 0.6150	87.6153
 0.6140	87.6187
 0.6130	87.6074
 0.6120	87.6013
 0.6110	87.6214
 0.6100	87.6295
 0.6090	87.6252
 0.6080	87.6207
 0.6070	87.6241
 0.6060	87.6193
 0.6050	87.6156
 0.6040	87.6035
 0.6030	87.6018
 0.6020	87.5874
 0.6010	87.5969
 0.6000	87.5880
 0.5990	87.6093
 0.5980	87.6268
 0.5970	87.6252
 0.5960	87.6481
 0.5950	87.6815
 0.5940	87.6904
 0.5930	87.6918
 0.5920	87.6833
 0.5910	87.6857
 0.5900	87.6827
 0.5890	87.6613
 0.5880	87.6560
 0.5870	87.6576
 0.5860	87.6461
 0.5850	87.6475
 0.5840	87.6524
 0.5830	87.6527
 0.5820	87.6378
 0.5810	87.6469
 0.5800	87.6519
 0.5790	87.6314
 0.5780	87.6160
 0.5770	87.6246
 0.5760	87.6487
 0.5750	87.6374
 0.5740	87.6162
 0.5730	87.6112
 0.5720	87.6064
 0.5710	87.5992
 0.5700	87.5960
 0.5690	87.6022
 0.5680	87.5919
 0.5670	87.5727
 0.5660	87.5843
 0.5650	87.5763
 0.5640	87.5577
 0.5630	87.5596
 0.5620	87.5437
 0.5610	87.5637
 0.5600	87.5552
 0.5590	87.5344
 0.5580	87.5273
 0.5570	87.5058
 0.5560	87.4906
 0.5550	87.4939
 0.5540	87.4817
 0.5530	87.4696
 0.5520	87.4807
 0.5510	87.4525
 0.5500	87.4357
 0.5490	87.4225
 0.5480	87.4058
 0.5470	87.3699
 0.5460	87.3635
 0.5450	87.3523
 0.5440	87.3241
 0.5430	87.2997
 0.5420	87.2921
 0.5410	87.2474
 0.5400	87.2113
 0.5390	87.2071
 0.5380	87.1739
 0.5370	87.1327
 0.5360	87.0913
 0.5350	87.0859
 0.5340	87.0331
 0.5330	86.9717
 0.5320	86.9225
 0.5310	86.8942
 0.5300	86.8395
 0.5290	86.7661
 0.5280	86.7156
 0.5270	86.6490
 0.5260	86.5777
 0.5250	86.4947
 0.5240	86.4030
 0.5230	86.3341
 0.5220	86.2232
 0.5210	86.1431
 0.5200	86.0321
 0.5190	85.9151
 0.5180	85.7928
 0.5170	85.6539
 0.5160	85.5144
 0.5150	85.3716
 0.5140	85.2096
 0.5130	84.9962
 0.5120	84.8262
 0.5110	84.6192
 0.5100	84.4157
 0.5090	84.1847
 0.5080	83.9269
 0.5070	83.6272
 0.5060	83.3651
 0.5050	83.0372
 0.5040	82.7240
 0.5030	82.3550
 0.5020	81.9644
 0.5010	81.5665
 0.5000	81.1386
 0.4990	80.6587
 0.4980	80.1890
 0.4970	79.6560
 0.4960	79.1048
 0.4950	78.5117
 0.4940	77.9097
 0.4930	77.2281
 0.4920	76.5145
 0.4910	75.7934
 0.4900	75.0059
 0.4890	74.2071
 0.4880	73.3620
 0.4870	72.4509
 0.4860	71.5485
 0.4850	70.5503
 0.4840	69.5375
 0.4830	68.4909
 0.4820	67.4368
 0.4810	66.3713
 0.4800	65.2933
 0.4790	64.2005
 0.4780	63.0788
 0.4770	61.8881
 0.4760	60.6692
 0.4750	59.3870
 0.4740	58.0662
 0.4730	56.6964
 0.4720	55.3368
 0.4710	53.9624
 0.4700	52.5392
 0.4690	51.1086
 0.4680	49.6452
 0.4670	48.1955
 0.4660	46.6911
 0.4650	45.1931
 0.4640	43.6795
 0.4630	42.1716
 0.4620	40.6634
 0.4610	39.1433
 0.4600	37.6400
 0.4590	36.1400
 0.4580	34.6930
 0.4570	33.2191
 0.4560	31.7968
 0.4550	30.3621
 0.4540	28.9551
 0.4530	27.5785
 0.4520	26.2548
 0.4510	24.9735
 0.4500	23.7407
 0.4490	22.5236
 0.4480	21.3665
 0.4470	20.2488
 0.4460	19.1748
 0.4450	18.1523
 0.4440	17.2026
 0.4430	16.2829
 0.4420	15.4330
 0.4410	14.6491
 0.4400	13.8971
 0.4390	13.1876
 0.4380	12.5406
 0.4370	11.9242
 0.4360	11.3621
 0.4350	10.8385
 0.4340	10.3554
 0.4330	 9.9122
 0.4320	 9.5158
 0.4310	 9.1645
 0.4300	 8.8529
 0.4290	 8.5618
 0.4280	 8.3019
 0.4270	 8.0643
 0.4260	 7.8624
 0.4250	 7.6797
 0.4240	 7.5185
 0.4230	 7.3791
 0.4220	 7.2631
 0.4210	 7.1588
 0.4200	 7.0687
 0.4190	 6.9881
 0.4180	 6.9239
 0.4170	 6.8734
 0.4160	 6.8316
 0.4150	 6.7963
 0.4140	 6.7678
 0.4130	 6.7443
 0.4120	 6.7285
 0.4110	 6.7193
 0.4100	 6.7113
 0.4090	 6.7075
 0.4080	 6.7057
 0.4070	 6.7095
 0.4060	 6.7157
 0.4050	 6.7219
 0.4040	 6.7319
 0.4030	 6.7417
 0.4020	 6.7529
 0.4010	 6.7696
 0.4000	 6.7857
