Name: Nontronite Na0.33Fe2+3(Si,Al)4O10.3H2O
Type: Mineral
Class: Silicate
Subclass: Phyllosilicate
Particle Size: Coarse
Sample No.: nontron_1
Owner: JHU
Wavelength Range: TIR
Origin: Holen Hagen, Germany via the Hunt and Salisbury Collection#CMS Ng-1 (purchased from the Clay Mineral Society Repository)
Collection Date: N/A
Description: Brown, earthy clay. Less than 2 µm fraction is nontronite, plus a faint trace of quartz.  Larger size fraction has abundant quartz.  (Note: Quartz features do not show up in spectra of the <2 µm size fraction, either sifted or packed.)Particle size was 0-2 micrometers and Packed powder simulates coarse.(Sheet Silicates); (Smectite Group) Original ASTER Spectral Library name was jhu.nicolet.mineral.silicate.phyllosilicate.packed.nontro1.spectrum.txt
Measurement: Bidirectional reflectance
First Column: X
Second Column: Y
X Units: Wavelength (micrometers)
Y Units:Reflectance (percent)
First X Value: 25.0442
Last X Value:  2.0795
Number of X Values: 2287
Additional Information: none

25.0442	16.5878
24.9238	16.5478
24.8045	16.6408
24.6864	16.9677
24.5694	17.1162
24.4536	17.0224
24.3388	17.4433
24.2250	17.7541
24.1124	17.7080
24.0007	17.7998
23.8901	18.0263
23.7805	18.0856
23.6719	18.2534
23.5643	18.3659
23.4577	18.4975
23.3520	18.6989
23.2473	18.8049
23.1435	18.8764
23.0407	18.8525
22.9387	18.8510
22.8377	18.9848
22.7375	18.9357
22.6382	18.8002
22.5398	18.7417
22.4422	18.7783
22.3455	18.8408
22.2496	18.8222
22.1545	18.7929
22.0602	18.7963
21.9668	18.7607
21.8741	18.7280
21.7822	18.6606
21.6910	18.5527
21.6007	18.4582
21.5110	18.3505
21.4221	18.1967
21.3340	18.0556
21.2465	17.8652
21.1598	17.6926
21.0738	17.6286
20.9885	17.5556
20.9038	17.5363
20.8199	17.6743
20.7366	17.9907
20.6540	18.4116
20.5720	18.8552
20.4907	19.3588
20.4100	19.8879
20.3300	20.2617
20.2506	20.5549
20.1718	20.7324
20.0936	20.8056
20.0160	20.7995
19.9391	20.8159
19.8627	20.7487
19.7869	20.6069
19.7116	20.4418
19.6370	20.3757
19.5628	20.3571
19.4893	20.3476
19.4163	20.3701
19.3439	20.4890
19.2719	20.5217
19.2006	20.4873
19.1297	20.5844
19.0594	20.6030
18.9896	20.4848
18.9203	20.4587
18.8515	20.4345
18.7832	20.2812
18.7153	20.1992
18.6480	20.1782
18.5812	20.0881
18.5148	19.9462
18.4489	19.8540
18.3835	19.7050
18.3185	19.3740
18.2541	19.0188
18.1900	18.7236
18.1264	18.2983
18.0633	17.8066
18.0005	17.3520
17.9382	16.8679
17.8764	16.2905
17.8150	15.7072
17.7539	15.1482
17.6934	14.5730
17.6332	13.9939
17.5734	13.4338
17.5140	12.9316
17.4551	12.3855
17.3965	11.8772
17.3383	11.4458
17.2805	11.0276
17.2231	10.6679
17.1661	10.3440
17.1094	10.0493
17.0531	 9.8296
16.9972	 9.6045
16.9417	 9.4011
16.8865	 9.2693
16.8317	 9.0732
16.7772	 8.8198
16.7231	 8.6177
16.6693	 8.4707
16.6159	 8.2981
16.5628	 8.1592
16.5100	 8.0679
16.4576	 7.9665
16.4055	 7.8591
16.3538	 7.8127
16.3024	 7.7397
16.2513	 7.6362
16.2005	 7.6028
16.1500	 7.6018
16.0998	 7.5803
16.0500	 7.5376
16.0005	 7.5549
15.9513	 7.6035
15.9023	 7.6123
15.8537	 7.6301
15.8054	 7.6963
15.7573	 7.7366
15.7096	 7.7583
15.6621	 7.8266
15.6149	 7.8904
15.5680	 7.9258
15.5214	 7.9504
15.4751	 8.0088
15.4290	 8.0691
15.3832	 8.1047
15.3377	 8.1638
15.2925	 8.2439
15.2475	 8.2868
15.2028	 8.3103
15.1583	 8.3869
15.1141	 8.4463
15.0702	 8.4861
15.0265	 8.5185
14.9831	 8.5708
14.9399	 8.6235
14.8970	 8.6470
14.8543	 8.6596
14.8119	 8.6611
14.7697	 8.6452
14.7277	 8.6067
14.6860	 8.5559
14.6445	 8.5273
14.6033	 8.4746
14.5622	 8.4011
14.5214	 8.3811
14.4809	 8.3720
14.4405	 8.3547
14.4004	 8.3386
14.3605	 8.3420
14.3209	 8.3323
14.2814	 8.3020
14.2422	 8.3157
14.2032	 8.3598
14.1643	 8.3669
14.1258	 8.3723
14.0874	 8.4197
14.0492	 8.4580
14.0112	 8.4692
13.9734	 8.4824
13.9359	 8.5283
13.8985	 8.5647
13.8614	 8.5993
13.8244	 8.6565
13.7876	 8.6909
13.7511	 8.7097
13.7147	 8.7434
13.6785	 8.7900
13.6425	 8.8120
13.6067	 8.8252
13.5711	 8.8518
13.5356	 8.8845
13.5004	 8.9028
13.4653	 8.9472
13.4304	 8.9951
13.3957	 9.0136
13.3612	 9.0295
13.3269	 9.0390
13.2927	 9.0547
13.2587	 9.0857
13.2249	 9.1526
13.1912	 9.2156
13.1577	 9.2116
13.1244	 9.2126
13.0913	 9.2419
13.0583	 9.2732
13.0255	 9.3337
12.9929	 9.3994
12.9604	 9.4480
12.9281	 9.4778
12.8959	 9.5285
12.8639	 9.5735
12.8321	 9.5627
12.8004	 9.5471
12.7688	 9.5547
12.7375	 9.5805
12.7063	 9.6111
12.6752	 9.6421
12.6443	 9.6538
12.6135	 9.6638
12.5829	 9.6748
12.5524	 9.6863
12.5221	 9.7190
12.4919	 9.7453
12.4619	 9.7671
12.4320	 9.8017
12.4023	 9.8498
12.3727	 9.9035
12.3432	 9.9387
12.3139	 9.9695
12.2847	10.0002
12.2557	 9.9995
12.2268	 9.9695
12.1980	 9.9489
12.1694	 9.9104
12.1409	 9.8200
12.1125	 9.7558
12.0843	 9.7456
12.0562	 9.7346
12.0282	 9.7324
12.0004	 9.7719
11.9726	 9.8257
11.9450	 9.8889
11.9176	 9.9477
11.8903	10.0114
11.8631	10.0381
11.8360	10.0447
11.8090	10.0466
11.7822	10.0210
11.7555	 9.9963
11.7289	 9.9988
11.7024	10.0136
11.6760	10.0327
11.6498	10.0754
11.6237	10.1238
11.5977	10.1472
11.5718	10.1528
11.5460	10.1855
11.5203	10.2002
11.4948	10.2121
11.4694	10.2038
11.4440	10.1819
11.4188	10.1863
11.3937	10.1745
11.3688	10.1687
11.3439	10.1672
11.3191	10.1943
11.2944	10.2507
11.2699	10.2978
11.2455	10.3572
11.2211	10.4258
11.1969	10.4807
11.1727	10.5600
11.1487	10.6364
11.1248	10.6718
11.1010	10.7365
11.0773	10.8237
11.0536	10.8769
11.0301	10.9143
11.0067	10.9958
10.9834	11.0871
10.9602	11.1155
10.9370	11.1755
10.9140	11.2636
10.8911	11.3098
10.8682	11.3467
10.8455	11.4004
10.8229	11.4629
10.8003	11.5078
10.7779	11.5630
10.7555	11.6237
10.7332	11.6799
10.7111	11.7375
10.6890	11.7978
10.6670	11.8528
10.6451	11.9074
10.6233	11.9541
10.6015	12.0188
10.5799	12.0776
10.5584	12.1389
10.5369	12.2146
10.5155	12.2754
10.4942	12.3237
10.4730	12.3906
10.4519	12.4763
10.4309	12.5439
10.4099	12.6064
10.3891	12.6660
10.3683	12.7055
10.3476	12.7702
10.3270	12.8493
10.3065	12.9065
10.2860	12.9773
10.2656	13.0559
10.2454	13.1157
10.2251	13.1789
10.2050	13.2590
10.1850	13.3423
10.1650	13.4196
10.1451	13.5127
10.1253	13.6045
10.1056	13.6787
10.0859	13.7805
10.0663	13.9055
10.0468	14.0002
10.0274	14.0937
10.0080	14.2505
 9.9887	14.3772
 9.9695	14.4858
 9.9504	14.6335
 9.9313	14.7756
 9.9123	14.8960
 9.8934	15.0383
 9.8746	15.2038
 9.8558	15.3464
 9.8371	15.4751
 9.8185	15.6372
 9.7999	15.7985
 9.7814	15.9428
 9.7630	16.1066
 9.7447	16.2578
 9.7264	16.3996
 9.7082	16.5598
 9.6900	16.7233
 9.6719	16.8850
 9.6539	17.0197
 9.6360	17.1413
 9.6181	17.2495
 9.6003	17.3383
 9.5825	17.4248
 9.5649	17.4926
 9.5472	17.5371
 9.5297	17.5913
 9.5122	17.6611
 9.4948	17.7119
 9.4774	17.7421
 9.4601	17.7844
 9.4429	17.8076
 9.4257	17.7917
 9.4086	17.7727
 9.3916	17.7399
 9.3746	17.6677
 9.3577	17.6013
 9.3408	17.5449
 9.3240	17.4372
 9.3073	17.3100
 9.2906	17.2136
 9.2740	17.1047
 9.2574	16.9480
 9.2409	16.7841
 9.2245	16.6403
 9.2081	16.4741
 9.1918	16.3183
 9.1755	16.1943
 9.1593	16.0356
 9.1431	15.8779
 9.1270	15.7536
 9.1110	15.6113
 9.0950	15.4802
 9.0791	15.3693
 9.0632	15.2507
 9.0474	15.1418
 9.0316	15.0544
 9.0159	14.9965
 9.0003	14.9272
 8.9847	14.8645
 8.9691	14.8288
 8.9536	14.7912
 8.9382	14.7644
 8.9228	14.7639
 8.9075	14.7500
 8.8922	14.7280
 8.8770	14.7175
 8.8618	14.7111
 8.8467	14.7087
 8.8316	14.6870
 8.8166	14.6738
 8.8016	14.6391
 8.7867	14.5556
 8.7718	14.4538
 8.7570	14.3237
 8.7422	14.1440
 8.7275	13.9340
 8.7129	13.6858
 8.6982	13.3869
 8.6837	13.0544
 8.6692	12.6933
 8.6547	12.2758
 8.6403	11.8110
 8.6259	11.3462
 8.6116	10.8940
 8.5973	10.4511
 8.5830	10.0129
 8.5688	 9.5786
 8.5547	 9.1272
 8.5406	 8.6521
 8.5266	 8.1760
 8.5126	 7.6855
 8.4986	 7.1875
 8.4847	 6.7185
 8.4708	 6.2600
 8.4570	 5.8032
 8.4432	 5.3777
 8.4295	 4.9741
 8.4158	 4.5889
 8.4022	 4.2353
 8.3886	 3.9241
 8.3750	 3.6560
 8.3615	 3.4285
 8.3481	 3.2507
 8.3347	 3.1072
 8.3213	 2.9912
 8.3079	 2.9219
 8.2946	 2.8867
 8.2814	 2.8606
 8.2682	 2.8386
 8.2550	 2.8367
 8.2419	 2.8469
 8.2288	 2.8679
 8.2158	 2.8904
 8.2028	 2.9160
 8.1898	 2.9448
 8.1769	 2.9780
 8.1640	 3.0220
 8.1512	 3.0654
 8.1384	 3.1111
 8.1256	 3.1711
 8.1129	 3.2339
 8.1002	 3.2954
 8.0876	 3.3618
 8.0750	 3.4233
 8.0624	 3.4800
 8.0499	 3.5498
 8.0374	 3.6218
 8.0250	 3.6865
 8.0126	 3.7480
 8.0002	 3.8227
 7.9879	 3.8889
 7.9756	 3.9563
 7.9634	 4.0271
 7.9512	 4.0945
 7.9390	 4.1558
 7.9268	 4.2224
 7.9147	 4.2922
 7.9027	 4.3599
 7.8906	 4.4309
 7.8786	 4.4956
 7.8667	 4.5600
 7.8548	 4.6289
 7.8429	 4.6882
 7.8310	 4.7510
 7.8192	 4.8154
 7.8075	 4.8828
 7.7957	 4.9514
 7.7840	 5.0083
 7.7723	 5.0632
 7.7607	 5.1225
 7.7491	 5.1819
 7.7375	 5.2407
 7.7260	 5.2993
 7.7145	 5.3476
 7.7031	 5.3926
 7.6916	 5.4438
 7.6802	 5.4931
 7.6689	 5.5281
 7.6575	 5.5659
 7.6462	 5.6062
 7.6350	 5.6455
 7.6238	 5.6843
 7.6126	 5.7224
 7.6014	 5.7600
 7.5903	 5.7873
 7.5792	 5.8169
 7.5681	 5.8464
 7.5571	 5.8743
 7.5461	 5.9109
 7.5351	 5.9490
 7.5242	 5.9729
 7.5133	 6.0039
 7.5024	 6.0359
 7.4916	 6.0603
 7.4807	 6.0837
 7.4700	 6.1052
 7.4592	 6.1338
 7.4485	 6.1684
 7.4378	 6.1958
 7.4272	 6.2163
 7.4165	 6.2261
 7.4059	 6.2480
 7.3954	 6.2820
 7.3848	 6.2993
 7.3743	 6.3127
 7.3639	 6.3379
 7.3534	 6.3576
 7.3430	 6.3738
 7.3326	 6.3935
 7.3223	 6.4145
 7.3119	 6.4294
 7.3016	 6.4463
 7.2914	 6.4658
 7.2811	 6.4775
 7.2709	 6.4880
 7.2607	 6.5122
 7.2506	 6.5283
 7.2404	 6.5476
 7.2303	 6.5674
 7.2203	 6.5871
 7.2102	 6.6040
 7.2002	 6.6243
 7.1902	 6.6465
 7.1803	 6.6579
 7.1703	 6.6755
 7.1604	 6.6929
 7.1506	 6.7053
 7.1407	 6.7236
 7.1309	 6.7414
 7.1211	 6.7493
 7.1113	 6.7629
 7.1016	 6.7815
 7.0919	 6.7920
 7.0822	 6.7993
 7.0725	 6.8103
 7.0629	 6.8252
 7.0533	 6.8252
 7.0437	 6.8288
 7.0341	 6.8520
 7.0246	 6.8718
 7.0151	 6.8796
 7.0056	 6.8852
 6.9962	 6.8965
 6.9867	 6.9109
 6.9773	 6.9184
 6.9679	 6.9158
 6.9586	 6.9219
 6.9493	 6.9465
 6.9400	 6.9555
 6.9307	 6.9712
 6.9214	 6.9795
 6.9122	 6.9802
 6.9030	 6.9973
 6.8938	 7.0222
 6.8847	 7.0256
 6.8755	 7.0278
 6.8664	 7.0129
 6.8573	 7.0261
 6.8483	 7.0696
 6.8393	 7.0923
 6.8302	 7.0871
 6.8213	 7.0928
 6.8123	 7.1103
 6.8034	 7.1108
 6.7944	 7.0932
 6.7855	 7.1003
 6.7767	 7.1262
 6.7678	 7.1338
 6.7590	 7.1438
 6.7502	 7.1667
 6.7414	 7.1824
 6.7327	 7.1867
 6.7239	 7.2051
 6.7152	 7.2163
 6.7065	 7.2200
 6.6979	 7.2388
 6.6892	 7.2507
 6.6806	 7.2434
 6.6720	 7.2588
 6.6634	 7.2856
 6.6549	 7.2925
 6.6464	 7.2639
 6.6378	 7.2461
 6.6294	 7.2771
 6.6209	 7.3037
 6.6124	 7.3144
 6.6040	 7.3176
 6.5956	 7.3078
 6.5872	 7.3113
 6.5789	 7.2995
 6.5705	 7.2871
 6.5622	 7.3076
 6.5539	 7.3191
 6.5456	 7.3210
 6.5374	 7.3247
 6.5292	 7.3254
 6.5209	 7.3108
 6.5128	 7.3157
 6.5046	 7.3076
 6.4964	 7.2739
 6.4883	 7.2693
 6.4802	 7.2861
 6.4721	 7.2954
 6.4640	 7.2969
 6.4560	 7.2927
 6.4480	 7.2908
 6.4399	 7.2793
 6.4320	 7.2514
 6.4240	 7.2256
 6.4160	 7.1780
 6.4081	 7.1772
 6.4002	 7.2063
 6.3923	 7.2031
 6.3844	 7.1936
 6.3766	 7.1596
 6.3687	 7.1238
 6.3609	 7.1186
 6.3531	 7.0859
 6.3454	 7.0244
 6.3376	 7.0117
 6.3299	 7.0000
 6.3221	 6.9602
 6.3144	 6.9321
 6.3068	 6.9004
 6.2991	 6.8564
 6.2914	 6.8113
 6.2838	 6.7639
 6.2762	 6.7029
 6.2686	 6.6499
 6.2611	 6.6055
 6.2535	 6.5615
 6.2460	 6.5149
 6.2385	 6.4809
 6.2310	 6.4446
 6.2235	 6.4075
 6.2160	 6.3745
 6.2086	 6.3506
 6.2011	 6.3227
 6.1937	 6.2937
 6.1863	 6.2615
 6.1790	 6.2471
 6.1716	 6.2370
 6.1643	 6.2187
 6.1570	 6.1987
 6.1496	 6.1843
 6.1424	 6.1697
 6.1351	 6.1562
 6.1278	 6.1504
 6.1206	 6.1279
 6.1134	 6.1094
 6.1062	 6.1274
 6.0990	 6.1365
 6.0918	 6.1411
 6.0847	 6.1357
 6.0776	 6.1152
 6.0704	 6.1308
 6.0633	 6.1567
 6.0563	 6.1277
 6.0492	 6.0974
 6.0421	 6.1455
 6.0351	 6.1853
 6.0281	 6.1894
 6.0211	 6.1992
 6.0141	 6.2077
 6.0071	 6.2253
 6.0002	 6.2478
 5.9932	 6.2629
 5.9863	 6.2805
 5.9794	 6.3074
 5.9725	 6.3384
 5.9657	 6.3769
 5.9588	 6.4211
 5.9520	 6.4643
 5.9451	 6.4929
 5.9383	 6.5044
 5.9315	 6.5632
 5.9247	 6.6365
 5.9180	 6.6833
 5.9112	 6.7344
 5.9045	 6.7732
 5.8978	 6.7866
 5.8911	 6.8349
 5.8844	 6.8733
 5.8777	 6.9170
 5.8711	 6.9900
 5.8644	 7.0290
 5.8578	 7.0740
 5.8512	 7.1184
 5.8446	 7.1594
 5.8380	 7.1892
 5.8314	 7.2082
 5.8249	 7.2121
 5.8184	 7.2549
 5.8118	 7.3200
 5.8053	 7.3591
 5.7988	 7.3996
 5.7924	 7.4492
 5.7859	 7.4804
 5.7794	 7.5139
 5.7730	 7.5393
 5.7666	 7.5617
 5.7602	 7.6221
 5.7538	 7.6797
 5.7474	 7.7097
 5.7410	 7.7409
 5.7347	 7.7722
 5.7283	 7.7998
 5.7220	 7.8181
 5.7157	 7.8296
 5.7094	 7.8420
 5.7031	 7.8630
 5.6969	 7.8750
 5.6906	 7.8865
 5.6844	 7.9009
 5.6782	 7.9035
 5.6719	 7.9170
 5.6657	 7.9365
 5.6596	 7.9297
 5.6534	 7.9333
 5.6472	 7.9350
 5.6411	 7.9238
 5.6349	 7.9411
 5.6288	 7.9536
 5.6227	 7.9573
 5.6166	 7.9533
 5.6106	 7.9553
 5.6045	 7.9568
 5.5984	 7.9546
 5.5924	 7.9585
 5.5864	 7.9536
 5.5804	 7.9375
 5.5744	 7.9365
 5.5684	 7.9531
 5.5624	 7.9563
 5.5564	 7.9463
 5.5505	 7.9441
 5.5445	 7.9548
 5.5386	 7.9536
 5.5327	 7.9468
 5.5268	 7.9524
 5.5209	 7.9536
 5.5151	 7.9533
 5.5092	 7.9624
 5.5033	 7.9602
 5.4975	 7.9678
 5.4917	 7.9802
 5.4859	 7.9883
 5.4801	 7.9868
 5.4743	 7.9863
 5.4685	 7.9892
 5.4628	 7.9968
 5.4570	 8.0151
 5.4513	 8.0295
 5.4455	 8.0329
 5.4398	 8.0425
 5.4341	 8.0639
 5.4284	 8.0657
 5.4228	 8.0598
 5.4171	 8.0776
 5.4114	 8.0986
 5.4058	 8.1118
 5.4002	 8.1233
 5.3945	 8.1333
 5.3889	 8.1369
 5.3833	 8.1452
 5.3778	 8.1494
 5.3722	 8.1636
 5.3666	 8.1765
 5.3611	 8.1904
 5.3555	 8.2024
 5.3500	 8.2065
 5.3445	 8.2300
 5.3390	 8.2566
 5.3335	 8.2702
 5.3280	 8.2800
 5.3225	 8.2908
 5.3171	 8.3061
 5.3116	 8.3166
 5.3062	 8.3303
 5.3008	 8.3432
 5.2954	 8.3440
 5.2900	 8.3530
 5.2846	 8.3782
 5.2792	 8.3943
 5.2738	 8.4089
 5.2684	 8.4209
 5.2631	 8.4324
 5.2578	 8.4385
 5.2524	 8.4475
 5.2471	 8.4619
 5.2418	 8.4697
 5.2365	 8.4739
 5.2312	 8.4868
 5.2260	 8.5027
 5.2207	 8.5110
 5.2154	 8.5122
 5.2102	 8.5163
 5.2050	 8.5324
 5.1998	 8.5434
 5.1945	 8.5552
 5.1893	 8.5605
 5.1842	 8.5710
 5.1790	 8.5849
 5.1738	 8.5935
 5.1686	 8.5964
 5.1635	 8.6125
 5.1584	 8.6284
 5.1532	 8.6301
 5.1481	 8.6379
 5.1430	 8.6599
 5.1379	 8.6775
 5.1328	 8.6931
 5.1277	 8.7163
 5.1227	 8.7292
 5.1176	 8.7380
 5.1126	 8.7580
 5.1075	 8.7766
 5.1025	 8.7893
 5.0975	 8.8122
 5.0925	 8.8342
 5.0875	 8.8449
 5.0825	 8.8620
 5.0775	 8.8823
 5.0726	 8.9004
 5.0676	 8.9184
 5.0627	 8.9468
 5.0577	 8.9648
 5.0528	 8.9741
 5.0479	 8.9961
 5.0430	 9.0217
 5.0380	 9.0383
 5.0332	 9.0534
 5.0283	 9.0796
 5.0234	 9.0962
 5.0185	 9.1103
 5.0137	 9.1372
 5.0088	 9.1577
 5.0040	 9.1660
 4.9992	 9.1799
 4.9944	 9.2048
 4.9896	 9.2185
 4.9848	 9.2356
 4.9800	 9.2571
 4.9752	 9.2724
 4.9704	 9.2890
 4.9657	 9.3117
 4.9609	 9.3291
 4.9562	 9.3337
 4.9514	 9.3545
 4.9467	 9.3865
 4.9420	 9.4048
 4.9373	 9.4145
 4.9326	 9.4338
 4.9279	 9.4538
 4.9232	 9.4616
 4.9186	 9.4770
 4.9139	 9.5031
 4.9092	 9.5190
 4.9046	 9.5320
 4.9000	 9.5498
 4.8953	 9.5639
 4.8907	 9.5813
 4.8861	 9.6037
 4.8815	 9.6213
 4.8769	 9.6384
 4.8723	 9.6555
 4.8678	 9.6714
 4.8632	 9.6836
 4.8586	 9.7063
 4.8541	 9.7292
 4.8495	 9.7422
 4.8450	 9.7575
 4.8405	 9.7710
 4.8360	 9.7805
 4.8315	 9.7959
 4.8270	 9.8174
 4.8225	 9.8388
 4.8180	 9.8545
 4.8135	 9.8701
 4.8090	 9.8784
 4.8046	 9.8933
 4.8001	 9.9148
 4.7957	 9.9297
 4.7913	 9.9350
 4.7868	 9.9504
 4.7824	 9.9702
 4.7780	 9.9800
 4.7736	 9.9909
 4.7692	10.0073
 4.7648	10.0224
 4.7605	10.0271
 4.7561	10.0327
 4.7517	10.0454
 4.7474	10.0559
 4.7431	10.0654
 4.7387	10.0718
 4.7344	10.0786
 4.7301	10.0805
 4.7258	10.0945
 4.7215	10.1106
 4.7172	10.1191
 4.7129	10.1340
 4.7086	10.1474
 4.7043	10.1443
 4.7000	10.1421
 4.6958	10.1548
 4.6915	10.1697
 4.6873	10.1731
 4.6831	10.1811
 4.6788	10.1933
 4.6746	10.1885
 4.6704	10.1904
 4.6662	10.2114
 4.6620	10.2195
 4.6578	10.2204
 4.6536	10.2322
 4.6495	10.2390
 4.6453	10.2387
 4.6411	10.2507
 4.6370	10.2685
 4.6328	10.2649
 4.6287	10.2583
 4.6246	10.2715
 4.6205	10.2837
 4.6163	10.2829
 4.6122	10.2920
 4.6081	10.3030
 4.6040	10.3051
 4.6000	10.3030
 4.5959	10.3122
 4.5918	10.3227
 4.5877	10.3261
 4.5837	10.3325
 4.5796	10.3349
 4.5756	10.3359
 4.5716	10.3405
 4.5675	10.3471
 4.5635	10.3525
 4.5595	10.3574
 4.5555	10.3579
 4.5515	10.3550
 4.5475	10.3591
 4.5435	10.3642
 4.5395	10.3703
 4.5356	10.3723
 4.5316	10.3830
 4.5276	10.3864
 4.5237	10.3816
 4.5197	10.3867
 4.5158	10.3928
 4.5119	10.3901
 4.5080	10.3930
 4.5040	10.4092
 4.5001	10.4145
 4.4962	10.4135
 4.4923	10.4231
 4.4884	10.4326
 4.4846	10.4363
 4.4807	10.4399
 4.4768	10.4487
 4.4730	10.4499
 4.4691	10.4553
 4.4652	10.4651
 4.4614	10.4655
 4.4576	10.4673
 4.4537	10.4775
 4.4499	10.4817
 4.4461	10.4836
 4.4423	10.4988
 4.4385	10.5127
 4.4347	10.5119
 4.4309	10.5232
 4.4271	10.5354
 4.4233	10.5342
 4.4196	10.5373
 4.4158	10.5539
 4.4120	10.5720
 4.4083	10.5735
 4.4045	10.5747
 4.4008	10.5813
 4.3971	10.5896
 4.3934	10.5925
 4.3896	10.5976
 4.3859	10.6079
 4.3822	10.6189
 4.3785	10.6284
 4.3748	10.6384
 4.3711	10.6382
 4.3674	10.6389
 4.3638	10.6506
 4.3601	10.6645
 4.3564	10.6850
 4.3528	10.6931
 4.3491	10.6897
 4.3455	10.7038
 4.3418	10.7204
 4.3382	10.7307
 4.3346	10.7365
 4.3310	10.7451
 4.3273	10.7549
 4.3237	10.7627
 4.3201	10.7732
 4.3165	10.7817
 4.3129	10.7903
 4.3094	10.8010
 4.3058	10.8069
 4.3022	10.8117
 4.2986	10.8286
 4.2951	10.8376
 4.2915	10.8447
 4.2880	10.8550
 4.2844	10.8591
 4.2809	10.8630
 4.2774	10.8676
 4.2738	10.8794
 4.2703	10.8918
 4.2668	10.9050
 4.2633	10.9140
 4.2598	10.9292
 4.2563	10.9446
 4.2528	10.9565
 4.2493	10.9612
 4.2458	10.9763
 4.2424	10.9909
 4.2389	11.0009
 4.2354	11.0100
 4.2320	11.0254
 4.2285	11.0310
 4.2251	11.0398
 4.2216	11.0551
 4.2182	11.0678
 4.2148	11.0796
 4.2113	11.0827
 4.2079	11.0854
 4.2045	11.0993
 4.2011	11.1091
 4.1977	11.1115
 4.1943	11.1220
 4.1909	11.1445
 4.1875	11.1589
 4.1841	11.1650
 4.1808	11.1696
 4.1774	11.1806
 4.1740	11.1909
 4.1707	11.1989
 4.1673	11.2099
 4.1640	11.2236
 4.1606	11.2275
 4.1573	11.2326
 4.1540	11.2446
 4.1506	11.2466
 4.1473	11.2534
 4.1440	11.2663
 4.1407	11.2842
 4.1374	11.2895
 4.1341	11.2932
 4.1308	11.3100
 4.1275	11.3103
 4.1242	11.3132
 4.1209	11.3227
 4.1177	11.3347
 4.1144	11.3447
 4.1111	11.3528
 4.1079	11.3676
 4.1046	11.3779
 4.1014	11.3825
 4.0981	11.3996
 4.0949	11.4094
 4.0917	11.4201
 4.0884	11.4319
 4.0852	11.4301
 4.0820	11.4323
 4.0788	11.4416
 4.0756	11.4463
 4.0724	11.4446
 4.0692	11.4492
 4.0660	11.4631
 4.0628	11.4653
 4.0596	11.4704
 4.0565	11.4753
 4.0533	11.4760
 4.0501	11.4865
 4.0470	11.5036
 4.0438	11.5122
 4.0406	11.5175
 4.0375	11.5251
 4.0344	11.5271
 4.0312	11.5280
 4.0281	11.5327
 4.0250	11.5278
 4.0218	11.5290
 4.0187	11.5371
 4.0156	11.5495
 4.0125	11.5583
 4.0094	11.5527
 4.0063	11.5490
 4.0032	11.5566
 4.0001	11.5586
 3.9970	11.5539
 3.9940	11.5517
 3.9909	11.5454
 3.9878	11.5442
 3.9847	11.5478
 3.9817	11.5498
 3.9786	11.5427
 3.9756	11.5432
 3.9725	11.5495
 3.9695	11.5466
 3.9665	11.5359
 3.9634	11.5334
 3.9604	11.5351
 3.9574	11.5356
 3.9544	11.5327
 3.9513	11.5332
 3.9483	11.5337
 3.9453	11.5312
 3.9423	11.5305
 3.9393	11.5232
 3.9363	11.5185
 3.9333	11.5175
 3.9304	11.5083
 3.9274	11.4970
 3.9244	11.4929
 3.9214	11.4953
 3.9185	11.4953
 3.9155	11.4883
 3.9126	11.4865
 3.9096	11.4738
 3.9067	11.4592
 3.9037	11.4604
 3.9008	11.4599
 3.8979	11.4453
 3.8949	11.4397
 3.8920	11.4392
 3.8891	11.4338
 3.8862	11.4238
 3.8833	11.4157
 3.8804	11.4011
 3.8775	11.3921
 3.8746	11.3796
 3.8717	11.3701
 3.8688	11.3554
 3.8659	11.3481
 3.8630	11.3469
 3.8601	11.3327
 3.8573	11.3164
 3.8544	11.3088
 3.8515	11.2959
 3.8487	11.2842
 3.8458	11.2812
 3.8430	11.2729
 3.8401	11.2536
 3.8373	11.2409
 3.8344	11.2341
 3.8316	11.2209
 3.8288	11.2016
 3.8259	11.1933
 3.8231	11.1904
 3.8203	11.1789
 3.8175	11.1643
 3.8147	11.1467
 3.8119	11.1257
 3.8091	11.1079
 3.8063	11.0986
 3.8035	11.0876
 3.8007	11.0737
 3.7979	11.0556
 3.7951	11.0359
 3.7924	11.0219
 3.7896	11.0097
 3.7868	10.9983
 3.7841	10.9826
 3.7813	10.9714
 3.7785	10.9614
 3.7758	10.9467
 3.7730	10.9250
 3.7703	10.9143
 3.7676	10.8947
 3.7648	10.8750
 3.7621	10.8679
 3.7594	10.8535
 3.7566	10.8308
 3.7539	10.8200
 3.7512	10.8130
 3.7485	10.7939
 3.7458	10.7749
 3.7431	10.7539
 3.7404	10.7319
 3.7377	10.7204
 3.7350	10.7046
 3.7323	10.6855
 3.7296	10.6675
 3.7269	10.6518
 3.7242	10.6289
 3.7216	10.6091
 3.7189	10.5967
 3.7162	10.5757
 3.7136	10.5498
 3.7109	10.5263
 3.7083	10.5051
 3.7056	10.4851
 3.7030	10.4643
 3.7003	10.4448
 3.6977	10.4265
 3.6950	10.4011
 3.6924	10.3823
 3.6898	10.3637
 3.6872	10.3386
 3.6845	10.3139
 3.6819	10.2978
 3.6793	10.2761
 3.6767	10.2551
 3.6741	10.2353
 3.6715	10.2104
 3.6689	10.1799
 3.6663	10.1609
 3.6637	10.1426
 3.6611	10.1228
 3.6585	10.1030
 3.6560	10.0818
 3.6534	10.0500
 3.6508	10.0251
 3.6482	10.0180
 3.6457	10.0039
 3.6431	 9.9775
 3.6406	 9.9446
 3.6380	 9.9218
 3.6355	 9.9062
 3.6329	 9.8847
 3.6304	 9.8567
 3.6278	 9.8357
 3.6253	 9.8237
 3.6227	 9.8047
 3.6202	 9.7837
 3.6177	 9.7654
 3.6152	 9.7444
 3.6127	 9.7185
 3.6101	 9.6948
 3.6076	 9.6877
 3.6051	 9.6714
 3.6026	 9.6494
 3.6001	 9.6333
 3.5976	 9.6101
 3.5951	 9.5884
 3.5926	 9.5735
 3.5901	 9.5527
 3.5876	 9.5288
 3.5852	 9.5075
 3.5827	 9.4941
 3.5802	 9.4712
 3.5777	 9.4392
 3.5753	 9.4187
 3.5728	 9.4045
 3.5704	 9.3918
 3.5679	 9.3681
 3.5654	 9.3379
 3.5630	 9.3215
 3.5605	 9.3022
 3.5581	 9.2810
 3.5557	 9.2602
 3.5532	 9.2383
 3.5508	 9.2177
 3.5484	 9.1867
 3.5459	 9.1538
 3.5435	 9.1289
 3.5411	 9.1081
 3.5387	 9.0840
 3.5363	 9.0603
 3.5338	 9.0339
 3.5314	 9.0078
 3.5290	 8.9787
 3.5266	 8.9504
 3.5242	 8.9233
 3.5218	 8.8982
 3.5195	 8.8652
 3.5171	 8.8384
 3.5147	 8.8122
 3.5123	 8.7778
 3.5099	 8.7424
 3.5075	 8.7077
 3.5052	 8.6733
 3.5028	 8.6401
 3.5004	 8.6130
 3.4981	 8.6116
 3.4957	 8.6230
 3.4934	 8.6130
 3.4910	 8.5954
 3.4887	 8.5940
 3.4863	 8.5884
 3.4840	 8.5740
 3.4816	 8.5532
 3.4793	 8.5373
 3.4770	 8.5305
 3.4746	 8.5156
 3.4723	 8.4931
 3.4700	 8.4734
 3.4677	 8.4428
 3.4653	 8.4148
 3.4630	 8.4018
 3.4607	 8.3865
 3.4584	 8.3613
 3.4561	 8.3393
 3.4538	 8.3181
 3.4515	 8.2903
 3.4492	 8.2651
 3.4469	 8.2326
 3.4446	 8.2080
 3.4423	 8.1926
 3.4400	 8.1640
 3.4378	 8.1423
 3.4355	 8.1240
 3.4332	 8.0979
 3.4309	 8.0700
 3.4287	 8.0376
 3.4264	 8.0083
 3.4241	 7.9765
 3.4219	 7.9480
 3.4196	 7.9116
 3.4174	 7.8799
 3.4151	 7.8579
 3.4129	 7.8354
 3.4106	 7.8279
 3.4084	 7.8264
 3.4061	 7.8315
 3.4039	 7.8286
 3.4017	 7.8135
 3.3994	 7.8056
 3.3972	 7.7939
 3.3950	 7.7856
 3.3928	 7.7771
 3.3906	 7.7524
 3.3883	 7.7307
 3.3861	 7.7151
 3.3839	 7.7053
 3.3817	 7.6897
 3.3795	 7.6804
 3.3773	 7.6792
 3.3751	 7.6677
 3.3729	 7.6604
 3.3707	 7.6572
 3.3685	 7.6418
 3.3663	 7.6130
 3.3641	 7.5901
 3.3620	 7.5752
 3.3598	 7.5564
 3.3576	 7.5346
 3.3554	 7.5105
 3.3533	 7.4878
 3.3511	 7.4592
 3.3489	 7.4389
 3.3468	 7.4192
 3.3446	 7.4013
 3.3425	 7.3872
 3.3403	 7.3642
 3.3382	 7.3437
 3.3360	 7.3281
 3.3339	 7.3096
 3.3317	 7.2868
 3.3296	 7.2612
 3.3274	 7.2385
 3.3253	 7.2102
 3.3232	 7.1836
 3.3210	 7.1596
 3.3189	 7.1494
 3.3168	 7.1291
 3.3147	 7.1055
 3.3126	 7.0891
 3.3104	 7.0691
 3.3083	 7.0478
 3.3062	 7.0373
 3.3041	 7.0266
 3.3020	 7.0056
 3.2999	 6.9858
 3.2978	 6.9695
 3.2957	 6.9504
 3.2936	 6.9255
 3.2915	 6.8943
 3.2894	 6.8811
 3.2874	 6.8679
 3.2853	 6.8474
 3.2832	 6.8247
 3.2811	 6.8042
 3.2790	 6.7922
 3.2770	 6.7734
 3.2749	 6.7478
 3.2728	 6.7319
 3.2708	 6.7175
 3.2687	 6.6958
 3.2666	 6.6662
 3.2646	 6.6516
 3.2625	 6.6374
 3.2605	 6.6267
 3.2584	 6.6052
 3.2564	 6.5859
 3.2543	 6.5764
 3.2523	 6.5608
 3.2503	 6.5454
 3.2482	 6.5266
 3.2462	 6.5024
 3.2442	 6.4934
 3.2421	 6.4900
 3.2401	 6.4619
 3.2381	 6.4411
 3.2361	 6.4221
 3.2340	 6.4067
 3.2320	 6.4014
 3.2300	 6.3823
 3.2280	 6.3662
 3.2260	 6.3545
 3.2240	 6.3398
 3.2220	 6.3169
 3.2200	 6.3003
 3.2180	 6.2890
 3.2160	 6.2764
 3.2140	 6.2634
 3.2120	 6.2541
 3.2100	 6.2431
 3.2080	 6.2341
 3.2060	 6.2258
 3.2040	 6.2129
 3.2021	 6.1885
 3.2001	 6.1719
 3.1981	 6.1689
 3.1961	 6.1594
 3.1942	 6.1411
 3.1922	 6.1218
 3.1902	 6.1086
 3.1883	 6.1106
 3.1863	 6.1013
 3.1844	 6.0884
 3.1824	 6.0688
 3.1805	 6.0505
 3.1785	 6.0525
 3.1766	 6.0491
 3.1746	 6.0295
 3.1727	 6.0202
 3.1707	 6.0249
 3.1688	 6.0144
 3.1669	 5.9995
 3.1649	 5.9914
 3.1630	 5.9819
 3.1611	 5.9783
 3.1591	 5.9704
 3.1572	 5.9665
 3.1553	 5.9560
 3.1534	 5.9380
 3.1515	 5.9275
 3.1495	 5.9265
 3.1476	 5.9216
 3.1457	 5.9011
 3.1438	 5.8865
 3.1419	 5.8845
 3.1400	 5.8865
 3.1381	 5.8767
 3.1362	 5.8564
 3.1343	 5.8491
 3.1324	 5.8481
 3.1305	 5.8547
 3.1286	 5.8472
 3.1268	 5.8367
 3.1249	 5.8274
 3.1230	 5.8174
 3.1211	 5.8091
 3.1192	 5.8120
 3.1174	 5.8208
 3.1155	 5.8149
 3.1136	 5.8071
 3.1117	 5.8056
 3.1099	 5.7890
 3.1080	 5.7766
 3.1061	 5.7744
 3.1043	 5.7749
 3.1024	 5.7732
 3.1006	 5.7717
 3.0987	 5.7702
 3.0969	 5.7666
 3.0950	 5.7627
 3.0932	 5.7519
 3.0913	 5.7402
 3.0895	 5.7370
 3.0876	 5.7439
 3.0858	 5.7395
 3.0840	 5.7375
 3.0821	 5.7424
 3.0803	 5.7456
 3.0785	 5.7370
 3.0766	 5.7341
 3.0748	 5.7256
 3.0730	 5.7117
 3.0712	 5.7109
 3.0694	 5.7197
 3.0675	 5.7236
 3.0657	 5.7307
 3.0639	 5.7175
 3.0621	 5.7092
 3.0603	 5.7143
 3.0585	 5.7077
 3.0567	 5.7065
 3.0549	 5.7185
 3.0531	 5.7207
 3.0513	 5.7190
 3.0495	 5.7070
 3.0477	 5.7036
 3.0459	 5.7109
 3.0441	 5.7139
 3.0423	 5.7053
 3.0406	 5.6980
 3.0388	 5.6982
 3.0370	 5.6963
 3.0352	 5.6951
 3.0334	 5.6902
 3.0317	 5.6828
 3.0299	 5.6907
 3.0281	 5.6772
 3.0264	 5.6628
 3.0246	 5.6814
 3.0228	 5.6760
 3.0211	 5.6655
 3.0193	 5.6609
 3.0176	 5.6452
 3.0158	 5.6411
 3.0140	 5.6365
 3.0123	 5.6321
 3.0105	 5.6291
 3.0088	 5.6262
 3.0070	 5.6135
 3.0053	 5.5998
 3.0036	 5.6152
 3.0018	 5.6279
 3.0001	 5.6196
 2.9984	 5.6135
 2.9966	 5.6123
 2.9949	 5.6108
 2.9932	 5.6062
 2.9914	 5.6059
 2.9897	 5.6003
 2.9880	 5.5889
 2.9863	 5.5862
 2.9845	 5.5911
 2.9828	 5.5925
 2.9811	 5.5996
 2.9794	 5.5920
 2.9777	 5.5871
 2.9760	 5.5766
 2.9743	 5.5564
 2.9726	 5.5630
 2.9709	 5.5669
 2.9692	 5.5576
 2.9675	 5.5491
 2.9658	 5.5564
 2.9641	 5.5476
 2.9624	 5.5322
 2.9607	 5.5369
 2.9590	 5.5320
 2.9573	 5.5173
 2.9556	 5.5242
 2.9539	 5.5361
 2.9523	 5.5356
 2.9506	 5.5327
 2.9489	 5.5271
 2.9472	 5.5246
 2.9455	 5.5271
 2.9439	 5.5151
 2.9422	 5.5010
 2.9405	 5.4985
 2.9389	 5.5058
 2.9372	 5.5098
 2.9355	 5.5049
 2.9339	 5.4895
 2.9322	 5.4805
 2.9306	 5.4831
 2.9289	 5.4993
 2.9272	 5.5017
 2.9256	 5.4892
 2.9239	 5.4822
 2.9223	 5.4729
 2.9207	 5.4717
 2.9190	 5.4746
 2.9174	 5.4687
 2.9157	 5.4648
 2.9141	 5.4678
 2.9124	 5.4707
 2.9108	 5.4648
 2.9092	 5.4685
 2.9075	 5.4548
 2.9059	 5.4382
 2.9043	 5.4453
 2.9027	 5.4477
 2.9010	 5.4460
 2.8994	 5.4448
 2.8978	 5.4512
 2.8962	 5.4443
 2.8946	 5.4429
 2.8929	 5.4424
 2.8913	 5.4255
 2.8897	 5.4241
 2.8881	 5.4328
 2.8865	 5.4277
 2.8849	 5.4277
 2.8833	 5.4260
 2.8817	 5.4316
 2.8801	 5.4277
 2.8785	 5.4248
 2.8769	 5.4128
 2.8753	 5.4072
 2.8737	 5.4236
 2.8721	 5.4409
 2.8705	 5.4294
 2.8689	 5.4187
 2.8673	 5.4165
 2.8658	 5.4204
 2.8642	 5.4202
 2.8626	 5.4187
 2.8610	 5.4043
 2.8594	 5.4062
 2.8579	 5.4160
 2.8563	 5.4123
 2.8547	 5.4075
 2.8531	 5.3987
 2.8516	 5.3865
 2.8500	 5.3931
 2.8484	 5.3999
 2.8469	 5.4001
 2.8453	 5.3938
 2.8437	 5.3821
 2.8422	 5.3750
 2.8406	 5.3664
 2.8391	 5.3598
 2.8375	 5.3413
 2.8360	 5.3122
 2.8344	 5.3008
 2.8329	 5.3113
 2.8313	 5.3115
 2.8298	 5.2900
 2.8282	 5.2844
 2.8267	 5.2820
 2.8252	 5.2756
 2.8236	 5.2602
 2.8221	 5.2395
 2.8205	 5.2178
 2.8190	 5.2178
 2.8175	 5.2119
 2.8159	 5.1897
 2.8144	 5.1804
 2.8129	 5.1621
 2.8114	 5.1484
 2.8098	 5.1330
 2.8083	 5.1086
 2.8068	 5.0869
 2.8053	 5.0737
 2.8038	 5.0444
 2.8022	 5.0215
 2.8007	 5.0027
 2.7992	 4.9812
 2.7977	 4.9634
 2.7962	 4.9375
 2.7947	 4.9004
 2.7932	 4.8840
 2.7917	 4.8789
 2.7902	 4.8559
 2.7887	 4.8342
 2.7872	 4.8122
 2.7857	 4.8064
 2.7842	 4.8186
 2.7827	 4.8054
 2.7812	 4.7893
 2.7797	 4.7854
 2.7782	 4.7810
 2.7767	 4.7915
 2.7752	 4.7952
 2.7738	 4.8010
 2.7723	 4.7988
 2.7708	 4.7825
 2.7693	 4.7851
 2.7678	 4.7910
 2.7664	 4.7842
 2.7649	 4.7849
 2.7634	 4.7766
 2.7619	 4.7771
 2.7605	 4.7895
 2.7590	 4.7766
 2.7575	 4.7827
 2.7561	 4.7788
 2.7546	 4.7585
 2.7531	 4.7527
 2.7517	 4.7700
 2.7502	 4.7871
 2.7488	 4.7834
 2.7473	 4.7844
 2.7458	 4.7871
 2.7444	 4.7937
 2.7429	 4.8125
 2.7415	 4.7993
 2.7400	 4.7927
 2.7386	 4.8220
 2.7371	 4.8476
 2.7357	 4.8430
 2.7343	 4.8516
 2.7328	 4.8804
 2.7314	 4.8918
 2.7299	 4.8967
 2.7285	 4.9407
 2.7271	 4.9697
 2.7256	 4.9629
 2.7242	 4.9927
 2.7228	 5.0596
 2.7213	 5.0852
 2.7199	 5.1028
 2.7185	 5.1589
 2.7171	 5.2202
 2.7156	 5.2908
 2.7142	 5.3447
 2.7128	 5.4143
 2.7114	 5.4834
 2.7100	 5.5766
 2.7085	 5.6726
 2.7071	 5.7654
 2.7057	 5.8703
 2.7043	 5.9656
 2.7029	 6.0461
 2.7015	 6.1526
 2.7001	 6.2722
 2.6987	 6.3628
 2.6973	 6.4543
 2.6959	 6.5535
 2.6945	 6.6516
 2.6931	 6.7685
 2.6917	 6.8994
 2.6903	 7.0224
 2.6889	 7.1494
 2.6875	 7.2502
 2.6861	 7.3398
 2.6847	 7.4497
 2.6833	 7.5378
 2.6819	 7.6291
 2.6805	 7.7202
 2.6791	 7.7854
 2.6778	 7.8584
 2.6764	 7.9233
 2.6750	 8.0217
 2.6736	 8.0937
 2.6722	 8.1445
 2.6709	 8.2104
 2.6695	 8.3210
 2.6681	 8.4272
 2.6667	 8.4931
 2.6654	 8.5761
 2.6640	 8.6565
 2.6626	 8.7302
 2.6613	 8.7776
 2.6599	 8.8349
 2.6585	 8.8799
 2.6572	 8.9250
 2.6558	 8.9656
 2.6545	 9.0097
 2.6531	 9.0508
 2.6517	 9.1101
 2.6504	 9.1594
 2.6490	 9.1777
 2.6477	 9.2119
 2.6463	 9.2490
 2.6450	 9.3008
 2.6436	 9.3459
 2.6423	 9.3652
 2.6409	 9.4079
 2.6396	 9.4399
 2.6382	 9.4602
 2.6369	 9.4951
 2.6356	 9.5385
 2.6342	 9.5637
 2.6329	 9.5781
 2.6315	 9.5896
 2.6302	 9.6079
 2.6289	 9.6618
 2.6275	 9.6789
 2.6262	 9.6845
 2.6249	 9.7419
 2.6236	 9.7773
 2.6222	 9.7844
 2.6209	 9.7810
 2.6196	 9.8125
 2.6183	 9.8249
 2.6169	 9.8125
 2.6156	 9.8733
 2.6143	 9.9089
 2.6130	 9.9211
 2.6117	 9.9443
 2.6103	 9.9582
 2.6090	 9.9614
 2.6077	 9.9712
 2.6064	 9.9656
 2.6051	 9.9782
 2.6038	10.0273
 2.6025	10.0656
 2.6012	10.0923
 2.5999	10.1108
 2.5986	10.1274
 2.5973	10.1230
 2.5960	10.0837
 2.5947	10.0759
 2.5934	10.1518
 2.5921	10.1863
 2.5908	10.1970
 2.5895	10.2173
 2.5882	10.2212
 2.5869	10.2173
 2.5856	10.2470
 2.5843	10.2490
 2.5830	10.2478
 2.5817	10.2807
 2.5805	10.2939
 2.5792	10.2993
 2.5779	10.3222
 2.5766	10.3091
 2.5753	10.3169
 2.5741	10.3066
 2.5728	10.3301
 2.5715	10.3674
 2.5702	10.3745
 2.5690	10.3825
 2.5677	10.3977
 2.5664	10.3940
 2.5651	10.3811
 2.5639	10.3969
 2.5626	10.4172
 2.5613	10.4187
 2.5601	10.4304
 2.5588	10.4392
 2.5575	10.4404
 2.5563	10.4345
 2.5550	10.4438
 2.5538	10.4594
 2.5525	10.4675
 2.5513	10.4680
 2.5500	10.4704
 2.5487	10.4746
 2.5475	10.4873
 2.5462	10.5183
 2.5450	10.5073
 2.5437	10.4946
 2.5425	10.5132
 2.5413	10.5254
 2.5400	10.5425
 2.5388	10.5664
 2.5375	10.5735
 2.5363	10.5742
 2.5350	10.5615
 2.5338	10.5366
 2.5326	10.5573
 2.5313	10.5903
 2.5301	10.5847
 2.5289	10.5874
 2.5276	10.6042
 2.5264	10.6181
 2.5252	10.6123
 2.5239	10.5996
 2.5227	10.6123
 2.5215	10.6191
 2.5202	10.6172
 2.5190	10.6186
 2.5178	10.6303
 2.5166	10.6445
 2.5154	10.6352
 2.5141	10.6333
 2.5129	10.6303
 2.5117	10.6416
 2.5105	10.6435
 2.5093	10.6523
 2.5081	10.6592
 2.5068	10.6645
 2.5056	10.6821
 2.5044	10.6823
 2.5032	10.6889
 2.5020	10.6960
 2.5008	10.7036
 2.4996	10.7051
 2.4984	10.7319
 2.4972	10.7592
 2.4960	10.7597
 2.4948	10.7632
 2.4936	10.7654
 2.4924	10.7944
 2.4912	10.8159
 2.4900	10.8291
 2.4888	10.8452
 2.4876	10.8894
 2.4864	10.9311
 2.4852	10.9673
 2.4840	11.0029
 2.4828	11.0376
 2.4816	11.0708
 2.4805	11.1074
 2.4793	11.1181
 2.4781	11.1113
 2.4769	11.1328
 2.4757	11.1582
 2.4745	11.1884
 2.4734	11.2226
 2.4722	11.2275
 2.4710	11.2251
 2.4698	11.2212
 2.4686	11.2378
 2.4675	11.2627
 2.4663	11.2551
 2.4651	11.2619
 2.4640	11.2949
 2.4628	11.3232
 2.4616	11.3217
 2.4604	11.3467
 2.4593	11.3833
 2.4581	11.4074
 2.4569	11.4067
 2.4558	11.4121
 2.4546	11.4384
 2.4535	11.4568
 2.4523	11.4756
 2.4511	11.4824
 2.4500	11.4912
 2.4488	11.4756
 2.4477	11.4670
 2.4465	11.4800
 2.4454	11.4944
 2.4442	11.5122
 2.4431	11.5151
 2.4419	11.5258
 2.4408	11.5351
 2.4396	11.5381
 2.4385	11.5566
 2.4373	11.5688
 2.4362	11.5713
 2.4350	11.5837
 2.4339	11.6059
 2.4327	11.5957
 2.4316	11.5879
 2.4305	11.6201
 2.4293	11.6382
 2.4282	11.6342
 2.4270	11.6220
 2.4259	11.6162
 2.4248	11.6098
 2.4236	11.6240
 2.4225	11.6228
 2.4214	11.6079
 2.4202	11.5996
 2.4191	11.5883
 2.4180	11.5947
 2.4169	11.5820
 2.4157	11.5547
 2.4146	11.5434
 2.4135	11.5351
 2.4124	11.5283
 2.4112	11.5215
 2.4101	11.5317
 2.4090	11.5273
 2.4079	11.5034
 2.4068	11.4873
 2.4056	11.4758
 2.4045	11.4770
 2.4034	11.5058
 2.4023	11.4985
 2.4012	11.4863
 2.4001	11.4966
 2.3990	11.5122
 2.3979	11.5400
 2.3967	11.5385
 2.3956	11.5551
 2.3945	11.5854
 2.3934	11.6050
 2.3923	11.6767
 2.3912	11.7168
 2.3901	11.7368
 2.3890	11.7812
 2.3879	11.8320
 2.3868	11.8891
 2.3857	11.9316
 2.3846	11.9580
 2.3835	11.9951
 2.3824	12.0381
 2.3813	12.0942
 2.3802	12.1211
 2.3791	12.1704
 2.3781	12.2129
 2.3770	12.2553
 2.3759	12.2968
 2.3748	12.3242
 2.3737	12.3564
 2.3726	12.3672
 2.3715	12.4004
 2.3704	12.4477
 2.3694	12.4699
 2.3683	12.5175
 2.3672	12.5410
 2.3661	12.5615
 2.3650	12.5952
 2.3640	12.6054
 2.3629	12.6416
 2.3618	12.6694
 2.3607	12.6836
 2.3597	12.6880
 2.3586	12.7129
 2.3575	12.7505
 2.3564	12.7871
 2.3554	12.8354
 2.3543	12.8750
 2.3532	12.8842
 2.3522	12.9135
 2.3511	12.9575
 2.3500	12.9724
 2.3490	13.0066
 2.3479	13.0363
 2.3468	13.0461
 2.3458	13.0590
 2.3447	13.0866
 2.3436	13.1303
 2.3426	13.1455
 2.3415	13.1482
 2.3405	13.1670
 2.3394	13.1977
 2.3384	13.2055
 2.3373	13.1831
 2.3363	13.1989
 2.3352	13.2209
 2.3342	13.2187
 2.3331	13.2060
 2.3321	13.2143
 2.3310	13.2173
 2.3300	13.2385
 2.3289	13.2534
 2.3279	13.2583
 2.3268	13.2883
 2.3258	13.2702
 2.3247	13.2653
 2.3237	13.2407
 2.3226	13.2019
 2.3216	13.1975
 2.3206	13.2131
 2.3195	13.1967
 2.3185	13.1779
 2.3175	13.1655
 2.3164	13.1281
 2.3154	13.0822
 2.3144	13.0549
 2.3133	13.0263
 2.3123	12.9785
 2.3113	12.9328
 2.3102	12.8850
 2.3092	12.8276
 2.3082	12.7365
 2.3071	12.6653
 2.3061	12.6013
 2.3051	12.5244
 2.3041	12.4611
 2.3030	12.3879
 2.3020	12.2758
 2.3010	12.1853
 2.3000	12.0581
 2.2990	11.9675
 2.2979	11.9038
 2.2969	11.8296
 2.2959	11.7346
 2.2949	11.6633
 2.2939	11.5871
 2.2929	11.5166
 2.2918	11.4594
 2.2908	11.4177
 2.2898	11.3740
 2.2888	11.3386
 2.2878	11.3576
 2.2868	11.3808
 2.2858	11.3840
 2.2848	11.4021
 2.2838	11.4633
 2.2828	11.5122
 2.2818	11.5639
 2.2808	11.6179
 2.2798	11.6967
 2.2787	11.7966
 2.2777	11.9026
 2.2767	11.9885
 2.2757	12.0830
 2.2747	12.1960
 2.2738	12.2964
 2.2728	12.4150
 2.2718	12.5329
 2.2708	12.6142
 2.2698	12.6816
 2.2688	12.7815
 2.2678	12.8838
 2.2668	12.9804
 2.2658	13.0861
 2.2648	13.1513
 2.2638	13.2339
 2.2628	13.3286
 2.2618	13.3713
 2.2609	13.4091
 2.2599	13.5058
 2.2589	13.5918
 2.2579	13.6333
 2.2569	13.6616
 2.2559	13.6699
 2.2550	13.6733
 2.2540	13.6992
 2.2530	13.7285
 2.2520	13.7563
 2.2510	13.7912
 2.2501	13.7780
 2.2491	13.7385
 2.2481	13.7739
 2.2471	13.8120
 2.2462	13.8017
 2.2452	13.8012
 2.2442	13.8066
 2.2433	13.7954
 2.2423	13.7964
 2.2413	13.7795
 2.2403	13.7622
 2.2394	13.7480
 2.2384	13.7719
 2.2374	13.7866
 2.2365	13.8022
 2.2355	13.7920
 2.2345	13.7570
 2.2336	13.7343
 2.2326	13.7346
 2.2317	13.7607
 2.2307	13.7744
 2.2297	13.7619
 2.2288	13.7695
 2.2278	13.7841
 2.2269	13.8178
 2.2259	13.8217
 2.2250	13.8159
 2.2240	13.8530
 2.2231	13.8911
 2.2221	13.9116
 2.2211	13.9865
 2.2202	14.0688
 2.2192	14.0793
 2.2183	14.0630
 2.2173	14.0901
 2.2164	14.1294
 2.2155	14.1516
 2.2145	14.1731
 2.2136	14.2036
 2.2126	14.2190
 2.2117	14.2412
 2.2107	14.2685
 2.2098	14.3100
 2.2088	14.3391
 2.2079	14.3247
 2.2070	14.3645
 2.2060	14.3950
 2.2051	14.3859
 2.2041	14.4094
 2.2032	14.4384
 2.2023	14.4885
 2.2013	14.5019
 2.2004	14.4817
 2.1995	14.5029
 2.1985	14.5256
 2.1976	14.5432
 2.1967	14.5393
 2.1957	14.5669
 2.1948	14.5793
 2.1939	14.5722
 2.1930	14.5927
 2.1920	14.6264
 2.1911	14.5913
 2.1902	14.5930
 2.1893	14.6118
 2.1883	14.6167
 2.1874	14.6132
 2.1865	14.6001
 2.1856	14.6284
 2.1846	14.6733
 2.1837	14.6782
 2.1828	14.6606
 2.1819	14.7072
 2.1810	14.7065
 2.1800	14.6984
 2.1791	14.7378
 2.1782	14.8127
 2.1773	14.8088
 2.1764	14.8156
 2.1755	14.8557
 2.1746	14.8974
 2.1736	14.9211
 2.1727	14.9150
 2.1718	14.9038
 2.1709	14.9289
 2.1700	14.9619
 2.1691	14.9790
 2.1682	14.9907
 2.1673	14.9934
 2.1664	15.0034
 2.1655	15.0361
 2.1646	15.0307
 2.1637	15.0449
 2.1628	15.0600
 2.1619	15.0625
 2.1610	15.0764
 2.1601	15.0937
 2.1592	15.1045
 2.1583	15.1301
 2.1574	15.1582
 2.1565	15.1342
 2.1556	15.1333
 2.1547	15.1142
 2.1538	15.1157
 2.1529	15.1328
 2.1520	15.1106
 2.1511	15.1191
 2.1502	15.1621
 2.1493	15.1367
 2.1484	15.1020
 2.1475	15.0849
 2.1466	15.1311
 2.1458	15.1733
 2.1449	15.1504
 2.1440	15.1372
 2.1431	15.1743
 2.1422	15.2024
 2.1413	15.1809
 2.1404	15.1750
 2.1396	15.1704
 2.1387	15.1816
 2.1378	15.1694
 2.1369	15.1818
 2.1360	15.1965
 2.1352	15.1682
 2.1343	15.1489
 2.1334	15.1464
 2.1325	15.1406
 2.1316	15.1428
 2.1308	15.1508
 2.1299	15.1391
 2.1290	15.1557
 2.1281	15.1604
 2.1273	15.1665
 2.1264	15.1867
 2.1255	15.1692
 2.1247	15.1694
 2.1238	15.1904
 2.1229	15.2212
 2.1220	15.2063
 2.1212	15.1904
 2.1203	15.2375
 2.1194	15.2978
 2.1186	15.2451
 2.1177	15.1945
 2.1168	15.1738
 2.1160	15.1601
 2.1151	15.1972
 2.1143	15.2307
 2.1134	15.2492
 2.1125	15.2597
 2.1117	15.2358
 2.1108	15.2231
 2.1100	15.2483
 2.1091	15.2717
 2.1082	15.2627
 2.1074	15.2212
 2.1065	15.2365
 2.1057	15.2544
 2.1048	15.2666
 2.1040	15.2675
 2.1031	15.2483
 2.1023	15.2187
 2.1014	15.2326
 2.1005	15.2553
 2.0997	15.2473
 2.0988	15.2277
 2.0980	15.2539
 2.0971	15.2812
 2.0963	15.2685
 2.0955	15.2942
 2.0946	15.2834
 2.0938	15.3068
 2.0929	15.3020
 2.0921	15.2822
 2.0912	15.3046
 2.0904	15.3254
 2.0895	15.3618
 2.0887	15.3647
 2.0879	15.3359
 2.0870	15.3049
 2.0862	15.2851
 2.0853	15.3361
 2.0845	15.3359
 2.0837	15.3088
 2.0828	15.2990
 2.0820	15.2873
 2.0812	15.2766
 2.0803	15.2981
 2.0795	15.3322
