Name: Chlorite
Type: Mineral
Class: Silicate
Subclass: Phyllosilicate
Particle Size: Medium
Sample No.: PS-12C
Owner: JPL
Wavelength Range: VSWIR
Origin: USA, California
Collection Date: N/A
Description: Particle size was 45-125um.Collected by Ward's Original ASTER Spectral Library name was jpl.beckman.mineral.silicate.phyllosilicate.medium.ps12c.spectrum.txt
Measurement: Hemispherical reflectance
First Column: X
Second Column: Y
X Units: Wavelength (micrometers)
Y Units:Reflectance (percent)
First X Value:  0.4000
Last X Value:  2.5000
Number of X Values: 826
Additional Information: mineral.silicate.phyllosilicate.medium.vswir.ps-12c.jpl.beckman.ancillary.txt

 0.4000	17.3100
 0.4010	17.3900
 0.4020	17.4400
 0.4030	17.5400
 0.4040	17.6900
 0.4050	17.5600
 0.4060	17.7100
 0.4070	17.7400
 0.4080	17.8300
 0.4090	18.0900
 0.4100	18.0000
 0.4110	18.2000
 0.4120	18.3200
 0.4130	18.4300
 0.4140	18.5800
 0.4150	18.6400
 0.4160	18.7800
 0.4170	18.9800
 0.4180	18.9800
 0.4190	19.2000
 0.4200	19.2900
 0.4210	19.4100
 0.4220	19.7300
 0.4230	19.6000
 0.4240	19.8300
 0.4250	19.9200
 0.4260	20.0200
 0.4270	20.1300
 0.4280	20.1600
 0.4290	20.1800
 0.4300	20.4100
 0.4310	20.3600
 0.4320	20.4400
 0.4330	20.5700
 0.4340	20.6800
 0.4350	20.8700
 0.4360	20.8300
 0.4370	21.1400
 0.4380	21.2100
 0.4390	21.2500
 0.4400	21.3200
 0.4410	21.3000
 0.4420	21.4700
 0.4430	21.5500
 0.4440	21.4200
 0.4450	21.3900
 0.4460	21.3100
 0.4470	21.3600
 0.4480	21.5000
 0.4490	21.3900
 0.4500	21.5700
 0.4510	21.4900
 0.4520	21.6000
 0.4530	21.7300
 0.4540	21.7000
 0.4550	21.9400
 0.4560	21.9900
 0.4570	22.1300
 0.4580	22.2900
 0.4590	22.2300
 0.4600	22.4400
 0.4610	22.6300
 0.4620	22.7900
 0.4630	22.8600
 0.4640	23.1200
 0.4650	23.0400
 0.4660	23.3600
 0.4670	23.5700
 0.4680	23.5700
 0.4690	23.6400
 0.4700	23.8400
 0.4710	24.0900
 0.4720	24.3800
 0.4730	24.4200
 0.4740	24.5000
 0.4750	24.6900
 0.4760	24.7700
 0.4770	24.9600
 0.4780	25.0700
 0.4790	25.2800
 0.4800	25.4000
 0.4810	25.4900
 0.4820	25.5700
 0.4830	25.7000
 0.4840	25.7400
 0.4850	25.9300
 0.4860	25.8800
 0.4870	25.7200
 0.4880	25.8100
 0.4890	25.7400
 0.4900	25.8100
 0.4910	25.7000
 0.4920	25.7100
 0.4930	25.9000
 0.4940	25.8500
 0.4950	26.0000
 0.4960	26.0600
 0.4970	26.2400
 0.4980	26.5100
 0.4990	26.4800
 0.5000	26.6200
 0.5010	26.6100
 0.5020	26.7200
 0.5030	26.9200
 0.5040	26.8400
 0.5050	26.9600
 0.5060	26.9900
 0.5070	26.9300
 0.5080	27.0800
 0.5090	26.9200
 0.5100	27.0800
 0.5110	27.2300
 0.5120	27.0600
 0.5130	27.1100
 0.5140	27.0100
 0.5150	27.0700
 0.5160	27.2200
 0.5170	27.0600
 0.5180	26.9800
 0.5190	27.0800
 0.5200	27.1200
 0.5210	27.1900
 0.5220	26.9700
 0.5230	27.0300
 0.5240	27.0600
 0.5250	26.9600
 0.5260	26.9000
 0.5270	26.8900
 0.5280	26.8700
 0.5290	27.0100
 0.5300	26.8800
 0.5310	26.7700
 0.5320	26.8100
 0.5330	26.7900
 0.5340	26.8800
 0.5350	26.8400
 0.5360	26.8400
 0.5370	26.8100
 0.5380	26.8300
 0.5390	26.9200
 0.5400	26.7300
 0.5410	26.8100
 0.5420	26.8800
 0.5430	26.8100
 0.5440	26.8200
 0.5450	26.7900
 0.5460	26.8600
 0.5470	26.9600
 0.5480	26.8300
 0.5490	26.7800
 0.5500	26.9000
 0.5510	26.7500
 0.5520	26.8200
 0.5530	26.7500
 0.5540	26.8700
 0.5550	26.9600
 0.5560	26.7400
 0.5570	26.6900
 0.5580	26.6900
 0.5590	26.8700
 0.5600	26.8700
 0.5610	26.7300
 0.5620	26.7700
 0.5630	26.6700
 0.5640	26.7000
 0.5650	26.6200
 0.5660	26.5000
 0.5670	26.6400
 0.5680	26.4900
 0.5690	26.4100
 0.5700	26.4600
 0.5710	26.4000
 0.5720	26.4000
 0.5730	26.2400
 0.5740	26.1100
 0.5750	26.2300
 0.5760	26.2300
 0.5770	26.0900
 0.5780	26.0000
 0.5790	25.9100
 0.5800	26.0000
 0.5810	25.8200
 0.5820	25.7900
 0.5830	25.8200
 0.5840	25.6800
 0.5850	25.6800
 0.5860	25.4600
 0.5870	25.3800
 0.5880	25.5300
 0.5890	25.5100
 0.5900	25.3700
 0.5910	25.3200
 0.5920	25.1800
 0.5930	25.2200
 0.5940	25.1300
 0.5950	25.1600
 0.5960	25.0600
 0.5970	24.9500
 0.5980	24.9900
 0.5990	24.8500
 0.6000	24.6900
 0.6010	24.7700
 0.6020	24.7900
 0.6030	24.6700
 0.6040	24.5300
 0.6050	24.5000
 0.6060	24.5300
 0.6070	24.4600
 0.6080	24.2300
 0.6090	24.3200
 0.6100	24.1500
 0.6110	24.1300
 0.6120	24.0200
 0.6130	24.0100
 0.6140	24.0400
 0.6150	23.9400
 0.6160	23.8000
 0.6170	23.7600
 0.6180	23.5700
 0.6190	23.6300
 0.6200	23.4700
 0.6210	23.4400
 0.6220	23.4100
 0.6230	23.2000
 0.6240	23.2400
 0.6250	23.1400
 0.6260	23.0100
 0.6270	23.0800
 0.6280	22.9900
 0.6290	22.9600
 0.6300	22.7900
 0.6310	22.7000
 0.6320	22.6900
 0.6330	22.7500
 0.6340	22.5600
 0.6350	22.5400
 0.6360	22.4300
 0.6370	22.4100
 0.6380	22.2600
 0.6390	22.3300
 0.6400	22.2000
 0.6410	22.0500
 0.6420	22.0900
 0.6430	21.9500
 0.6440	21.8900
 0.6450	21.8700
 0.6460	21.8600
 0.6470	21.8900
 0.6480	21.7200
 0.6490	21.5300
 0.6500	21.4900
 0.6510	21.4600
 0.6520	21.4800
 0.6530	21.3300
 0.6540	21.1800
 0.6550	21.3300
 0.6560	21.1800
 0.6570	21.0900
 0.6580	21.0900
 0.6590	21.0200
 0.6600	20.9500
 0.6610	20.9700
 0.6620	20.7900
 0.6630	20.8600
 0.6640	20.8800
 0.6650	20.7100
 0.6660	20.7300
 0.6670	20.5700
 0.6680	20.6300
 0.6690	20.4900
 0.6700	20.4800
 0.6710	20.4600
 0.6720	20.4100
 0.6730	20.3500
 0.6740	20.2800
 0.6750	20.2000
 0.6760	20.2300
 0.6770	20.3000
 0.6780	20.1600
 0.6790	20.1200
 0.6800	20.0300
 0.6810	20.0600
 0.6820	19.9900
 0.6830	19.9100
 0.6840	19.9300
 0.6850	19.9700
 0.6860	19.9800
 0.6870	19.8200
 0.6880	19.7400
 0.6890	19.8200
 0.6900	19.8700
 0.6910	19.7400
 0.6920	19.8100
 0.6930	19.6700
 0.6940	19.6700
 0.6950	19.6000
 0.6960	19.6900
 0.6970	19.6800
 0.6980	19.5600
 0.6990	19.5600
 0.7000	19.4800
 0.7010	19.5100
 0.7020	19.6300
 0.7030	19.5500
 0.7040	19.6000
 0.7050	19.4800
 0.7060	19.4900
 0.7070	19.6200
 0.7080	19.5200
 0.7090	19.4300
 0.7100	19.4700
 0.7110	19.4800
 0.7120	19.5800
 0.7130	19.3900
 0.7140	19.5200
 0.7150	19.6000
 0.7160	19.5600
 0.7170	19.5800
 0.7180	19.5500
 0.7190	19.6900
 0.7200	19.7400
 0.7210	19.5300
 0.7220	19.6000
 0.7230	19.5600
 0.7240	19.6300
 0.7250	19.7500
 0.7260	19.6300
 0.7270	19.7800
 0.7280	19.7500
 0.7290	19.7400
 0.7300	19.8600
 0.7310	19.8300
 0.7320	19.8600
 0.7330	20.0400
 0.7340	19.9500
 0.7350	19.9600
 0.7360	19.9200
 0.7370	20.0400
 0.7380	20.2400
 0.7390	20.2200
 0.7400	20.1800
 0.7410	20.2100
 0.7420	20.1500
 0.7430	20.3700
 0.7440	20.3100
 0.7450	20.3700
 0.7460	20.5900
 0.7470	20.4800
 0.7480	20.5100
 0.7490	20.5300
 0.7500	20.6000
 0.7510	20.7900
 0.7520	20.6700
 0.7530	20.6500
 0.7540	20.7500
 0.7550	20.8200
 0.7560	20.9100
 0.7570	20.8200
 0.7580	20.9700
 0.7590	21.1800
 0.7600	21.1300
 0.7610	21.2300
 0.7620	21.2200
 0.7630	21.2600
 0.7640	21.4600
 0.7650	21.4800
 0.7660	21.4200
 0.7670	21.5200
 0.7680	21.5600
 0.7690	21.6600
 0.7700	21.5700
 0.7710	21.7500
 0.7720	21.9400
 0.7730	21.8300
 0.7740	21.9600
 0.7750	21.9100
 0.7760	21.9800
 0.7770	22.1600
 0.7780	22.0400
 0.7790	22.1000
 0.7800	22.1400
 0.7810	22.2000
 0.7820	22.3600
 0.7830	22.1700
 0.7840	22.3400
 0.7850	22.5200
 0.7860	22.4200
 0.7870	22.4200
 0.7880	22.4400
 0.7890	22.5100
 0.7900	22.6600
 0.7910	22.4800
 0.7920	22.5800
 0.7930	22.5900
 0.7940	22.5700
 0.7950	22.7500
 0.7960	22.6300
 0.7970	22.7000
 0.7980	22.6800
 0.7990	22.6800
 0.8000	23.0100
 0.8040	23.0000
 0.8080	22.9500
 0.8120	22.8800
 0.8160	22.9200
 0.8200	22.8200
 0.8240	22.7200
 0.8280	22.5700
 0.8320	22.4400
 0.8360	22.3700
 0.8400	22.2700
 0.8440	22.1100
 0.8480	21.9800
 0.8520	21.8400
 0.8560	21.7600
 0.8600	21.7600
 0.8640	21.5900
 0.8680	21.6200
 0.8720	21.4900
 0.8760	21.4100
 0.8800	21.3500
 0.8840	21.4300
 0.8880	21.3800
 0.8920	21.4000
 0.8960	21.4000
 0.9000	21.5500
 0.9040	21.5900
 0.9080	21.6700
 0.9120	21.7300
 0.9160	21.7700
 0.9200	21.9800
 0.9240	22.0300
 0.9280	22.2700
 0.9320	22.4100
 0.9360	22.4200
 0.9400	22.5600
 0.9440	22.7200
 0.9480	22.9600
 0.9520	23.0800
 0.9560	23.2600
 0.9600	23.3500
 0.9640	23.5600
 0.9680	23.7100
 0.9720	23.8300
 0.9760	23.9200
 0.9800	23.9800
 0.9840	24.1500
 0.9880	24.2200
 0.9920	24.3200
 0.9960	24.4300
 1.0000	24.4300
 1.0040	24.4600
 1.0080	24.5400
 1.0120	24.6000
 1.0160	24.6100
 1.0200	24.6200
 1.0240	24.6400
 1.0280	24.6100
 1.0320	24.6400
 1.0360	24.7600
 1.0400	24.7600
 1.0440	24.7100
 1.0480	24.6900
 1.0520	24.6500
 1.0560	24.7500
 1.0600	24.7900
 1.0640	24.6900
 1.0680	24.8000
 1.0720	24.8400
 1.0760	24.9100
 1.0800	24.9400
 1.0840	24.9500
 1.0880	24.9900
 1.0920	25.0200
 1.0960	25.0900
 1.1000	25.1800
 1.1040	25.3000
 1.1080	25.4000
 1.1120	25.4300
 1.1160	25.4900
 1.1200	25.6200
 1.1240	25.7800
 1.1280	25.8900
 1.1320	25.9900
 1.1360	26.1100
 1.1400	26.3100
 1.1440	26.4900
 1.1480	26.5800
 1.1520	26.7500
 1.1560	26.8600
 1.1600	27.0300
 1.1640	27.2100
 1.1680	27.5000
 1.1720	27.6200
 1.1760	27.8100
 1.1800	27.9000
 1.1840	28.1600
 1.1880	28.5100
 1.1920	28.7300
 1.1960	28.9400
 1.2000	29.1200
 1.2040	29.4000
 1.2080	29.6800
 1.2120	29.8800
 1.2160	30.1400
 1.2200	30.4000
 1.2240	30.6100
 1.2280	30.8700
 1.2320	31.2000
 1.2360	31.5500
 1.2400	31.6900
 1.2440	31.9500
 1.2480	32.2600
 1.2520	32.4900
 1.2560	32.8200
 1.2600	33.0600
 1.2640	33.3600
 1.2680	33.5800
 1.2720	33.8800
 1.2760	34.1800
 1.2800	34.4700
 1.2840	34.7100
 1.2880	34.9000
 1.2920	35.2100
 1.2960	35.4800
 1.3000	35.7700
 1.3040	35.9400
 1.3080	36.2000
 1.3120	36.4900
 1.3160	36.8700
 1.3200	37.0900
 1.3240	37.3700
 1.3280	37.6500
 1.3320	37.9500
 1.3360	38.2400
 1.3400	38.5300
 1.3440	38.7500
 1.3480	39.0100
 1.3520	39.3000
 1.3560	39.5300
 1.3600	39.8400
 1.3640	40.1300
 1.3680	40.2200
 1.3720	40.3100
 1.3760	39.6900
 1.3800	37.1700
 1.3840	34.6400
 1.3880	34.7300
 1.3920	36.5500
 1.3960	38.2500
 1.4000	39.0700
 1.4040	39.4800
 1.4080	39.9000
 1.4120	40.3600
 1.4160	40.7300
 1.4200	40.8400
 1.4240	40.9300
 1.4280	40.8800
 1.4320	40.8800
 1.4360	41.0100
 1.4400	41.2500
 1.4440	41.6900
 1.4480	42.0400
 1.4520	42.4600
 1.4560	42.9200
 1.4600	43.3000
 1.4640	43.6800
 1.4680	44.1300
 1.4720	44.4500
 1.4760	44.7200
 1.4800	44.9200
 1.4840	45.1800
 1.4880	45.3500
 1.4920	45.5500
 1.4960	45.7300
 1.5000	45.7200
 1.5040	45.8600
 1.5080	45.9900
 1.5120	46.2200
 1.5160	46.3600
 1.5200	46.5000
 1.5240	46.5600
 1.5280	46.7000
 1.5320	46.9900
 1.5360	47.2800
 1.5400	47.4800
 1.5440	47.6900
 1.5480	47.9100
 1.5520	48.1700
 1.5560	48.4100
 1.5600	48.6700
 1.5640	49.0000
 1.5680	49.3800
 1.5720	49.5200
 1.5760	49.8900
 1.5800	50.1800
 1.5840	50.5800
 1.5880	50.9500
 1.5920	51.2900
 1.5960	51.5300
 1.6000	51.7600
 1.6040	52.1300
 1.6080	52.4600
 1.6120	52.7600
 1.6160	53.0400
 1.6200	53.3600
 1.6240	53.5800
 1.6280	53.8600
 1.6320	54.1600
 1.6360	54.5100
 1.6400	54.7700
 1.6440	54.9800
 1.6480	55.2200
 1.6520	55.5000
 1.6560	55.8100
 1.6600	56.0800
 1.6640	56.2900
 1.6680	56.4300
 1.6720	56.6200
 1.6760	56.9300
 1.6800	57.2600
 1.6840	57.4500
 1.6880	57.6300
 1.6920	57.8300
 1.6960	58.0400
 1.7000	58.2100
 1.7040	58.4900
 1.7080	58.6200
 1.7120	58.7500
 1.7160	58.9500
 1.7200	59.1200
 1.7240	59.3000
 1.7280	59.4600
 1.7320	59.5200
 1.7360	59.7300
 1.7400	59.9100
 1.7440	60.0800
 1.7480	60.1300
 1.7520	60.2900
 1.7560	60.4400
 1.7600	60.5200
 1.7640	60.6400
 1.7680	60.7800
 1.7720	60.8600
 1.7760	61.0000
 1.7800	61.0800
 1.7840	61.1000
 1.7880	61.1900
 1.7920	61.2700
 1.7960	61.3600
 1.8000	61.3700
 1.8040	61.2500
 1.8080	61.2300
 1.8120	61.2300
 1.8160	61.2300
 1.8200	61.2100
 1.8240	61.1300
 1.8280	61.0200
 1.8320	60.8600
 1.8360	60.6500
 1.8400	60.5300
 1.8440	60.2200
 1.8480	60.0900
 1.8520	59.7900
 1.8560	59.5500
 1.8600	59.2500
 1.8640	59.0000
 1.8680	58.8600
 1.8720	58.7400
 1.8760	58.6400
 1.8800	58.7800
 1.8840	58.9200
 1.8880	59.1900
 1.8920	59.3700
 1.8960	59.4500
 1.9000	59.4900
 1.9040	59.4500
 1.9080	59.4100
 1.9120	59.4100
 1.9160	59.4300
 1.9200	59.2400
 1.9240	59.0800
 1.9280	58.8700
 1.9320	58.6400
 1.9360	58.3400
 1.9400	57.9700
 1.9440	57.5700
 1.9480	57.2600
 1.9520	56.9600
 1.9560	56.7000
 1.9600	56.5100
 1.9640	56.1100
 1.9680	55.8800
 1.9720	55.6100
 1.9760	55.3500
 1.9800	55.2500
 1.9840	55.1800
 1.9880	55.1400
 1.9920	55.3000
 1.9960	55.4700
 2.0000	55.7900
 2.0040	56.2600
 2.0080	56.6900
 2.0120	57.2400
 2.0160	57.9800
 2.0200	58.7000
 2.0240	59.4700
 2.0280	60.1600
 2.0320	60.8300
 2.0360	61.3200
 2.0400	61.9600
 2.0440	62.5000
 2.0480	62.9000
 2.0520	63.4300
 2.0560	63.6900
 2.0600	64.0300
 2.0640	64.3200
 2.0680	64.5500
 2.0720	64.6700
 2.0760	64.8300
 2.0800	64.8400
 2.0840	64.8000
 2.0880	64.6000
 2.0920	64.3200
 2.0960	64.1900
 2.1000	63.9500
 2.1040	63.9400
 2.1080	63.8700
 2.1120	63.8500
 2.1160	63.9300
 2.1200	63.9500
 2.1240	64.0400
 2.1280	64.1600
 2.1320	64.0600
 2.1360	63.9600
 2.1400	63.9000
 2.1440	63.7900
 2.1480	63.5500
 2.1520	63.3200
 2.1560	63.1700
 2.1600	62.7500
 2.1640	62.5000
 2.1680	62.1100
 2.1720	61.7900
 2.1760	61.3400
 2.1800	60.8400
 2.1840	60.2200
 2.1880	59.6100
 2.1920	59.0400
 2.1960	58.3600
 2.2000	57.6300
 2.2040	56.7100
 2.2080	55.5700
 2.2120	54.3900
 2.2160	52.9000
 2.2200	51.1100
 2.2240	49.1600
 2.2280	47.0600
 2.2320	45.0600
 2.2360	43.3700
 2.2400	42.1500
 2.2440	41.3100
 2.2480	40.9000
 2.2520	40.6600
 2.2560	40.6800
 2.2600	40.7100
 2.2640	40.5300
 2.2680	40.1700
 2.2720	39.6200
 2.2760	38.9600
 2.2800	38.0200
 2.2840	37.0400
 2.2880	36.1400
 2.2920	35.2900
 2.2960	34.4200
 2.3000	33.6600
 2.3040	32.7600
 2.3080	32.0900
 2.3120	31.5800
 2.3160	31.2000
 2.3200	30.9400
 2.3240	30.9000
 2.3280	30.9600
 2.3320	31.2100
 2.3360	31.6500
 2.3400	32.3000
 2.3440	33.1700
 2.3480	34.0300
 2.3520	34.9100
 2.3560	35.7800
 2.3600	36.6300
 2.3640	37.3900
 2.3680	37.9900
 2.3720	38.5000
 2.3760	38.8300
 2.3800	39.1000
 2.3840	39.4500
 2.3880	39.7600
 2.3920	40.2600
 2.3960	40.7100
 2.4000	41.2000
 2.4040	41.5600
 2.4080	41.6700
 2.4120	41.8000
 2.4160	41.8200
 2.4200	41.5800
 2.4240	41.2100
 2.4280	40.8300
 2.4320	40.3100
 2.4360	39.8500
 2.4400	39.2500
 2.4440	38.7200
 2.4480	38.2600
 2.4520	37.7900
 2.4560	37.2200
 2.4600	36.7400
 2.4640	36.4600
 2.4680	36.2200
 2.4720	36.0500
 2.4760	35.9600
 2.4800	35.9300
 2.4840	35.8000
 2.4880	35.8800
 2.4920	35.8700
 2.4960	35.9900
 2.5000	36.0500
