Name: Spodumene LiAlSi2O6
Type: Mineral
Class: Silicate
Subclass: Inosilicate
Particle Size: Solid
Sample No.: spodum_1
Owner: JHU
Wavelength Range: TIR
Origin: Anita Mine, Pala Chief Hill, Pala, San Diego Co., California, USAvia the Smithsonian (sample no. NMNH 12430-1)
Collection Date: N/A
Description: The hand sample was 3 cm x 1 cm x 1 cm, transparent, with a small amount of iron staining.  No foreign material was noted under the microscope. Sample had cleavage face.(Framework silicates); Pyroxene Group Original ASTER Spectral Library name was jhu.nicolet.mineral.silicate.inosilicate.solid.spodum1.spectrum.txt
Measurement: Bidirectional reflectance
First Column: X
Second Column: Y
X Units: Wavelength (micrometers)
Y Units:Reflectance (percent)
First X Value: 25.0442
Last X Value:  2.0795
Number of X Values: 2287
Additional Information: mineral.silicate.inosilicate.solid.tir.spodum_1.jhu.nicolet.ancillary.txt

25.0442	25.5859
24.9238	27.6406
24.8045	28.5429
24.6864	28.5292
24.5694	27.6659
24.4536	25.7109
24.3388	22.9492
24.2250	20.4999
24.1124	19.4892
24.0007	19.5332
23.8901	20.1171
23.7805	20.6328
23.6719	20.9306
23.5643	21.3671
23.4577	21.8359
23.3520	22.4111
23.2473	22.8769
23.1435	23.2245
23.0407	23.6806
22.9387	24.2372
22.8377	24.9091
22.7375	25.5126
22.6382	26.3085
22.5398	27.1943
22.4422	28.1073
22.3455	29.2216
22.2496	30.2089
22.1545	30.6562
22.0602	30.6073
21.9668	30.5116
21.8741	31.1298
21.7822	32.7987
21.6910	34.5551
21.6007	36.5316
21.5110	38.0570
21.4221	39.4413
21.3340	40.9198
21.2465	42.3891
21.1598	44.1366
21.0738	45.9823
20.9885	47.1625
20.9038	48.4901
20.8199	49.5760
20.7366	50.4750
20.6540	50.9139
20.5720	51.1234
20.4907	51.1507
20.4100	51.3104
20.3300	51.1268
20.2506	50.5555
20.1718	49.3988
20.0936	47.9188
20.0160	45.9559
19.9391	43.4340
19.8627	40.4325
19.7869	38.1020
19.7116	36.4106
19.6370	35.5722
19.5628	35.3271
19.4893	35.5522
19.4163	36.0390
19.3439	37.1054
19.2719	38.3773
19.2006	39.3886
19.1297	40.2953
19.0594	41.0468
18.9896	41.7167
18.9203	42.4799
18.8515	43.1449
18.7832	43.8446
18.7153	44.5243
18.6480	45.2384
18.5812	45.8798
18.5148	46.4904
18.4489	47.0597
18.3835	47.4386
18.3185	47.5028
18.2541	47.2159
18.1900	46.2919
18.1264	44.7655
18.0633	42.9474
18.0005	41.2511
17.9382	40.3661
17.8764	40.6261
17.8150	41.4374
17.7539	42.3439
17.6934	43.2247
17.6332	44.1639
17.5734	45.0643
17.5140	45.7987
17.4551	46.5233
17.3965	47.4110
17.3383	48.2277
17.2805	49.0878
17.2231	49.9249
17.1661	50.6981
17.1094	51.3905
17.0531	52.1046
16.9972	52.5819
16.9417	52.9298
16.8865	53.1864
16.8317	53.3534
16.7772	53.2713
16.7231	53.2081
16.6693	53.0021
16.6159	52.7245
16.5628	52.3016
16.5100	51.8382
16.4576	51.1359
16.4055	50.4159
16.3538	49.4999
16.3024	48.4432
16.2513	47.2765
16.2005	46.1566
16.1500	45.0060
16.0998	43.9979
16.0500	43.0597
16.0005	42.2413
15.9513	41.3849
15.9023	40.7069
15.8537	40.0568
15.8054	39.3583
15.7573	38.6327
15.7096	38.0009
15.6621	37.3351
15.6149	36.7372
15.5680	36.1147
15.5214	35.4174
15.4751	34.6222
15.4290	33.9023
15.3832	33.0199
15.3377	32.1222
15.2925	31.1359
15.2475	30.2209
15.2028	29.2580
15.1583	28.2424
15.1141	27.0556
15.0702	25.7685
15.0265	24.6796
14.9831	23.5820
14.9399	21.0673
14.8970	19.8820
14.8543	18.6709
14.8119	17.2600
14.7697	15.8859
14.7277	14.8029
14.6860	13.8149
14.6445	12.9953
14.6033	12.2746
14.5622	11.8022
14.5214	11.5119
14.4809	11.5129
14.4405	11.5815
14.4004	11.7912
14.3605	11.9863
14.3209	12.2685
14.2814	12.5110
14.2422	12.7353
14.2032	12.9560
14.1643	13.1992
14.1258	13.3657
14.0874	13.5402
14.0492	13.7121
14.0112	13.9043
13.9734	14.0664
13.9359	14.2317
13.8985	14.3957
13.8614	14.5713
13.8244	14.6682
13.7876	14.7724
13.7511	14.9199
13.7147	15.0864
13.6785	15.1948
13.6425	15.2778
13.6067	15.3752
13.5711	15.5039
13.5356	15.6076
13.5004	15.6923
13.4653	15.8137
13.4304	15.9702
13.3957	16.0722
13.3612	16.1567
13.3269	16.2790
13.2927	16.3859
13.2587	16.4543
13.2249	16.5612
13.1912	16.6591
13.1577	16.7182
13.1244	16.7895
13.0913	16.9113
13.0583	17.0004
13.0255	17.0688
12.9929	17.1921
12.9604	17.2824
12.9281	17.3320
12.8959	17.4221
12.8639	17.5161
12.8321	17.5903
12.8004	17.6679
12.7688	17.7270
12.7375	17.7526
12.7063	17.8256
12.6752	17.9206
12.6443	18.0361
12.6135	18.1220
12.5829	18.1926
12.5524	18.2707
12.5221	18.3501
12.4919	18.4397
12.4619	18.5056
12.4320	18.5710
12.4023	18.6958
12.3727	18.8269
12.3432	18.9140
12.3139	19.0205
12.2847	19.1406
12.2557	19.2338
12.2268	19.3374
12.1980	19.4594
12.1694	19.5732
12.1409	19.7045
12.1125	19.8781
12.0843	20.0358
12.0562	20.1442
12.0282	20.3217
12.0004	20.5148
11.9726	20.6831
11.9450	20.8720
11.9176	21.0803
11.8903	21.3002
11.8631	21.5380
11.8360	21.8146
11.8090	22.1489
11.7822	22.4655
11.7555	22.8266
11.7289	23.2446
11.7024	23.6525
11.6760	23.9990
11.6498	24.1845
11.6237	24.0822
11.5977	23.5888
11.5718	22.6415
11.5460	21.3478
11.5203	19.8757
11.4948	18.6040
11.4694	17.8178
11.4440	17.5288
11.4188	17.6235
11.3937	17.9096
11.3688	18.2653
11.3439	18.6628
11.3191	19.0158
11.2944	19.3325
11.2699	19.6479
11.2455	19.9516
11.2211	20.2416
11.1969	20.5192
11.1727	20.8085
11.1487	21.1186
11.1248	21.3686
11.1010	21.6362
11.0773	21.9472
11.0536	22.2626
11.0301	22.5351
11.0067	22.8300
10.9834	23.1635
10.9602	23.5014
10.9370	23.8710
10.9140	24.2900
10.8911	24.6928
10.8682	25.1337
10.8455	25.6396
10.8229	26.1757
10.8003	26.7109
10.7779	27.2826
10.7555	27.8305
10.7332	28.3202
10.7111	28.7446
10.6890	29.1786
10.6670	29.5683
10.6451	29.9228
10.6233	30.2409
10.6015	30.5204
10.5799	30.7575
10.5584	30.9804
10.5369	31.1701
10.5155	31.3398
10.4942	31.4657
10.4730	31.5619
10.4519	31.6049
10.4309	31.6396
10.4099	31.6515
10.3891	31.6435
10.3683	31.6015
10.3476	31.5651
10.3270	31.5072
10.3065	31.4272
10.2860	31.3149
10.2656	31.2062
10.2454	31.0790
10.2251	30.9482
10.2050	30.7924
10.1850	30.6288
10.1650	30.4369
10.1451	30.2328
10.1253	30.0014
10.1056	29.7140
10.0859	29.3930
10.0663	29.0507
10.0468	28.6249
10.0274	28.1601
10.0080	27.6445
 9.9887	27.1039
 9.9695	26.5749
 9.9504	26.1349
 9.9313	25.7314
 9.9123	25.3325
 9.8934	25.0038
 9.8746	24.8823
 9.8558	25.0449
 9.8371	25.4448
 9.8185	25.8837
 9.7999	26.2836
 9.7814	26.7138
 9.7630	27.2626
 9.7447	27.9106
 9.7264	28.6066
 9.7082	29.3183
 9.6900	30.0483
 9.6719	30.7218
 9.6539	31.3857
 9.6360	32.0446
 9.6181	32.6862
 9.6003	33.2973
 9.5825	33.9374
 9.5649	34.5456
 9.5472	35.1584
 9.5297	35.7729
 9.5122	36.4062
 9.4948	37.0041
 9.4774	37.6566
 9.4601	38.3805
 9.4429	39.1513
 9.4257	39.9306
 9.4086	40.8002
 9.3916	41.7001
 9.3746	42.7011
 9.3577	43.7933
 9.3408	45.0248
 9.3240	46.2299
 9.3073	47.1759
 9.2906	47.4017
 9.2740	46.7240
 9.2574	46.1669
 9.2409	47.3485
 9.2245	49.7140
 9.2081	51.9007
 9.1918	53.3775
 9.1755	54.3241
 9.1593	54.8480
 9.1431	55.2398
 9.1270	55.5370
 9.1110	55.7740
 9.0950	55.9129
 9.0791	56.0384
 9.0632	56.0394
 9.0474	56.0379
 9.0316	55.9969
 9.0159	55.9896
 9.0003	55.9266
 8.9847	55.9046
 8.9691	55.8373
 8.9536	55.7528
 8.9382	55.6161
 8.9228	55.5035
 8.9075	55.2899
 8.8922	55.0555
 8.8770	54.7289
 8.8618	54.3285
 8.8467	53.7777
 8.8316	53.1752
 8.8166	52.3968
 8.8016	51.4781
 8.7867	50.3841
 8.7718	49.1935
 8.7570	47.8163
 8.7422	46.3729
 8.7275	44.8412
 8.7129	43.3341
 8.6982	41.8266
 8.6837	40.4664
 8.6692	39.2799
 8.6547	38.3236
 8.6403	37.6415
 8.6259	37.3271
 8.6116	37.2270
 8.5973	37.3256
 8.5830	37.5272
 8.5688	37.7880
 8.5547	38.0326
 8.5406	38.3117
 8.5266	38.5426
 8.5126	38.7291
 8.4986	38.8136
 8.4847	38.8427
 8.4708	38.7353
 8.4570	38.5053
 8.4432	38.1083
 8.4295	37.5756
 8.4158	36.8585
 8.4022	36.0341
 8.3886	35.1042
 8.3750	34.1025
 8.3615	33.0512
 8.3481	32.0453
 8.3347	31.1054
 8.3213	30.3437
 8.3079	29.8012
 8.2946	29.4906
 8.2814	29.3141
 8.2682	29.2802
 8.2550	29.3039
 8.2419	29.3481
 8.2288	29.3874
 8.2158	29.4509
 8.2028	29.4638
 8.1898	29.4467
 8.1769	29.3866
 8.1640	29.3188
 8.1512	29.2214
 8.1384	29.1471
 8.1256	29.0085
 8.1129	28.8427
 8.1002	28.6401
 8.0876	28.4133
 8.0750	28.1178
 8.0624	27.8034
 8.0499	27.4636
 8.0374	27.0912
 8.0250	26.6467
 8.0126	26.1887
 8.0002	25.6750
 7.9879	25.1154
 7.9756	24.4958
 7.9634	23.8434
 7.9512	23.1259
 7.9390	22.4020
 7.9268	21.6369
 7.9147	20.8264
 7.9027	19.9728
 7.8906	19.1228
 7.8786	18.2431
 7.8667	17.3366
 7.8548	16.4033
 7.8429	15.4348
 7.8310	14.3994
 7.8192	13.3347
 7.8075	12.2180
 7.7957	11.0696
 7.7840	 9.9282
 7.7723	 8.8386
 7.7607	 7.8179
 7.7491	 6.9228
 7.7375	 6.2099
 7.7260	 5.7060
 7.7145	 5.4121
 7.7031	 5.2883
 7.6916	 5.2966
 7.6802	 5.3628
 7.6689	 5.4663
 7.6575	 5.6179
 7.6462	 5.7798
 7.6350	 5.9409
 7.6238	 6.0840
 7.6126	 6.2317
 7.6014	 6.3813
 7.5903	 6.5246
 7.5792	 6.6772
 7.5681	 6.8186
 7.5571	 6.9492
 7.5461	 7.0781
 7.5351	 7.1950
 7.5242	 7.3037
 7.5133	 7.4297
 7.5024	 7.5432
 7.4916	 7.6343
 7.4807	 7.7182
 7.4700	 7.8069
 7.4592	 7.9509
 7.4485	 8.0429
 7.4378	 8.1011
 7.4272	 8.1799
 7.4165	 8.2514
 7.4059	 8.3352
 7.3954	 8.4111
 7.3848	 8.4773
 7.3743	 8.5530
 7.3639	 8.6230
 7.3534	 8.6787
 7.3430	 8.7339
 7.3326	 8.8542
 7.3223	 8.9221
 7.3119	 8.9521
 7.3016	 9.0383
 7.2914	 9.0669
 7.2811	 9.0727
 7.2709	 9.2146
 7.2607	 9.2876
 7.2506	 9.3196
 7.2404	 9.3647
 7.2303	 9.4121
 7.2203	 9.4333
 7.2102	 9.4658
 7.2002	 9.5791
 7.1902	 9.6050
 7.1803	 9.6032
 7.1703	 9.6523
 7.1604	 9.7529
 7.1506	 9.7668
 7.1407	 9.8691
 7.1309	 9.8799
 7.1211	 9.8794
 7.1113	 9.9482
 7.1016	 9.9836
 7.0919	10.0173
 7.0822	10.0869
 7.0725	10.1118
 7.0629	10.0962
 7.0533	10.0659
 7.0437	10.2309
 7.0341	10.3115
 7.0246	10.2837
 7.0151	10.3508
 7.0056	10.3330
 6.9962	10.3457
 6.9867	10.4170
 6.9773	10.4470
 6.9679	10.4016
 6.9586	10.4946
 6.9493	10.6030
 6.9400	10.5771
 6.9307	10.5857
 6.9214	10.5891
 6.9122	10.5937
 6.9030	10.6760
 6.8938	10.7024
 6.8847	10.7077
 6.8755	10.6875
 6.8664	10.6216
 6.8573	10.8872
 6.8483	10.9560
 6.8393	10.8762
 6.8302	10.8244
 6.8213	10.9753
 6.8123	10.9895
 6.8034	10.9118
 6.7944	10.8589
 6.7855	11.0600
 6.7767	11.0874
 6.7678	11.1157
 6.7590	11.0930
 6.7502	11.1128
 6.7414	11.1484
 6.7327	11.1098
 6.7239	11.1181
 6.7152	11.1758
 6.7065	11.3396
 6.6979	11.3059
 6.6892	11.1894
 6.6806	11.2539
 6.6720	11.3730
 6.6634	11.4077
 6.6549	11.3752
 6.6464	11.2724
 6.6378	11.2300
 6.6294	11.5986
 6.6209	11.5612
 6.6124	11.5346
 6.6040	11.4863
 6.5956	11.4419
 6.5872	11.5522
 6.5789	11.4536
 6.5705	11.5822
 6.5622	11.7072
 6.5539	11.6445
 6.5456	11.7070
 6.5374	11.6801
 6.5292	11.5752
 6.5209	11.6162
 6.5128	11.7925
 6.5046	11.6313
 6.4964	11.4963
 6.4883	11.8003
 6.4802	11.8750
 6.4721	11.8620
 6.4640	11.8515
 6.4560	11.7749
 6.4480	11.8545
 6.4399	11.8095
 6.4320	11.8193
 6.4240	11.7446
 6.4160	11.5908
 6.4081	12.1076
 6.4002	11.9775
 6.3923	11.8967
 6.3844	11.9287
 6.3766	11.8254
 6.3687	11.9438
 6.3609	12.0102
 6.3531	11.8784
 6.3454	11.8701
 6.3376	12.0561
 6.3299	11.9970
 6.3221	11.9570
 6.3144	11.9695
 6.3068	11.9826
 6.2991	11.9785
 6.2914	11.9839
 6.2838	12.0136
 6.2762	12.0256
 6.2686	12.0251
 6.2611	12.0483
 6.2535	12.0561
 6.2460	12.0564
 6.2385	12.0747
 6.2310	12.0849
 6.2235	12.0793
 6.2160	12.1003
 6.2086	12.1259
 6.2011	12.1299
 6.1937	12.0600
 6.1863	12.0659
 6.1790	12.2529
 6.1716	12.1755
 6.1643	12.0774
 6.1570	12.1860
 6.1496	12.2050
 6.1424	12.1921
 6.1351	12.2524
 6.1278	12.2094
 6.1206	12.1040
 6.1134	12.1347
 6.1062	12.3735
 6.0990	12.2890
 6.0918	12.2649
 6.0847	12.1967
 6.0776	12.1079
 6.0704	12.2680
 6.0633	12.3862
 6.0563	12.1445
 6.0492	12.0727
 6.0421	12.5351
 6.0351	12.4018
 6.0281	12.2910
 6.0211	12.2280
 6.0141	12.2751
 6.0071	12.3960
 6.0002	12.2658
 5.9932	12.1718
 5.9863	12.3352
 5.9794	12.3706
 5.9725	12.2212
 5.9657	12.3520
 5.9588	12.3579
 5.9520	12.2959
 5.9451	12.2016
 5.9383	12.1662
 5.9315	12.5561
 5.9247	12.4018
 5.9180	12.3652
 5.9112	12.3745
 5.9045	12.2619
 5.8978	12.2226
 5.8911	12.4116
 5.8844	12.2544
 5.8777	12.4799
 5.8711	12.4253
 5.8644	12.3447
 5.8578	12.4550
 5.8512	12.3957
 5.8446	12.3828
 5.8380	12.3410
 5.8314	12.2993
 5.8249	12.2780
 5.8184	12.4882
 5.8118	12.5122
 5.8053	12.4128
 5.7988	12.4204
 5.7924	12.4138
 5.7859	12.3799
 5.7794	12.4038
 5.7730	12.3540
 5.7666	12.3918
 5.7602	12.6328
 5.7538	12.4668
 5.7474	12.4658
 5.7410	12.5141
 5.7347	12.4917
 5.7283	12.4826
 5.7220	12.4526
 5.7157	12.4970
 5.7094	12.5625
 5.7031	12.5962
 5.6969	12.4895
 5.6906	12.5122
 5.6844	12.5070
 5.6782	12.4687
 5.6719	12.5957
 5.6657	12.5840
 5.6596	12.4995
 5.6534	12.5263
 5.6472	12.4707
 5.6411	12.5676
 5.6349	12.6472
 5.6288	12.5976
 5.6227	12.5532
 5.6166	12.5634
 5.6106	12.6277
 5.6045	12.5874
 5.5984	12.6291
 5.5924	12.5930
 5.5864	12.5195
 5.5804	12.5810
 5.5744	12.7055
 5.5684	12.6352
 5.5624	12.5866
 5.5564	12.5742
 5.5505	12.6240
 5.5445	12.6443
 5.5386	12.6252
 5.5327	12.6140
 5.5268	12.6125
 5.5209	12.6357
 5.5151	12.6570
 5.5092	12.6230
 5.5033	12.6308
 5.4975	12.6552
 5.4917	12.6528
 5.4859	12.6098
 5.4801	12.6076
 5.4743	12.6672
 5.4685	12.6132
 5.4628	12.7060
 5.4570	12.7451
 5.4513	12.6926
 5.4455	12.6836
 5.4398	12.7085
 5.4341	12.7204
 5.4284	12.6357
 5.4228	12.6660
 5.4171	12.7824
 5.4114	12.7434
 5.4058	12.7407
 5.4002	12.7295
 5.3945	12.7260
 5.3889	12.7258
 5.3833	12.7299
 5.3778	12.7356
 5.3722	12.7334
 5.3666	12.7407
 5.3611	12.7133
 5.3555	12.6699
 5.3500	12.7619
 5.3445	12.8476
 5.3390	12.8047
 5.3335	12.7829
 5.3280	12.7856
 5.3225	12.7981
 5.3171	12.7986
 5.3116	12.7932
 5.3062	12.8100
 5.3008	12.8069
 5.2954	12.7734
 5.2900	12.8325
 5.2846	12.8457
 5.2792	12.8193
 5.2738	12.8545
 5.2684	12.8603
 5.2631	12.8440
 5.2578	12.8498
 5.2524	12.8552
 5.2471	12.8625
 5.2418	12.8537
 5.2365	12.8679
 5.2312	12.8896
 5.2260	12.8694
 5.2207	12.8354
 5.2154	12.8291
 5.2102	12.9113
 5.2050	12.8811
 5.1998	12.8867
 5.1945	12.9223
 5.1893	12.8977
 5.1842	12.8957
 5.1790	12.8974
 5.1738	12.8950
 5.1686	12.9045
 5.1635	12.9057
 5.1584	12.8940
 5.1532	12.8620
 5.1481	12.8894
 5.1430	12.9358
 5.1379	12.9111
 5.1328	12.9157
 5.1277	12.9089
 5.1227	12.9140
 5.1176	12.9084
 5.1126	12.9145
 5.1075	12.9072
 5.1025	12.9055
 5.0975	12.9052
 5.0925	12.9043
 5.0875	12.8901
 5.0825	12.9096
 5.0775	12.9267
 5.0726	12.9043
 5.0676	12.8872
 5.0627	12.8906
 5.0577	12.8935
 5.0528	12.8925
 5.0479	12.8921
 5.0430	12.8960
 5.0380	12.8935
 5.0332	12.8874
 5.0283	12.8886
 5.0234	12.8698
 5.0185	12.8867
 5.0137	12.9143
 5.0088	12.8850
 5.0040	12.8774
 4.9992	12.8830
 4.9944	12.8794
 4.9896	12.8681
 4.9848	12.8779
 4.9800	12.8845
 4.9752	12.8786
 4.9704	12.8823
 4.9657	12.8852
 4.9609	12.8584
 4.9562	12.8803
 4.9514	12.8994
 4.9467	12.8725
 4.9420	12.8640
 4.9373	12.8740
 4.9326	12.8769
 4.9279	12.8674
 4.9232	12.8698
 4.9186	12.8711
 4.9139	12.8603
 4.9092	12.8628
 4.9046	12.8706
 4.9000	12.8701
 4.8953	12.8798
 4.8907	12.8818
 4.8861	12.8701
 4.8815	12.8608
 4.8769	12.8628
 4.8723	12.8740
 4.8678	12.8713
 4.8632	12.8681
 4.8586	12.8662
 4.8541	12.8623
 4.8495	12.8618
 4.8450	12.8574
 4.8405	12.8623
 4.8360	12.8676
 4.8315	12.8686
 4.8270	12.8703
 4.8225	12.8569
 4.8180	12.8596
 4.8135	12.8706
 4.8090	12.8725
 4.8046	12.8623
 4.8001	12.8581
 4.7957	12.8652
 4.7913	12.8686
 4.7868	12.8615
 4.7824	12.8596
 4.7780	12.8603
 4.7736	12.8606
 4.7692	12.8613
 4.7648	12.8608
 4.7605	12.8608
 4.7561	12.8628
 4.7517	12.8618
 4.7474	12.8564
 4.7431	12.8679
 4.7387	12.8896
 4.7344	12.8965
 4.7301	12.8901
 4.7258	12.8813
 4.7215	12.8774
 4.7172	12.8833
 4.7129	12.8879
 4.7086	12.8857
 4.7043	12.8886
 4.7000	12.8916
 4.6958	12.8833
 4.6915	12.8911
 4.6873	12.8994
 4.6831	12.8999
 4.6788	12.9043
 4.6746	12.9045
 4.6704	12.9135
 4.6662	12.9079
 4.6620	12.9028
 4.6578	12.9091
 4.6536	12.9204
 4.6495	12.9201
 4.6453	12.9260
 4.6411	12.9360
 4.6370	12.9414
 4.6328	12.9360
 4.6287	12.9416
 4.6246	12.9431
 4.6205	12.9380
 4.6163	12.9404
 4.6122	12.9546
 4.6081	12.9546
 4.6040	12.9511
 4.6000	12.9555
 4.5959	12.9575
 4.5918	12.9663
 4.5877	12.9763
 4.5837	12.9741
 4.5796	12.9704
 4.5756	12.9785
 4.5716	12.9746
 4.5675	12.9675
 4.5635	12.9716
 4.5595	12.9853
 4.5555	12.9839
 4.5515	12.9726
 4.5475	12.9826
 4.5435	12.9880
 4.5395	12.9836
 4.5356	12.9863
 4.5316	12.9897
 4.5276	12.9912
 4.5237	12.9951
 4.5197	12.9914
 4.5158	12.9775
 4.5119	12.9792
 4.5080	13.0012
 4.5040	13.0014
 4.5001	12.9917
 4.4962	12.9951
 4.4923	13.0019
 4.4884	12.9956
 4.4846	12.9907
 4.4807	12.9944
 4.4768	12.9953
 4.4730	12.9961
 4.4691	13.0053
 4.4652	13.0075
 4.4614	13.0068
 4.4576	13.0171
 4.4537	13.0195
 4.4499	13.0175
 4.4461	13.0161
 4.4423	13.0171
 4.4385	13.0215
 4.4347	13.0263
 4.4309	13.0249
 4.4271	13.0276
 4.4233	13.0293
 4.4196	13.0327
 4.4158	13.0344
 4.4120	13.0278
 4.4083	13.0332
 4.4045	13.0371
 4.4008	13.0381
 4.3971	13.0429
 4.3934	13.0478
 4.3896	13.0449
 4.3859	13.0361
 4.3822	13.0337
 4.3785	13.0429
 4.3748	13.0486
 4.3711	13.0522
 4.3674	13.0590
 4.3638	13.0571
 4.3601	13.0420
 4.3564	13.0395
 4.3528	13.0507
 4.3491	13.0595
 4.3455	13.0644
 4.3418	13.0686
 4.3382	13.0669
 4.3346	13.0654
 4.3310	13.0642
 4.3273	13.0786
 4.3237	13.1035
 4.3201	13.1181
 4.3165	13.1194
 4.3129	13.1367
 4.3094	13.1650
 4.3058	13.1826
 4.3022	13.2197
 4.2986	13.2412
 4.2951	13.2436
 4.2915	13.2627
 4.2880	13.2890
 4.2844	13.3305
 4.2809	13.3466
 4.2774	13.3222
 4.2738	13.3017
 4.2703	13.3340
 4.2668	13.3462
 4.2633	13.3506
 4.2598	13.3039
 4.2563	13.1689
 4.2528	13.0920
 4.2493	13.1635
 4.2458	13.2451
 4.2424	13.3457
 4.2389	13.4589
 4.2354	13.5175
 4.2320	13.4736
 4.2285	13.4907
 4.2251	13.4814
 4.2216	13.4438
 4.2182	13.4004
 4.2148	13.3388
 4.2113	13.2568
 4.2079	13.2033
 4.2045	13.1650
 4.2011	13.1220
 4.1977	13.0879
 4.1943	13.0708
 4.1909	13.0566
 4.1875	13.0390
 4.1841	13.0312
 4.1808	13.0307
 4.1774	13.0254
 4.1740	13.0263
 4.1707	13.0298
 4.1673	13.0195
 4.1640	13.0185
 4.1606	13.0341
 4.1573	13.0354
 4.1540	13.0254
 4.1506	13.0239
 4.1473	13.0359
 4.1440	13.0319
 4.1407	13.0293
 4.1374	13.0385
 4.1341	13.0395
 4.1308	13.0341
 4.1275	13.0346
 4.1242	13.0302
 4.1209	13.0334
 4.1177	13.0483
 4.1144	13.0522
 4.1111	13.0385
 4.1079	13.0327
 4.1046	13.0420
 4.1014	13.0434
 4.0981	13.0390
 4.0949	13.0451
 4.0917	13.0476
 4.0884	13.0547
 4.0852	13.0549
 4.0820	13.0590
 4.0788	13.0561
 4.0756	13.0498
 4.0724	13.0544
 4.0692	13.0566
 4.0660	13.0476
 4.0628	13.0500
 4.0596	13.0561
 4.0565	13.0473
 4.0533	13.0381
 4.0501	13.0405
 4.0470	13.0503
 4.0438	13.0522
 4.0406	13.0512
 4.0375	13.0586
 4.0344	13.0634
 4.0312	13.0600
 4.0281	13.0605
 4.0250	13.0595
 4.0218	13.0615
 4.0187	13.0605
 4.0156	13.0586
 4.0125	13.0586
 4.0094	13.0605
 4.0063	13.0713
 4.0032	13.0669
 4.0001	13.0664
 3.9970	13.0698
 3.9940	13.0659
 3.9909	13.0717
 3.9878	13.0800
 3.9847	13.0786
 3.9817	13.0754
 3.9786	13.0703
 3.9756	13.0796
 3.9725	13.0879
 3.9695	13.0879
 3.9665	13.0854
 3.9634	13.0825
 3.9604	13.0791
 3.9574	13.0835
 3.9544	13.0923
 3.9513	13.0957
 3.9483	13.1069
 3.9453	13.1120
 3.9423	13.1020
 3.9393	13.0959
 3.9363	13.0913
 3.9333	13.0854
 3.9304	13.0893
 3.9274	13.0964
 3.9244	13.1025
 3.9214	13.0942
 3.9185	13.1037
 3.9155	13.1074
 3.9126	13.0986
 3.9096	13.0923
 3.9067	13.0913
 3.9037	13.1020
 3.9008	13.1010
 3.8979	13.0991
 3.8949	13.1057
 3.8920	13.1079
 3.8891	13.1030
 3.8862	13.1025
 3.8833	13.1108
 3.8804	13.1103
 3.8775	13.0991
 3.8746	13.0952
 3.8717	13.0962
 3.8688	13.0971
 3.8659	13.0898
 3.8630	13.0896
 3.8601	13.0901
 3.8573	13.0986
 3.8544	13.1040
 3.8515	13.0923
 3.8487	13.0825
 3.8458	13.0830
 3.8430	13.0918
 3.8401	13.0947
 3.8373	13.0962
 3.8344	13.0976
 3.8316	13.0942
 3.8288	13.0905
 3.8259	13.0840
 3.8231	13.0840
 3.8203	13.0883
 3.8175	13.0840
 3.8147	13.0747
 3.8119	13.0776
 3.8091	13.0864
 3.8063	13.1025
 3.8035	13.0969
 3.8007	13.0822
 3.7979	13.0766
 3.7951	13.0854
 3.7924	13.0966
 3.7896	13.0996
 3.7868	13.0913
 3.7841	13.0893
 3.7813	13.0942
 3.7785	13.0898
 3.7758	13.0796
 3.7730	13.0840
 3.7703	13.0927
 3.7676	13.0849
 3.7648	13.0708
 3.7621	13.0742
 3.7594	13.0844
 3.7566	13.0810
 3.7539	13.0810
 3.7512	13.0835
 3.7485	13.0874
 3.7458	13.0830
 3.7431	13.0810
 3.7404	13.0786
 3.7377	13.0737
 3.7350	13.0634
 3.7323	13.0581
 3.7296	13.0678
 3.7269	13.0844
 3.7242	13.0732
 3.7216	13.0630
 3.7189	13.0634
 3.7162	13.0551
 3.7136	13.0522
 3.7109	13.0664
 3.7083	13.0708
 3.7056	13.0659
 3.7030	13.0634
 3.7003	13.0586
 3.6977	13.0542
 3.6950	13.0547
 3.6924	13.0473
 3.6898	13.0424
 3.6872	13.0449
 3.6845	13.0483
 3.6819	13.0537
 3.6793	13.0595
 3.6767	13.0576
 3.6741	13.0381
 3.6715	13.0302
 3.6689	13.0390
 3.6663	13.0439
 3.6637	13.0488
 3.6611	13.0488
 3.6585	13.0522
 3.6560	13.0439
 3.6534	13.0390
 3.6508	13.0429
 3.6482	13.0424
 3.6457	13.0464
 3.6431	13.0444
 3.6406	13.0395
 3.6380	13.0317
 3.6355	13.0405
 3.6329	13.0459
 3.6304	13.0332
 3.6278	13.0302
 3.6253	13.0283
 3.6227	13.0322
 3.6202	13.0346
 3.6177	13.0341
 3.6152	13.0395
 3.6127	13.0395
 3.6101	13.0351
 3.6076	13.0273
 3.6051	13.0234
 3.6026	13.0239
 3.6001	13.0263
 3.5976	13.0234
 3.5951	13.0278
 3.5926	13.0371
 3.5901	13.0288
 3.5876	13.0132
 3.5852	13.0117
 3.5827	13.0200
 3.5802	13.0180
 3.5777	13.0234
 3.5753	13.0307
 3.5728	13.0307
 3.5704	13.0351
 3.5679	13.0371
 3.5654	13.0273
 3.5630	13.0258
 3.5605	13.0254
 3.5581	13.0175
 3.5557	13.0190
 3.5532	13.0254
 3.5508	13.0195
 3.5484	13.0112
 3.5459	13.0151
 3.5435	13.0200
 3.5411	13.0151
 3.5387	13.0171
 3.5363	13.0132
 3.5338	13.0180
 3.5314	13.0073
 3.5290	12.9912
 3.5266	13.0019
 3.5242	13.0224
 3.5218	13.0227
 3.5195	13.0246
 3.5171	13.0246
 3.5147	13.0195
 3.5123	13.0219
 3.5099	13.0393
 3.5075	13.0432
 3.5052	13.0212
 3.5028	13.0090
 3.5004	13.0110
 3.4981	13.0102
 3.4957	13.0161
 3.4934	13.0161
 3.4910	13.0171
 3.4887	13.0119
 3.4863	13.0146
 3.4840	13.0058
 3.4816	13.0024
 3.4793	13.0114
 3.4770	13.0127
 3.4746	13.0085
 3.4723	13.0153
 3.4700	13.0236
 3.4677	13.0185
 3.4653	13.0053
 3.4630	13.0075
 3.4607	13.0151
 3.4584	13.0273
 3.4561	13.0175
 3.4538	13.0095
 3.4515	13.0149
 3.4492	13.0102
 3.4469	13.0080
 3.4446	13.0005
 3.4423	13.0022
 3.4400	13.0080
 3.4378	13.0000
 3.4355	12.9980
 3.4332	13.0061
 3.4309	13.0112
 3.4287	13.0141
 3.4264	13.0136
 3.4241	13.0146
 3.4219	13.0119
 3.4196	13.0095
 3.4174	13.0068
 3.4151	12.9975
 3.4129	12.9939
 3.4106	12.9890
 3.4084	12.9914
 3.4061	12.9990
 3.4039	12.9963
 3.4017	12.9887
 3.3994	12.9758
 3.3972	12.9624
 3.3950	12.9673
 3.3928	12.9665
 3.3906	12.9599
 3.3883	12.9599
 3.3861	12.9526
 3.3839	12.9453
 3.3817	12.9538
 3.3795	12.9734
 3.3773	12.9582
 3.3751	12.9402
 3.3729	12.9594
 3.3707	12.9629
 3.3685	12.9463
 3.3663	12.9397
 3.3641	12.9272
 3.3620	12.9118
 3.3598	12.9211
 3.3576	12.9282
 3.3554	12.9196
 3.3533	12.9160
 3.3511	12.9287
 3.3489	12.9306
 3.3468	12.9253
 3.3446	12.9106
 3.3425	12.9162
 3.3403	12.9182
 3.3382	12.9045
 3.3360	12.8977
 3.3339	12.9182
 3.3317	12.9143
 3.3296	12.8972
 3.3274	12.8862
 3.3253	12.8864
 3.3232	12.8947
 3.3210	12.8994
 3.3189	12.8938
 3.3168	12.8872
 3.3147	12.8847
 3.3126	12.8789
 3.3104	12.8801
 3.3083	12.8711
 3.3062	12.8706
 3.3041	12.8755
 3.3020	12.8742
 3.2999	12.8630
 3.2978	12.8703
 3.2957	12.8720
 3.2936	12.8691
 3.2915	12.8723
 3.2894	12.8586
 3.2874	12.8481
 3.2853	12.8549
 3.2832	12.8603
 3.2811	12.8462
 3.2790	12.8540
 3.2770	12.8557
 3.2749	12.8374
 3.2728	12.8332
 3.2708	12.8488
 3.2687	12.8403
 3.2666	12.8269
 3.2646	12.8330
 3.2625	12.8315
 3.2605	12.8296
 3.2584	12.8310
 3.2564	12.8247
 3.2543	12.8225
 3.2523	12.8227
 3.2503	12.8137
 3.2482	12.7995
 3.2462	12.7973
 3.2442	12.8012
 3.2421	12.7978
 3.2401	12.7868
 3.2381	12.7924
 3.2361	12.7905
 3.2340	12.7832
 3.2320	12.7890
 3.2300	12.8090
 3.2280	12.8061
 3.2260	12.7851
 3.2240	12.7939
 3.2220	12.7983
 3.2200	12.7961
 3.2180	12.7839
 3.2160	12.7736
 3.2140	12.7815
 3.2120	12.7707
 3.2100	12.7717
 3.2080	12.7661
 3.2060	12.7592
 3.2040	12.7590
 3.2021	12.7580
 3.2001	12.7729
 3.1981	12.7749
 3.1961	12.7758
 3.1942	12.7580
 3.1922	12.7461
 3.1902	12.7444
 3.1883	12.7524
 3.1863	12.7558
 3.1844	12.7522
 3.1824	12.7524
 3.1805	12.7480
 3.1785	12.7514
 3.1766	12.7490
 3.1746	12.7368
 3.1727	12.7307
 3.1707	12.7422
 3.1688	12.7495
 3.1669	12.7422
 3.1649	12.7480
 3.1630	12.7453
 3.1611	12.7329
 3.1591	12.7319
 3.1572	12.7251
 3.1553	12.7309
 3.1534	12.7453
 3.1515	12.7343
 3.1495	12.7319
 3.1476	12.7353
 3.1457	12.7485
 3.1438	12.7483
 3.1419	12.7260
 3.1400	12.7114
 3.1381	12.7170
 3.1362	12.7251
 3.1343	12.7170
 3.1324	12.7085
 3.1305	12.7226
 3.1286	12.7221
 3.1268	12.7265
 3.1249	12.7290
 3.1230	12.7148
 3.1211	12.7131
 3.1192	12.7133
 3.1174	12.7129
 3.1155	12.7158
 3.1136	12.7180
 3.1117	12.7050
 3.1099	12.7055
 3.1080	12.6977
 3.1061	12.7021
 3.1043	12.7133
 3.1024	12.7072
 3.1006	12.6955
 3.0987	12.6894
 3.0969	12.6899
 3.0950	12.6926
 3.0932	12.6914
 3.0913	12.6850
 3.0895	12.6880
 3.0876	12.6958
 3.0858	12.6975
 3.0840	12.6801
 3.0821	12.6626
 3.0803	12.6904
 3.0785	12.6972
 3.0766	12.6909
 3.0748	12.6870
 3.0730	12.6797
 3.0712	12.6860
 3.0694	12.6924
 3.0675	12.6811
 3.0657	12.6826
 3.0639	12.6789
 3.0621	12.6714
 3.0603	12.6679
 3.0585	12.6623
 3.0567	12.6591
 3.0549	12.6616
 3.0531	12.6621
 3.0513	12.6574
 3.0495	12.6450
 3.0477	12.6513
 3.0459	12.6467
 3.0441	12.6508
 3.0423	12.6548
 3.0406	12.6621
 3.0388	12.6582
 3.0370	12.6382
 3.0352	12.6352
 3.0334	12.6386
 3.0317	12.6411
 3.0299	12.6308
 3.0281	12.6372
 3.0264	12.6299
 3.0246	12.6049
 3.0228	12.5932
 3.0211	12.6211
 3.0193	12.6333
 3.0176	12.6262
 3.0158	12.6123
 3.0140	12.5966
 3.0123	12.5971
 3.0105	12.5959
 3.0088	12.5949
 3.0070	12.6074
 3.0053	12.6028
 3.0036	12.6008
 3.0018	12.5981
 3.0001	12.5815
 2.9984	12.5517
 2.9966	12.5566
 2.9949	12.5918
 2.9932	12.5722
 2.9914	12.5500
 2.9897	12.5578
 2.9880	12.5698
 2.9863	12.5556
 2.9845	12.5490
 2.9828	12.5588
 2.9811	12.5569
 2.9794	12.5432
 2.9777	12.5586
 2.9760	12.5598
 2.9743	12.5361
 2.9726	12.5249
 2.9709	12.5298
 2.9692	12.5307
 2.9675	12.5080
 2.9658	12.5029
 2.9641	12.5188
 2.9624	12.5307
 2.9607	12.5268
 2.9590	12.5031
 2.9573	12.5044
 2.9556	12.5227
 2.9539	12.5168
 2.9523	12.5061
 2.9506	12.4934
 2.9489	12.4746
 2.9472	12.4858
 2.9455	12.4944
 2.9439	12.4934
 2.9422	12.5022
 2.9405	12.4834
 2.9389	12.4641
 2.9372	12.4648
 2.9355	12.4582
 2.9339	12.4648
 2.9322	12.4729
 2.9306	12.4638
 2.9289	12.4406
 2.9272	12.4465
 2.9256	12.4414
 2.9239	12.4336
 2.9223	12.4521
 2.9207	12.4533
 2.9190	12.4416
 2.9174	12.4321
 2.9157	12.4174
 2.9141	12.4150
 2.9124	12.4238
 2.9108	12.4277
 2.9092	12.4277
 2.9075	12.4267
 2.9059	12.4270
 2.9043	12.4250
 2.9027	12.4072
 2.9010	12.4062
 2.8994	12.4409
 2.8978	12.4035
 2.8962	12.3911
 2.8946	12.3960
 2.8929	12.3945
 2.8913	12.3869
 2.8897	12.3811
 2.8881	12.3811
 2.8865	12.3872
 2.8849	12.3808
 2.8833	12.3818
 2.8817	12.3811
 2.8801	12.3857
 2.8785	12.3645
 2.8769	12.3547
 2.8753	12.3381
 2.8737	12.3315
 2.8721	12.3476
 2.8705	12.3781
 2.8689	12.3449
 2.8673	12.3261
 2.8658	12.3393
 2.8642	12.3254
 2.8626	12.2973
 2.8610	12.3047
 2.8594	12.3447
 2.8579	12.3498
 2.8563	12.3127
 2.8547	12.3156
 2.8531	12.3623
 2.8516	12.3440
 2.8500	12.2756
 2.8484	12.2832
 2.8469	12.3017
 2.8453	12.3086
 2.8437	12.3134
 2.8422	12.2827
 2.8406	12.2744
 2.8391	12.2500
 2.8375	12.2949
 2.8360	12.3076
 2.8344	12.3032
 2.8329	12.3174
 2.8313	12.2890
 2.8298	12.2636
 2.8282	12.2265
 2.8267	12.2619
 2.8252	12.2832
 2.8236	12.2607
 2.8221	12.2138
 2.8205	12.2431
 2.8190	12.2964
 2.8175	12.2968
 2.8159	12.2072
 2.8144	12.2236
 2.8129	12.2607
 2.8114	12.2177
 2.8098	12.1965
 2.8083	12.2046
 2.8068	12.2016
 2.8053	12.1640
 2.8038	12.1294
 2.8022	12.3515
 2.8007	12.3579
 2.7992	12.2343
 2.7977	12.1826
 2.7962	12.1797
 2.7947	12.1743
 2.7932	12.1811
 2.7917	12.1933
 2.7902	12.1699
 2.7887	12.0727
 2.7872	12.1279
 2.7857	12.3559
 2.7842	12.2451
 2.7827	12.1626
 2.7812	12.2011
 2.7797	12.2158
 2.7782	12.1709
 2.7767	12.2041
 2.7752	12.2671
 2.7738	12.1777
 2.7723	12.0869
 2.7708	12.1899
 2.7693	12.2480
 2.7678	12.1294
 2.7664	12.2539
 2.7649	12.2031
 2.7634	12.0825
 2.7619	12.2373
 2.7605	12.2671
 2.7590	12.1596
 2.7575	12.0649
 2.7561	11.9067
 2.7546	12.3515
 2.7531	12.3559
 2.7517	12.1875
 2.7502	12.1860
 2.7488	12.0966
 2.7473	12.1030
 2.7458	12.0800
 2.7444	12.1162
 2.7429	12.0175
 2.7415	11.9692
 2.7400	12.1738
 2.7386	12.4316
 2.7371	12.3506
 2.7357	12.0547
 2.7343	12.1093
 2.7328	12.1528
 2.7314	12.0815
 2.7299	12.0634
 2.7285	12.0483
 2.7271	12.0009
 2.7256	11.8735
 2.7242	12.1430
 2.7228	12.3125
 2.7213	11.9961
 2.7199	12.3486
 2.7185	12.3188
 2.7171	12.1548
 2.7156	12.1196
 2.7142	12.0605
 2.7128	12.0136
 2.7114	11.9165
 2.7100	12.1455
 2.7085	12.2602
 2.7071	12.2216
 2.7057	12.0830
 2.7043	12.0786
 2.7029	12.0268
 2.7015	12.0136
 2.7001	12.1567
 2.6987	12.1010
 2.6973	11.9985
 2.6959	11.9419
 2.6945	12.0293
 2.6931	12.2422
 2.6917	12.2036
 2.6903	12.0390
 2.6889	11.9956
 2.6875	12.0278
 2.6861	12.0742
 2.6847	12.1196
 2.6833	12.0918
 2.6819	12.1430
 2.6805	11.9829
 2.6791	11.9946
 2.6778	12.1250
 2.6764	12.2343
 2.6750	12.3466
 2.6736	12.1777
 2.6722	12.0239
 2.6709	11.7793
 2.6695	12.2929
 2.6681	12.2265
 2.6667	12.0820
 2.6654	12.2890
 2.6640	12.3164
 2.6626	12.1176
 2.6613	11.9731
 2.6599	12.0312
 2.6585	12.1723
 2.6572	12.0957
 2.6558	11.9306
 2.6545	12.0454
 2.6531	11.9472
 2.6517	12.0547
 2.6504	12.1157
 2.6490	12.0224
 2.6477	11.9716
 2.6463	11.9087
 2.6450	12.0630
 2.6436	12.0810
 2.6423	11.9765
 2.6409	12.0459
 2.6396	12.0239
 2.6382	12.0024
 2.6369	12.0019
 2.6356	11.9897
 2.6342	11.9106
 2.6329	12.0551
 2.6315	11.9453
 2.6302	12.0117
 2.6289	12.2851
 2.6275	11.9687
 2.6262	11.9594
 2.6249	12.1250
 2.6236	12.0068
 2.6222	11.9424
 2.6209	11.7841
 2.6196	12.0566
 2.6183	11.9804
 2.6169	11.8232
 2.6156	12.2353
 2.6143	12.1054
 2.6130	11.9892
 2.6117	12.0239
 2.6103	11.9131
 2.6090	11.9633
 2.6077	11.9922
 2.6064	11.9531
 2.6051	11.9795
 2.6038	12.1504
 2.6025	12.0903
 2.6012	12.0175
 2.5999	11.9848
 2.5986	11.8794
 2.5973	11.8188
 2.5960	11.6718
 2.5947	11.8476
 2.5934	12.2549
 2.5921	12.1172
 2.5908	11.9594
 2.5895	11.8579
 2.5882	11.8633
 2.5869	11.9341
 2.5856	12.0097
 2.5843	11.7656
 2.5830	12.0986
 2.5817	11.9731
 2.5805	11.9687
 2.5792	12.0356
 2.5779	11.8266
 2.5766	11.8540
 2.5753	12.0493
 2.5741	11.8852
 2.5728	12.0258
 2.5715	12.0156
 2.5702	11.7695
 2.5690	11.9111
 2.5677	12.0224
 2.5664	11.9121
 2.5651	11.8154
 2.5639	11.8403
 2.5626	11.9091
 2.5613	11.9297
 2.5601	12.0708
 2.5588	12.0146
 2.5575	11.9013
 2.5563	11.8520
 2.5550	11.8564
 2.5538	11.7656
 2.5525	11.8330
 2.5513	11.9067
 2.5500	11.8877
 2.5487	11.7822
 2.5475	11.8291
 2.5462	11.9580
 2.5450	11.8515
 2.5437	11.8076
 2.5425	11.8813
 2.5413	11.9301
 2.5400	11.8574
 2.5388	11.8320
 2.5375	11.7998
 2.5363	11.7973
 2.5350	11.9160
 2.5338	11.8794
 2.5326	11.8305
 2.5313	11.8774
 2.5301	11.8872
 2.5289	11.8305
 2.5276	11.8110
 2.5264	11.8330
 2.5252	11.8076
 2.5239	11.8017
 2.5227	11.8418
 2.5215	11.8496
 2.5202	11.8408
 2.5190	11.8193
 2.5178	11.8115
 2.5166	11.8208
 2.5154	11.8227
 2.5141	11.8261
 2.5129	11.8066
 2.5117	11.7968
 2.5105	11.8545
 2.5093	11.8716
 2.5081	11.8447
 2.5068	11.8266
 2.5056	11.8174
 2.5044	11.8310
 2.5032	11.8076
 2.5020	11.8056
 2.5008	11.7993
 2.4996	11.7949
 2.4984	11.8008
 2.4972	11.7934
 2.4960	11.8134
 2.4948	11.8291
 2.4936	11.8423
 2.4924	11.8056
 2.4912	11.7661
 2.4900	11.7719
 2.4888	11.7802
 2.4876	11.7524
 2.4864	11.7646
 2.4852	11.7700
 2.4840	11.7680
 2.4828	11.7754
 2.4816	11.7578
 2.4805	11.7451
 2.4793	11.7705
 2.4781	11.7607
 2.4769	11.7661
 2.4757	11.7851
 2.4745	11.7622
 2.4734	11.7568
 2.4722	11.7622
 2.4710	11.7529
 2.4698	11.7641
 2.4686	11.7661
 2.4675	11.7583
 2.4663	11.7509
 2.4651	11.7739
 2.4640	11.7881
 2.4628	11.7705
 2.4616	11.7876
 2.4604	11.7881
 2.4593	11.7309
 2.4581	11.7212
 2.4569	11.7329
 2.4558	11.7446
 2.4546	11.7519
 2.4535	11.7407
 2.4523	11.7509
 2.4511	11.7539
 2.4500	11.7304
 2.4488	11.7348
 2.4477	11.7129
 2.4465	11.7383
 2.4454	11.7212
 2.4442	11.7177
 2.4431	11.7309
 2.4419	11.7451
 2.4408	11.7236
 2.4396	11.7309
 2.4385	11.7309
 2.4373	11.7295
 2.4362	11.7265
 2.4350	11.7168
 2.4339	11.7075
 2.4327	11.7133
 2.4316	11.7373
 2.4305	11.7231
 2.4293	11.7168
 2.4282	11.7348
 2.4270	11.7226
 2.4259	11.6924
 2.4248	11.6601
 2.4236	11.6972
 2.4225	11.7192
 2.4214	11.7114
 2.4202	11.7158
 2.4191	11.7055
 2.4180	11.7055
 2.4169	11.6977
 2.4157	11.6958
 2.4146	11.7265
 2.4135	11.7231
 2.4124	11.7011
 2.4112	11.6797
 2.4101	11.6958
 2.4090	11.6748
 2.4079	11.6860
 2.4068	11.6758
 2.4056	11.6455
 2.4045	11.6582
 2.4034	11.6704
 2.4023	11.6611
 2.4012	11.6484
 2.4001	11.6718
 2.3990	11.6924
 2.3979	11.6836
 2.3967	11.6816
 2.3956	11.6723
 2.3945	11.6601
 2.3934	11.6211
 2.3923	11.5923
 2.3912	11.6274
 2.3901	11.6347
 2.3890	11.6406
 2.3879	11.6777
 2.3868	11.6762
 2.3857	11.6738
 2.3846	11.6386
 2.3835	11.6196
 2.3824	11.6455
 2.3813	11.6821
 2.3802	11.6386
 2.3791	11.6430
 2.3781	11.6450
 2.3770	11.6250
 2.3759	11.6626
 2.3748	11.6523
 2.3737	11.5996
 2.3726	11.6118
 2.3715	11.6230
 2.3704	11.6040
 2.3694	11.5957
 2.3683	11.6137
 2.3672	11.6377
 2.3661	11.6548
 2.3650	11.6645
 2.3640	11.6528
 2.3629	11.6191
 2.3618	11.6059
 2.3607	11.6020
 2.3597	11.6230
 2.3586	11.6450
 2.3575	11.6196
 2.3564	11.6118
 2.3554	11.6313
 2.3543	11.6333
 2.3532	11.6054
 2.3522	11.6020
 2.3511	11.6059
 2.3500	11.5937
 2.3490	11.5996
 2.3479	11.6504
 2.3468	11.6645
 2.3458	11.6289
 2.3447	11.6255
 2.3436	11.6230
 2.3426	11.6216
 2.3415	11.5825
 2.3405	11.6059
 2.3394	11.6430
 2.3384	11.6367
 2.3373	11.5903
 2.3363	11.5962
 2.3352	11.6352
 2.3342	11.6484
 2.3331	11.5883
 2.3321	11.5742
 2.3310	11.5844
 2.3300	11.5942
 2.3289	11.6001
 2.3279	11.6196
 2.3268	11.6372
 2.3258	11.6406
 2.3247	11.5937
 2.3237	11.5644
 2.3226	11.5825
 2.3216	11.6372
 2.3206	11.6450
 2.3195	11.6347
 2.3185	11.5942
 2.3175	11.5957
 2.3164	11.6059
 2.3154	11.6137
 2.3144	11.5830
 2.3133	11.5820
 2.3123	11.6015
 2.3113	11.6250
 2.3102	11.5967
 2.3092	11.6230
 2.3082	11.6093
 2.3071	11.6113
 2.3061	11.6181
 2.3051	11.6015
 2.3041	11.6093
 2.3030	11.6259
 2.3020	11.5927
 2.3010	11.5791
 2.3000	11.5976
 2.2990	11.6299
 2.2979	11.6396
 2.2969	11.5986
 2.2959	11.5547
 2.2949	11.5752
 2.2939	11.6064
 2.2929	11.6064
 2.2918	11.5859
 2.2908	11.5820
 2.2898	11.5791
 2.2888	11.5986
 2.2878	11.5820
 2.2868	11.6015
 2.2858	11.6035
 2.2848	11.5830
 2.2838	11.5478
 2.2828	11.5556
 2.2818	11.5703
 2.2808	11.5800
 2.2798	11.5800
 2.2787	11.5800
 2.2777	11.5976
 2.2767	11.6045
 2.2757	11.5713
 2.2747	11.5644
 2.2738	11.5468
 2.2728	11.5957
 2.2718	11.6152
 2.2708	11.5586
 2.2698	11.5293
 2.2688	11.5810
 2.2678	11.6152
 2.2668	11.5849
 2.2658	11.5468
 2.2648	11.5508
 2.2638	11.5566
 2.2628	11.5820
 2.2618	11.5693
 2.2609	11.5478
 2.2599	11.5527
 2.2589	11.5957
 2.2579	11.5771
 2.2569	11.5371
 2.2559	11.5556
 2.2550	11.5586
 2.2540	11.5478
 2.2530	11.5800
 2.2520	11.5879
 2.2510	11.6045
 2.2501	11.5781
 2.2491	11.5732
 2.2481	11.5683
 2.2471	11.5713
 2.2462	11.5830
 2.2452	11.5390
 2.2442	11.4961
 2.2433	11.5517
 2.2423	11.5898
 2.2413	11.5859
 2.2403	11.5517
 2.2394	11.5478
 2.2384	11.5625
 2.2374	11.5674
 2.2365	11.5488
 2.2355	11.5361
 2.2345	11.5371
 2.2336	11.5869
 2.2326	11.5664
 2.2317	11.5722
 2.2307	11.5800
 2.2297	11.5849
 2.2288	11.5810
 2.2278	11.5742
 2.2269	11.5830
 2.2259	11.5771
 2.2250	11.5634
 2.2240	11.5879
 2.2231	11.5898
 2.2221	11.5205
 2.2211	11.5195
 2.2202	11.5840
 2.2192	11.5468
 2.2183	11.5097
 2.2173	11.5195
 2.2164	11.5166
 2.2155	11.5097
 2.2145	11.5410
 2.2136	11.5761
 2.2126	11.5527
 2.2117	11.5488
 2.2107	11.5800
 2.2098	11.5498
 2.2088	11.5840
 2.2079	11.6289
 2.2070	11.5293
 2.2060	11.4726
 2.2051	11.4726
 2.2041	11.4804
 2.2032	11.4658
 2.2023	11.4375
 2.2013	11.4629
 2.2004	11.4629
 2.1995	11.4228
 2.1985	11.4814
 2.1976	11.4824
 2.1967	11.4941
 2.1957	11.5468
 2.1948	11.5195
 2.1939	11.4824
 2.1930	11.5332
 2.1920	11.5517
 2.1911	11.5234
 2.1902	11.5332
 2.1893	11.5410
 2.1883	11.5049
 2.1874	11.4883
 2.1865	11.5058
 2.1856	11.5332
 2.1846	11.5283
 2.1837	11.5293
 2.1828	11.4961
 2.1819	11.4775
 2.1810	11.5244
 2.1800	11.5224
 2.1791	11.5879
 2.1782	11.5674
 2.1773	11.4414
 2.1764	11.4570
 2.1755	11.5556
 2.1746	11.5439
 2.1736	11.5019
 2.1727	11.4883
 2.1718	11.5175
 2.1709	11.5293
 2.1700	11.5088
 2.1691	11.5449
 2.1682	11.5644
 2.1673	11.5254
 2.1664	11.4697
 2.1655	11.4531
 2.1646	11.5322
 2.1637	11.5800
 2.1628	11.5918
 2.1619	11.5449
 2.1610	11.5429
 2.1601	11.5410
 2.1592	11.5351
 2.1583	11.4892
 2.1574	11.4550
 2.1565	11.4824
 2.1556	11.5332
 2.1547	11.4941
 2.1538	11.4336
 2.1529	11.4658
 2.1520	11.4853
 2.1511	11.5039
 2.1502	11.5556
 2.1493	11.5000
 2.1484	11.4570
 2.1475	11.4970
 2.1466	11.5439
 2.1458	11.5429
 2.1449	11.5351
 2.1440	11.5205
 2.1431	11.5332
 2.1422	11.5781
 2.1413	11.5244
 2.1404	11.4931
 2.1396	11.5595
 2.1387	11.5722
 2.1378	11.5351
 2.1369	11.5371
 2.1360	11.5703
 2.1352	11.4892
 2.1343	11.5508
 2.1334	11.5595
 2.1325	11.4785
 2.1316	11.4775
 2.1308	11.5664
 2.1299	11.5566
 2.1290	11.5234
 2.1281	11.4922
 2.1273	11.5449
 2.1264	11.6142
 2.1255	11.6025
 2.1247	11.6025
 2.1238	11.6504
 2.1229	11.6074
 2.1220	11.4970
 2.1212	11.4707
 2.1203	11.5097
 2.1194	11.5361
 2.1186	11.5293
 2.1177	11.4824
 2.1168	11.5644
 2.1160	11.5254
 2.1151	11.5244
 2.1143	11.5215
 2.1134	11.5488
 2.1125	11.5976
 2.1117	11.5517
 2.1108	11.5332
 2.1100	11.5566
 2.1091	11.5468
 2.1082	11.5634
 2.1074	11.5820
 2.1065	11.5439
 2.1057	11.4590
 2.1048	11.4375
 2.1040	11.4531
 2.1031	11.5273
 2.1023	11.5097
 2.1014	11.4883
 2.1005	11.5674
 2.0997	11.5556
 2.0988	11.4629
 2.0980	11.4853
 2.0971	11.5088
 2.0963	11.5830
 2.0955	11.5625
 2.0946	11.4922
 2.0938	11.4941
 2.0929	11.5644
 2.0921	11.5742
 2.0912	11.5879
 2.0904	11.5215
 2.0895	11.5039
 2.0887	11.5517
 2.0879	11.4922
 2.0870	11.4853
 2.0862	11.5674
 2.0853	11.5009
 2.0845	11.5078
 2.0837	11.5283
 2.0828	11.5947
 2.0820	11.5791
 2.0812	11.5429
 2.0803	11.5625
 2.0795	11.5800
