Name: Smithsonite PbCO_3
Type: Mineral
Class: Carbonate
Subclass: None
Particle Size: Medium
Sample No.: C-11A
Owner: JPL
Wavelength Range: TIR
Origin: N/A
Collection Date: N/A
Description: Particle size was 45-125um.Collected by JPL Original ASTER Spectral Library name was jpl.nicolet.mineral.carbonate.none.medium.c11a.spectrum.txt
Measurement: Hemispherical reflectance
First Column: X
Second Column: Y
X Units: Wavelength (micrometers)
Y Units:Reflectance (percent)
First X Value: 15.3853
Last X Value:  2.0003
Number of X Values: 2256
Additional Information: mineral.carbonate.none.medium.tir.c-11a.jpl.nicolet.ancillary.txt

15.3853	14.7085
15.3397	14.6824
15.2945	14.7248
15.2495	14.5492
15.2048	14.4284
15.1603	14.5021
15.1161	14.7177
15.0722	14.8719
15.0285	14.9479
14.9851	14.8394
14.9419	14.6604
14.8989	14.6460
14.8563	14.7374
14.8138	14.8755
14.7716	14.9088
14.7296	14.8292
14.6879	14.7357
14.6464	14.6331
14.6052	14.3984
14.5641	14.0712
14.5233	13.9572
14.4828	13.9953
14.4424	13.8813
14.4023	13.5928
14.3624	13.1945
14.3227	12.8267
14.2833	12.5536
14.2440	12.4393
14.2050	12.1404
14.1662	11.7294
14.1276	11.3874
14.0892	10.9227
14.0510	10.2130
14.0131	 9.6549
13.9753	 9.0941
13.9377	 8.7146
13.9004	 8.5223
13.8632	 8.0013
13.8262	 7.5919
13.7895	 7.2654
13.7529	 6.7850
13.7165	 6.6069
13.6803	 6.4222
13.6443	 6.2292
13.6085	 5.9996
13.5729	 5.9225
13.5374	 6.1660
13.5022	 6.7270
13.4671	 7.6478
13.4322	 7.5817
13.3975	 5.2143
13.3630	 2.7409
13.3286	 2.3877
13.2944	 3.0112
13.2604	 3.5361
13.2266	 4.2709
13.1930	 5.1276
13.1595	 5.9678
13.1262	 6.6168
13.0930	 7.1559
13.0600	 7.8703
13.0272	 8.6060
12.9946	 9.1265
12.9621	 9.4579
12.9298	 9.8506
12.8976	10.3599
12.8656	10.6105
12.8337	10.8934
12.8021	11.2338
12.7705	11.4144
12.7391	11.4953
12.7079	11.6915
12.6769	11.8238
12.6459	11.9583
12.6152	12.0535
12.5845	12.2606
12.5541	12.4736
12.5238	12.5110
12.4936	12.6334
12.4635	12.6678
12.4337	12.6386
12.4039	12.5940
12.3743	12.3799
12.3448	12.2366
12.3155	12.1846
12.2863	12.0386
12.2573	11.7295
12.2284	11.5828
12.1996	11.4505
12.1710	11.1821
12.1425	10.8615
12.1141	10.6327
12.0859	10.4898
12.0578	10.3752
12.0298	10.2113
12.0019	 9.9793
11.9742	 9.7357
11.9466	 9.1468
11.9192	 8.3173
11.8918	 7.5692
11.8646	 7.6820
11.8375	 8.4367
11.8106	 8.8535
11.7837	 8.8817
11.7570	 8.9102
11.7304	 8.9962
11.7039	 9.0416
11.6776	 9.3886
11.6513	10.0234
11.6252	11.0698
11.5992	12.3830
11.5733	13.4389
11.5475	14.2509
11.5219	15.5743
11.4963	18.0226
11.4709	20.9655
11.4455	23.1404
11.4203	24.4735
11.3952	25.5009
11.3702	26.2805
11.3454	26.4074
11.3206	24.8651
11.2959	20.1997
11.2714	13.9801
11.2469	10.0182
11.2226	 8.2885
11.1983	 7.6146
11.1742	 7.3610
11.1502	 7.2548
11.1263	 7.3461
11.1024	 7.4272
11.0787	 7.4071
11.0551	 7.5545
11.0316	 7.7488
11.0081	 7.8796
10.9848	 8.0304
10.9616	 8.0676
10.9385	 8.2371
10.9154	 8.4734
10.8925	 8.5065
10.8697	 8.4437
10.8469	 8.3646
10.8243	 8.4697
10.8017	 8.6457
10.7793	 8.8208
10.7569	 8.8990
10.7346	 8.8403
10.7125	 8.8329
10.6904	 8.9102
10.6684	 8.8617
10.6465	 8.7056
10.6247	 8.5981
10.6029	 8.5806
10.5813	 8.6543
10.5597	 8.6475
10.5383	 8.5944
10.5169	 8.5760
10.4956	 8.6220
10.4744	 8.6687
10.4533	 8.7278
10.4323	 8.7652
10.4113	 8.8413
10.3904	 8.9907
10.3697	 9.0288
10.3490	 9.1016
10.3284	 9.2565
10.3078	 9.3170
10.2874	 9.3095
10.2670	 9.4125
10.2467	 9.5345
10.2265	 9.7224
10.2064	 9.9100
10.1863	10.0797
10.1663	10.2666
10.1464	10.3374
10.1266	10.3630
10.1069	10.4489
10.0872	10.4176
10.0676	10.4843
10.0481	10.4651
10.0287	10.4214
10.0093	10.4729
 9.9901	10.4241
 9.9708	10.4698
 9.9517	10.5395
 9.9326	10.4122
 9.9136	10.3216
 9.8947	10.3484
 9.8759	10.2311
 9.8571	10.1788
 9.8384	10.1247
 9.8198	 9.9585
 9.8012	 9.7642
 9.7827	 9.6734
 9.7643	 9.4733
 9.7459	 9.2396
 9.7276	 9.1405
 9.7094	 8.8261
 9.6913	 8.4762
 9.6732	 8.2966
 9.6552	 8.1745
 9.6372	 8.1303
 9.6194	 8.0986
 9.6015	 8.0322
 9.5838	 8.0869
 9.5661	 8.1372
 9.5485	 8.0760
 9.5309	 8.0131
 9.5135	 8.0141
 9.4960	 8.0847
 9.4787	 8.0078
 9.4614	 7.7729
 9.4441	 7.8282
 9.4270	 7.9397
 9.4099	 7.9067
 9.3928	 7.8312
 9.3758	 7.8441
 9.3589	 7.8979
 9.3420	 7.8352
 9.3252	 7.7339
 9.3085	 7.6169
 9.2918	 7.5056
 9.2752	 7.5209
 9.2586	 7.5087
 9.2421	 7.4849
 9.2257	 7.4261
 9.2093	 7.2170
 9.1930	 7.1335
 9.1767	 7.2338
 9.1605	 7.1391
 9.1443	 7.2062
 9.1282	 7.3497
 9.1122	 7.3866
 9.0962	 7.4005
 9.0803	 7.4202
 9.0644	 7.4059
 9.0486	 7.4327
 9.0328	 7.5495
 9.0171	 7.6765
 9.0015	 7.8109
 8.9858	 7.9570
 8.9703	 8.0538
 8.9548	 8.1505
 8.9394	 8.2121
 8.9240	 8.1580
 8.9086	 8.0942
 8.8934	 8.1457
 8.8781	 8.3390
 8.8630	 8.4601
 8.8478	 8.5236
 8.8328	 8.4807
 8.8177	 8.3392
 8.8028	 8.2112
 8.7879	 8.2007
 8.7730	 8.1978
 8.7582	 8.1984
 8.7434	 8.1932
 8.7287	 8.2879
 8.7140	 8.2716
 8.6994	 8.0421
 8.6848	 7.9504
 8.6703	 7.8735
 8.6558	 7.7095
 8.6414	 7.5887
 8.6270	 7.3748
 8.6127	 7.2594
 8.5984	 7.1712
 8.5842	 7.0544
 8.5700	 6.9003
 8.5558	 6.7981
 8.5417	 6.8618
 8.5277	 6.9329
 8.5137	 6.9321
 8.4997	 6.9871
 8.4858	 7.0103
 8.4719	 6.9141
 8.4581	 6.8730
 8.4444	 6.8630
 8.4306	 6.9159
 8.4169	 6.9575
 8.4033	 6.9485
 8.3897	 7.0228
 8.3761	 7.0093
 8.3626	 6.9894
 8.3492	 7.0715
 8.3357	 7.1497
 8.3224	 7.2005
 8.3090	 7.1350
 8.2957	 7.1884
 8.2825	 7.1318
 8.2693	 7.0302
 8.2561	 7.0313
 8.2430	 7.1197
 8.2299	 7.2011
 8.2169	 7.1889
 8.2038	 7.2122
 8.1909	 7.1490
 8.1780	 7.1521
 8.1651	 7.1186
 8.1523	 7.1307
 8.1395	 7.2195
 8.1267	 7.2388
 8.1140	 7.2682
 8.1013	 7.3003
 8.0887	 7.4104
 8.0761	 7.5316
 8.0635	 7.4427
 8.0510	 7.4869
 8.0385	 7.5671
 8.0261	 7.5213
 8.0137	 7.6253
 8.0013	 7.7758
 7.9890	 7.7581
 7.9767	 7.7265
 7.9644	 7.7351
 7.9522	 7.8602
 7.9400	 7.9883
 7.9279	 8.0174
 7.9158	 8.0475
 7.9037	 8.1076
 7.8917	 8.1171
 7.8797	 8.2162
 7.8677	 8.2882
 7.8558	 8.3296
 7.8439	 8.3907
 7.8321	 8.4067
 7.8203	 8.3960
 7.8085	 8.3832
 7.7967	 8.4291
 7.7850	 8.5022
 7.7734	 8.5137
 7.7617	 8.6326
 7.7501	 8.6736
 7.7386	 8.6560
 7.7270	 8.7776
 7.7155	 8.8840
 7.7041	 8.9106
 7.6926	 8.8605
 7.6812	 8.8660
 7.6699	 8.9293
 7.6585	 9.0837
 7.6472	 9.1313
 7.6360	 9.1406
 7.6247	 9.3007
 7.6136	 9.4348
 7.6024	 9.4370
 7.5913	 9.4288
 7.5802	 9.5365
 7.5691	 9.6712
 7.5581	 9.7292
 7.5471	 9.7961
 7.5361	 9.9142
 7.5252	 9.9756
 7.5142	10.0433
 7.5034	10.1673
 7.4925	10.3260
 7.4817	10.4424
 7.4709	10.5452
 7.4602	10.7104
 7.4495	10.9208
 7.4388	11.0264
 7.4281	11.0780
 7.4175	11.1483
 7.4069	11.3101
 7.3963	11.5176
 7.3858	11.8207
 7.3753	12.0363
 7.3648	12.1546
 7.3544	12.3757
 7.3440	12.6596
 7.3336	12.8390
 7.3232	13.0063
 7.3129	13.2278
 7.3026	13.4918
 7.2923	13.7764
 7.2821	14.1489
 7.2718	14.5347
 7.2617	14.9956
 7.2515	15.5032
 7.2414	15.9664
 7.2313	16.4101
 7.2212	16.7057
 7.2112	16.9247
 7.2012	17.3996
 7.1912	18.2484
 7.1812	19.3931
 7.1713	20.8086
 7.1614	22.2815
 7.1515	23.7267
 7.1416	24.9354
 7.1318	25.6597
 7.1220	25.9969
 7.1123	26.0928
 7.1025	26.1852
 7.0928	26.3356
 7.0831	26.4251
 7.0734	26.5016
 7.0638	26.5775
 7.0542	26.8211
 7.0446	26.9886
 7.0351	26.8583
 7.0255	26.8480
 7.0160	26.8356
 7.0065	26.7640
 6.9971	26.8401
 6.9877	26.8624
 6.9782	26.8111
 6.9689	26.9686
 6.9595	27.1604
 6.9502	26.9710
 6.9409	26.8972
 6.9316	26.9784
 6.9223	27.1253
 6.9131	27.3760
 6.9039	27.5762
 6.8947	27.6329
 6.8856	27.7664
 6.8764	28.0713
 6.8673	28.7238
 6.8582	28.9991
 6.8492	28.8043
 6.8402	28.8309
 6.8311	29.2346
 6.8221	29.5148
 6.8132	29.5821
 6.8042	29.9200
 6.7953	30.5483
 6.7864	31.0376
 6.7776	31.2150
 6.7687	31.4727
 6.7599	31.8003
 6.7511	32.2776
 6.7423	32.7699
 6.7336	33.3488
 6.7248	34.0476
 6.7161	34.8090
 6.7074	35.4415
 6.6988	35.8927
 6.6901	36.5597
 6.6815	37.1917
 6.6729	37.4310
 6.6643	37.6429
 6.6558	37.9290
 6.6472	38.7443
 6.6387	39.7184
 6.6302	39.5931
 6.6217	39.2920
 6.6133	39.4939
 6.6049	39.7399
 6.5965	40.1564
 6.5881	40.4171
 6.5797	40.6567
 6.5714	41.0091
 6.5631	40.8295
 6.5548	40.8193
 6.5465	40.7107
 6.5382	40.5334
 6.5300	40.5557
 6.5218	40.8001
 6.5136	40.4743
 6.5054	40.1764
 6.4973	40.4479
 6.4892	40.0555
 6.4810	38.8854
 6.4729	37.7532
 6.4649	36.5349
 6.4568	35.3326
 6.4488	34.0742
 6.4408	32.7368
 6.4328	31.2414
 6.4248	29.7092
 6.4169	28.3077
 6.4089	25.9911
 6.4010	23.3029
 6.3931	21.2181
 6.3853	19.3048
 6.3774	17.4839
 6.3696	15.5714
 6.3618	13.6226
 6.3540	11.8395
 6.3462	10.2891
 6.3384	 8.6632
 6.3307	 7.1875
 6.3230	 5.8982
 6.3153	 4.9323
 6.3076	 4.2533
 6.2999	 3.7119
 6.2923	 3.2170
 6.2847	 2.7248
 6.2770	 2.2973
 6.2694	 2.0154
 6.2619	 1.6623
 6.2543	 1.3924
 6.2468	 1.2980
 6.2393	 1.2975
 6.2318	 1.1637
 6.2243	 1.0301
 6.2168	 0.9305
 6.2094	 0.8488
 6.2020	 0.8365
 6.1945	 0.8718
 6.1871	 0.7883
 6.1798	 0.6992
 6.1724	 0.7062
 6.1651	 0.6867
 6.1578	 0.6117
 6.1505	 0.5662
 6.1432	 0.5855
 6.1359	 0.5595
 6.1286	 0.4789
 6.1214	 0.5209
 6.1142	 0.5327
 6.1070	 0.5053
 6.0998	 0.5242
 6.0926	 0.5586
 6.0855	 0.5665
 6.0784	 0.5741
 6.0712	 0.6289
 6.0641	 0.7378
 6.0571	 0.7594
 6.0500	 0.7368
 6.0429	 0.7945
 6.0359	 0.8191
 6.0289	 0.8055
 6.0219	 0.7793
 6.0149	 0.7905
 6.0079	 0.7882
 6.0010	 0.8257
 5.9940	 0.8880
 5.9871	 0.8781
 5.9802	 0.8959
 5.9733	 0.9285
 5.9664	 0.9921
 5.9596	 1.0791
 5.9527	 1.1394
 5.9459	 1.1612
 5.9391	 1.1982
 5.9323	 1.2526
 5.9255	 1.2283
 5.9188	 1.2351
 5.9120	 1.3293
 5.9053	 1.3816
 5.8986	 1.4889
 5.8919	 1.5953
 5.8852	 1.6942
 5.8785	 1.7368
 5.8718	 1.7020
 5.8652	 1.8045
 5.8586	 1.9966
 5.8520	 2.0856
 5.8454	 2.0985
 5.8388	 2.0761
 5.8322	 2.1710
 5.8257	 2.2865
 5.8191	 2.3188
 5.8126	 2.3447
 5.8061	 2.3619
 5.7996	 2.4671
 5.7931	 2.6304
 5.7866	 2.5669
 5.7802	 2.5067
 5.7738	 2.5346
 5.7673	 2.7233
 5.7609	 2.8803
 5.7545	 2.8993
 5.7481	 2.9204
 5.7418	 2.9274
 5.7354	 2.9279
 5.7291	 2.9442
 5.7228	 3.0320
 5.7165	 3.1414
 5.7102	 3.1744
 5.7039	 3.0806
 5.6976	 3.1331
 5.6914	 3.2419
 5.6851	 3.2228
 5.6789	 3.1891
 5.6727	 3.1902
 5.6665	 3.1898
 5.6603	 3.2446
 5.6541	 3.2784
 5.6480	 3.2914
 5.6418	 3.3178
 5.6357	 3.3015
 5.6296	 3.2701
 5.6235	 3.1400
 5.6174	 3.1280
 5.6113	 3.1988
 5.6052	 3.1649
 5.5992	 3.0439
 5.5931	 2.9968
 5.5871	 2.9276
 5.5811	 2.7702
 5.5751	 2.6181
 5.5691	 2.5037
 5.5631	 2.3726
 5.5572	 2.1589
 5.5512	 1.9795
 5.5453	 1.9212
 5.5393	 1.8975
 5.5334	 1.8396
 5.5275	 1.7999
 5.5217	 1.8065
 5.5158	 1.8278
 5.5099	 1.8415
 5.5041	 1.8106
 5.4982	 1.8305
 5.4924	 1.8688
 5.4866	 1.8533
 5.4808	 1.8384
 5.4750	 1.8824
 5.4692	 1.9680
 5.4635	 2.1513
 5.4577	 2.3820
 5.4520	 2.6568
 5.4463	 3.0726
 5.4405	 3.5652
 5.4348	 4.1669
 5.4291	 4.9404
 5.4235	 5.8876
 5.4178	 6.8825
 5.4121	 7.8500
 5.4065	 8.8390
 5.4009	 9.7704
 5.3952	10.6544
 5.3896	11.4260
 5.3840	12.1975
 5.3785	12.9582
 5.3729	13.6321
 5.3673	14.2956
 5.3618	14.9300
 5.3562	15.5251
 5.3507	16.1522
 5.3452	16.6168
 5.3397	17.0659
 5.3342	17.5952
 5.3287	18.1536
 5.3232	18.5526
 5.3178	18.9044
 5.3123	19.3761
 5.3069	19.8329
 5.3015	20.2479
 5.2961	20.6570
 5.2907	20.9905
 5.2852	21.2379
 5.2799	21.5919
 5.2745	21.8185
 5.2691	21.9683
 5.2638	22.2307
 5.2584	22.5034
 5.2531	22.6851
 5.2478	22.9055
 5.2425	23.1293
 5.2372	23.2718
 5.2319	23.4490
 5.2267	23.6431
 5.2214	23.7827
 5.2161	23.9604
 5.2109	24.1537
 5.2057	24.2470
 5.2004	24.3507
 5.1952	24.4045
 5.1900	24.3815
 5.1848	24.4149
 5.1796	24.5582
 5.1745	24.7109
 5.1693	24.7477
 5.1642	24.7098
 5.1590	24.6389
 5.1539	24.6329
 5.1488	24.5299
 5.1437	24.1795
 5.1386	23.6021
 5.1335	22.7572
 5.1284	21.5741
 5.1234	20.2942
 5.1183	19.3426
 5.1132	19.1743
 5.1082	19.8395
 5.1032	20.8960
 5.0982	22.0564
 5.0932	23.2073
 5.0882	24.1591
 5.0832	24.8753
 5.0782	25.4440
 5.0732	25.8354
 5.0683	26.1058
 5.0633	26.2808
 5.0584	26.4267
 5.0534	26.5625
 5.0485	26.7402
 5.0436	26.8420
 5.0387	26.8951
 5.0338	26.9603
 5.0289	26.9518
 5.0241	27.0226
 5.0192	27.1643
 5.0144	27.2093
 5.0095	27.1806
 5.0047	27.2334
 4.9998	27.2630
 4.9950	27.2470
 4.9902	27.2955
 4.9854	27.3299
 4.9806	27.4148
 4.9759	27.4935
 4.9711	27.5381
 4.9663	27.5545
 4.9616	27.5669
 4.9568	27.6479
 4.9521	27.7573
 4.9474	27.8379
 4.9426	27.8485
 4.9379	27.8567
 4.9332	27.8659
 4.9286	27.9536
 4.9239	28.0611
 4.9192	28.1256
 4.9145	28.1365
 4.9099	28.1377
 4.9052	28.1082
 4.9006	28.2089
 4.8960	28.3246
 4.8914	28.3288
 4.8867	28.3138
 4.8821	28.4065
 4.8776	28.4877
 4.8730	28.4886
 4.8684	28.4925
 4.8638	28.4881
 4.8593	28.4754
 4.8547	28.5060
 4.8502	28.4957
 4.8456	28.4241
 4.8411	28.3535
 4.8366	28.3394
 4.8321	28.3587
 4.8276	28.4609
 4.8231	28.4454
 4.8186	28.3109
 4.8141	28.2519
 4.8097	28.2065
 4.8052	28.1592
 4.8008	28.1371
 4.7963	28.1339
 4.7919	28.1088
 4.7875	27.9998
 4.7831	27.8672
 4.7786	27.7237
 4.7743	27.5529
 4.7699	27.3596
 4.7655	27.1357
 4.7611	26.9281
 4.7567	26.5955
 4.7524	26.3054
 4.7480	26.0800
 4.7437	25.6976
 4.7393	25.2020
 4.7350	24.6577
 4.7307	24.0143
 4.7264	23.1975
 4.7221	22.2843
 4.7178	21.2262
 4.7135	19.9342
 4.7092	18.5147
 4.7049	17.1639
 4.7007	16.0207
 4.6964	15.2186
 4.6922	14.6898
 4.6879	14.2644
 4.6837	14.0335
 4.6795	13.9116
 4.6752	13.7593
 4.6710	13.7009
 4.6668	13.7266
 4.6626	13.8073
 4.6584	14.0042
 4.6543	14.2957
 4.6501	14.7531
 4.6459	15.2663
 4.6418	15.6802
 4.6376	16.1420
 4.6334	16.7758
 4.6293	17.4320
 4.6252	18.0588
 4.6211	18.6477
 4.6170	19.1196
 4.6128	19.4819
 4.6087	19.8092
 4.6047	20.1013
 4.6006	20.3406
 4.5965	20.5479
 4.5924	20.8207
 4.5884	21.1339
 4.5843	21.3997
 4.5802	21.6250
 4.5762	21.8288
 4.5722	22.0458
 4.5681	22.2512
 4.5641	22.3759
 4.5601	22.4918
 4.5561	22.5857
 4.5521	22.7344
 4.5481	22.8949
 4.5441	22.9181
 4.5401	22.9521
 4.5362	22.9320
 4.5322	22.9319
 4.5282	22.9963
 4.5243	23.0579
 4.5203	23.0335
 4.5164	23.0024
 4.5125	23.0683
 4.5085	23.0072
 4.5046	22.8465
 4.5007	22.8602
 4.4968	22.9198
 4.4929	22.9162
 4.4890	22.9380
 4.4851	22.9689
 4.4813	22.9863
 4.4774	23.0709
 4.4735	23.1033
 4.4697	23.1866
 4.4658	23.4167
 4.4620	23.6235
 4.4581	23.7390
 4.4543	23.8398
 4.4505	23.9961
 4.4467	24.1391
 4.4429	24.3117
 4.4391	24.5214
 4.4353	24.7116
 4.4315	24.9301
 4.4277	25.1223
 4.4239	25.2668
 4.4201	25.2583
 4.4164	25.1660
 4.4126	25.0247
 4.4089	24.7841
 4.4051	24.6016
 4.4014	24.4847
 4.3976	24.5238
 4.3939	24.6785
 4.3902	24.8492
 4.3865	25.0530
 4.3828	25.2064
 4.3791	25.3413
 4.3754	25.5154
 4.3717	25.6686
 4.3680	25.8146
 4.3643	25.8853
 4.3607	25.9428
 4.3570	25.9836
 4.3533	25.9694
 4.3497	25.9500
 4.3460	26.0124
 4.3424	26.1130
 4.3388	26.1422
 4.3351	26.2081
 4.3315	26.2516
 4.3279	26.2822
 4.3243	26.4237
 4.3207	26.5713
 4.3171	26.6237
 4.3135	26.7148
 4.3099	26.8007
 4.3063	26.8414
 4.3028	26.9768
 4.2992	27.1385
 4.2956	27.1586
 4.2921	27.1785
 4.2885	27.2358
 4.2850	27.2733
 4.2815	27.3726
 4.2779	27.4093
 4.2744	27.4161
 4.2709	27.3028
 4.2674	27.1245
 4.2638	26.9991
 4.2603	26.9348
 4.2568	26.9007
 4.2534	26.8944
 4.2499	26.7791
 4.2464	26.7063
 4.2429	26.6297
 4.2394	26.5234
 4.2360	26.4160
 4.2325	26.2450
 4.2291	25.9992
 4.2256	25.7645
 4.2222	25.6368
 4.2187	25.4850
 4.2153	25.2694
 4.2119	25.0962
 4.2085	24.9314
 4.2051	24.7465
 4.2016	24.6720
 4.1982	24.5465
 4.1948	24.4180
 4.1915	24.2649
 4.1881	24.1215
 4.1847	24.0285
 4.1813	23.9336
 4.1780	23.8525
 4.1746	23.7025
 4.1712	23.5231
 4.1679	23.3299
 4.1645	23.1115
 4.1612	22.8696
 4.1578	22.5821
 4.1545	22.3491
 4.1512	22.0437
 4.1479	21.7382
 4.1445	21.3899
 4.1412	21.0282
 4.1379	20.7246
 4.1346	20.4850
 4.1313	20.2122
 4.1280	19.8912
 4.1248	19.6133
 4.1215	19.2525
 4.1182	18.8085
 4.1150	18.3850
 4.1117	17.9637
 4.1084	17.6613
 4.1052	17.2440
 4.1019	16.7189
 4.0987	16.1897
 4.0954	15.6636
 4.0922	15.1546
 4.0890	14.6052
 4.0858	13.9586
 4.0826	13.2941
 4.0793	12.6112
 4.0761	11.9066
 4.0729	11.1750
 4.0697	10.5175
 4.0665	 9.9152
 4.0633	 9.1988
 4.0602	 8.3605
 4.0570	 7.5891
 4.0538	 7.0542
 4.0507	 6.6093
 4.0475	 6.0883
 4.0443	 5.6884
 4.0412	 5.2895
 4.0380	 4.8549
 4.0349	 4.4801
 4.0317	 4.1803
 4.0286	 3.9383
 4.0255	 3.7367
 4.0224	 3.5692
 4.0193	 3.4131
 4.0161	 3.3525
 4.0130	 3.3212
 4.0099	 3.2845
 4.0068	 3.2051
 4.0037	 3.2491
 4.0006	 3.3071
 3.9976	 3.2590
 3.9945	 3.2501
 3.9914	 3.1833
 3.9883	 3.2447
 3.9853	 3.3156
 3.9822	 3.3663
 3.9792	 3.4115
 3.9761	 3.4913
 3.9731	 3.5574
 3.9700	 3.6014
 3.9670	 3.6726
 3.9639	 3.7372
 3.9609	 3.8825
 3.9579	 3.9580
 3.9549	 4.0223
 3.9519	 4.1566
 3.9489	 4.2858
 3.9458	 4.4047
 3.9428	 4.5773
 3.9398	 4.6768
 3.9369	 4.7293
 3.9339	 4.7859
 3.9309	 4.7934
 3.9279	 4.7900
 3.9249	 4.7793
 3.9220	 4.7814
 3.9190	 4.7603
 3.9160	 4.7565
 3.9131	 4.8022
 3.9101	 4.9588
 3.9072	 5.0754
 3.9042	 5.0095
 3.9013	 5.0544
 3.8984	 5.1484
 3.8954	 5.1981
 3.8925	 5.2768
 3.8896	 5.2677
 3.8867	 5.2507
 3.8838	 5.2747
 3.8809	 5.2694
 3.8780	 5.3289
 3.8751	 5.4050
 3.8722	 5.3919
 3.8693	 5.3817
 3.8664	 5.3953
 3.8635	 5.3764
 3.8606	 5.3735
 3.8578	 5.3996
 3.8549	 5.4543
 3.8520	 5.5726
 3.8492	 5.5839
 3.8463	 5.6260
 3.8435	 5.7368
 3.8406	 5.7893
 3.8378	 5.8253
 3.8349	 6.0383
 3.8321	 6.3254
 3.8293	 6.5479
 3.8264	 6.7517
 3.8236	 6.9083
 3.8208	 7.0641
 3.8180	 7.3261
 3.8152	 7.6195
 3.8124	 7.9515
 3.8096	 8.1378
 3.8068	 8.3617
 3.8040	 8.7079
 3.8012	 9.0966
 3.7984	 9.5496
 3.7956	10.0459
 3.7929	10.4672
 3.7901	10.9070
 3.7873	11.3758
 3.7845	11.8791
 3.7818	12.5532
 3.7790	13.2641
 3.7763	13.9063
 3.7735	14.5664
 3.7708	15.1698
 3.7681	15.8695
 3.7653	16.6620
 3.7626	17.3515
 3.7599	17.9056
 3.7571	18.3735
 3.7544	18.8125
 3.7517	19.1885
 3.7490	19.4781
 3.7463	19.7068
 3.7436	19.8037
 3.7409	19.8891
 3.7382	20.0822
 3.7355	20.2269
 3.7328	20.3053
 3.7301	20.4349
 3.7274	20.5668
 3.7247	20.6298
 3.7221	20.6097
 3.7194	20.6469
 3.7167	20.8421
 3.7141	21.0529
 3.7114	21.1235
 3.7088	21.1477
 3.7061	21.3696
 3.7035	21.5937
 3.7008	21.6617
 3.6982	21.7990
 3.6955	22.0141
 3.6929	22.1856
 3.6903	22.2406
 3.6877	22.2145
 3.6850	22.2297
 3.6824	22.3094
 3.6798	22.3825
 3.6772	22.4329
 3.6746	22.4290
 3.6720	22.4473
 3.6694	22.4698
 3.6668	22.4073
 3.6642	22.4355
 3.6616	22.5243
 3.6590	22.4631
 3.6564	22.3338
 3.6539	22.2658
 3.6513	22.1403
 3.6487	22.0898
 3.6462	21.9888
 3.6436	21.7681
 3.6410	21.6066
 3.6385	21.5727
 3.6359	21.4272
 3.6334	21.1567
 3.6308	20.8985
 3.6283	20.5846
 3.6258	20.2224
 3.6232	19.8625
 3.6207	19.4160
 3.6182	18.7784
 3.6156	17.9072
 3.6131	17.0262
 3.6106	16.3787
 3.6081	16.2921
 3.6056	16.6399
 3.6031	16.9617
 3.6006	17.0977
 3.5981	16.9796
 3.5956	16.6797
 3.5931	16.1532
 3.5906	15.3889
 3.5881	14.6610
 3.5856	13.9968
 3.5832	13.1067
 3.5807	12.0110
 3.5782	11.0042
 3.5758	10.0177
 3.5733	 9.0239
 3.5708	 8.1214
 3.5684	 7.3190
 3.5659	 6.8349
 3.5635	 6.5194
 3.5610	 6.2316
 3.5586	 6.0190
 3.5561	 5.8069
 3.5537	 5.5995
 3.5513	 5.5295
 3.5488	 5.4250
 3.5464	 5.2835
 3.5440	 5.2207
 3.5415	 5.1335
 3.5391	 4.9172
 3.5367	 4.7901
 3.5343	 4.7989
 3.5319	 4.7659
 3.5295	 4.7688
 3.5271	 4.6893
 3.5247	 4.5242
 3.5223	 4.4266
 3.5199	 4.3799
 3.5175	 4.2648
 3.5151	 4.1566
 3.5128	 4.1583
 3.5104	 4.1916
 3.5080	 4.2114
 3.5056	 4.2107
 3.5033	 4.2914
 3.5009	 4.3855
 3.4985	 4.4505
 3.4962	 4.5769
 3.4938	 4.8968
 3.4915	 5.1188
 3.4891	 5.1034
 3.4868	 5.0713
 3.4844	 5.1723
 3.4821	 5.2866
 3.4798	 5.3935
 3.4774	 5.4678
 3.4751	 5.5792
 3.4728	 5.6484
 3.4704	 5.6420
 3.4681	 5.6907
 3.4658	 5.7513
 3.4635	 5.7615
 3.4612	 5.7614
 3.4589	 5.7493
 3.4566	 5.8101
 3.4543	 5.8233
 3.4520	 5.7112
 3.4497	 5.6471
 3.4474	 5.6762
 3.4451	 5.8052
 3.4428	 5.8123
 3.4405	 5.8599
 3.4382	 5.9149
 3.4359	 5.8973
 3.4337	 5.8384
 3.4314	 5.8196
 3.4291	 5.7705
 3.4269	 5.7862
 3.4246	 5.9126
 3.4223	 6.0174
 3.4201	 5.9288
 3.4178	 5.7343
 3.4156	 5.6951
 3.4133	 5.6445
 3.4111	 5.6097
 3.4088	 5.6497
 3.4066	 5.5346
 3.4043	 5.4773
 3.4021	 5.5045
 3.3999	 5.4692
 3.3977	 5.4602
 3.3954	 5.4357
 3.3932	 5.4319
 3.3910	 5.5592
 3.3888	 5.5437
 3.3866	 5.4273
 3.3844	 5.3841
 3.3822	 5.3787
 3.3799	 5.3929
 3.3777	 5.5028
 3.3755	 5.5613
 3.3733	 5.4996
 3.3712	 5.4240
 3.3690	 5.3787
 3.3668	 5.2770
 3.3646	 5.2184
 3.3624	 5.3001
 3.3602	 5.3431
 3.3580	 5.2373
 3.3559	 5.2258
 3.3537	 5.2703
 3.3515	 5.2641
 3.3494	 5.3651
 3.3472	 5.4189
 3.3451	 5.3608
 3.3429	 5.3077
 3.3407	 5.3415
 3.3386	 5.3617
 3.3364	 5.4292
 3.3343	 5.5817
 3.3321	 5.8308
 3.3300	 6.2162
 3.3279	 6.7124
 3.3257	 7.2964
 3.3236	 7.8946
 3.3215	 8.3750
 3.3194	 8.7720
 3.3172	 9.1662
 3.3151	 9.5112
 3.3130	 9.8310
 3.3109	10.1333
 3.3088	10.3587
 3.3066	10.5314
 3.3045	10.6937
 3.3024	10.8598
 3.3003	10.9759
 3.2982	11.0516
 3.2961	11.2638
 3.2940	11.4633
 3.2920	11.5122
 3.2899	11.5889
 3.2878	11.7136
 3.2857	11.7626
 3.2836	11.6811
 3.2815	11.7718
 3.2795	11.8947
 3.2774	12.0191
 3.2753	12.1063
 3.2732	12.1668
 3.2712	12.1335
 3.2691	12.1318
 3.2671	12.2990
 3.2650	12.4303
 3.2630	12.3921
 3.2609	12.3030
 3.2588	12.2863
 3.2568	12.2801
 3.2548	12.3409
 3.2527	12.5550
 3.2507	12.5759
 3.2486	12.4798
 3.2466	12.4454
 3.2446	12.4283
 3.2426	12.4428
 3.2405	12.4316
 3.2385	12.4331
 3.2365	12.4589
 3.2345	12.4970
 3.2324	12.5033
 3.2304	12.4677
 3.2284	12.3827
 3.2264	12.3494
 3.2244	12.4272
 3.2224	12.4057
 3.2204	12.4020
 3.2184	12.4281
 3.2164	12.4213
 3.2144	12.4347
 3.2124	12.4369
 3.2104	12.3920
 3.2084	12.3244
 3.2064	12.3102
 3.2045	12.2940
 3.2025	12.2885
 3.2005	12.2381
 3.1985	12.1410
 3.1966	12.0808
 3.1946	11.9649
 3.1926	11.8850
 3.1907	11.8344
 3.1887	11.9168
 3.1867	11.9422
 3.1848	11.8884
 3.1828	11.8896
 3.1809	11.8237
 3.1789	11.7320
 3.1770	11.6803
 3.1750	11.7225
 3.1731	11.7575
 3.1711	11.7516
 3.1692	11.8177
 3.1673	11.8883
 3.1653	11.9267
 3.1634	11.8805
 3.1615	11.8079
 3.1596	11.7588
 3.1576	11.8042
 3.1557	11.7864
 3.1538	11.7260
 3.1519	11.7716
 3.1500	11.8529
 3.1481	11.8359
 3.1461	11.7271
 3.1442	11.7414
 3.1423	11.6975
 3.1404	11.5819
 3.1385	11.6050
 3.1366	11.6146
 3.1347	11.6079
 3.1328	11.6875
 3.1309	11.6577
 3.1290	11.4819
 3.1272	11.3918
 3.1253	11.4239
 3.1234	11.3485
 3.1215	11.1863
 3.1196	11.1328
 3.1178	11.1477
 3.1159	11.1728
 3.1140	11.0829
 3.1121	11.0371
 3.1103	11.0590
 3.1084	11.0029
 3.1065	10.9228
 3.1047	10.9219
 3.1028	10.8835
 3.1010	10.7754
 3.0991	10.8528
 3.0973	11.0182
 3.0954	11.0538
 3.0936	10.9928
 3.0917	10.7880
 3.0899	10.6783
 3.0880	10.8226
 3.0862	10.9549
 3.0844	10.9722
 3.0825	10.9305
 3.0807	10.7622
 3.0789	10.7142
 3.0770	10.8201
 3.0752	10.8495
 3.0734	10.8218
 3.0716	10.9963
 3.0698	10.9579
 3.0680	10.7991
 3.0661	10.8027
 3.0643	10.6946
 3.0625	10.6841
 3.0607	10.7902
 3.0589	10.8834
 3.0571	10.9640
 3.0553	10.9202
 3.0535	10.9639
 3.0517	10.9396
 3.0499	10.8060
 3.0481	10.7172
 3.0463	10.7149
 3.0445	10.7545
 3.0427	10.6788
 3.0410	10.6449
 3.0392	10.7142
 3.0374	10.7640
 3.0356	10.8224
 3.0338	10.8357
 3.0321	10.8037
 3.0303	10.7726
 3.0285	10.6636
 3.0268	10.6646
 3.0250	10.7559
 3.0232	10.7760
 3.0215	10.8341
 3.0197	10.8195
 3.0179	10.7010
 3.0162	10.5612
 3.0144	10.5419
 3.0127	10.6301
 3.0109	10.6473
 3.0092	10.5368
 3.0074	10.6093
 3.0057	10.7238
 3.0040	10.6731
 3.0022	10.5768
 3.0005	10.6296
 2.9987	10.6081
 2.9970	10.5495
 2.9953	10.5382
 2.9935	10.5534
 2.9918	10.5465
 2.9901	10.6211
 2.9884	10.6974
 2.9867	10.6750
 2.9849	10.5889
 2.9832	10.6127
 2.9815	10.6081
 2.9798	10.6118
 2.9781	10.6876
 2.9764	10.6374
 2.9747	10.5827
 2.9729	10.6714
 2.9712	10.7413
 2.9695	10.7377
 2.9678	10.8201
 2.9661	10.8829
 2.9645	10.8899
 2.9628	10.7823
 2.9611	10.7513
 2.9594	10.8759
 2.9577	11.0177
 2.9560	10.9771
 2.9543	10.7805
 2.9526	10.8616
 2.9510	11.0104
 2.9493	10.9787
 2.9476	11.0556
 2.9459	11.1960
 2.9442	11.2396
 2.9426	11.1847
 2.9409	11.2940
 2.9392	11.3858
 2.9376	11.3492
 2.9359	11.3282
 2.9343	11.3953
 2.9326	11.4789
 2.9309	11.6917
 2.9293	11.8225
 2.9276	11.8553
 2.9260	11.9131
 2.9243	11.8782
 2.9227	11.8489
 2.9210	11.8951
 2.9194	12.1225
 2.9177	12.2435
 2.9161	12.2230
 2.9145	12.2452
 2.9128	12.3135
 2.9112	12.3905
 2.9096	12.4838
 2.9079	12.5965
 2.9063	12.7199
 2.9047	12.8597
 2.9030	12.9104
 2.9014	12.9310
 2.8998	12.9027
 2.8982	12.9512
 2.8966	13.1235
 2.8949	13.2339
 2.8933	13.3373
 2.8917	13.5539
 2.8901	13.5921
 2.8885	13.4840
 2.8869	13.5107
 2.8853	13.6778
 2.8837	13.8655
 2.8821	14.0204
 2.8805	14.1437
 2.8789	14.2056
 2.8773	14.2627
 2.8757	14.3932
 2.8741	14.5806
 2.8725	14.7637
 2.8709	14.8267
 2.8693	14.8146
 2.8677	14.9882
 2.8661	15.1682
 2.8645	15.2642
 2.8630	15.2752
 2.8614	15.2662
 2.8598	15.4375
 2.8582	15.6696
 2.8567	15.8631
 2.8551	15.9151
 2.8535	15.9243
 2.8519	16.0871
 2.8504	16.2378
 2.8488	16.3011
 2.8472	16.3321
 2.8457	16.3796
 2.8441	16.5244
 2.8426	16.8132
 2.8410	16.9530
 2.8394	17.1143
 2.8379	17.2673
 2.8363	17.3758
 2.8348	17.4176
 2.8332	17.4032
 2.8317	17.4681
 2.8302	17.6453
 2.8286	17.8375
 2.8271	17.9830
 2.8255	18.1032
 2.8240	18.3732
 2.8224	18.6404
 2.8209	18.8069
 2.8194	18.8867
 2.8178	19.0898
 2.8163	19.3128
 2.8148	19.5770
 2.8133	19.6529
 2.8117	19.7339
 2.8102	19.6720
 2.8087	19.7901
 2.8072	19.9493
 2.8056	19.9758
 2.8041	20.0165
 2.8026	20.0232
 2.8011	20.0918
 2.7996	20.2591
 2.7981	20.4805
 2.7966	20.8053
 2.7951	21.2521
 2.7936	21.5461
 2.7921	21.8016
 2.7906	22.1839
 2.7890	22.6763
 2.7875	23.2345
 2.7860	23.6112
 2.7845	23.8694
 2.7831	24.3098
 2.7816	24.7226
 2.7801	25.1970
 2.7786	25.6405
 2.7771	26.1589
 2.7756	26.6563
 2.7741	27.1488
 2.7726	27.7158
 2.7712	28.2537
 2.7697	28.8269
 2.7682	29.2276
 2.7667	29.5241
 2.7652	29.7779
 2.7638	30.3404
 2.7623	31.0016
 2.7608	31.5140
 2.7594	32.1197
 2.7579	32.8849
 2.7564	34.0686
 2.7550	34.9978
 2.7535	35.1884
 2.7520	35.6448
 2.7506	36.2722
 2.7491	37.0684
 2.7477	37.7096
 2.7462	38.1938
 2.7447	38.6736
 2.7433	39.5085
 2.7418	40.5301
 2.7404	41.6057
 2.7389	42.1977
 2.7375	42.2081
 2.7361	42.6579
 2.7346	43.3614
 2.7332	43.6821
 2.7317	44.0802
 2.7303	44.5777
 2.7289	45.1608
 2.7274	45.8887
 2.7260	46.7688
 2.7246	47.5019
 2.7231	47.7887
 2.7217	48.5143
 2.7203	49.2406
 2.7188	49.1844
 2.7174	49.3512
 2.7160	49.6169
 2.7146	50.0518
 2.7132	50.5336
 2.7117	51.4783
 2.7103	52.1776
 2.7089	52.3851
 2.7075	52.5947
 2.7061	52.9911
 2.7047	53.4089
 2.7033	53.8325
 2.7018	54.4680
 2.7004	54.9179
 2.6990	55.1257
 2.6976	55.5810
 2.6962	56.2661
 2.6948	56.9720
 2.6934	57.3971
 2.6920	57.2870
 2.6906	57.3867
 2.6892	57.8129
 2.6878	58.1713
 2.6864	58.5423
 2.6850	58.8208
 2.6837	59.0383
 2.6823	59.3286
 2.6809	59.7518
 2.6795	60.3735
 2.6781	60.6750
 2.6767	61.0534
 2.6753	60.9333
 2.6740	60.7775
 2.6726	61.1290
 2.6712	62.1293
 2.6698	62.3894
 2.6685	61.9278
 2.6671	62.4176
 2.6657	62.6720
 2.6644	62.3171
 2.6630	61.9951
 2.6616	62.1759
 2.6603	62.3081
 2.6589	62.3833
 2.6575	62.3912
 2.6562	62.6331
 2.6548	62.6330
 2.6534	62.8090
 2.6521	63.0337
 2.6507	62.8510
 2.6494	62.8103
 2.6480	62.9246
 2.6467	63.0867
 2.6453	63.2290
 2.6440	63.1846
 2.6426	63.2909
 2.6413	63.3599
 2.6399	63.4055
 2.6386	63.4719
 2.6372	63.6032
 2.6359	63.6659
 2.6346	63.9272
 2.6332	64.0315
 2.6319	64.1845
 2.6306	64.5857
 2.6292	64.3384
 2.6279	64.1839
 2.6266	64.4673
 2.6252	64.2230
 2.6239	64.0394
 2.6226	63.9874
 2.6212	64.4720
 2.6199	64.7119
 2.6186	64.4619
 2.6173	64.6902
 2.6160	64.4241
 2.6146	63.9523
 2.6133	63.9412
 2.6120	63.8071
 2.6107	63.8263
 2.6094	63.8588
 2.6081	63.6947
 2.6067	63.6799
 2.6054	63.7724
 2.6041	63.2517
 2.6028	62.8028
 2.6015	62.5798
 2.6002	62.1786
 2.5989	61.8074
 2.5976	61.9702
 2.5963	62.6048
 2.5950	63.2357
 2.5937	62.3691
 2.5924	61.2343
 2.5911	60.6779
 2.5898	60.4826
 2.5885	60.2364
 2.5872	59.7918
 2.5859	58.9910
 2.5847	58.5349
 2.5834	57.7383
 2.5821	56.5513
 2.5808	55.4002
 2.5795	54.0763
 2.5782	53.0200
 2.5770	51.9535
 2.5757	50.6423
 2.5744	49.6555
 2.5731	48.4650
 2.5718	46.9916
 2.5706	46.1150
 2.5693	45.2238
 2.5680	44.2222
 2.5667	43.5172
 2.5655	43.1302
 2.5642	42.8426
 2.5629	42.4853
 2.5617	42.1798
 2.5604	41.6707
 2.5591	41.2191
 2.5579	40.9633
 2.5566	40.8773
 2.5554	40.8485
 2.5541	40.8595
 2.5528	41.0414
 2.5516	41.2192
 2.5503	41.2811
 2.5491	41.3969
 2.5478	41.6630
 2.5466	41.9575
 2.5453	42.2342
 2.5441	42.5454
 2.5428	42.9005
 2.5416	43.2124
 2.5403	43.5137
 2.5391	43.8052
 2.5379	44.1644
 2.5366	44.4607
 2.5354	44.6900
 2.5341	44.9554
 2.5329	45.1573
 2.5317	45.3239
 2.5304	45.4734
 2.5292	45.7578
 2.5280	45.8622
 2.5267	45.9095
 2.5255	46.1778
 2.5243	46.4425
 2.5230	46.4879
 2.5218	46.6303
 2.5206	46.7002
 2.5194	46.8428
 2.5181	47.0268
 2.5169	47.0589
 2.5157	47.0365
 2.5145	47.0703
 2.5133	47.2580
 2.5120	47.4483
 2.5108	47.5668
 2.5096	47.5746
 2.5084	47.6681
 2.5072	47.8902
 2.5060	48.0575
 2.5048	47.9733
 2.5035	48.0543
 2.5023	48.3592
 2.5011	48.5156
 2.4999	48.5752
 2.4987	48.7902
 2.4975	49.0095
 2.4963	49.1301
 2.4951	49.2600
 2.4939	49.4486
 2.4927	49.7407
 2.4915	49.9750
 2.4903	50.1034
 2.4891	50.3988
 2.4879	50.7646
 2.4867	50.9043
 2.4855	51.0849
 2.4844	51.4307
 2.4832	51.7944
 2.4820	52.1628
 2.4808	52.4546
 2.4796	52.7259
 2.4784	53.1071
 2.4772	53.5127
 2.4760	54.0201
 2.4749	54.3358
 2.4737	54.5750
 2.4725	54.9180
 2.4713	55.2739
 2.4701	55.5415
 2.4690	55.8685
 2.4678	56.3718
 2.4666	56.8204
 2.4655	57.1121
 2.4643	57.3859
 2.4631	57.6435
 2.4619	57.8742
 2.4608	58.2739
 2.4596	58.5094
 2.4584	58.6356
 2.4573	58.9509
 2.4561	59.2814
 2.4549	59.6114
 2.4538	59.9006
 2.4526	60.1281
 2.4515	60.2628
 2.4503	60.4273
 2.4491	60.7406
 2.4480	60.9175
 2.4468	61.0861
 2.4457	61.3130
 2.4445	61.5454
 2.4434	61.8756
 2.4422	62.0846
 2.4411	62.2217
 2.4399	62.3190
 2.4388	62.4762
 2.4376	62.6423
 2.4365	62.7564
 2.4353	62.9328
 2.4342	63.1985
 2.4331	63.4010
 2.4319	63.5206
 2.4308	63.7680
 2.4296	63.9613
 2.4285	64.0717
 2.4274	64.1443
 2.4262	64.1339
 2.4251	64.2742
 2.4240	64.3926
 2.4228	64.4179
 2.4217	64.7333
 2.4206	65.0531
 2.4194	65.2287
 2.4183	65.2809
 2.4172	65.3582
 2.4160	65.5173
 2.4149	65.7856
 2.4138	65.9824
 2.4127	66.0011
 2.4116	66.0670
 2.4104	66.1821
 2.4093	66.2150
 2.4082	66.2619
 2.4071	66.3586
 2.4059	66.4043
 2.4048	66.3936
 2.4037	66.3486
 2.4026	66.4376
 2.4015	66.4666
 2.4004	66.3430
 2.3993	66.1736
 2.3982	65.9970
 2.3971	65.8558
 2.3960	65.7469
 2.3948	65.5094
 2.3937	65.0845
 2.3926	64.6562
 2.3915	64.1499
 2.3904	63.6158
 2.3893	63.0704
 2.3882	62.3888
 2.3871	61.6684
 2.3860	60.9282
 2.3849	60.1605
 2.3838	59.5029
 2.3827	58.8888
 2.3816	58.2146
 2.3805	57.6666
 2.3795	57.1994
 2.3784	56.7240
 2.3773	56.2634
 2.3762	55.9813
 2.3751	55.7422
 2.3740	55.4023
 2.3729	55.1941
 2.3718	55.0623
 2.3708	54.9557
 2.3697	54.8285
 2.3686	54.8709
 2.3675	54.7661
 2.3664	54.6795
 2.3653	54.7858
 2.3643	54.8754
 2.3632	54.7580
 2.3621	54.6603
 2.3610	54.6887
 2.3600	54.7771
 2.3589	54.9065
 2.3578	54.9906
 2.3567	55.1741
 2.3557	55.5408
 2.3546	55.5811
 2.3535	55.4251
 2.3525	55.6635
 2.3514	56.0448
 2.3503	56.2099
 2.3493	56.2094
 2.3482	56.3152
 2.3471	56.5372
 2.3461	56.8024
 2.3450	56.9193
 2.3440	57.0016
 2.3429	57.1762
 2.3418	57.2599
 2.3408	57.2784
 2.3397	57.3419
 2.3387	57.3923
 2.3376	57.4568
 2.3366	57.5121
 2.3355	57.4550
 2.3345	57.5926
 2.3334	57.7973
 2.3324	57.7787
 2.3313	57.7701
 2.3303	57.8455
 2.3292	57.8905
 2.3282	57.9895
 2.3271	58.1125
 2.3261	58.2497
 2.3250	58.3929
 2.3240	58.5286
 2.3230	58.6835
 2.3219	58.8530
 2.3209	59.0161
 2.3198	59.1015
 2.3188	59.0799
 2.3178	59.1982
 2.3167	59.3079
 2.3157	59.4786
 2.3147	59.5485
 2.3136	59.6710
 2.3126	60.0145
 2.3116	60.3175
 2.3105	60.4944
 2.3095	60.5423
 2.3085	60.6631
 2.3074	60.9483
 2.3064	61.2419
 2.3054	61.3675
 2.3044	61.4354
 2.3034	61.6290
 2.3023	61.8147
 2.3013	62.0147
 2.3003	62.2796
 2.2993	62.4904
 2.2982	62.6397
 2.2972	62.7949
 2.2962	62.9540
 2.2952	63.2077
 2.2942	63.5602
 2.2932	63.7872
 2.2921	64.0572
 2.2911	64.2242
 2.2901	64.4558
 2.2891	64.7407
 2.2881	65.0187
 2.2871	65.1727
 2.2861	65.2575
 2.2851	65.3850
 2.2841	65.7105
 2.2831	66.0747
 2.2821	66.2097
 2.2811	66.2173
 2.2801	66.4005
 2.2790	66.7037
 2.2780	66.9248
 2.2771	67.1439
 2.2761	67.3186
 2.2750	67.3869
 2.2740	67.5695
 2.2731	67.7218
 2.2721	67.9653
 2.2711	68.1995
 2.2701	68.2439
 2.2691	68.2682
 2.2681	68.4099
 2.2671	68.5784
 2.2661	68.7153
 2.2651	68.9013
 2.2641	69.1185
 2.2631	69.3263
 2.2621	69.5090
 2.2612	69.8099
 2.2602	69.8755
 2.2592	69.8818
 2.2582	70.1693
 2.2572	70.3889
 2.2562	70.3906
 2.2553	70.4136
 2.2543	70.5405
 2.2533	70.8314
 2.2523	71.0967
 2.2513	71.1314
 2.2504	71.2570
 2.2494	71.3471
 2.2484	71.4749
 2.2474	71.7215
 2.2465	71.9338
 2.2455	72.0357
 2.2445	72.1327
 2.2435	72.2349
 2.2426	72.3415
 2.2416	72.3945
 2.2406	72.4552
 2.2397	72.6225
 2.2387	72.7467
 2.2377	72.9009
 2.2368	73.1728
 2.2358	73.2837
 2.2348	73.4105
 2.2339	73.4955
 2.2329	73.4172
 2.2320	73.4731
 2.2310	73.6715
 2.2300	73.8218
 2.2291	73.8709
 2.2281	73.9191
 2.2272	74.0488
 2.2262	74.0760
 2.2252	74.2373
 2.2243	74.4538
 2.2233	74.4719
 2.2224	74.5461
 2.2214	74.7362
 2.2205	74.8278
 2.2195	74.8359
 2.2186	74.8540
 2.2176	74.9484
 2.2167	75.0799
 2.2157	75.1278
 2.2148	75.1847
 2.2138	75.3105
 2.2129	75.4472
 2.2120	75.5324
 2.2110	75.6262
 2.2101	75.6088
 2.2091	75.6130
 2.2082	75.5990
 2.2073	75.6753
 2.2063	75.8131
 2.2054	75.8098
 2.2044	75.7269
 2.2035	75.6991
 2.2026	75.7289
 2.2016	75.7317
 2.2007	75.7819
 2.1998	75.8897
 2.1988	76.0732
 2.1979	76.1595
 2.1970	76.1636
 2.1960	76.1411
 2.1951	76.0842
 2.1942	76.1684
 2.1932	76.2259
 2.1923	76.0625
 2.1914	76.1229
 2.1905	76.2370
 2.1895	76.1856
 2.1886	76.1751
 2.1877	76.0794
 2.1868	76.0716
 2.1858	76.1849
 2.1849	76.2205
 2.1840	76.3477
 2.1831	76.2912
 2.1822	76.1177
 2.1812	76.1900
 2.1803	76.1819
 2.1794	76.1987
 2.1785	76.1451
 2.1776	76.1594
 2.1767	76.0644
 2.1758	75.7874
 2.1749	75.7929
 2.1739	75.9087
 2.1730	75.8793
 2.1721	75.6917
 2.1712	75.6960
 2.1703	75.7532
 2.1694	75.7148
 2.1685	75.6101
 2.1676	75.6179
 2.1667	75.6421
 2.1658	75.6961
 2.1649	75.7376
 2.1639	75.6463
 2.1631	75.6940
 2.1622	75.5684
 2.1612	75.5563
 2.1604	75.7674
 2.1595	75.8250
 2.1585	75.7096
 2.1576	75.6780
 2.1568	75.7339
 2.1559	75.6722
 2.1550	75.7043
 2.1541	75.7674
 2.1532	75.8260
 2.1523	75.9022
 2.1514	75.9499
 2.1505	75.9408
 2.1496	75.9311
 2.1487	76.1121
 2.1478	76.1543
 2.1469	76.1011
 2.1460	76.2372
 2.1452	76.2491
 2.1443	76.1885
 2.1434	76.3576
 2.1425	76.4898
 2.1416	76.4598
 2.1407	76.4922
 2.1398	76.4177
 2.1390	76.5038
 2.1381	76.6196
 2.1372	76.6067
 2.1363	76.6398
 2.1354	76.6903
 2.1345	76.6132
 2.1337	76.6683
 2.1328	76.7314
 2.1319	76.8601
 2.1311	76.8994
 2.1302	76.7524
 2.1293	76.6557
 2.1284	76.7184
 2.1275	76.8849
 2.1267	76.9369
 2.1258	76.8264
 2.1249	76.6982
 2.1241	76.5919
 2.1232	76.7729
 2.1223	76.8769
 2.1214	76.8743
 2.1206	76.9220
 2.1197	76.8024
 2.1189	76.8446
 2.1180	76.8514
 2.1171	76.7277
 2.1163	76.7685
 2.1154	76.7680
 2.1145	76.7679
 2.1137	76.7547
 2.1128	76.7157
 2.1120	76.6669
 2.1111	76.6740
 2.1102	76.7858
 2.1094	76.8647
 2.1085	76.8703
 2.1077	76.7404
 2.1068	76.8630
 2.1059	76.9370
 2.1051	76.9649
 2.1042	76.8879
 2.1034	76.8524
 2.1025	76.8587
 2.1017	76.8680
 2.1008	76.9662
 2.1000	76.9774
 2.0991	76.8671
 2.0983	76.7458
 2.0974	76.7771
 2.0966	76.7596
 2.0957	76.7492
 2.0949	76.9339
 2.0940	77.0337
 2.0932	76.9729
 2.0924	76.9577
 2.0915	76.9571
 2.0907	77.0974
 2.0898	77.0280
 2.0890	76.7726
 2.0881	76.5713
 2.0873	76.6918
 2.0865	76.8203
 2.0856	76.9306
 2.0848	76.9999
 2.0839	76.8818
 2.0831	76.8617
 2.0823	76.9559
 2.0814	76.8833
 2.0806	76.8839
 2.0798	76.9048
 2.0789	76.9776
 2.0781	77.0130
 2.0773	76.8520
 2.0764	76.7538
 2.0756	76.7724
 2.0748	76.7799
 2.0739	76.5843
 2.0731	76.6079
 2.0723	76.7183
 2.0715	76.6840
 2.0706	76.7260
 2.0698	76.8159
 2.0690	76.6822
 2.0681	76.4979
 2.0673	76.6065
 2.0665	76.7942
 2.0657	76.8756
 2.0648	76.8225
 2.0640	76.6329
 2.0632	76.6427
 2.0624	76.8245
 2.0616	76.7820
 2.0607	76.7926
 2.0599	76.7203
 2.0591	76.6128
 2.0583	76.6086
 2.0575	76.5016
 2.0567	76.5329
 2.0558	76.6421
 2.0550	76.7230
 2.0542	76.7063
 2.0534	76.7163
 2.0526	76.7353
 2.0518	76.7210
 2.0510	76.6391
 2.0501	76.5491
 2.0493	76.4686
 2.0485	76.5354
 2.0477	76.5611
 2.0469	76.4654
 2.0461	76.3843
 2.0453	76.3378
 2.0445	76.3911
 2.0437	76.5287
 2.0429	76.6141
 2.0421	76.5307
 2.0413	76.4105
 2.0405	76.4714
 2.0397	76.6407
 2.0389	76.4943
 2.0381	76.3679
 2.0373	76.3621
 2.0365	76.2741
 2.0357	76.2618
 2.0349	76.3201
 2.0341	76.1867
 2.0333	75.9169
 2.0325	76.0887
 2.0317	76.2750
 2.0309	76.2035
 2.0301	76.0423
 2.0293	75.8744
 2.0285	75.8550
 2.0277	75.8879
 2.0269	75.9697
 2.0261	76.0708
 2.0253	76.0419
 2.0245	75.9213
 2.0237	75.7721
 2.0229	75.7814
 2.0222	75.8940
 2.0214	75.8737
 2.0206	75.7527
 2.0198	75.5275
 2.0190	75.3868
 2.0182	75.3343
 2.0174	75.2421
 2.0167	75.1778
 2.0159	75.1639
 2.0151	75.1368
 2.0143	75.0805
 2.0135	74.8913
 2.0128	74.7533
 2.0120	74.6656
 2.0112	74.6232
 2.0104	74.7165
 2.0096	74.8391
 2.0088	74.8576
 2.0081	74.7383
 2.0073	74.7604
 2.0065	74.7694
 2.0057	74.6950
 2.0050	74.6278
 2.0042	74.4610
 2.0034	74.6413
 2.0026	74.9527
 2.0019	74.9836
 2.0011	74.9268
 2.0003	74.9903
