Name: Actinolite Ca_2(Mg,Fe^2+)_5Si_8O_22(OH)_2
Type: Mineral
Class: Silicate
Subclass: Inosilicate
Particle Size: Coarse
Sample No.: IN-4A
Owner: JPL
Wavelength Range: VSWIR
Origin: USA, California, San Bernadino County, Wrightwood.
Collection Date: N/A
Description: Particle size was 125-500um.Collected by:  Burminco Original ASTER Spectral Library name was jpl.perkin.mineral.silicate.inosilicate.coarse.in04a.spectrum.txt
Measurement: Hemispherical reflectance
First Column: X
Second Column: Y
X Units: Wavelength (micrometers)
Y Units:Reflectance (percent)
First X Value:  2.5000
Last X Value:  0.4000
Number of X Values: 2101
Additional Information: mineral.silicate.inosilicate.coarse.vswir.in-4a.jpl.perkin.ancillary.txt

 2.5000	28.4890
 2.4990	27.8249
 2.4980	28.3802
 2.4970	28.1362
 2.4960	27.8344
 2.4950	28.0202
 2.4940	27.8692
 2.4930	27.8322
 2.4920	27.9238
 2.4910	27.7439
 2.4900	27.8898
 2.4890	27.5868
 2.4880	27.8372
 2.4870	27.6896
 2.4860	27.7687
 2.4850	27.5659
 2.4840	27.7313
 2.4830	27.6391
 2.4820	27.6617
 2.4810	27.6126
 2.4800	27.7322
 2.4790	27.5029
 2.4780	27.6455
 2.4770	27.4420
 2.4760	27.5648
 2.4750	27.6032
 2.4740	27.5800
 2.4730	27.4121
 2.4720	27.5416
 2.4710	27.3344
 2.4700	27.4751
 2.4690	27.3658
 2.4680	27.5713
 2.4670	27.5230
 2.4660	27.3913
 2.4650	27.4533
 2.4640	27.5054
 2.4630	27.4272
 2.4620	27.4900
 2.4610	27.4824
 2.4600	27.5841
 2.4590	27.4793
 2.4580	27.5757
 2.4570	27.5450
 2.4560	27.6888
 2.4550	27.6666
 2.4540	27.7742
 2.4530	27.6371
 2.4520	27.8758
 2.4510	27.8107
 2.4500	27.9925
 2.4490	27.9312
 2.4480	28.0721
 2.4470	27.9790
 2.4460	28.1605
 2.4450	28.2029
 2.4440	28.2973
 2.4430	28.3018
 2.4420	28.4515
 2.4410	28.4044
 2.4400	28.4127
 2.4390	28.4893
 2.4380	28.5310
 2.4370	28.5689
 2.4360	28.6998
 2.4350	28.5886
 2.4340	28.7497
 2.4330	28.7391
 2.4320	28.8228
 2.4310	28.7644
 2.4300	28.8737
 2.4290	28.8153
 2.4280	28.8784
 2.4270	28.8193
 2.4260	28.8551
 2.4250	28.7479
 2.4240	28.7082
 2.4230	28.5328
 2.4220	28.4674
 2.4210	28.4711
 2.4200	28.3778
 2.4190	28.2485
 2.4180	28.1945
 2.4170	28.0237
 2.4160	27.9398
 2.4150	27.8300
 2.4140	27.6940
 2.4130	27.5831
 2.4120	27.5085
 2.4110	27.3453
 2.4100	27.2474
 2.4090	27.0535
 2.4080	26.9677
 2.4070	26.7018
 2.4060	26.5331
 2.4050	26.2312
 2.4040	26.0876
 2.4030	25.7886
 2.4020	25.5452
 2.4010	25.1511
 2.4000	24.8964
 2.3990	24.5746
 2.3980	24.2554
 2.3970	23.9031
 2.3960	23.6511
 2.3950	23.2186
 2.3940	22.9732
 2.3930	22.6751
 2.3920	22.4424
 2.3910	22.1952
 2.3900	22.0072
 2.3890	21.8176
 2.3880	21.7145
 2.3870	21.5946
 2.3860	21.6164
 2.3850	21.6591
 2.3840	21.7190
 2.3830	21.8538
 2.3820	22.0625
 2.3810	22.1839
 2.3800	22.4818
 2.3790	22.7808
 2.3780	23.1452
 2.3770	23.4525
 2.3760	23.8638
 2.3750	24.2728
 2.3740	24.6854
 2.3730	25.1280
 2.3720	25.5038
 2.3710	25.8965
 2.3700	26.3515
 2.3690	26.7179
 2.3680	27.1528
 2.3670	27.5337
 2.3660	27.8272
 2.3650	28.1541
 2.3640	28.4615
 2.3630	28.7089
 2.3620	28.9400
 2.3610	29.1839
 2.3600	29.4087
 2.3590	29.5935
 2.3580	29.7772
 2.3570	29.8726
 2.3560	29.9974
 2.3550	30.1609
 2.3540	30.2237
 2.3530	30.2679
 2.3520	30.2967
 2.3510	30.2959
 2.3500	30.3438
 2.3490	30.3423
 2.3480	30.2797
 2.3470	30.2171
 2.3460	30.1290
 2.3450	30.0176
 2.3440	29.8645
 2.3430	29.7153
 2.3420	29.5028
 2.3410	29.2274
 2.3400	28.9061
 2.3390	28.6149
 2.3380	28.2485
 2.3370	27.8384
 2.3360	27.3904
 2.3350	26.9827
 2.3340	26.5016
 2.3330	25.9778
 2.3320	25.4195
 2.3310	24.8774
 2.3300	24.2760
 2.3290	23.6935
 2.3280	23.0554
 2.3270	22.5187
 2.3260	21.9535
 2.3250	21.4095
 2.3240	20.8775
 2.3230	20.4649
 2.3220	19.9860
 2.3210	19.6021
 2.3200	19.2031
 2.3190	18.8683
 2.3180	18.5267
 2.3170	18.3323
 2.3160	18.1459
 2.3150	18.0451
 2.3140	17.8602
 2.3130	17.8852
 2.3120	17.8497
 2.3110	17.8222
 2.3100	17.7925
 2.3090	17.9536
 2.3080	17.9171
 2.3070	18.0366
 2.3060	18.1568
 2.3050	18.3600
 2.3040	18.4493
 2.3030	18.6159
 2.3020	18.7529
 2.3010	18.9361
 2.3000	19.1038
 2.2990	19.3820
 2.2980	19.6103
 2.2970	19.9144
 2.2960	20.1219
 2.2950	20.4731
 2.2940	20.7731
 2.2930	21.1629
 2.2920	21.5048
 2.2910	21.9518
 2.2900	22.3709
 2.2890	22.8498
 2.2880	23.2479
 2.2870	23.7630
 2.2860	24.1576
 2.2850	24.6099
 2.2840	25.0552
 2.2830	25.5496
 2.2820	25.9219
 2.2810	26.3918
 2.2800	26.8081
 2.2790	27.2727
 2.2780	27.6033
 2.2770	28.0671
 2.2760	28.4254
 2.2750	28.9034
 2.2740	29.2430
 2.2730	29.6734
 2.2720	30.0778
 2.2710	30.5436
 2.2700	30.9444
 2.2690	31.3543
 2.2680	31.7289
 2.2670	32.1231
 2.2660	32.4780
 2.2650	32.8942
 2.2640	33.1386
 2.2630	33.4885
 2.2620	33.6781
 2.2610	33.9749
 2.2600	34.1858
 2.2590	34.4186
 2.2580	34.5498
 2.2570	34.6865
 2.2560	34.7590
 2.2550	34.8831
 2.2540	34.9453
 2.2530	35.0285
 2.2520	34.9757
 2.2510	35.1512
 2.2500	35.1360
 2.2490	35.2244
 2.2480	35.2805
 2.2470	35.3867
 2.2460	35.4640
 2.2450	35.6606
 2.2440	35.7804
 2.2430	36.0686
 2.2420	36.1260
 2.2410	36.4970
 2.2400	36.6743
 2.2390	37.0270
 2.2380	37.2611
 2.2370	37.6100
 2.2360	37.8844
 2.2350	38.1961
 2.2340	38.4320
 2.2330	38.7383
 2.2320	38.9112
 2.2310	39.2115
 2.2300	39.3678
 2.2290	39.6318
 2.2280	39.7487
 2.2270	39.9369
 2.2260	40.0439
 2.2250	40.2360
 2.2240	40.2397
 2.2230	40.3502
 2.2220	40.4214
 2.2210	40.5244
 2.2200	40.6165
 2.2190	40.7170
 2.2180	40.6676
 2.2170	40.8866
 2.2160	40.8980
 2.2150	40.9774
 2.2140	41.0391
 2.2130	41.1207
 2.2120	41.1152
 2.2110	41.1615
 2.2100	41.2663
 2.2090	41.4239
 2.2080	41.3223
 2.2070	41.4921
 2.2060	41.3972
 2.2050	41.5238
 2.2040	41.6088
 2.2030	41.6846
 2.2020	41.7059
 2.2010	41.8248
 2.2000	41.7634
 2.1990	41.9386
 2.1980	41.8778
 2.1970	42.0391
 2.1960	41.9706
 2.1950	42.0684
 2.1940	42.0934
 2.1930	42.2238
 2.1920	42.1957
 2.1910	42.2572
 2.1900	42.2965
 2.1890	42.4056
 2.1880	42.4255
 2.1870	42.5241
 2.1860	42.4405
 2.1850	42.6028
 2.1840	42.5476
 2.1830	42.6154
 2.1820	42.6913
 2.1810	42.7635
 2.1800	42.7692
 2.1790	42.8529
 2.1780	42.9100
 2.1770	42.9517
 2.1760	42.9876
 2.1750	43.0928
 2.1740	43.1685
 2.1730	43.2657
 2.1720	43.1272
 2.1710	43.3528
 2.1700	43.3677
 2.1690	43.4501
 2.1680	43.3973
 2.1670	43.4422
 2.1660	43.3932
 2.1650	43.5512
 2.1640	43.4489
 2.1630	43.5789
 2.1620	43.5519
 2.1610	43.6502
 2.1600	43.5979
 2.1590	43.5740
 2.1580	43.5465
 2.1570	43.5809
 2.1560	43.6148
 2.1550	43.6435
 2.1540	43.6900
 2.1530	43.6909
 2.1520	43.6345
 2.1510	43.7083
 2.1500	43.6925
 2.1490	43.7728
 2.1480	43.7805
 2.1470	43.8466
 2.1460	43.7659
 2.1450	43.8293
 2.1440	43.8125
 2.1430	43.9006
 2.1420	43.8700
 2.1410	43.8857
 2.1400	43.7958
 2.1390	43.8056
 2.1380	43.7497
 2.1370	43.7561
 2.1360	43.7168
 2.1350	43.6720
 2.1340	43.5656
 2.1330	43.5872
 2.1320	43.5417
 2.1310	43.5519
 2.1300	43.4336
 2.1290	43.4814
 2.1280	43.4668
 2.1270	43.4793
 2.1260	43.4285
 2.1250	43.4492
 2.1240	43.3999
 2.1230	43.4375
 2.1220	43.4494
 2.1210	43.4891
 2.1200	43.4220
 2.1190	43.4516
 2.1180	43.4212
 2.1170	43.4989
 2.1160	43.5059
 2.1150	43.5578
 2.1140	43.5927
 2.1130	43.7948
 2.1120	43.9107
 2.1110	44.0537
 2.1100	44.2246
 2.1090	44.4334
 2.1080	44.6509
 2.1070	44.9473
 2.1060	45.1504
 2.1050	45.3802
 2.1040	45.6356
 2.1030	45.8899
 2.1020	46.1195
 2.1010	46.2939
 2.1000	46.4072
 2.0990	46.5204
 2.0980	46.6095
 2.0970	46.7161
 2.0960	46.8138
 2.0950	46.9081
 2.0940	46.9833
 2.0930	47.0028
 2.0920	47.0419
 2.0910	47.0978
 2.0900	47.2421
 2.0890	47.3540
 2.0880	47.3282
 2.0870	47.4031
 2.0860	47.4870
 2.0850	47.6293
 2.0840	47.7526
 2.0830	47.8267
 2.0820	47.9952
 2.0810	48.1192
 2.0800	48.1783
 2.0790	48.3007
 2.0780	48.4274
 2.0770	48.5097
 2.0760	48.5656
 2.0750	48.6096
 2.0740	48.7135
 2.0730	48.8361
 2.0720	48.8895
 2.0710	48.9834
 2.0700	49.0535
 2.0690	49.1150
 2.0680	49.2144
 2.0670	49.2799
 2.0660	49.3412
 2.0650	49.4094
 2.0640	49.5046
 2.0630	49.5561
 2.0620	49.6059
 2.0610	49.6582
 2.0600	49.7067
 2.0590	49.7911
 2.0580	49.8883
 2.0570	49.9451
 2.0560	50.0302
 2.0550	50.1108
 2.0540	50.2256
 2.0530	50.3409
 2.0520	50.6871
 2.0510	50.7151
 2.0500	50.6258
 2.0490	50.7838
 2.0480	50.9711
 2.0470	51.0514
 2.0460	51.1218
 2.0450	51.2229
 2.0440	51.3591
 2.0430	51.4672
 2.0420	51.5733
 2.0410	51.6948
 2.0400	51.7653
 2.0390	51.8261
 2.0380	51.9577
 2.0370	51.9977
 2.0360	52.0472
 2.0350	52.1011
 2.0340	52.1981
 2.0330	52.2807
 2.0320	52.3354
 2.0310	52.3383
 2.0300	52.3872
 2.0290	52.3772
 2.0280	52.4319
 2.0270	52.4435
 2.0260	52.4273
 2.0250	52.4373
 2.0240	52.4994
 2.0230	52.4664
 2.0220	52.4466
 2.0210	52.4737
 2.0200	52.5288
 2.0190	52.4886
 2.0180	52.5393
 2.0170	52.5468
 2.0160	52.5829
 2.0150	52.6173
 2.0140	52.6677
 2.0130	52.7058
 2.0120	52.7685
 2.0110	52.7991
 2.0100	52.8697
 2.0090	52.8722
 2.0080	52.9537
 2.0070	52.9288
 2.0060	53.0410
 2.0050	53.1154
 2.0040	53.1589
 2.0030	53.2166
 2.0020	53.2712
 2.0010	53.3014
 2.0000	53.4451
 1.9990	53.5065
 1.9980	53.5421
 1.9970	53.5950
 1.9960	53.7103
 1.9950	53.7554
 1.9940	53.8529
 1.9930	53.8285
 1.9920	53.9170
 1.9910	53.9677
 1.9900	54.1763
 1.9890	54.2072
 1.9880	54.2590
 1.9870	54.3599
 1.9860	54.4976
 1.9850	54.5439
 1.9840	54.6719
 1.9830	54.7117
 1.9820	54.8250
 1.9810	54.9103
 1.9800	55.0602
 1.9790	55.0553
 1.9780	55.2352
 1.9770	55.2243
 1.9760	55.3299
 1.9750	55.3919
 1.9740	55.5655
 1.9730	55.5146
 1.9720	55.6054
 1.9710	55.6396
 1.9700	55.7573
 1.9690	55.8205
 1.9680	55.9424
 1.9670	55.9285
 1.9660	56.0619
 1.9650	56.0941
 1.9640	56.1934
 1.9630	56.1723
 1.9620	56.3303
 1.9610	56.3795
 1.9600	56.3937
 1.9590	56.4365
 1.9580	56.6313
 1.9570	56.6550
 1.9560	56.6030
 1.9550	56.7013
 1.9540	56.7834
 1.9530	56.7903
 1.9520	56.8549
 1.9510	56.8791
 1.9500	56.9962
 1.9490	56.9940
 1.9480	57.0918
 1.9470	57.0905
 1.9460	57.1985
 1.9450	57.1713
 1.9440	57.3620
 1.9430	57.3103
 1.9420	57.4169
 1.9410	57.4486
 1.9400	57.4817
 1.9390	57.5016
 1.9380	57.6115
 1.9370	57.5904
 1.9360	57.7144
 1.9350	57.6678
 1.9340	57.6670
 1.9330	57.7710
 1.9320	57.8759
 1.9310	57.8274
 1.9300	57.8703
 1.9290	57.9617
 1.9280	58.1309
 1.9270	58.0022
 1.9260	58.0796
 1.9250	58.1776
 1.9240	58.1589
 1.9230	58.2027
 1.9220	58.2914
 1.9210	58.3000
 1.9200	58.3651
 1.9190	58.3520
 1.9180	58.5099
 1.9170	58.4274
 1.9160	58.6090
 1.9150	58.6011
 1.9140	58.6256
 1.9130	58.6846
 1.9120	58.7814
 1.9110	58.7700
 1.9100	58.8910
 1.9090	58.7969
 1.9080	58.9160
 1.9070	58.9225
 1.9060	58.9487
 1.9050	59.0064
 1.9040	59.1191
 1.9030	59.1115
 1.9020	59.1803
 1.9010	59.1904
 1.9000	59.2347
 1.8990	59.2156
 1.8980	59.3599
 1.8970	59.2735
 1.8960	59.3532
 1.8950	59.4320
 1.8940	59.4834
 1.8930	59.5203
 1.8920	59.5587
 1.8910	59.6520
 1.8900	59.6780
 1.8890	59.6844
 1.8880	59.8336
 1.8870	59.8488
 1.8860	59.9226
 1.8850	59.9236
 1.8840	60.0761
 1.8830	60.0869
 1.8820	60.2629
 1.8810	60.2708
 1.8800	60.3458
 1.8790	60.3015
 1.8780	60.4006
 1.8770	60.4171
 1.8760	60.5145
 1.8750	60.5441
 1.8740	60.5726
 1.8730	60.6042
 1.8720	60.6065
 1.8710	60.5729
 1.8700	60.6123
 1.8690	60.6176
 1.8680	60.7489
 1.8670	60.7957
 1.8660	60.8350
 1.8650	60.8698
 1.8640	60.9632
 1.8630	60.9878
 1.8620	61.0420
 1.8610	60.9719
 1.8600	61.0750
 1.8590	61.1689
 1.8580	61.1687
 1.8570	61.1686
 1.8560	61.2410
 1.8550	61.2760
 1.8540	61.3267
 1.8530	61.3638
 1.8520	61.4946
 1.8510	61.5572
 1.8500	61.5601
 1.8490	61.6173
 1.8480	61.7212
 1.8470	61.7582
 1.8460	61.8004
 1.8450	61.8085
 1.8440	61.9047
 1.8430	61.8905
 1.8420	62.0006
 1.8410	62.0467
 1.8400	62.1348
 1.8390	62.1184
 1.8380	62.1480
 1.8370	62.1376
 1.8360	62.2163
 1.8350	62.2481
 1.8340	62.3716
 1.8330	62.4278
 1.8320	62.4314
 1.8310	62.4367
 1.8300	62.4983
 1.8290	62.5096
 1.8280	62.5682
 1.8270	62.6035
 1.8260	62.6968
 1.8250	62.6708
 1.8240	62.7350
 1.8230	62.8030
 1.8220	62.8070
 1.8210	62.8599
 1.8200	62.9411
 1.8190	62.9192
 1.8180	62.9777
 1.8170	63.0395
 1.8160	63.0749
 1.8150	63.0314
 1.8140	63.1083
 1.8130	63.1894
 1.8120	63.2104
 1.8110	63.2209
 1.8100	63.2899
 1.8090	63.3583
 1.8080	63.3699
 1.8070	63.3113
 1.8060	63.3532
 1.8050	63.3721
 1.8040	63.3966
 1.8030	63.4367
 1.8020	63.4537
 1.8010	63.4761
 1.8000	63.4933
 1.7990	63.4899
 1.7980	63.5476
 1.7970	63.5586
 1.7960	63.5830
 1.7950	63.6150
 1.7940	63.6195
 1.7930	63.6686
 1.7920	63.6457
 1.7910	63.6078
 1.7900	63.6062
 1.7890	63.6001
 1.7880	63.6321
 1.7870	63.6691
 1.7860	63.6543
 1.7850	63.6695
 1.7840	63.6193
 1.7830	63.5757
 1.7820	63.6732
 1.7810	63.7183
 1.7800	63.7212
 1.7790	63.7058
 1.7780	63.6593
 1.7770	63.6915
 1.7760	63.6989
 1.7750	63.7509
 1.7740	63.7409
 1.7730	63.7205
 1.7720	63.7370
 1.7710	63.7332
 1.7700	63.7298
 1.7690	63.7722
 1.7680	63.7674
 1.7670	63.7375
 1.7660	63.6816
 1.7650	63.7160
 1.7640	63.7536
 1.7630	63.7530
 1.7620	63.7591
 1.7610	63.7554
 1.7600	63.7583
 1.7590	63.7891
 1.7580	63.7465
 1.7570	63.7563
 1.7560	63.7493
 1.7550	63.7717
 1.7540	63.8141
 1.7530	63.8250
 1.7520	63.7725
 1.7510	63.7587
 1.7500	63.7458
 1.7490	63.7868
 1.7480	63.8125
 1.7470	63.8030
 1.7460	63.7864
 1.7450	63.7927
 1.7440	63.8353
 1.7430	63.7873
 1.7420	63.7943
 1.7410	63.8416
 1.7400	63.7777
 1.7390	63.8154
 1.7380	63.8502
 1.7370	63.8393
 1.7360	63.8500
 1.7350	63.9027
 1.7340	63.8326
 1.7330	63.8155
 1.7320	63.8590
 1.7310	63.8300
 1.7300	63.7824
 1.7290	63.8119
 1.7280	63.8349
 1.7270	63.8937
 1.7260	63.8079
 1.7250	63.8254
 1.7240	63.8841
 1.7230	63.8374
 1.7220	63.7780
 1.7210	63.8552
 1.7200	63.8768
 1.7190	63.8881
 1.7180	63.7795
 1.7170	63.8571
 1.7160	63.8210
 1.7150	63.7525
 1.7140	63.7542
 1.7130	63.7857
 1.7120	63.8148
 1.7110	63.8032
 1.7100	63.7418
 1.7090	63.7780
 1.7080	63.7337
 1.7070	63.7341
 1.7060	63.6506
 1.7050	63.7437
 1.7040	63.7297
 1.7030	63.6645
 1.7020	63.5790
 1.7010	63.6095
 1.7000	63.6595
 1.6990	63.6549
 1.6980	63.5676
 1.6970	63.6120
 1.6960	63.5620
 1.6950	63.5388
 1.6940	63.5281
 1.6930	63.5356
 1.6920	63.5248
 1.6910	63.6070
 1.6900	63.4453
 1.6890	63.4655
 1.6880	63.4581
 1.6870	63.4936
 1.6860	63.4224
 1.6850	63.4043
 1.6840	63.3630
 1.6830	63.4643
 1.6820	63.4319
 1.6810	63.3600
 1.6800	63.2973
 1.6790	63.3572
 1.6780	63.3422
 1.6770	63.3552
 1.6760	63.1800
 1.6750	63.2750
 1.6740	63.1889
 1.6730	63.2129
 1.6720	63.1798
 1.6710	63.1355
 1.6700	63.2503
 1.6690	63.2476
 1.6680	63.0294
 1.6670	63.1902
 1.6660	63.0467
 1.6650	63.0496
 1.6640	62.9904
 1.6630	63.0224
 1.6620	63.0032
 1.6610	63.0307
 1.6600	62.9455
 1.6590	63.0123
 1.6580	62.8802
 1.6570	62.9038
 1.6560	62.8348
 1.6550	62.8668
 1.6540	62.7791
 1.6530	62.8280
 1.6520	62.7194
 1.6510	62.7464
 1.6500	62.7365
 1.6490	62.7010
 1.6480	62.6933
 1.6470	62.6062
 1.6460	62.5701
 1.6450	62.5538
 1.6440	62.5711
 1.6430	62.5411
 1.6420	62.5403
 1.6410	62.3822
 1.6400	62.4089
 1.6390	62.4783
 1.6380	62.4069
 1.6370	62.4279
 1.6360	62.3356
 1.6350	62.3949
 1.6340	62.2505
 1.6330	62.2871
 1.6320	62.2276
 1.6310	62.2102
 1.6300	62.1719
 1.6290	62.1794
 1.6280	62.1340
 1.6270	62.1680
 1.6260	62.0263
 1.6250	62.0940
 1.6240	62.1003
 1.6230	61.9775
 1.6220	61.8937
 1.6210	61.9992
 1.6200	61.8147
 1.6190	61.8971
 1.6180	61.8795
 1.6170	61.8731
 1.6160	61.7279
 1.6150	61.7806
 1.6140	61.7108
 1.6130	61.7600
 1.6120	61.6632
 1.6110	61.6550
 1.6100	61.5733
 1.6090	61.6005
 1.6080	61.5812
 1.6070	61.5994
 1.6060	61.4408
 1.6050	61.5219
 1.6040	61.4583
 1.6030	61.3692
 1.6020	61.3564
 1.6010	61.4074
 1.6000	61.3260
 1.5990	61.2429
 1.5980	61.2411
 1.5970	61.2176
 1.5960	61.2011
 1.5950	61.1075
 1.5940	61.0820
 1.5930	61.0382
 1.5920	60.9847
 1.5910	61.0023
 1.5900	60.9337
 1.5890	60.9481
 1.5880	60.9232
 1.5870	60.8473
 1.5860	60.7633
 1.5850	60.7275
 1.5840	60.7312
 1.5830	60.7340
 1.5820	60.6859
 1.5810	60.6347
 1.5800	60.5340
 1.5790	60.5312
 1.5780	60.4704
 1.5770	60.4671
 1.5760	60.3854
 1.5750	60.3757
 1.5740	60.3012
 1.5730	60.3380
 1.5720	60.2595
 1.5710	60.1912
 1.5700	60.1199
 1.5690	60.1179
 1.5680	60.0786
 1.5670	60.0684
 1.5660	60.0108
 1.5650	59.9569
 1.5640	59.9054
 1.5630	59.8601
 1.5620	59.7915
 1.5610	59.7184
 1.5600	59.6573
 1.5590	59.6769
 1.5580	59.6326
 1.5570	59.5563
 1.5560	59.4795
 1.5550	59.4726
 1.5540	59.4259
 1.5530	59.3719
 1.5520	59.2965
 1.5510	59.2786
 1.5500	59.2591
 1.5490	59.1879
 1.5480	59.1271
 1.5470	59.0442
 1.5460	58.9589
 1.5450	58.9091
 1.5440	58.8715
 1.5430	58.8675
 1.5420	58.8067
 1.5410	58.7929
 1.5400	58.7059
 1.5390	58.6622
 1.5380	58.6004
 1.5370	58.5693
 1.5360	58.4998
 1.5350	58.4578
 1.5340	58.4278
 1.5330	58.4449
 1.5320	58.4244
 1.5310	58.3794
 1.5300	58.3341
 1.5290	58.2818
 1.5280	58.1925
 1.5270	58.1949
 1.5260	58.1466
 1.5250	58.0981
 1.5240	58.0568
 1.5230	58.0369
 1.5220	58.0097
 1.5210	57.9753
 1.5200	57.9169
 1.5190	57.8382
 1.5180	57.7907
 1.5170	57.7554
 1.5160	57.7072
 1.5150	57.6817
 1.5140	57.5980
 1.5130	57.5500
 1.5120	57.5313
 1.5110	57.4721
 1.5100	57.4176
 1.5090	57.3363
 1.5080	57.2718
 1.5070	57.2122
 1.5060	57.1523
 1.5050	57.1044
 1.5040	57.0343
 1.5030	56.9633
 1.5020	56.8943
 1.5010	56.8232
 1.5000	56.8148
 1.4990	56.7718
 1.4980	56.6939
 1.4970	56.6859
 1.4960	56.6421
 1.4950	56.6036
 1.4940	56.5654
 1.4930	56.5228
 1.4920	56.4259
 1.4910	56.3244
 1.4900	56.2915
 1.4890	56.2422
 1.4880	56.1788
 1.4870	56.0878
 1.4860	56.0550
 1.4850	56.0023
 1.4840	55.9258
 1.4830	55.8915
 1.4820	55.8490
 1.4810	55.7752
 1.4800	55.6707
 1.4790	55.5858
 1.4780	55.5244
 1.4770	55.4914
 1.4760	55.4514
 1.4750	55.3828
 1.4740	55.2719
 1.4730	55.2287
 1.4720	55.2269
 1.4710	55.0976
 1.4700	54.9974
 1.4690	54.9520
 1.4680	54.8956
 1.4670	54.8000
 1.4660	54.7703
 1.4650	54.6905
 1.4640	54.6892
 1.4630	54.6221
 1.4620	54.5335
 1.4610	54.4204
 1.4600	54.3462
 1.4590	54.2922
 1.4580	54.2203
 1.4570	54.1162
 1.4560	54.0973
 1.4550	54.0118
 1.4540	53.8867
 1.4530	53.7723
 1.4520	53.7895
 1.4510	53.6414
 1.4500	53.6196
 1.4490	53.5457
 1.4480	53.5139
 1.4470	53.4071
 1.4460	53.3396
 1.4450	53.2683
 1.4440	53.1896
 1.4430	53.1175
 1.4420	53.0847
 1.4410	52.9451
 1.4400	52.9964
 1.4390	52.8733
 1.4380	52.7920
 1.4370	52.6644
 1.4360	52.6390
 1.4350	52.5331
 1.4340	52.4596
 1.4330	52.3467
 1.4320	52.2308
 1.4310	52.0867
 1.4300	51.9975
 1.4290	51.8452
 1.4280	51.7078
 1.4270	51.5633
 1.4260	51.4346
 1.4250	51.2016
 1.4240	51.0118
 1.4230	50.7509
 1.4220	50.4602
 1.4210	50.1995
 1.4200	49.8939
 1.4190	49.5317
 1.4180	49.2539
 1.4170	48.8392
 1.4160	48.3682
 1.4150	47.6931
 1.4140	47.1704
 1.4130	46.7995
 1.4120	46.3935
 1.4110	46.0042
 1.4100	45.3579
 1.4090	44.3134
 1.4080	42.8733
 1.4070	41.2141
 1.4060	40.0715
 1.4050	39.4426
 1.4040	39.2602
 1.4030	38.7874
 1.4020	37.2693
 1.4010	34.2282
 1.4000	31.2838
 1.3990	29.3170
 1.3980	29.2268
 1.3970	30.1159
 1.3960	30.4966
 1.3950	29.3942
 1.3940	28.0485
 1.3930	27.9526
 1.3920	30.3981
 1.3910	35.1178
 1.3900	40.1719
 1.3890	43.8527
 1.3880	46.0287
 1.3870	46.7166
 1.3860	46.9389
 1.3850	46.8793
 1.3840	47.0211
 1.3830	46.7611
 1.3820	46.7015
 1.3810	46.5854
 1.3800	46.5763
 1.3790	46.4708
 1.3780	46.5973
 1.3770	46.4737
 1.3760	46.4988
 1.3750	46.4340
 1.3740	46.5112
 1.3730	46.5380
 1.3720	46.5269
 1.3710	46.5551
 1.3700	46.6471
 1.3690	46.5519
 1.3680	46.5803
 1.3670	46.5329
 1.3660	46.5382
 1.3650	46.3719
 1.3640	46.3131
 1.3630	46.2048
 1.3620	46.1534
 1.3610	45.9618
 1.3600	45.8747
 1.3590	45.7579
 1.3580	45.7990
 1.3570	45.6235
 1.3560	45.5491
 1.3550	45.2201
 1.3540	45.3111
 1.3530	45.1518
 1.3520	45.1447
 1.3510	44.9549
 1.3500	44.9200
 1.3490	44.7078
 1.3480	44.6693
 1.3470	44.4534
 1.3460	44.4303
 1.3450	44.2197
 1.3440	44.1593
 1.3430	44.0623
 1.3420	43.9699
 1.3410	43.7974
 1.3400	43.7161
 1.3390	43.6075
 1.3380	43.4467
 1.3370	43.2984
 1.3360	43.2379
 1.3350	43.0399
 1.3340	43.0686
 1.3330	42.8858
 1.3320	42.8161
 1.3310	42.6366
 1.3300	42.6302
 1.3290	42.3701
 1.3280	42.2749
 1.3270	42.1132
 1.3260	42.0297
 1.3250	41.8425
 1.3240	41.7805
 1.3230	41.6346
 1.3220	41.6143
 1.3210	41.4146
 1.3200	41.3912
 1.3190	41.1727
 1.3180	41.1193
 1.3170	40.9383
 1.3160	40.9165
 1.3150	40.7220
 1.3140	40.6571
 1.3130	40.3997
 1.3120	40.3992
 1.3110	40.1979
 1.3100	40.1573
 1.3090	39.9329
 1.3080	39.8774
 1.3070	39.6393
 1.3060	39.5679
 1.3050	39.4825
 1.3040	39.3341
 1.3030	39.1358
 1.3020	39.0769
 1.3010	38.8342
 1.3000	38.7444
 1.2990	38.5825
 1.2980	38.5282
 1.2970	38.3277
 1.2960	38.3529
 1.2950	38.2050
 1.2940	38.1247
 1.2930	37.9424
 1.2920	37.8816
 1.2910	37.7003
 1.2900	37.5997
 1.2890	37.4996
 1.2880	37.3531
 1.2870	37.1932
 1.2860	37.1032
 1.2850	36.9314
 1.2840	36.8416
 1.2830	36.6418
 1.2820	36.5154
 1.2810	36.3336
 1.2800	36.2589
 1.2790	36.0605
 1.2780	35.9524
 1.2770	35.8444
 1.2760	35.7189
 1.2750	35.6374
 1.2740	35.5622
 1.2730	35.4023
 1.2720	35.2828
 1.2710	35.1919
 1.2700	35.1321
 1.2690	34.9860
 1.2680	34.8768
 1.2670	34.7592
 1.2660	34.6180
 1.2650	34.4760
 1.2640	34.3895
 1.2630	34.2508
 1.2620	34.1566
 1.2610	33.9988
 1.2600	33.8591
 1.2590	33.7869
 1.2580	33.7119
 1.2570	33.5756
 1.2560	33.4538
 1.2550	33.2867
 1.2540	33.1790
 1.2530	33.0564
 1.2520	33.0052
 1.2510	32.8533
 1.2500	32.7213
 1.2490	32.6090
 1.2480	32.5024
 1.2470	32.4092
 1.2460	32.2631
 1.2450	32.1042
 1.2440	32.0141
 1.2430	31.8550
 1.2420	31.7828
 1.2410	31.6590
 1.2400	31.5704
 1.2390	31.4537
 1.2380	31.3174
 1.2370	31.1899
 1.2360	31.0871
 1.2350	30.9368
 1.2340	30.8402
 1.2330	30.7542
 1.2320	30.6145
 1.2310	30.5185
 1.2300	30.4364
 1.2290	30.2728
 1.2280	30.1809
 1.2270	30.1311
 1.2260	30.0004
 1.2250	29.8617
 1.2240	29.7723
 1.2230	29.6490
 1.2220	29.4989
 1.2210	29.3881
 1.2200	29.3068
 1.2190	29.2176
 1.2180	29.0639
 1.2170	28.9378
 1.2160	28.8956
 1.2150	28.7716
 1.2140	28.6789
 1.2130	28.5781
 1.2120	28.4076
 1.2110	28.3256
 1.2100	28.3049
 1.2090	28.1694
 1.2080	28.0356
 1.2070	27.9838
 1.2060	27.8759
 1.2050	27.7263
 1.2040	27.5989
 1.2030	27.5254
 1.2020	27.4653
 1.2010	27.3710
 1.2000	27.2531
 1.1990	27.1521
 1.1980	27.0287
 1.1970	26.9694
 1.1960	26.8789
 1.1950	26.7785
 1.1940	26.6905
 1.1930	26.6198
 1.1920	26.5274
 1.1910	26.4662
 1.1900	26.3343
 1.1890	26.2107
 1.1880	26.0290
 1.1870	26.0430
 1.1860	26.0075
 1.1850	25.9068
 1.1840	25.7526
 1.1830	25.7325
 1.1820	25.5847
 1.1810	25.5089
 1.1800	25.4233
 1.1790	25.3686
 1.1780	25.2455
 1.1770	25.1483
 1.1760	25.0201
 1.1750	24.9490
 1.1740	24.8380
 1.1730	24.7999
 1.1720	24.7468
 1.1710	24.6536
 1.1700	24.5469
 1.1690	24.4884
 1.1680	24.3685
 1.1670	24.2874
 1.1660	24.1640
 1.1650	24.0625
 1.1640	23.9728
 1.1630	23.8948
 1.1620	23.7680
 1.1610	23.7547
 1.1600	23.6147
 1.1590	23.5794
 1.1580	23.4902
 1.1570	23.3905
 1.1560	23.2160
 1.1550	23.2026
 1.1540	23.0843
 1.1530	22.9969
 1.1520	22.9107
 1.1510	22.8890
 1.1500	22.7320
 1.1490	22.6757
 1.1480	22.5548
 1.1470	22.4638
 1.1460	22.3432
 1.1450	22.3498
 1.1440	22.1633
 1.1430	22.0559
 1.1420	21.9511
 1.1410	21.9576
 1.1400	21.7717
 1.1390	21.7101
 1.1380	21.5468
 1.1370	21.5993
 1.1360	21.3714
 1.1350	21.3511
 1.1340	21.1307
 1.1330	21.1012
 1.1320	20.9583
 1.1310	20.8863
 1.1300	20.7702
 1.1290	20.7308
 1.1280	20.5190
 1.1270	20.5046
 1.1260	20.3238
 1.1250	20.3047
 1.1240	20.0683
 1.1230	20.0603
 1.1220	19.9045
 1.1210	19.9081
 1.1200	19.7008
 1.1190	19.6606
 1.1180	19.5401
 1.1170	19.4604
 1.1160	19.3011
 1.1150	19.2015
 1.1140	19.0323
 1.1130	19.0136
 1.1120	18.8204
 1.1110	18.7430
 1.1100	18.6017
 1.1090	18.5083
 1.1080	18.4082
 1.1070	18.3475
 1.1060	18.0814
 1.1050	18.0185
 1.1040	17.9116
 1.1030	17.9019
 1.1020	17.6161
 1.1010	17.6496
 1.1000	17.4096
 1.0990	17.3928
 1.0980	17.1591
 1.0970	17.1148
 1.0960	16.9454
 1.0950	16.8891
 1.0940	16.6522
 1.0930	16.6340
 1.0920	16.3799
 1.0910	16.4038
 1.0900	16.2333
 1.0890	16.1451
 1.0880	15.9549
 1.0870	15.9415
 1.0860	15.6898
 1.0850	15.7478
 1.0840	15.4384
 1.0830	15.3750
 1.0820	15.2231
 1.0810	15.2301
 1.0800	14.9667
 1.0790	15.0242
 1.0780	14.7267
 1.0770	14.7111
 1.0760	14.5928
 1.0750	14.4549
 1.0740	14.2697
 1.0730	14.1558
 1.0720	14.0040
 1.0710	14.2159
 1.0700	13.7132
 1.0690	13.8954
 1.0680	13.6385
 1.0670	13.6737
 1.0660	13.5520
 1.0650	13.4386
 1.0640	13.2232
 1.0630	13.3269
 1.0620	13.1302
 1.0610	13.1511
 1.0600	13.0344
 1.0590	12.9694
 1.0580	12.8814
 1.0570	12.8011
 1.0560	12.6458
 1.0550	12.6480
 1.0540	12.5456
 1.0530	12.5067
 1.0520	12.4562
 1.0510	12.4306
 1.0500	12.3980
 1.0490	12.3888
 1.0480	12.2169
 1.0470	12.2484
 1.0460	12.1988
 1.0450	12.1739
 1.0440	12.1040
 1.0430	12.0757
 1.0420	12.0298
 1.0410	12.1143
 1.0400	12.0183
 1.0390	12.0705
 1.0380	11.9614
 1.0370	12.0085
 1.0360	11.9100
 1.0350	12.0215
 1.0340	11.9221
 1.0330	11.9573
 1.0320	11.9164
 1.0310	11.9265
 1.0300	11.8670
 1.0290	11.8760
 1.0280	11.8970
 1.0270	11.9736
 1.0260	11.8550
 1.0250	11.9945
 1.0240	11.8697
 1.0230	11.9630
 1.0220	11.9735
 1.0210	12.0356
 1.0200	11.9644
 1.0190	11.9857
 1.0180	11.9112
 1.0170	12.0702
 1.0160	12.0191
 1.0150	12.0750
 1.0140	12.1365
 1.0130	12.1125
 1.0120	12.1062
 1.0110	12.1079
 1.0100	12.1188
 1.0090	12.2447
 1.0080	12.1511
 1.0070	12.2076
 1.0060	12.1963
 1.0050	12.3489
 1.0040	12.2468
 1.0030	12.4250
 1.0020	12.4247
 1.0010	12.4657
 1.0000	12.4743
 0.9990	12.5330
 0.9980	12.4757
 0.9970	12.6180
 0.9960	12.6330
 0.9950	12.6872
 0.9940	12.6912
 0.9930	12.7809
 0.9920	12.8004
 0.9910	12.8602
 0.9900	12.8249
 0.9890	12.9329
 0.9880	12.8846
 0.9870	13.0706
 0.9860	13.0623
 0.9850	13.1694
 0.9840	13.1760
 0.9830	13.2559
 0.9820	13.2372
 0.9810	13.3686
 0.9800	13.3493
 0.9790	13.4185
 0.9780	13.4563
 0.9770	13.5679
 0.9760	13.5383
 0.9750	13.6189
 0.9740	13.6662
 0.9730	13.7745
 0.9720	13.7917
 0.9710	13.8961
 0.9700	13.8799
 0.9690	13.9230
 0.9680	13.9391
 0.9670	14.0469
 0.9660	14.1319
 0.9650	14.2071
 0.9640	14.2037
 0.9630	14.2357
 0.9620	14.3063
 0.9610	14.3743
 0.9600	14.4137
 0.9590	14.4750
 0.9580	14.4619
 0.9570	14.5830
 0.9560	14.5624
 0.9550	14.5384
 0.9540	14.6557
 0.9530	14.7635
 0.9520	14.7790
 0.9510	14.8321
 0.9500	14.9128
 0.9490	15.0172
 0.9480	15.0174
 0.9470	15.0597
 0.9460	15.1499
 0.9450	15.2334
 0.9440	15.2859
 0.9430	15.3196
 0.9420	15.3468
 0.9410	15.3837
 0.9400	15.4338
 0.9390	15.5361
 0.9380	15.5670
 0.9370	15.5833
 0.9360	15.6892
 0.9350	15.8161
 0.9340	15.7794
 0.9330	15.8303
 0.9320	15.9079
 0.9310	15.9164
 0.9300	15.9786
 0.9290	16.0227
 0.9280	16.0080
 0.9270	16.1043
 0.9260	16.2010
 0.9250	16.2089
 0.9240	16.2312
 0.9230	16.2682
 0.9220	16.3413
 0.9210	16.3890
 0.9200	16.4097
 0.9190	16.4007
 0.9180	16.5098
 0.9170	16.5109
 0.9160	16.5486
 0.9150	16.6179
 0.9140	16.6722
 0.9130	16.7406
 0.9120	16.7750
 0.9110	16.7853
 0.9100	16.8015
 0.9090	16.7904
 0.9080	16.8943
 0.9070	16.9154
 0.9060	16.9215
 0.9050	16.9640
 0.9040	17.0479
 0.9030	17.1375
 0.9020	17.1299
 0.9010	17.1246
 0.9000	17.2256
 0.8990	17.2873
 0.8980	17.3344
 0.8970	17.3201
 0.8960	17.3238
 0.8950	17.3280
 0.8940	17.4364
 0.8930	17.4130
 0.8920	17.4675
 0.8910	17.5227
 0.8900	17.5810
 0.8890	17.5748
 0.8880	17.6277
 0.8870	17.6281
 0.8860	17.6672
 0.8850	17.6995
 0.8840	17.8277
 0.8830	17.7653
 0.8820	17.8626
 0.8810	17.8346
 0.8800	17.9035
 0.8790	17.8818
 0.8780	17.9931
 0.8770	18.0081
 0.8760	18.0250
 0.8750	18.0505
 0.8740	18.1452
 0.8730	18.1870
 0.8720	18.2237
 0.8710	18.2129
 0.8700	18.3033
 0.8690	18.2807
 0.8680	18.4129
 0.8670	18.3500
 0.8660	18.4899
 0.8650	18.4861
 0.8640	18.5591
 0.8630	18.5646
 0.8620	18.6320
 0.8610	18.6226
 0.8600	19.0603
 0.8590	19.1714
 0.8580	19.1952
 0.8570	19.2488
 0.8560	19.3134
 0.8550	19.3653
 0.8540	19.3998
 0.8530	19.4619
 0.8520	19.5014
 0.8510	19.5698
 0.8500	19.6335
 0.8490	19.6697
 0.8480	19.7383
 0.8470	19.7770
 0.8460	19.8117
 0.8450	19.8636
 0.8440	19.9071
 0.8430	19.9454
 0.8420	20.0106
 0.8410	20.0924
 0.8400	20.1039
 0.8390	20.1551
 0.8380	20.2120
 0.8370	20.2751
 0.8360	20.3079
 0.8350	20.3371
 0.8340	20.3571
 0.8330	20.4138
 0.8320	20.4441
 0.8310	20.5161
 0.8300	20.5502
 0.8290	20.5879
 0.8280	20.6410
 0.8270	20.6870
 0.8260	20.7400
 0.8250	20.7656
 0.8240	20.8131
 0.8230	20.8400
 0.8220	20.9154
 0.8210	20.9397
 0.8200	20.9702
 0.8190	21.0049
 0.8180	21.0439
 0.8170	21.0724
 0.8160	21.1259
 0.8150	21.1605
 0.8140	21.1935
 0.8130	21.2285
 0.8120	21.2725
 0.8110	21.2868
 0.8100	21.3189
 0.8090	21.3533
 0.8080	21.3690
 0.8070	21.3990
 0.8060	21.4221
 0.8050	21.4391
 0.8040	21.4549
 0.8030	21.4839
 0.8020	21.4878
 0.8010	21.5200
 0.8000	21.5478
 0.7990	21.5328
 0.7980	21.5421
 0.7970	21.5421
 0.7960	21.5531
 0.7950	21.5441
 0.7940	21.5738
 0.7930	21.5554
 0.7920	21.5652
 0.7910	21.5713
 0.7900	21.5598
 0.7890	21.5583
 0.7880	21.5531
 0.7870	21.5516
 0.7860	21.5516
 0.7850	21.5559
 0.7840	21.5423
 0.7830	21.5323
 0.7820	21.5355
 0.7810	21.5075
 0.7800	21.4967
 0.7790	21.4789
 0.7780	21.4535
 0.7770	21.4688
 0.7760	21.4268
 0.7750	21.4066
 0.7740	21.3900
 0.7730	21.3798
 0.7720	21.3500
 0.7710	21.3165
 0.7700	21.2923
 0.7690	21.2832
 0.7680	21.2627
 0.7670	21.2410
 0.7660	21.2121
 0.7650	21.1807
 0.7640	21.1653
 0.7630	21.1335
 0.7620	21.1097
 0.7610	21.0842
 0.7600	21.0754
 0.7590	21.0346
 0.7580	21.0109
 0.7570	20.9873
 0.7560	20.9626
 0.7550	20.9378
 0.7540	20.9099
 0.7530	20.8943
 0.7520	20.8503
 0.7510	20.8155
 0.7500	20.8107
 0.7490	20.7745
 0.7480	20.7511
 0.7470	20.7236
 0.7460	20.6748
 0.7450	20.6587
 0.7440	20.6327
 0.7430	20.6023
 0.7420	20.5627
 0.7410	20.5401
 0.7400	20.5081
 0.7390	20.4770
 0.7380	20.4471
 0.7370	20.4119
 0.7360	20.3727
 0.7350	20.3488
 0.7340	20.3100
 0.7330	20.2835
 0.7320	20.2628
 0.7310	20.2158
 0.7300	20.1936
 0.7290	20.1632
 0.7280	20.1188
 0.7270	20.0929
 0.7260	20.0596
 0.7250	20.0218
 0.7240	19.9860
 0.7230	19.9504
 0.7220	19.9238
 0.7210	19.8780
 0.7200	19.8424
 0.7190	19.8118
 0.7180	19.7677
 0.7170	19.7486
 0.7160	19.7068
 0.7150	19.6558
 0.7140	19.6217
 0.7130	19.5866
 0.7120	19.5519
 0.7110	19.5075
 0.7100	19.4684
 0.7090	19.4262
 0.7080	19.3832
 0.7070	19.3487
 0.7060	19.3048
 0.7050	19.2607
 0.7040	19.2138
 0.7030	19.1827
 0.7020	19.1385
 0.7010	19.0975
 0.7000	19.0449
 0.6990	19.0055
 0.6980	18.9667
 0.6970	18.9364
 0.6960	18.9071
 0.6950	18.8752
 0.6940	18.8527
 0.6930	18.8437
 0.6920	18.8469
 0.6910	18.8611
 0.6900	18.8803
 0.6890	18.9016
 0.6880	18.9202
 0.6870	18.9369
 0.6860	18.9466
 0.6850	18.9495
 0.6840	18.9492
 0.6830	18.9441
 0.6820	18.9270
 0.6810	18.9015
 0.6800	18.8757
 0.6790	18.8460
 0.6780	18.8109
 0.6770	18.7794
 0.6760	18.7491
 0.6750	18.7154
 0.6740	18.6944
 0.6730	18.6721
 0.6720	18.6479
 0.6710	18.6352
 0.6700	18.6149
 0.6690	18.5976
 0.6680	18.5855
 0.6670	18.5744
 0.6660	18.5673
 0.6650	18.5626
 0.6640	18.5572
 0.6630	18.5509
 0.6620	18.5511
 0.6610	18.5524
 0.6600	18.5559
 0.6590	18.5650
 0.6580	18.5763
 0.6570	18.5865
 0.6560	18.6028
 0.6550	18.6167
 0.6540	18.6334
 0.6530	18.6625
 0.6520	18.6860
 0.6510	18.7053
 0.6500	18.7287
 0.6490	18.7521
 0.6480	18.7752
 0.6470	18.7951
 0.6460	18.8108
 0.6450	18.8267
 0.6440	18.8439
 0.6430	18.8636
 0.6420	18.8827
 0.6410	18.9000
 0.6400	18.9275
 0.6390	18.9599
 0.6380	18.9915
 0.6370	19.0240
 0.6360	19.0612
 0.6350	19.1033
 0.6340	19.1469
 0.6330	19.1915
 0.6320	19.2376
 0.6310	19.2861
 0.6300	19.3328
 0.6290	19.3814
 0.6280	19.4381
 0.6270	19.4953
 0.6260	19.5493
 0.6250	19.6041
 0.6240	19.6626
 0.6230	19.7201
 0.6220	19.7798
 0.6210	19.8398
 0.6200	19.9005
 0.6190	19.9634
 0.6180	20.0275
 0.6170	20.0924
 0.6160	20.1598
 0.6150	20.2267
 0.6140	20.2969
 0.6130	20.3642
 0.6120	20.4284
 0.6110	20.4990
 0.6100	20.5713
 0.6090	20.6466
 0.6080	20.7224
 0.6070	20.7914
 0.6060	20.8643
 0.6050	20.9365
 0.6040	21.0110
 0.6030	21.0849
 0.6020	21.1611
 0.6010	21.2376
 0.6000	21.3121
 0.5990	21.3926
 0.5980	21.4703
 0.5970	21.5505
 0.5960	21.6335
 0.5950	21.7170
 0.5940	21.7905
 0.5930	21.8673
 0.5920	21.9442
 0.5910	22.0236
 0.5900	22.0979
 0.5890	22.1785
 0.5880	22.2570
 0.5870	22.3308
 0.5860	22.4052
 0.5850	22.4886
 0.5840	22.5648
 0.5830	22.6344
 0.5820	22.7054
 0.5810	22.7809
 0.5800	22.8550
 0.5790	22.9318
 0.5780	22.9975
 0.5770	23.0680
 0.5760	23.1397
 0.5750	23.2114
 0.5740	23.2769
 0.5730	23.3471
 0.5720	23.4149
 0.5710	23.4787
 0.5700	23.5447
 0.5690	23.6049
 0.5680	23.6636
 0.5670	23.7211
 0.5660	23.7781
 0.5650	23.8401
 0.5640	23.8984
 0.5630	23.9467
 0.5620	23.9933
 0.5610	24.0472
 0.5600	24.0881
 0.5590	24.1329
 0.5580	24.1644
 0.5570	24.1910
 0.5560	24.2173
 0.5550	24.2474
 0.5540	24.2600
 0.5530	24.2709
 0.5520	24.2860
 0.5510	24.2967
 0.5500	24.3078
 0.5490	24.3165
 0.5480	24.3379
 0.5470	24.3596
 0.5460	24.3971
 0.5450	24.4362
 0.5440	24.4703
 0.5430	24.5035
 0.5420	24.5348
 0.5410	24.5651
 0.5400	24.5846
 0.5390	24.6037
 0.5380	24.6197
 0.5370	24.6226
 0.5360	24.6291
 0.5350	24.6288
 0.5340	24.6269
 0.5330	24.6158
 0.5320	24.6057
 0.5310	24.5946
 0.5300	24.5722
 0.5290	24.5555
 0.5280	24.5384
 0.5270	24.5116
 0.5260	24.4867
 0.5250	24.4539
 0.5240	24.4299
 0.5230	24.4048
 0.5220	24.3674
 0.5210	24.3328
 0.5200	24.2893
 0.5190	24.2406
 0.5180	24.1821
 0.5170	24.1226
 0.5160	24.0428
 0.5150	23.9530
 0.5140	23.8505
 0.5130	23.7387
 0.5120	23.6049
 0.5110	23.4801
 0.5100	23.3563
 0.5090	23.2430
 0.5080	23.1689
 0.5070	23.1145
 0.5060	23.0928
 0.5050	23.0667
 0.5040	23.0407
 0.5030	22.9916
 0.5020	22.9372
 0.5010	22.8531
 0.5000	22.7576
 0.4990	22.6636
 0.4980	22.5419
 0.4970	22.4256
 0.4960	22.3024
 0.4950	22.1761
 0.4940	22.0670
 0.4930	21.9581
 0.4920	21.8769
 0.4910	21.7958
 0.4900	21.7321
 0.4890	21.6498
 0.4880	21.5834
 0.4870	21.5109
 0.4860	21.4356
 0.4850	21.3344
 0.4840	21.2397
 0.4830	21.1501
 0.4820	21.0522
 0.4810	20.9519
 0.4800	20.8482
 0.4790	20.7525
 0.4780	20.6375
 0.4770	20.5217
 0.4760	20.4106
 0.4750	20.2952
 0.4740	20.1866
 0.4730	20.0700
 0.4720	19.9589
 0.4710	19.8439
 0.4700	19.7341
 0.4690	19.6232
 0.4680	19.5129
 0.4670	19.4132
 0.4660	19.3154
 0.4650	19.2167
 0.4640	19.1157
 0.4630	19.0275
 0.4620	18.9325
 0.4610	18.8558
 0.4600	18.7634
 0.4590	18.6776
 0.4580	18.5958
 0.4570	18.5097
 0.4560	18.4247
 0.4550	18.3438
 0.4540	18.2614
 0.4530	18.1845
 0.4520	18.1113
 0.4510	18.0587
 0.4500	17.9806
 0.4490	17.9060
 0.4480	17.8276
 0.4470	17.7581
 0.4460	17.6825
 0.4450	17.6215
 0.4440	17.5641
 0.4430	17.5083
 0.4420	17.4856
 0.4410	17.4700
 0.4400	17.4717
 0.4390	17.4833
 0.4380	17.5079
 0.4370	17.5289
 0.4360	17.5252
 0.4350	17.5051
 0.4340	17.4740
 0.4330	17.4117
 0.4320	17.3509
 0.4310	17.2793
 0.4300	17.2074
 0.4290	17.1322
 0.4280	17.0617
 0.4270	16.9819
 0.4260	16.9009
 0.4250	16.8126
 0.4240	16.7292
 0.4230	16.6448
 0.4220	16.5657
 0.4210	16.4827
 0.4200	16.3873
 0.4190	16.2993
 0.4180	16.2117
 0.4170	16.1227
 0.4160	16.0384
 0.4150	15.9428
 0.4140	15.8619
 0.4130	15.7793
 0.4120	15.6976
 0.4110	15.6184
 0.4100	15.5440
 0.4090	15.4617
 0.4080	15.3849
 0.4070	15.3150
 0.4060	15.2415
 0.4050	15.1599
 0.4040	15.0923
 0.4030	15.0189
 0.4020	14.9498
 0.4010	14.8878
 0.4000	14.8203
