Name: Leucite KAlSi2O6
Type: Mineral
Class: Silicate
Subclass: Tectosilicate
Particle Size: Solid
Sample No.: leucite_1
Owner: JHU
Wavelength Range: TIR
Origin: Lake Latium, Italy via the Smithsonian (sample no. NMNHB18734)
Collection Date: N/A
Description:  The sample was a single small crystal, 1 cm in diameter and weighing 1.25 g.  It had good crystal faces and no impurities or alterations were apparent in hand sample or under the microscope.  It did contain what appeared to be fluid inclusions. Sample was unknown crystal face.(Framework Silicates); (Feldspathoid Group) Original ASTER Spectral Library name was jhu.nicolet.mineral.silicate.tectosilicate.solid.leucit1.spectrum.txt
Measurement: Bidirectional reflectance
First Column: X
Second Column: Y
X Units: Wavelength (micrometers)
Y Units:Reflectance (percent)
First X Value: 25.0442
Last X Value:  2.0795
Number of X Values: 2287
Additional Information: mineral.silicate.tectosilicate.solid.tir.leucite_1.jhu.nicolet.ancillary.txt

25.0442	18.6953
24.9238	18.6777
24.8045	18.6718
24.6864	19.0048
24.5694	19.0527
24.4536	19.0473
24.3388	19.4296
24.2250	19.8388
24.1124	19.9374
24.0007	20.1445
23.8901	20.3906
23.7805	20.5410
23.6719	20.9145
23.5643	21.2333
23.4577	21.5532
23.3520	22.1479
23.2473	22.4882
23.1435	22.5483
23.0407	22.8632
22.9387	23.2648
22.8377	23.1076
22.7375	23.0165
22.6382	23.2353
22.5398	22.8869
22.4422	22.2863
22.3455	21.9318
22.2496	21.2287
22.1545	20.2053
22.0602	19.4521
21.9668	18.6672
21.8741	17.5849
21.7822	16.9448
21.6910	16.7241
21.6007	16.2746
21.5110	15.9267
21.4221	15.8850
21.3340	15.5676
21.2465	15.0715
21.1598	14.6054
21.0738	13.9485
20.9885	13.1760
20.9038	12.6945
20.8199	12.3823
20.7366	12.0774
20.6540	11.7632
20.5720	11.3342
20.4907	10.6518
20.4100	 9.7895
20.3300	 8.8889
20.2506	 7.9824
20.1718	 7.2471
20.0936	 6.9094
20.0160	 6.7912
19.9391	 6.7571
19.8627	 6.9912
19.7869	 7.2541
19.7116	 7.4358
19.6370	 7.8213
19.5628	 8.2092
19.4893	 8.3655
19.4163	 8.5610
19.3439	 8.7861
19.2719	 8.7090
19.2006	 8.5737
19.1297	 8.5073
19.0594	 8.3320
18.9896	 8.1640
18.9203	 8.2793
18.8515	 8.5532
18.7832	 8.7734
18.7153	 9.1108
18.6480	 9.4001
18.5812	 9.4155
18.5148	 9.3801
18.4489	 9.2627
18.3835	 8.9404
18.3185	 8.7900
18.2541	 8.8274
18.1900	 8.8325
18.1264	 8.8857
18.0633	 9.0591
18.0005	 9.1980
17.9382	 9.2485
17.8764	 9.4209
17.8150	 9.5859
17.7539	 9.6435
17.6934	 9.7759
17.6332	 9.9228
17.5734	 9.9546
17.5140	10.0171
17.4551	10.1748
17.3965	10.2666
17.3383	10.2920
17.2805	10.4023
17.2231	10.4729
17.1661	10.4848
17.1094	10.6194
17.0531	10.7505
16.9972	10.7168
16.9417	10.7595
16.8865	10.8955
16.8317	10.9204
16.7772	10.9682
16.7231	11.1181
16.6693	11.1711
16.6159	11.1460
16.5628	11.2387
16.5100	11.2566
16.4576	11.0913
16.4055	11.0312
16.3538	11.0739
16.3024	11.0151
16.2513	11.0342
16.2005	11.1894
16.1500	11.2348
16.0998	11.2295
16.0500	11.3723
16.0005	11.4887
15.9513	11.5136
15.9023	11.6321
15.8537	11.7300
15.8054	11.7202
15.7573	11.7173
15.7096	11.7080
15.6621	11.5278
15.6149	11.2566
15.5680	10.9983
15.5214	10.7099
15.4751	10.5363
15.4290	10.5537
15.3832	10.5957
15.3377	10.6421
15.2925	10.7771
15.2475	10.8794
15.2028	10.9443
15.1583	11.0710
15.1141	11.1836
15.0702	11.2353
15.0265	11.3337
14.9831	11.4741
14.9399	11.5342
14.8970	11.5683
14.8543	11.7192
14.8119	11.8171
14.7697	11.7959
14.7277	11.8784
14.6860	12.0473
14.6445	12.0815
14.6033	12.1186
14.5622	12.3061
14.5214	12.3840
14.4809	12.3745
14.4405	12.4707
14.4004	12.5481
14.3605	12.4929
14.3209	12.4748
14.2814	12.5520
14.2422	12.5593
14.2032	12.5486
14.1643	12.6360
14.1258	12.6948
14.0874	12.6640
14.0492	12.6562
14.0112	12.6638
13.9734	12.6106
13.9359	12.5288
13.8985	12.4533
13.8614	12.3347
13.8244	12.2387
13.7876	12.1184
13.7511	11.9511
13.7147	11.8491
13.6785	11.7954
13.6425	11.6262
13.6067	11.4729
13.5711	11.4472
13.5356	11.3633
13.5004	11.1921
13.4653	11.1228
13.4304	11.0532
13.3957	10.8547
13.3612	10.7011
13.3269	10.6396
13.2927	10.5049
13.2587	10.3423
13.2249	10.3266
13.1912	10.3305
13.1577	10.2090
13.1244	10.1335
13.0913	10.1335
13.0583	 9.9951
13.0255	 9.7842
12.9929	 9.6946
12.9604	 9.5307
12.9281	 9.2932
12.8959	 9.1282
12.8639	 8.9936
12.8321	 8.8081
12.8004	 8.6225
12.7688	 8.4856
12.7375	 8.3286
12.7063	 8.1958
12.6752	 8.1723
12.6443	 8.1660
12.6135	 8.1726
12.5829	 8.2397
12.5524	 8.3213
12.5221	 8.4018
12.4919	 8.5300
12.4619	 8.6565
12.4320	 8.7495
12.4023	 8.8669
12.3727	 8.9992
12.3432	 9.0864
12.3139	 9.1819
12.2847	 9.3286
12.2557	 9.4033
12.2268	 9.4258
12.1980	 9.5127
12.1694	 9.5691
12.1409	 9.5154
12.1125	 9.5417
12.0843	 9.6306
12.0562	 9.6482
12.0282	 9.7197
12.0004	 9.8862
11.9726	 9.9707
11.9450	10.0151
11.9176	10.1760
11.8903	10.2988
11.8631	10.3337
11.8360	10.4240
11.8090	10.5527
11.7822	10.5852
11.7555	10.6640
11.7289	10.8027
11.7024	10.8801
11.6760	10.9021
11.6498	11.0046
11.6237	11.1125
11.5977	11.1540
11.5718	11.2419
11.5460	11.3618
11.5203	11.4150
11.4948	11.4719
11.4694	11.5820
11.4440	11.6491
11.4188	11.7097
11.3937	11.8069
11.3688	11.8581
11.3439	11.9194
11.3191	12.0239
11.2944	12.0891
11.2699	12.1262
11.2455	12.2446
11.2211	12.3440
11.1969	12.3903
11.1727	12.4941
11.1487	12.6330
11.1248	12.6765
11.1010	12.7243
11.0773	12.8886
11.0536	13.0110
11.0301	13.0349
11.0067	13.1562
10.9834	13.3376
10.9602	13.3835
10.9370	13.4463
10.9140	13.6030
10.8911	13.7011
10.8682	13.7732
10.8455	13.9453
10.8229	14.0908
10.8003	14.1828
10.7779	14.3447
10.7555	14.5537
10.7332	14.6965
10.7111	14.8840
10.6890	15.1567
10.6670	15.3952
10.6451	15.6203
10.6233	15.9414
10.6015	16.2556
10.5799	16.4846
10.5584	16.7397
10.5369	16.9633
10.5155	17.0712
10.4942	17.1921
10.4730	17.3474
10.4519	17.4096
10.4309	17.4628
10.4099	17.5593
10.3891	17.5817
10.3683	17.5537
10.3476	17.5781
10.3270	17.5837
10.3065	17.5170
10.2860	17.5188
10.2656	17.5747
10.2454	17.5686
10.2251	17.6005
10.2050	17.7392
10.1850	17.8188
10.1650	17.8925
10.1451	18.0637
10.1253	18.2226
10.1056	18.2880
10.0859	18.4035
10.0663	18.5666
10.0468	18.6320
10.0274	18.7097
10.0080	18.8498
 9.9887	18.9428
 9.9695	19.0246
 9.9504	19.1840
 9.9313	19.3408
 9.9123	19.4616
 9.8934	19.6569
 9.8746	19.9094
 9.8558	20.0844
 9.8371	20.2844
 9.8185	20.5654
 9.7999	20.7963
 9.7814	20.9907
 9.7630	21.2734
 9.7447	21.5363
 9.7264	21.7231
 9.7082	21.9973
 9.6900	22.3015
 9.6719	22.4965
 9.6539	22.7204
 9.6360	23.0273
 9.6181	23.2426
 9.6003	23.4223
 9.5825	23.6828
 9.5649	23.8862
 9.5472	24.0173
 9.5297	24.2109
 9.5122	24.4101
 9.4948	24.5226
 9.4774	24.6889
 9.4601	24.9272
 9.4429	25.0810
 9.4257	25.1938
 9.4086	25.3806
 9.3916	25.4763
 9.3746	25.3986
 9.3577	25.3427
 9.3408	25.2685
 9.3240	25.0107
 9.3073	24.7160
 9.2906	24.4799
 9.2740	24.1269
 9.2574	23.7101
 9.2409	23.3954
 9.2245	23.0502
 9.2081	22.6506
 9.1918	22.3474
 9.1755	22.1061
 9.1593	21.8325
 9.1431	21.6181
 9.1270	21.5222
 9.1110	21.4196
 9.0950	21.3364
 9.0791	21.3525
 9.0632	21.3554
 9.0474	21.3178
 9.0316	21.3659
 9.0159	21.4257
 9.0003	21.4042
 8.9847	21.4274
 8.9691	21.5402
 8.9536	21.5903
 8.9382	21.6359
 8.9228	21.7333
 8.9075	21.7446
 8.8922	21.6945
 8.8770	21.7045
 8.8618	21.6960
 8.8467	21.5878
 8.8316	21.5329
 8.8166	21.5258
 8.8016	21.4301
 8.7867	21.3347
 8.7718	21.3117
 8.7570	21.2355
 8.7422	21.1132
 8.7275	21.0556
 8.7129	20.9875
 8.6982	20.8312
 8.6837	20.7202
 8.6692	20.6669
 8.6547	20.5307
 8.6403	20.3801
 8.6259	20.3110
 8.6116	20.1840
 8.5973	20.0231
 8.5830	19.9306
 8.5688	19.8020
 8.5547	19.5830
 8.5406	19.4074
 8.5266	19.2294
 8.5126	18.9101
 8.4986	18.5498
 8.4847	18.2065
 8.4708	17.7573
 8.4570	17.2175
 8.4432	16.7033
 8.4295	16.1220
 8.4158	15.4431
 8.4022	14.7812
 8.3886	14.1040
 8.3750	13.3349
 8.3615	12.5586
 8.3481	11.8098
 8.3347	10.9988
 8.3213	10.1494
 8.3079	 9.3357
 8.2946	 8.5049
 8.2814	 7.6321
 8.2682	 6.7756
 8.2550	 5.9338
 8.2419	 5.0813
 8.2288	 4.2493
 8.2158	 3.4775
 8.2028	 2.7632
 8.1898	 2.1091
 8.1769	 1.5564
 8.1640	 1.1223
 8.1512	 0.8130
 8.1384	 0.6226
 8.1256	 0.5391
 8.1129	 0.5513
 8.1002	 0.6257
 8.0876	 0.7290
 8.0750	 0.8469
 8.0624	 0.9761
 8.0499	 1.1262
 8.0374	 1.2603
 8.0250	 1.3870
 8.0126	 1.5190
 8.0002	 1.6379
 7.9879	 1.7493
 7.9756	 1.8555
 7.9634	 1.9553
 7.9512	 2.0537
 7.9390	 2.1470
 7.9268	 2.2417
 7.9147	 2.3332
 7.9027	 2.4224
 7.8906	 2.4993
 7.8786	 2.5776
 7.8667	 2.6540
 7.8548	 2.7236
 7.8429	 2.7998
 7.8310	 2.8711
 7.8192	 2.9429
 7.8075	 3.0154
 7.7957	 3.0767
 7.7840	 3.1416
 7.7723	 3.2056
 7.7607	 3.2642
 7.7491	 3.3157
 7.7375	 3.3728
 7.7260	 3.4331
 7.7145	 3.4888
 7.7031	 3.5427
 7.6916	 3.6008
 7.6802	 3.6511
 7.6689	 3.6904
 7.6575	 3.7434
 7.6462	 3.7971
 7.6350	 3.8411
 7.6238	 3.8852
 7.6126	 3.9355
 7.6014	 3.9778
 7.5903	 4.0068
 7.5792	 4.0434
 7.5681	 4.0847
 7.5571	 4.1186
 7.5461	 4.1494
 7.5351	 4.1819
 7.5242	 4.2078
 7.5133	 4.2351
 7.5024	 4.2793
 7.4916	 4.3135
 7.4807	 4.3398
 7.4700	 4.3818
 7.4592	 4.4253
 7.4485	 4.4514
 7.4378	 4.4802
 7.4272	 4.5141
 7.4165	 4.5447
 7.4059	 4.5732
 7.3954	 4.5996
 7.3848	 4.6199
 7.3743	 4.6340
 7.3639	 4.6604
 7.3534	 4.6853
 7.3430	 4.6916
 7.3326	 4.7082
 7.3223	 4.7317
 7.3119	 4.7419
 7.3016	 4.7612
 7.2914	 4.7837
 7.2811	 4.7947
 7.2709	 4.8076
 7.2607	 4.8328
 7.2506	 4.8518
 7.2404	 4.8599
 7.2303	 4.8813
 7.2203	 4.9057
 7.2102	 4.9136
 7.2002	 4.9292
 7.1902	 4.9609
 7.1803	 4.9770
 7.1703	 4.9827
 7.1604	 5.0054
 7.1506	 5.0281
 7.1407	 5.0422
 7.1309	 5.0640
 7.1211	 5.0825
 7.1113	 5.0947
 7.1016	 5.1140
 7.0919	 5.1362
 7.0822	 5.1540
 7.0725	 5.1614
 7.0629	 5.1787
 7.0533	 5.1870
 7.0437	 5.1885
 7.0341	 5.2058
 7.0246	 5.2126
 7.0151	 5.2065
 7.0056	 5.2026
 6.9962	 5.2131
 6.9867	 5.2202
 6.9773	 5.2182
 6.9679	 5.2226
 6.9586	 5.2348
 6.9493	 5.2500
 6.9400	 5.2646
 6.9307	 5.2825
 6.9214	 5.2827
 6.9122	 5.2783
 6.9030	 5.2871
 6.8938	 5.2952
 6.8847	 5.2920
 6.8755	 5.2961
 6.8664	 5.2881
 6.8573	 5.2969
 6.8483	 5.3227
 6.8393	 5.3303
 6.8302	 5.3342
 6.8213	 5.3515
 6.8123	 5.3657
 6.8034	 5.3545
 6.7944	 5.3301
 6.7855	 5.3215
 6.7767	 5.3257
 6.7678	 5.3323
 6.7590	 5.3369
 6.7502	 5.3437
 6.7414	 5.3469
 6.7327	 5.3508
 6.7239	 5.3579
 6.7152	 5.3559
 6.7065	 5.3662
 6.6979	 5.3857
 6.6892	 5.3887
 6.6806	 5.3904
 6.6720	 5.4048
 6.6634	 5.4223
 6.6549	 5.4294
 6.6464	 5.4228
 6.6378	 5.4238
 6.6294	 5.4492
 6.6209	 5.4658
 6.6124	 5.4817
 6.6040	 5.4963
 6.5956	 5.4949
 6.5872	 5.5058
 6.5789	 5.5146
 6.5705	 5.5132
 6.5622	 5.5359
 6.5539	 5.5588
 6.5456	 5.5661
 6.5374	 5.5725
 6.5292	 5.5903
 6.5209	 5.6015
 6.5128	 5.6113
 6.5046	 5.6150
 6.4964	 5.6164
 6.4883	 5.6333
 6.4802	 5.6667
 6.4721	 5.6980
 6.4640	 5.7182
 6.4560	 5.7490
 6.4480	 5.7910
 6.4399	 5.8130
 6.4320	 5.8303
 6.4240	 5.8630
 6.4160	 5.8860
 6.4081	 5.9189
 6.4002	 5.9485
 6.3923	 5.9568
 6.3844	 5.9455
 6.3766	 5.9236
 6.3687	 5.9150
 6.3609	 5.9148
 6.3531	 5.9018
 6.3454	 5.8957
 6.3376	 5.9216
 6.3299	 5.9387
 6.3221	 5.9468
 6.3144	 5.9631
 6.3068	 5.9704
 6.2991	 5.9695
 6.2914	 5.9795
 6.2838	 5.9856
 6.2762	 5.9739
 6.2686	 5.9756
 6.2611	 5.9785
 6.2535	 5.9651
 6.2460	 5.9524
 6.2385	 5.9512
 6.2310	 5.9441
 6.2235	 5.9326
 6.2160	 5.9277
 6.2086	 5.9123
 6.2011	 5.8918
 6.1937	 5.8855
 6.1863	 5.8757
 6.1790	 5.8650
 6.1716	 5.8640
 6.1643	 5.8662
 6.1570	 5.8594
 6.1496	 5.8503
 6.1424	 5.8442
 6.1351	 5.8364
 6.1278	 5.8132
 6.1206	 5.7912
 6.1134	 5.7768
 6.1062	 5.7678
 6.0990	 5.7612
 6.0918	 5.7607
 6.0847	 5.7600
 6.0776	 5.7475
 6.0704	 5.7378
 6.0633	 5.7263
 6.0563	 5.6887
 6.0492	 5.6550
 6.0421	 5.6680
 6.0351	 5.6689
 6.0281	 5.6689
 6.0211	 5.6631
 6.0141	 5.6474
 6.0071	 5.6343
 6.0002	 5.6304
 5.9932	 5.6250
 5.9863	 5.6155
 5.9794	 5.6077
 5.9725	 5.6023
 5.9657	 5.5874
 5.9588	 5.5769
 5.9520	 5.5730
 5.9451	 5.5539
 5.9383	 5.5222
 5.9315	 5.5327
 5.9247	 5.5503
 5.9180	 5.5398
 5.9112	 5.5295
 5.9045	 5.5173
 5.8978	 5.4919
 5.8911	 5.4939
 5.8844	 5.4888
 5.8777	 5.4880
 5.8711	 5.5010
 5.8644	 5.4973
 5.8578	 5.4973
 5.8512	 5.4978
 5.8446	 5.4988
 5.8380	 5.4934
 5.8314	 5.4775
 5.8249	 5.4651
 5.8184	 5.4783
 5.8118	 5.4934
 5.8053	 5.4993
 5.7988	 5.5185
 5.7924	 5.5266
 5.7859	 5.5290
 5.7794	 5.5398
 5.7730	 5.5378
 5.7666	 5.5342
 5.7602	 5.5625
 5.7538	 5.5864
 5.7474	 5.5920
 5.7410	 5.5972
 5.7347	 5.6030
 5.7283	 5.6025
 5.7220	 5.5913
 5.7157	 5.5908
 5.7094	 5.5869
 5.7031	 5.5827
 5.6969	 5.5854
 5.6906	 5.5871
 5.6844	 5.5847
 5.6782	 5.5813
 5.6719	 5.5874
 5.6657	 5.5945
 5.6596	 5.5864
 5.6534	 5.5879
 5.6472	 5.5906
 5.6411	 5.5864
 5.6349	 5.5901
 5.6288	 5.5954
 5.6227	 5.6025
 5.6166	 5.6003
 5.6106	 5.6025
 5.6045	 5.6064
 5.5984	 5.6064
 5.5924	 5.6128
 5.5864	 5.6150
 5.5804	 5.6055
 5.5744	 5.6062
 5.5684	 5.6206
 5.5624	 5.6199
 5.5564	 5.6142
 5.5505	 5.6199
 5.5445	 5.6262
 5.5386	 5.6250
 5.5327	 5.6228
 5.5268	 5.6294
 5.5209	 5.6284
 5.5151	 5.6286
 5.5092	 5.6396
 5.5033	 5.6399
 5.4975	 5.6365
 5.4917	 5.6455
 5.4859	 5.6416
 5.4801	 5.6323
 5.4743	 5.6455
 5.4685	 5.6501
 5.4628	 5.6384
 5.4570	 5.6501
 5.4513	 5.6601
 5.4455	 5.6555
 5.4398	 5.6575
 5.4341	 5.6623
 5.4284	 5.6606
 5.4228	 5.6582
 5.4171	 5.6604
 5.4114	 5.6628
 5.4058	 5.6601
 5.4002	 5.6584
 5.3945	 5.6621
 5.3889	 5.6636
 5.3833	 5.6623
 5.3778	 5.6658
 5.3722	 5.6711
 5.3666	 5.6667
 5.3611	 5.6587
 5.3555	 5.6645
 5.3500	 5.6587
 5.3445	 5.6570
 5.3390	 5.6699
 5.3335	 5.6758
 5.3280	 5.6745
 5.3225	 5.6799
 5.3171	 5.6816
 5.3116	 5.6704
 5.3062	 5.6721
 5.3008	 5.6765
 5.2954	 5.6726
 5.2900	 5.6719
 5.2846	 5.6767
 5.2792	 5.6750
 5.2738	 5.6745
 5.2684	 5.6794
 5.2631	 5.6772
 5.2578	 5.6763
 5.2524	 5.6836
 5.2471	 5.6880
 5.2418	 5.6846
 5.2365	 5.6814
 5.2312	 5.6841
 5.2260	 5.6804
 5.2207	 5.6782
 5.2154	 5.6772
 5.2102	 5.6782
 5.2050	 5.6799
 5.1998	 5.6865
 5.1945	 5.6931
 5.1893	 5.6882
 5.1842	 5.6819
 5.1790	 5.6870
 5.1738	 5.6880
 5.1686	 5.6916
 5.1635	 5.6941
 5.1584	 5.6914
 5.1532	 5.6838
 5.1481	 5.6799
 5.1430	 5.6914
 5.1379	 5.6919
 5.1328	 5.6855
 5.1277	 5.6914
 5.1227	 5.6887
 5.1176	 5.6850
 5.1126	 5.6882
 5.1075	 5.6924
 5.1025	 5.6855
 5.0975	 5.6850
 5.0925	 5.6897
 5.0875	 5.6836
 5.0825	 5.6780
 5.0775	 5.6816
 5.0726	 5.6816
 5.0676	 5.6811
 5.0627	 5.6799
 5.0577	 5.6814
 5.0528	 5.6780
 5.0479	 5.6763
 5.0430	 5.6765
 5.0380	 5.6728
 5.0332	 5.6677
 5.0283	 5.6687
 5.0234	 5.6702
 5.0185	 5.6692
 5.0137	 5.6675
 5.0088	 5.6621
 5.0040	 5.6640
 4.9992	 5.6704
 4.9944	 5.6745
 4.9896	 5.6723
 4.9848	 5.6626
 4.9800	 5.6616
 4.9752	 5.6711
 4.9704	 5.6692
 4.9657	 5.6660
 4.9609	 5.6728
 4.9562	 5.6741
 4.9514	 5.6719
 4.9467	 5.6719
 4.9420	 5.6689
 4.9373	 5.6645
 4.9326	 5.6721
 4.9279	 5.6741
 4.9232	 5.6733
 4.9186	 5.6748
 4.9139	 5.6763
 4.9092	 5.6750
 4.9046	 5.6704
 4.9000	 5.6662
 4.8953	 5.6723
 4.8907	 5.6680
 4.8861	 5.6662
 4.8815	 5.6697
 4.8769	 5.6736
 4.8723	 5.6760
 4.8678	 5.6692
 4.8632	 5.6623
 4.8586	 5.6699
 4.8541	 5.6741
 4.8495	 5.6650
 4.8450	 5.6626
 4.8405	 5.6677
 4.8360	 5.6704
 4.8315	 5.6689
 4.8270	 5.6728
 4.8225	 5.6785
 4.8180	 5.6719
 4.8135	 5.6675
 4.8090	 5.6765
 4.8046	 5.6797
 4.8001	 5.6699
 4.7957	 5.6711
 4.7913	 5.6843
 4.7868	 5.6843
 4.7824	 5.6733
 4.7780	 5.6731
 4.7736	 5.6738
 4.7692	 5.6714
 4.7648	 5.6716
 4.7605	 5.6797
 4.7561	 5.6863
 4.7517	 5.6894
 4.7474	 5.6863
 4.7431	 5.6748
 4.7387	 5.6760
 4.7344	 5.6833
 4.7301	 5.6806
 4.7258	 5.6765
 4.7215	 5.6809
 4.7172	 5.6833
 4.7129	 5.6802
 4.7086	 5.6794
 4.7043	 5.6794
 4.7000	 5.6785
 4.6958	 5.6758
 4.6915	 5.6799
 4.6873	 5.6780
 4.6831	 5.6753
 4.6788	 5.6770
 4.6746	 5.6802
 4.6704	 5.6760
 4.6662	 5.6728
 4.6620	 5.6745
 4.6578	 5.6694
 4.6536	 5.6741
 4.6495	 5.6828
 4.6453	 5.6723
 4.6411	 5.6702
 4.6370	 5.6787
 4.6328	 5.6802
 4.6287	 5.6767
 4.6246	 5.6811
 4.6205	 5.6782
 4.6163	 5.6745
 4.6122	 5.6792
 4.6081	 5.6816
 4.6040	 5.6728
 4.6000	 5.6694
 4.5959	 5.6714
 4.5918	 5.6723
 4.5877	 5.6785
 4.5837	 5.6792
 4.5796	 5.6719
 4.5756	 5.6738
 4.5716	 5.6770
 4.5675	 5.6706
 4.5635	 5.6645
 4.5595	 5.6626
 4.5555	 5.6684
 4.5515	 5.6726
 4.5475	 5.6684
 4.5435	 5.6628
 4.5395	 5.6597
 4.5356	 5.6640
 4.5316	 5.6689
 4.5276	 5.6592
 4.5237	 5.6531
 4.5197	 5.6545
 4.5158	 5.6582
 4.5119	 5.6560
 4.5080	 5.6548
 4.5040	 5.6543
 4.5001	 5.6538
 4.4962	 5.6457
 4.4923	 5.6460
 4.4884	 5.6489
 4.4846	 5.6457
 4.4807	 5.6394
 4.4768	 5.6445
 4.4730	 5.6474
 4.4691	 5.6384
 4.4652	 5.6406
 4.4614	 5.6418
 4.4576	 5.6316
 4.4537	 5.6274
 4.4499	 5.6360
 4.4461	 5.6406
 4.4423	 5.6316
 4.4385	 5.6304
 4.4347	 5.6348
 4.4309	 5.6262
 4.4271	 5.6233
 4.4233	 5.6272
 4.4196	 5.6272
 4.4158	 5.6265
 4.4120	 5.6282
 4.4083	 5.6272
 4.4045	 5.6211
 4.4008	 5.6269
 4.3971	 5.6250
 4.3934	 5.6157
 4.3896	 5.6206
 4.3859	 5.6245
 4.3822	 5.6245
 4.3785	 5.6245
 4.3748	 5.6230
 4.3711	 5.6225
 4.3674	 5.6245
 4.3638	 5.6321
 4.3601	 5.6352
 4.3564	 5.6296
 4.3528	 5.6289
 4.3491	 5.6286
 4.3455	 5.6221
 4.3418	 5.6291
 4.3382	 5.6335
 4.3346	 5.6269
 4.3310	 5.6235
 4.3273	 5.6265
 4.3237	 5.6233
 4.3201	 5.6179
 4.3165	 5.6167
 4.3129	 5.6233
 4.3094	 5.6250
 4.3058	 5.6238
 4.3022	 5.6274
 4.2986	 5.6262
 4.2951	 5.6184
 4.2915	 5.6199
 4.2880	 5.6243
 4.2844	 5.6250
 4.2809	 5.6277
 4.2774	 5.6240
 4.2738	 5.6206
 4.2703	 5.6206
 4.2668	 5.6272
 4.2633	 5.6272
 4.2598	 5.6230
 4.2563	 5.6233
 4.2528	 5.6252
 4.2493	 5.6245
 4.2458	 5.6184
 4.2424	 5.6189
 4.2389	 5.6218
 4.2354	 5.6184
 4.2320	 5.6194
 4.2285	 5.6313
 4.2251	 5.6306
 4.2216	 5.6230
 4.2182	 5.6160
 4.2148	 5.6186
 4.2113	 5.6262
 4.2079	 5.6269
 4.2045	 5.6230
 4.2011	 5.6221
 4.1977	 5.6267
 4.1943	 5.6238
 4.1909	 5.6201
 4.1875	 5.6179
 4.1841	 5.6211
 4.1808	 5.6223
 4.1774	 5.6203
 4.1740	 5.6255
 4.1707	 5.6225
 4.1673	 5.6189
 4.1640	 5.6225
 4.1606	 5.6208
 4.1573	 5.6211
 4.1540	 5.6291
 4.1506	 5.6235
 4.1473	 5.6155
 4.1440	 5.6098
 4.1407	 5.6120
 4.1374	 5.6138
 4.1341	 5.6167
 4.1308	 5.6142
 4.1275	 5.6147
 4.1242	 5.6120
 4.1209	 5.6103
 4.1177	 5.6179
 4.1144	 5.6140
 4.1111	 5.6081
 4.1079	 5.6064
 4.1046	 5.6042
 4.1014	 5.6047
 4.0981	 5.6084
 4.0949	 5.6094
 4.0917	 5.6035
 4.0884	 5.6035
 4.0852	 5.6113
 4.0820	 5.6067
 4.0788	 5.6035
 4.0756	 5.6113
 4.0724	 5.6118
 4.0692	 5.6015
 4.0660	 5.5989
 4.0628	 5.5906
 4.0596	 5.5854
 4.0565	 5.5920
 4.0533	 5.6025
 4.0501	 5.5981
 4.0470	 5.5915
 4.0438	 5.5932
 4.0406	 5.5947
 4.0375	 5.5945
 4.0344	 5.5818
 4.0312	 5.5784
 4.0281	 5.5835
 4.0250	 5.5869
 4.0218	 5.5788
 4.0187	 5.5720
 4.0156	 5.5808
 4.0125	 5.5803
 4.0094	 5.5771
 4.0063	 5.5835
 4.0032	 5.5835
 4.0001	 5.5757
 3.9970	 5.5766
 3.9940	 5.5725
 3.9909	 5.5642
 3.9878	 5.5591
 3.9847	 5.5603
 3.9817	 5.5644
 3.9786	 5.5608
 3.9756	 5.5588
 3.9725	 5.5571
 3.9695	 5.5571
 3.9665	 5.5554
 3.9634	 5.5476
 3.9604	 5.5510
 3.9574	 5.5564
 3.9544	 5.5549
 3.9513	 5.5532
 3.9483	 5.5515
 3.9453	 5.5434
 3.9423	 5.5508
 3.9393	 5.5578
 3.9363	 5.5559
 3.9333	 5.5530
 3.9304	 5.5525
 3.9274	 5.5495
 3.9244	 5.5434
 3.9214	 5.5461
 3.9185	 5.5500
 3.9155	 5.5505
 3.9126	 5.5469
 3.9096	 5.5505
 3.9067	 5.5532
 3.9037	 5.5469
 3.9008	 5.5452
 3.8979	 5.5481
 3.8949	 5.5508
 3.8920	 5.5459
 3.8891	 5.5442
 3.8862	 5.5461
 3.8833	 5.5481
 3.8804	 5.5469
 3.8775	 5.5452
 3.8746	 5.5412
 3.8717	 5.5369
 3.8688	 5.5307
 3.8659	 5.5347
 3.8630	 5.5395
 3.8601	 5.5344
 3.8573	 5.5327
 3.8544	 5.5359
 3.8515	 5.5315
 3.8487	 5.5161
 3.8458	 5.5185
 3.8430	 5.5185
 3.8401	 5.5198
 3.8373	 5.5307
 3.8344	 5.5266
 3.8316	 5.5232
 3.8288	 5.5256
 3.8259	 5.5256
 3.8231	 5.5237
 3.8203	 5.5242
 3.8175	 5.5227
 3.8147	 5.5198
 3.8119	 5.5256
 3.8091	 5.5264
 3.8063	 5.5222
 3.8035	 5.5232
 3.8007	 5.5212
 3.7979	 5.5176
 3.7951	 5.5259
 3.7924	 5.5293
 3.7896	 5.5290
 3.7868	 5.5246
 3.7841	 5.5200
 3.7813	 5.5286
 3.7785	 5.5334
 3.7758	 5.5268
 3.7730	 5.5202
 3.7703	 5.5200
 3.7676	 5.5227
 3.7648	 5.5198
 3.7621	 5.5183
 3.7594	 5.5156
 3.7566	 5.5110
 3.7539	 5.5122
 3.7512	 5.5151
 3.7485	 5.5188
 3.7458	 5.5202
 3.7431	 5.5151
 3.7404	 5.5098
 3.7377	 5.5090
 3.7350	 5.5139
 3.7323	 5.5176
 3.7296	 5.5076
 3.7269	 5.5102
 3.7242	 5.5159
 3.7216	 5.5107
 3.7189	 5.5044
 3.7162	 5.5029
 3.7136	 5.5027
 3.7109	 5.4951
 3.7083	 5.4951
 3.7056	 5.5027
 3.7030	 5.4949
 3.7003	 5.4885
 3.6977	 5.4946
 3.6950	 5.5015
 3.6924	 5.4975
 3.6898	 5.4919
 3.6872	 5.4924
 3.6845	 5.4892
 3.6819	 5.4863
 3.6793	 5.4831
 3.6767	 5.4812
 3.6741	 5.4875
 3.6715	 5.4853
 3.6689	 5.4790
 3.6663	 5.4773
 3.6637	 5.4783
 3.6611	 5.4807
 3.6585	 5.4770
 3.6560	 5.4685
 3.6534	 5.4590
 3.6508	 5.4663
 3.6482	 5.4697
 3.6457	 5.4748
 3.6431	 5.4758
 3.6406	 5.4639
 3.6380	 5.4551
 3.6355	 5.4604
 3.6329	 5.4648
 3.6304	 5.4624
 3.6278	 5.4553
 3.6253	 5.4526
 3.6227	 5.4607
 3.6202	 5.4595
 3.6177	 5.4504
 3.6152	 5.4531
 3.6127	 5.4573
 3.6101	 5.4582
 3.6076	 5.4548
 3.6051	 5.4531
 3.6026	 5.4577
 3.6001	 5.4551
 3.5976	 5.4519
 3.5951	 5.4494
 3.5926	 5.4514
 3.5901	 5.4451
 3.5876	 5.4441
 3.5852	 5.4482
 3.5827	 5.4477
 3.5802	 5.4429
 3.5777	 5.4385
 3.5753	 5.4341
 3.5728	 5.4390
 3.5704	 5.4394
 3.5679	 5.4326
 3.5654	 5.4287
 3.5630	 5.4265
 3.5605	 5.4270
 3.5581	 5.4292
 3.5557	 5.4343
 3.5532	 5.4311
 3.5508	 5.4243
 3.5484	 5.4277
 3.5459	 5.4302
 3.5435	 5.4255
 3.5411	 5.4324
 3.5387	 5.4316
 3.5363	 5.4238
 3.5338	 5.4194
 3.5314	 5.4236
 3.5290	 5.4270
 3.5266	 5.4228
 3.5242	 5.4299
 3.5218	 5.4316
 3.5195	 5.4487
 3.5171	 5.4629
 3.5147	 5.4675
 3.5123	 5.4848
 3.5099	 5.4846
 3.5075	 5.4656
 3.5052	 5.4507
 3.5028	 5.4402
 3.5004	 5.4307
 3.4981	 5.4238
 3.4957	 5.4216
 3.4934	 5.4177
 3.4910	 5.4158
 3.4887	 5.4075
 3.4863	 5.3960
 3.4840	 5.3926
 3.4816	 5.3960
 3.4793	 5.4038
 3.4770	 5.4099
 3.4746	 5.4145
 3.4723	 5.4123
 3.4700	 5.4106
 3.4677	 5.4177
 3.4653	 5.4202
 3.4630	 5.4155
 3.4607	 5.4138
 3.4584	 5.4077
 3.4561	 5.4097
 3.4538	 5.4143
 3.4515	 5.4101
 3.4492	 5.4131
 3.4469	 5.4250
 3.4446	 5.4267
 3.4423	 5.4231
 3.4400	 5.4370
 3.4378	 5.4590
 3.4355	 5.4700
 3.4332	 5.4736
 3.4309	 5.4861
 3.4287	 5.4878
 3.4264	 5.4722
 3.4241	 5.4673
 3.4219	 5.4631
 3.4196	 5.4473
 3.4174	 5.4260
 3.4151	 5.4184
 3.4129	 5.4128
 3.4106	 5.3967
 3.4084	 5.3833
 3.4061	 5.3796
 3.4039	 5.3686
 3.4017	 5.3501
 3.3994	 5.3391
 3.3972	 5.3371
 3.3950	 5.3371
 3.3928	 5.3254
 3.3906	 5.3152
 3.3883	 5.3179
 3.3861	 5.3223
 3.3839	 5.3266
 3.3817	 5.3320
 3.3795	 5.3359
 3.3773	 5.3342
 3.3751	 5.3369
 3.3729	 5.3462
 3.3707	 5.3418
 3.3685	 5.3332
 3.3663	 5.3367
 3.3641	 5.3330
 3.3620	 5.3369
 3.3598	 5.3391
 3.3576	 5.3218
 3.3554	 5.3154
 3.3533	 5.3196
 3.3511	 5.3076
 3.3489	 5.2961
 3.3468	 5.2912
 3.3446	 5.2925
 3.3425	 5.2934
 3.3403	 5.2912
 3.3382	 5.2922
 3.3360	 5.2944
 3.3339	 5.2903
 3.3317	 5.2820
 3.3296	 5.2832
 3.3274	 5.2849
 3.3253	 5.2842
 3.3232	 5.2790
 3.3210	 5.2671
 3.3189	 5.2681
 3.3168	 5.2681
 3.3147	 5.2595
 3.3126	 5.2598
 3.3104	 5.2590
 3.3083	 5.2471
 3.3062	 5.2417
 3.3041	 5.2529
 3.3020	 5.2588
 3.2999	 5.2576
 3.2978	 5.2456
 3.2957	 5.2388
 3.2936	 5.2388
 3.2915	 5.2432
 3.2894	 5.2353
 3.2874	 5.2327
 3.2853	 5.2334
 3.2832	 5.2402
 3.2811	 5.2368
 3.2790	 5.2383
 3.2770	 5.2329
 3.2749	 5.2270
 3.2728	 5.2241
 3.2708	 5.2305
 3.2687	 5.2265
 3.2666	 5.2239
 3.2646	 5.2324
 3.2625	 5.2336
 3.2605	 5.2292
 3.2584	 5.2251
 3.2564	 5.2226
 3.2543	 5.2192
 3.2523	 5.2134
 3.2503	 5.2134
 3.2482	 5.2070
 3.2462	 5.1973
 3.2442	 5.2007
 3.2421	 5.2002
 3.2401	 5.2056
 3.2381	 5.2031
 3.2361	 5.1933
 3.2340	 5.1787
 3.2320	 5.1758
 3.2300	 5.1853
 3.2280	 5.1831
 3.2260	 5.1877
 3.2240	 5.1921
 3.2220	 5.1882
 3.2200	 5.1738
 3.2180	 5.1797
 3.2160	 5.1865
 3.2140	 5.1836
 3.2120	 5.1875
 3.2100	 5.1836
 3.2080	 5.1789
 3.2060	 5.1750
 3.2040	 5.1675
 3.2021	 5.1655
 3.2001	 5.1599
 3.1981	 5.1633
 3.1961	 5.1658
 3.1942	 5.1570
 3.1922	 5.1540
 3.1902	 5.1555
 3.1883	 5.1543
 3.1863	 5.1494
 3.1844	 5.1413
 3.1824	 5.1391
 3.1805	 5.1367
 3.1785	 5.1362
 3.1766	 5.1428
 3.1746	 5.1367
 3.1727	 5.1274
 3.1707	 5.1326
 3.1688	 5.1333
 3.1669	 5.1318
 3.1649	 5.1284
 3.1630	 5.1233
 3.1611	 5.1269
 3.1591	 5.1191
 3.1572	 5.1089
 3.1553	 5.1052
 3.1534	 5.1201
 3.1515	 5.1255
 3.1495	 5.1042
 3.1476	 5.1001
 3.1457	 5.1108
 3.1438	 5.1030
 3.1419	 5.0957
 3.1400	 5.0972
 3.1381	 5.0906
 3.1362	 5.0803
 3.1343	 5.0754
 3.1324	 5.0742
 3.1305	 5.0757
 3.1286	 5.0832
 3.1268	 5.0771
 3.1249	 5.0661
 3.1230	 5.0659
 3.1211	 5.0615
 3.1192	 5.0603
 3.1174	 5.0698
 3.1155	 5.0693
 3.1136	 5.0715
 3.1117	 5.0632
 3.1099	 5.0547
 3.1080	 5.0557
 3.1061	 5.0486
 3.1043	 5.0415
 3.1024	 5.0452
 3.1006	 5.0410
 3.0987	 5.0371
 3.0969	 5.0364
 3.0950	 5.0373
 3.0932	 5.0290
 3.0913	 5.0254
 3.0895	 5.0278
 3.0876	 5.0312
 3.0858	 5.0317
 3.0840	 5.0239
 3.0821	 5.0217
 3.0803	 5.0229
 3.0785	 5.0178
 3.0766	 5.0139
 3.0748	 5.0141
 3.0730	 5.0078
 3.0712	 5.0061
 3.0694	 5.0022
 3.0675	 4.9888
 3.0657	 4.9819
 3.0639	 4.9824
 3.0621	 4.9783
 3.0603	 4.9741
 3.0585	 4.9758
 3.0567	 4.9761
 3.0549	 4.9702
 3.0531	 4.9612
 3.0513	 4.9682
 3.0495	 4.9751
 3.0477	 4.9624
 3.0459	 4.9448
 3.0441	 4.9397
 3.0423	 4.9458
 3.0406	 4.9526
 3.0388	 4.9465
 3.0370	 4.9360
 3.0352	 4.9365
 3.0334	 4.9375
 3.0317	 4.9314
 3.0299	 4.9316
 3.0281	 4.9346
 3.0264	 4.9380
 3.0246	 4.9321
 3.0228	 4.9219
 3.0211	 4.9180
 3.0193	 4.9140
 3.0176	 4.9014
 3.0158	 4.8979
 3.0140	 4.9048
 3.0123	 4.9072
 3.0105	 4.9004
 3.0088	 4.8935
 3.0070	 4.8833
 3.0053	 4.8867
 3.0036	 4.8848
 3.0018	 4.8774
 3.0001	 4.8786
 2.9984	 4.8811
 2.9966	 4.8696
 2.9949	 4.8725
 2.9932	 4.8745
 2.9914	 4.8838
 2.9897	 4.8765
 2.9880	 4.8682
 2.9863	 4.8662
 2.9845	 4.8730
 2.9828	 4.8804
 2.9811	 4.8828
 2.9794	 4.8769
 2.9777	 4.8640
 2.9760	 4.8503
 2.9743	 4.8472
 2.9726	 4.8496
 2.9709	 4.8481
 2.9692	 4.8516
 2.9675	 4.8491
 2.9658	 4.8418
 2.9641	 4.8472
 2.9624	 4.8320
 2.9607	 4.8130
 2.9590	 4.8174
 2.9573	 4.8210
 2.9556	 4.8183
 2.9539	 4.8183
 2.9523	 4.8140
 2.9506	 4.8047
 2.9489	 4.8113
 2.9472	 4.8003
 2.9455	 4.7851
 2.9439	 4.7854
 2.9422	 4.7861
 2.9405	 4.7761
 2.9389	 4.7685
 2.9372	 4.7681
 2.9355	 4.7490
 2.9339	 4.7319
 2.9322	 4.7436
 2.9306	 4.7461
 2.9289	 4.7358
 2.9272	 4.7314
 2.9256	 4.7280
 2.9239	 4.7236
 2.9223	 4.7226
 2.9207	 4.7226
 2.9190	 4.7226
 2.9174	 4.7170
 2.9157	 4.7146
 2.9141	 4.7168
 2.9124	 4.7158
 2.9108	 4.7192
 2.9092	 4.7104
 2.9075	 4.6958
 2.9059	 4.7051
 2.9043	 4.7051
 2.9027	 4.7036
 2.9010	 4.6997
 2.8994	 4.6909
 2.8978	 4.6875
 2.8962	 4.6841
 2.8946	 4.6880
 2.8929	 4.6870
 2.8913	 4.6719
 2.8897	 4.6660
 2.8881	 4.6514
 2.8865	 4.6489
 2.8849	 4.6445
 2.8833	 4.6343
 2.8817	 4.6284
 2.8801	 4.6374
 2.8785	 4.6387
 2.8769	 4.6269
 2.8753	 4.6059
 2.8737	 4.6045
 2.8721	 4.6177
 2.8705	 4.6094
 2.8689	 4.5879
 2.8673	 4.5991
 2.8658	 4.6099
 2.8642	 4.6050
 2.8626	 4.5942
 2.8610	 4.5725
 2.8594	 4.5652
 2.8579	 4.5683
 2.8563	 4.5674
 2.8547	 4.5737
 2.8531	 4.5688
 2.8516	 4.5522
 2.8500	 4.5549
 2.8484	 4.5517
 2.8469	 4.5420
 2.8453	 4.5376
 2.8437	 4.5347
 2.8422	 4.5347
 2.8406	 4.5249
 2.8391	 4.5220
 2.8375	 4.5312
 2.8360	 4.5278
 2.8344	 4.5049
 2.8329	 4.4985
 2.8313	 4.5019
 2.8298	 4.5088
 2.8282	 4.5083
 2.8267	 4.5195
 2.8252	 4.5347
 2.8236	 4.5200
 2.8221	 4.5098
 2.8205	 4.5034
 2.8190	 4.5112
 2.8175	 4.5093
 2.8159	 4.5044
 2.8144	 4.4980
 2.8129	 4.4883
 2.8114	 4.4985
 2.8098	 4.5093
 2.8083	 4.4912
 2.8068	 4.4824
 2.8053	 4.4892
 2.8038	 4.4839
 2.8022	 4.4678
 2.8007	 4.4619
 2.7992	 4.4712
 2.7977	 4.4805
 2.7962	 4.4648
 2.7947	 4.4492
 2.7932	 4.4429
 2.7917	 4.4360
 2.7902	 4.4321
 2.7887	 4.4263
 2.7872	 4.4419
 2.7857	 4.4468
 2.7842	 4.4245
 2.7827	 4.4204
 2.7812	 4.4189
 2.7797	 4.4263
 2.7782	 4.4253
 2.7767	 4.4072
 2.7752	 4.4106
 2.7738	 4.4199
 2.7723	 4.4048
 2.7708	 4.3872
 2.7693	 4.3823
 2.7678	 4.3774
 2.7664	 4.3867
 2.7649	 4.3916
 2.7634	 4.3794
 2.7619	 4.3589
 2.7605	 4.3555
 2.7590	 4.3557
 2.7575	 4.3430
 2.7561	 4.3276
 2.7546	 4.3188
 2.7531	 4.3259
 2.7517	 4.3198
 2.7502	 4.3091
 2.7488	 4.3147
 2.7473	 4.2959
 2.7458	 4.2861
 2.7444	 4.2905
 2.7429	 4.2720
 2.7415	 4.2790
 2.7400	 4.2861
 2.7386	 4.2827
 2.7371	 4.2873
 2.7357	 4.2812
 2.7343	 4.2734
 2.7328	 4.2917
 2.7314	 4.2930
 2.7299	 4.2829
 2.7285	 4.2910
 2.7271	 4.2949
 2.7256	 4.2722
 2.7242	 4.2761
 2.7228	 4.2974
 2.7213	 4.2742
 2.7199	 4.2639
 2.7185	 4.2793
 2.7171	 4.2895
 2.7156	 4.2888
 2.7142	 4.2712
 2.7128	 4.2554
 2.7114	 4.2392
 2.7100	 4.2488
 2.7085	 4.2651
 2.7071	 4.2724
 2.7057	 4.2620
 2.7043	 4.2397
 2.7029	 4.2302
 2.7015	 4.2134
 2.7001	 4.2043
 2.6987	 4.2209
 2.6973	 4.2114
 2.6959	 4.1997
 2.6945	 4.2112
 2.6931	 4.2170
 2.6917	 4.2312
 2.6903	 4.2192
 2.6889	 4.2141
 2.6875	 4.2100
 2.6861	 4.1987
 2.6847	 4.2051
 2.6833	 4.2019
 2.6819	 4.2046
 2.6805	 4.2204
 2.6791	 4.2197
 2.6778	 4.2126
 2.6764	 4.2180
 2.6750	 4.2222
 2.6736	 4.2119
 2.6722	 4.1990
 2.6709	 4.1860
 2.6695	 4.1904
 2.6681	 4.2024
 2.6667	 4.2012
 2.6654	 4.1948
 2.6640	 4.2056
 2.6626	 4.2082
 2.6613	 4.2060
 2.6599	 4.2021
 2.6585	 4.1975
 2.6572	 4.2004
 2.6558	 4.2021
 2.6545	 4.1938
 2.6531	 4.1741
 2.6517	 4.1731
 2.6504	 4.1728
 2.6490	 4.1758
 2.6477	 4.1799
 2.6463	 4.1733
 2.6450	 4.1606
 2.6436	 4.1448
 2.6423	 4.1572
 2.6409	 4.1553
 2.6396	 4.1313
 2.6382	 4.1086
 2.6369	 4.1157
 2.6356	 4.1311
 2.6342	 4.1357
 2.6329	 4.1323
 2.6315	 4.1308
 2.6302	 4.1299
 2.6289	 4.1321
 2.6275	 4.1118
 2.6262	 4.1133
 2.6249	 4.1377
 2.6236	 4.1272
 2.6222	 4.1272
 2.6209	 4.1252
 2.6196	 4.1352
 2.6183	 4.1321
 2.6169	 4.1138
 2.6156	 4.1128
 2.6143	 4.1152
 2.6130	 4.1094
 2.6117	 4.1142
 2.6103	 4.0881
 2.6090	 4.0871
 2.6077	 4.0942
 2.6064	 4.1011
 2.6051	 4.0820
 2.6038	 4.0696
 2.6025	 4.0666
 2.6012	 4.0752
 2.5999	 4.0901
 2.5986	 4.1089
 2.5973	 4.0928
 2.5960	 4.0679
 2.5947	 4.0586
 2.5934	 4.0737
 2.5921	 4.0715
 2.5908	 4.0654
 2.5895	 4.0698
 2.5882	 4.0615
 2.5869	 4.0500
 2.5856	 4.0542
 2.5843	 4.0503
 2.5830	 4.0539
 2.5817	 4.0527
 2.5805	 4.0474
 2.5792	 4.0513
 2.5779	 4.0444
 2.5766	 4.0412
 2.5753	 4.0715
 2.5741	 4.0801
 2.5728	 4.0618
 2.5715	 4.0552
 2.5702	 4.0683
 2.5690	 4.0666
 2.5677	 4.0381
 2.5664	 4.0288
 2.5651	 4.0288
 2.5639	 4.0149
 2.5626	 4.0156
 2.5613	 4.0220
 2.5601	 4.0159
 2.5588	 3.9993
 2.5575	 4.0146
 2.5563	 4.0361
 2.5550	 4.0356
 2.5538	 4.0293
 2.5525	 4.0166
 2.5513	 4.0068
 2.5500	 4.0225
 2.5487	 4.0278
 2.5475	 4.0198
 2.5462	 4.0344
 2.5450	 4.0288
 2.5437	 4.0181
 2.5425	 4.0100
 2.5413	 4.0098
 2.5400	 4.0227
 2.5388	 4.0342
 2.5375	 4.0354
 2.5363	 4.0361
 2.5350	 4.0283
 2.5338	 4.0141
 2.5326	 4.0159
 2.5313	 4.0234
 2.5301	 4.0041
 2.5289	 4.0080
 2.5276	 4.0210
 2.5264	 4.0083
 2.5252	 3.9961
 2.5239	 3.9951
 2.5227	 3.9995
 2.5215	 4.0063
 2.5202	 4.0139
 2.5190	 4.0120
 2.5178	 4.0122
 2.5166	 3.9905
 2.5154	 3.9905
 2.5141	 3.9946
 2.5129	 4.0188
 2.5117	 4.0100
 2.5105	 4.0071
 2.5093	 3.9907
 2.5081	 3.9707
 2.5068	 3.9827
 2.5056	 3.9944
 2.5044	 3.9934
 2.5032	 4.0032
 2.5020	 4.0244
 2.5008	 4.0276
 2.4996	 4.0071
 2.4984	 3.9875
 2.4972	 3.9907
 2.4960	 4.0061
 2.4948	 4.0034
 2.4936	 4.0078
 2.4924	 3.9936
 2.4912	 3.9768
 2.4900	 3.9863
 2.4888	 3.9946
 2.4876	 3.9768
 2.4864	 3.9624
 2.4852	 3.9700
 2.4840	 3.9883
 2.4828	 3.9819
 2.4816	 3.9863
 2.4805	 3.9739
 2.4793	 3.9524
 2.4781	 3.9602
 2.4769	 3.9780
 2.4757	 3.9673
 2.4745	 3.9590
 2.4734	 3.9592
 2.4722	 3.9746
 2.4710	 3.9863
 2.4698	 3.9678
 2.4686	 3.9687
 2.4675	 3.9661
 2.4663	 3.9463
 2.4651	 3.9280
 2.4640	 3.9365
 2.4628	 3.9492
 2.4616	 3.9614
 2.4604	 3.9600
 2.4593	 3.9639
 2.4581	 3.9805
 2.4569	 3.9719
 2.4558	 3.9404
 2.4546	 3.9289
 2.4535	 3.9543
 2.4523	 3.9661
 2.4511	 3.9785
 2.4500	 3.9700
 2.4488	 3.9582
 2.4477	 3.9612
 2.4465	 3.9726
 2.4454	 3.9697
 2.4442	 3.9385
 2.4431	 3.9309
 2.4419	 3.9377
 2.4408	 3.9260
 2.4396	 3.9368
 2.4385	 3.9482
 2.4373	 3.9409
 2.4362	 3.9316
 2.4350	 3.9348
 2.4339	 3.9397
 2.4327	 3.9299
 2.4316	 3.9253
 2.4305	 3.9248
 2.4293	 3.9375
 2.4282	 3.9482
 2.4270	 3.9426
 2.4259	 3.9211
 2.4248	 3.9104
 2.4236	 3.9116
 2.4225	 3.9263
 2.4214	 3.9329
 2.4202	 3.9433
 2.4191	 3.9433
 2.4180	 3.9541
 2.4169	 3.9463
 2.4157	 3.9192
 2.4146	 3.9307
 2.4135	 3.9512
 2.4124	 3.9463
 2.4112	 3.9326
 2.4101	 3.9316
 2.4090	 3.9387
 2.4079	 3.9341
 2.4068	 3.9267
 2.4056	 3.9338
 2.4045	 3.9228
 2.4034	 3.9141
 2.4023	 3.9182
 2.4012	 3.9260
 2.4001	 3.9141
 2.3990	 3.9297
 2.3979	 3.9482
 2.3967	 3.9309
 2.3956	 3.9426
 2.3945	 3.9321
 2.3934	 3.9202
 2.3923	 3.9482
 2.3912	 3.9443
 2.3901	 3.9416
 2.3890	 3.9416
 2.3879	 3.9297
 2.3868	 3.9194
 2.3857	 3.9258
 2.3846	 3.9036
 2.3835	 3.9131
 2.3824	 3.9365
 2.3813	 3.9473
 2.3802	 3.9368
 2.3791	 3.9277
 2.3781	 3.9153
 2.3770	 3.9280
 2.3759	 3.9399
 2.3748	 3.9141
 2.3737	 3.9026
 2.3726	 3.9189
 2.3715	 3.9348
 2.3704	 3.9416
 2.3694	 3.9199
 2.3683	 3.9145
 2.3672	 3.9326
 2.3661	 3.9267
 2.3650	 3.9175
 2.3640	 3.9370
 2.3629	 3.9560
 2.3618	 3.9580
 2.3607	 3.9575
 2.3597	 3.9433
 2.3586	 3.9126
 2.3575	 3.9145
 2.3564	 3.9238
 2.3554	 3.9385
 2.3543	 3.9365
 2.3532	 3.9194
 2.3522	 3.9267
 2.3511	 3.9512
 2.3500	 3.9189
 2.3490	 3.9170
 2.3479	 3.9683
 2.3468	 3.9512
 2.3458	 3.9184
 2.3447	 3.9204
 2.3436	 3.9321
 2.3426	 3.9429
 2.3415	 3.9316
 2.3405	 3.9263
 2.3394	 3.9365
 2.3384	 3.9350
 2.3373	 3.9663
 2.3363	 3.9668
 2.3352	 3.9643
 2.3342	 3.9546
 2.3331	 3.9365
 2.3321	 3.9297
 2.3310	 3.9336
 2.3300	 3.9385
 2.3289	 3.9468
 2.3279	 3.9326
 2.3268	 3.9424
 2.3258	 3.9512
 2.3247	 3.9463
 2.3237	 3.9585
 2.3226	 3.9487
 2.3216	 3.9468
 2.3206	 3.9458
 2.3195	 3.9482
 2.3185	 3.9341
 2.3175	 3.9155
 2.3164	 3.9482
 2.3154	 3.9575
 2.3144	 3.9609
 2.3133	 3.9556
 2.3123	 3.9517
 2.3113	 3.9541
 2.3102	 3.9580
 2.3092	 3.9507
 2.3082	 3.9580
 2.3071	 3.9629
 2.3061	 3.9600
 2.3051	 3.9580
 2.3041	 3.9512
 2.3030	 3.9678
 2.3020	 3.9746
 2.3010	 3.9687
 2.3000	 3.9712
 2.2990	 3.9702
 2.2979	 3.9326
 2.2969	 3.9228
 2.2959	 3.9282
 2.2949	 3.9546
 2.2939	 3.9844
 2.2929	 3.9697
 2.2918	 3.9399
 2.2908	 3.9150
 2.2898	 3.9199
 2.2888	 3.9443
 2.2878	 3.9492
 2.2868	 3.9531
 2.2858	 3.9634
 2.2848	 3.9477
 2.2838	 3.9238
 2.2828	 3.9287
 2.2818	 3.9502
 2.2808	 3.9521
 2.2798	 3.9360
 2.2787	 3.9341
 2.2777	 3.9258
 2.2767	 3.9453
 2.2757	 3.9600
 2.2747	 3.9790
 2.2738	 3.9736
 2.2728	 3.9648
 2.2718	 3.9541
 2.2708	 3.9482
 2.2698	 3.9360
 2.2688	 3.9477
 2.2678	 3.9736
 2.2668	 3.9809
 2.2658	 3.9795
 2.2648	 3.9766
 2.2638	 3.9531
 2.2628	 3.9414
 2.2618	 3.9648
 2.2609	 3.9687
 2.2599	 3.9448
 2.2589	 3.9336
 2.2579	 3.9126
 2.2569	 3.9189
 2.2559	 3.9492
 2.2550	 3.9458
 2.2540	 3.9419
 2.2530	 3.9595
 2.2520	 3.9492
 2.2510	 3.9228
 2.2501	 3.9321
 2.2491	 3.9687
 2.2481	 3.9419
 2.2471	 3.9360
 2.2462	 3.9600
 2.2452	 3.9673
 2.2442	 3.9477
 2.2433	 3.9219
 2.2423	 3.9243
 2.2413	 3.9370
 2.2403	 3.9463
 2.2394	 3.9399
 2.2384	 3.9565
 2.2374	 3.9751
 2.2365	 3.9653
 2.2355	 3.9419
 2.2345	 3.9477
 2.2336	 3.9619
 2.2326	 3.9687
 2.2317	 3.9556
 2.2307	 3.9355
 2.2297	 3.9399
 2.2288	 3.9248
 2.2278	 3.9219
 2.2269	 3.9438
 2.2259	 3.9653
 2.2250	 3.9697
 2.2240	 3.9556
 2.2231	 3.9380
 2.2221	 3.9341
 2.2211	 3.9360
 2.2202	 3.9575
 2.2192	 3.9751
 2.2183	 3.9560
 2.2173	 3.9360
 2.2164	 3.9248
 2.2155	 3.9355
 2.2145	 3.9385
 2.2136	 3.9287
 2.2126	 3.9560
 2.2117	 3.9580
 2.2107	 3.9502
 2.2098	 3.9458
 2.2088	 3.9267
 2.2079	 3.8945
 2.2070	 3.8906
 2.2060	 3.9028
 2.2051	 3.9277
 2.2041	 3.9424
 2.2032	 3.9150
 2.2023	 3.9126
 2.2013	 3.9238
 2.2004	 3.9258
 2.1995	 3.9287
 2.1985	 3.9277
 2.1976	 3.9204
 2.1967	 3.9199
 2.1957	 3.9307
 2.1948	 3.9570
 2.1939	 3.9424
 2.1930	 3.9160
 2.1920	 3.9121
 2.1911	 3.9170
 2.1902	 3.9072
 2.1893	 3.9258
 2.1883	 3.9267
 2.1874	 3.9004
 2.1865	 3.9126
 2.1856	 3.9160
 2.1846	 3.9126
 2.1837	 3.9028
 2.1828	 3.9263
 2.1819	 3.9277
 2.1810	 3.9087
 2.1800	 3.9131
 2.1791	 3.9043
 2.1782	 3.9082
 2.1773	 3.9316
 2.1764	 3.9263
 2.1755	 3.9399
 2.1746	 3.9316
 2.1736	 3.9145
 2.1727	 3.9023
 2.1718	 3.9028
 2.1709	 3.9014
 2.1700	 3.9302
 2.1691	 3.9360
 2.1682	 3.9375
 2.1673	 3.9346
 2.1664	 3.9141
 2.1655	 3.9263
 2.1646	 3.9101
 2.1637	 3.8965
 2.1628	 3.9023
 2.1619	 3.9184
 2.1610	 3.9419
 2.1601	 3.9365
 2.1592	 3.9394
 2.1583	 3.9521
 2.1574	 3.9355
 2.1565	 3.8911
 2.1556	 3.8935
 2.1547	 3.9180
 2.1538	 3.9521
 2.1529	 3.9575
 2.1520	 3.9170
 2.1511	 3.9048
 2.1502	 3.9009
 2.1493	 3.9453
 2.1484	 3.9316
 2.1475	 3.8931
 2.1466	 3.9145
 2.1458	 3.9204
 2.1449	 3.9028
 2.1440	 3.9106
 2.1431	 3.8916
 2.1422	 3.8808
 2.1413	 3.8896
 2.1404	 3.8955
 2.1396	 3.9248
 2.1387	 3.9087
 2.1378	 3.9004
 2.1369	 3.8730
 2.1360	 3.8516
 2.1352	 3.8769
 2.1343	 3.8916
 2.1334	 3.8848
 2.1325	 3.8750
 2.1316	 3.8911
 2.1308	 3.9141
 2.1299	 3.9336
 2.1290	 3.9375
 2.1281	 3.9184
 2.1273	 3.9326
 2.1264	 3.9492
 2.1255	 3.9512
 2.1247	 3.9072
 2.1238	 3.8935
 2.1229	 3.9106
 2.1220	 3.9424
 2.1212	 3.9092
 2.1203	 3.8808
 2.1194	 3.9009
 2.1186	 3.8945
 2.1177	 3.8877
 2.1168	 3.9141
 2.1160	 3.9067
 2.1151	 3.8872
 2.1143	 3.8779
 2.1134	 3.8808
 2.1125	 3.8935
 2.1117	 3.8965
 2.1108	 3.9043
 2.1100	 3.9111
 2.1091	 3.9307
 2.1082	 3.9219
 2.1074	 3.8887
 2.1065	 3.8906
 2.1057	 3.9165
 2.1048	 3.8931
 2.1040	 3.8545
 2.1031	 3.8642
 2.1023	 3.8955
 2.1014	 3.8926
 2.1005	 3.8779
 2.0997	 3.8794
 2.0988	 3.9033
 2.0980	 3.8965
 2.0971	 3.8730
 2.0963	 3.8579
 2.0955	 3.8701
 2.0946	 3.8970
 2.0938	 3.9082
 2.0929	 3.8906
 2.0921	 3.8769
 2.0912	 3.8760
 2.0904	 3.8769
 2.0895	 3.9004
 2.0887	 3.9072
 2.0879	 3.8613
 2.0870	 3.8340
 2.0862	 3.8555
 2.0853	 3.8696
 2.0845	 3.8867
 2.0837	 3.8857
 2.0828	 3.8408
 2.0820	 3.8188
 2.0812	 3.8476
 2.0803	 3.8584
 2.0795	 3.8721
