Name: Topaz Al_2SiO_4(F,OH)_2
Type: Mineral
Class: Silicate
Subclass: Nesosilicate
Particle Size: Coarse
Sample No.: NS-6A
Owner: JPL
Wavelength Range: TIR
Origin: Australia, Western Australia, Grossmont
Collection Date: N/A
Description: Particle size was 125-500um.Collected by Ward's Original ASTER Spectral Library name was jpl.nicolet.mineral.silicate.nesosilicate.coarse.ns06a.spectrum.txt
Measurement: Hemispherical reflectance
First Column: X
Second Column: Y
X Units: Wavelength (micrometers)
Y Units:Reflectance (percent)
First X Value: 15.3853
Last X Value:  2.0003
Number of X Values: 2256
Additional Information: mineral.silicate.nesosilicate.coarse.tir.ns-6a.jpl.nicolet.ancillary.txt

15.3853	31.1912
15.3397	30.4788
15.2945	29.8532
15.2495	29.6121
15.2048	28.9921
15.1603	28.1471
15.1161	27.0833
15.0722	25.7458
15.0285	24.2680
14.9851	22.3828
14.9419	19.9222
14.8989	17.4132
14.8563	15.2792
14.8138	13.3130
14.7716	11.2796
14.7296	 9.5337
14.6879	 8.2215
14.6464	 6.8135
14.6052	 5.2274
14.5641	 3.5705
14.5233	 2.3941
14.4828	 1.8050
14.4424	 1.4601
14.4023	 1.2939
14.3624	 0.9805
14.3227	 0.5930
14.2833	 0.7486
14.2440	 1.0462
14.2050	 1.0324
14.1662	 0.8697
14.1276	 0.8692
14.0892	 0.9086
14.0510	 0.5113
14.0131	 0.3269
13.9753	 0.5871
13.9377	 0.7982
13.9004	 0.8162
13.8632	 0.7892
13.8262	 0.9649
13.7895	 1.0691
13.7529	 0.8289
13.7165	 0.9302
13.6803	 1.2346
13.6443	 1.2211
13.6085	 1.2038
13.5729	 1.4372
13.5374	 1.6801
13.5022	 1.8788
13.4671	 1.9884
13.4322	 2.0445
13.3975	 2.0738
13.3630	 2.1479
13.3286	 2.4101
13.2944	 2.6551
13.2604	 2.7098
13.2266	 2.8960
13.1930	 3.0162
13.1595	 2.9269
13.1262	 3.1553
13.0930	 3.4241
13.0600	 3.4158
13.0272	 3.4165
12.9946	 3.4642
12.9621	 3.5708
12.9298	 3.7309
12.8976	 3.8518
12.8656	 3.8402
12.8337	 3.7596
12.8021	 3.9009
12.7705	 4.2260
12.7391	 4.3741
12.7079	 4.5425
12.6769	 4.8123
12.6459	 4.9887
12.6152	 5.1484
12.5845	 5.3006
12.5541	 5.6123
12.5238	 5.8075
12.4936	 5.7539
12.4635	 5.9563
12.4337	 6.2622
12.4039	 6.5758
12.3743	 6.7909
12.3448	 6.8873
12.3155	 7.1977
12.2863	 7.4988
12.2573	 7.7926
12.2284	 8.1459
12.1996	 8.4240
12.1710	 8.7045
12.1425	 9.0745
12.1141	 9.5189
12.0859	 9.8900
12.0578	10.2291
12.0298	10.6343
12.0019	11.0671
11.9742	11.6273
11.9466	12.4158
11.9192	13.1832
11.8918	13.8203
11.8646	14.6638
11.8375	15.5760
11.8106	16.2555
11.7837	16.9227
11.7570	17.6854
11.7304	18.5310
11.7039	19.6025
11.6776	20.8625
11.6513	22.1064
11.6252	23.2540
11.5992	24.3090
11.5733	25.2654
11.5475	26.3470
11.5219	27.4906
11.4963	28.4130
11.4709	29.3358
11.4455	30.2929
11.4203	30.8826
11.3952	31.3869
11.3702	31.8910
11.3454	32.1688
11.3206	32.3402
11.2959	32.2836
11.2714	31.9355
11.2469	31.5354
11.2226	31.2214
11.1983	31.1220
11.1742	31.2088
11.1502	31.4713
11.1263	31.6495
11.1024	31.6310
11.0787	31.4535
11.0551	30.9154
11.0316	30.1210
11.0081	29.3325
10.9848	28.7197
10.9616	28.4268
10.9385	28.3348
10.9154	28.5273
10.8925	28.8291
10.8697	29.1555
10.8469	29.3883
10.8243	29.3449
10.8017	29.0880
10.7793	28.7628
10.7569	28.4739
10.7346	28.6096
10.7125	29.1421
10.6904	29.9136
10.6684	30.9085
10.6465	32.1499
10.6247	33.1622
10.6029	33.8323
10.5813	34.3667
10.5597	34.7108
10.5383	34.9777
10.5169	35.0997
10.4956	35.0922
10.4744	35.1331
10.4533	35.0976
10.4323	34.9605
10.4113	34.7562
10.3904	34.4256
10.3697	34.0786
10.3490	33.6976
10.3284	33.1114
10.3078	32.3067
10.2874	31.1252
10.2670	29.5016
10.2467	27.3737
10.2265	24.8240
10.2064	22.6250
10.1863	21.1001
10.1663	20.0982
10.1464	19.6724
10.1266	19.6773
10.1069	19.8281
10.0872	20.2051
10.0676	20.7361
10.0481	21.2849
10.0287	21.7647
10.0093	22.2916
 9.9901	22.9008
 9.9708	23.3846
 9.9517	23.6665
 9.9326	23.7439
 9.9136	23.6251
 9.8947	23.1350
 9.8759	22.4108
 9.8571	21.6386
 9.8384	20.8608
 9.8198	20.0057
 9.8012	19.1481
 9.7827	18.3454
 9.7643	17.6653
 9.7459	17.0803
 9.7276	16.4776
 9.7094	15.7784
 9.6913	15.0889
 9.6732	14.4397
 9.6552	13.9522
 9.6372	13.6313
 9.6194	13.2927
 9.6015	12.8917
 9.5838	12.4102
 9.5661	11.9757
 9.5485	11.5621
 9.5309	10.8320
 9.5135	10.0834
 9.4960	 9.4407
 9.4787	 8.7917
 9.4614	 8.1483
 9.4441	 7.5009
 9.4270	 6.7447
 9.4099	 6.1295
 9.3928	 5.6143
 9.3758	 5.1604
 9.3589	 4.6035
 9.3420	 3.9932
 9.3252	 3.6346
 9.3085	 3.2723
 9.2918	 2.8347
 9.2752	 2.4159
 9.2586	 2.1101
 9.2421	 1.8466
 9.2257	 1.6714
 9.2093	 1.5576
 9.1930	 1.3048
 9.1767	 1.0361
 9.1605	 0.9286
 9.1443	 0.8006
 9.1282	 0.5953
 9.1122	 0.5949
 9.0962	 0.6925
 9.0803	 0.5452
 9.0644	 0.3848
 9.0486	 0.2667
 9.0328	 0.2878
 9.0171	 0.3121
 9.0015	 0.2941
 8.9858	 0.3219
 8.9703	 0.2989
 8.9548	 0.1750
 8.9394	 0.1050
 8.9240	 0.1121
 8.9086	 0.1550
 8.8934	 0.1731
 8.8781	 0.1220
 8.8630	 0.1873
 8.8478	 0.2590
 8.8328	 0.2525
 8.8177	 0.2817
 8.8028	 0.2939
 8.7879	 0.0996
 8.7730	 0.0039
 8.7582	 0.2365
 8.7434	 0.3237
 8.7287	 0.3093
 8.7140	 0.2097
 8.6994	 0.3287
 8.6848	 0.4090
 8.6703	 0.3777
 8.6558	 0.3960
 8.6414	 0.5582
 8.6270	 0.7813
 8.6127	 0.8933
 8.5984	 1.0862
 8.5842	 1.1641
 8.5700	 1.0890
 8.5558	 1.0007
 8.5417	 0.8134
 8.5277	 0.5933
 8.5137	 0.3997
 8.4997	 0.2377
 8.4858	 0.1551
 8.4719	 0.1580
 8.4581	 0.1331
 8.4444	 0.1518
 8.4306	 0.1214
 8.4169	 0.0954
 8.4033	 0.1215
 8.3897	 0.1232
 8.3761	 0.0711
 8.3626	 0.0426
 8.3492	 0.0918
 8.3357	 0.1776
 8.3224	 0.1540
 8.3090	 0.1914
 8.2957	 0.2326
 8.2825	 0.2385
 8.2693	 0.0562
 8.2561	 0.1165
 8.2430	 0.2793
 8.2299	 0.3841
 8.2169	 0.3167
 8.2038	 0.1155
 8.1909	 0.1687
 8.1780	 0.2896
 8.1651	 0.2205
 8.1523	 0.2893
 8.1395	 0.3016
 8.1267	 0.2259
 8.1140	 0.3544
 8.1013	 0.4609
 8.0887	 0.3537
 8.0761	 0.2715
 8.0635	 0.3536
 8.0510	 0.4187
 8.0385	 0.3732
 8.0261	 0.3070
 8.0137	 0.3809
 8.0013	 0.4349
 7.9890	 0.4600
 7.9767	 0.4981
 7.9644	 0.4313
 7.9522	 0.4612
 7.9400	 0.4781
 7.9279	 0.4563
 7.9158	 0.5595
 7.9037	 0.6329
 7.8917	 0.6173
 7.8797	 0.6334
 7.8677	 0.6790
 7.8558	 0.7139
 7.8439	 0.7565
 7.8321	 0.7018
 7.8203	 0.6988
 7.8085	 0.8164
 7.7967	 0.9565
 7.7850	 0.8813
 7.7734	 0.8904
 7.7617	 0.9409
 7.7501	 0.8428
 7.7386	 0.8804
 7.7270	 0.9834
 7.7155	 1.0104
 7.7041	 1.0589
 7.6926	 1.0232
 7.6812	 0.9520
 7.6699	 1.0432
 7.6585	 1.1554
 7.6472	 1.1807
 7.6360	 1.1373
 7.6247	 1.1656
 7.6136	 1.1957
 7.6024	 1.1804
 7.5913	 1.2030
 7.5802	 1.3071
 7.5691	 1.3769
 7.5581	 1.4532
 7.5471	 1.5789
 7.5361	 1.5935
 7.5252	 1.5075
 7.5142	 1.4281
 7.5034	 1.4419
 7.4925	 1.4951
 7.4817	 1.5394
 7.4709	 1.5701
 7.4602	 1.6074
 7.4495	 1.7308
 7.4388	 1.7993
 7.4281	 1.7497
 7.4175	 1.7379
 7.4069	 1.8531
 7.3963	 1.8606
 7.3858	 1.8140
 7.3753	 1.9215
 7.3648	 2.1054
 7.3544	 2.1235
 7.3440	 2.1150
 7.3336	 2.1595
 7.3232	 2.2484
 7.3129	 2.2914
 7.3026	 2.3763
 7.2923	 2.4585
 7.2821	 2.4851
 7.2718	 2.5772
 7.2617	 2.5974
 7.2515	 2.5530
 7.2414	 2.5515
 7.2313	 2.6112
 7.2212	 2.7249
 7.2112	 2.7909
 7.2012	 2.8171
 7.1912	 2.8259
 7.1812	 2.8255
 7.1713	 2.9400
 7.1614	 3.0639
 7.1515	 3.1452
 7.1416	 3.1435
 7.1318	 3.1555
 7.1220	 3.2193
 7.1123	 3.2464
 7.1025	 3.2245
 7.0928	 3.2931
 7.0831	 3.3801
 7.0734	 3.3939
 7.0638	 3.4266
 7.0542	 3.4492
 7.0446	 3.4980
 7.0351	 3.4714
 7.0255	 3.5047
 7.0160	 3.5717
 7.0065	 3.6424
 6.9971	 3.7449
 6.9877	 3.7405
 6.9782	 3.6304
 6.9689	 3.6906
 6.9595	 3.8810
 6.9502	 3.8803
 6.9409	 3.9233
 6.9316	 4.0971
 6.9223	 4.2078
 6.9131	 4.2186
 6.9039	 4.2621
 6.8947	 4.2505
 6.8856	 4.3636
 6.8764	 4.5881
 6.8673	 4.8124
 6.8582	 4.8162
 6.8492	 4.6973
 6.8402	 4.6538
 6.8311	 4.7162
 6.8221	 4.7882
 6.8132	 4.7481
 6.8042	 4.7996
 6.7953	 4.8631
 6.7864	 4.8500
 6.7776	 4.7494
 6.7687	 4.6945
 6.7599	 4.6635
 6.7511	 4.6914
 6.7423	 4.7201
 6.7336	 4.7136
 6.7248	 4.8178
 6.7161	 4.9993
 6.7074	 5.0407
 6.6988	 4.9815
 6.6901	 5.0723
 6.6815	 5.2810
 6.6729	 5.2979
 6.6643	 5.2776
 6.6558	 5.3013
 6.6472	 5.6191
 6.6387	 6.1281
 6.6302	 6.0701
 6.6217	 5.8495
 6.6133	 5.8725
 6.6049	 5.9420
 6.5965	 6.1340
 6.5881	 6.3394
 6.5797	 6.4946
 6.5714	 6.6134
 6.5631	 6.5674
 6.5548	 6.6436
 6.5465	 6.6566
 6.5382	 6.6353
 6.5300	 6.6532
 6.5218	 6.8042
 6.5136	 6.7751
 6.5054	 6.8967
 6.4973	 7.2694
 6.4892	 7.3209
 6.4810	 7.2007
 6.4729	 7.1830
 6.4649	 7.1503
 6.4568	 7.1352
 6.4488	 7.2441
 6.4408	 7.3917
 6.4328	 7.5603
 6.4248	 7.7305
 6.4169	 8.1685
 6.4089	 8.2342
 6.4010	 7.8846
 6.3931	 7.9211
 6.3853	 8.0875
 6.3774	 8.1386
 6.3696	 8.1179
 6.3618	 8.1031
 6.3540	 8.3591
 6.3462	 8.7028
 6.3384	 8.6453
 6.3307	 8.5715
 6.3230	 8.6515
 6.3153	 8.7250
 6.3076	 8.7892
 6.2999	 8.8518
 6.2923	 8.8862
 6.2847	 8.8770
 6.2770	 8.9649
 6.2694	 8.9715
 6.2619	 8.9947
 6.2543	 9.1716
 6.2468	 9.3507
 6.2393	 9.3363
 6.2318	 9.3843
 6.2243	 9.5222
 6.2168	 9.6510
 6.2094	 9.6750
 6.2020	 9.6813
 6.1945	 9.8538
 6.1871	10.2146
 6.1798	10.1944
 6.1724	10.0451
 6.1651	10.1348
 6.1578	10.2906
 6.1505	10.2525
 6.1432	10.2363
 6.1359	10.2732
 6.1286	10.3762
 6.1214	10.6891
 6.1142	11.0866
 6.1070	10.8836
 6.0998	10.6565
 6.0926	10.7231
 6.0855	10.9177
 6.0784	11.4105
 6.0712	11.6879
 6.0641	11.6153
 6.0571	12.0789
 6.0500	13.0393
 6.0429	12.7631
 6.0359	12.2716
 6.0289	12.3555
 6.0219	12.6495
 6.0149	12.8859
 6.0079	12.9217
 6.0010	13.0412
 5.9940	13.3759
 5.9871	13.5192
 5.9802	13.4151
 5.9733	13.4611
 5.9664	13.4411
 5.9596	13.1083
 5.9527	12.9311
 5.9459	12.9105
 5.9391	13.0720
 5.9323	12.5540
 5.9255	11.8492
 5.9188	11.5103
 5.9120	11.2569
 5.9053	11.2236
 5.8986	11.4957
 5.8919	11.2518
 5.8852	11.1575
 5.8785	11.1145
 5.8718	10.5568
 5.8652	10.3403
 5.8586	10.0033
 5.8520	 9.5966
 5.8454	 9.2166
 5.8388	 8.9446
 5.8322	 8.8780
 5.8257	 8.9136
 5.8191	 8.6797
 5.8126	 8.2524
 5.8061	 8.0809
 5.7996	 7.9997
 5.7931	 7.9371
 5.7866	 7.8840
 5.7802	 7.8344
 5.7738	 7.9805
 5.7673	 8.2899
 5.7609	 8.1876
 5.7545	 8.1552
 5.7481	 8.3292
 5.7418	 8.3526
 5.7354	 8.3312
 5.7291	 8.3724
 5.7228	 8.3883
 5.7165	 8.3438
 5.7102	 8.2882
 5.7039	 8.0419
 5.6976	 7.8176
 5.6914	 7.6554
 5.6851	 7.3781
 5.6789	 7.1716
 5.6727	 6.9845
 5.6665	 6.5646
 5.6603	 6.2494
 5.6541	 5.9886
 5.6480	 5.7373
 5.6418	 5.5859
 5.6357	 5.1906
 5.6296	 4.7692
 5.6235	 4.5094
 5.6174	 4.1981
 5.6113	 3.8674
 5.6052	 3.5761
 5.5992	 3.3653
 5.5931	 3.2024
 5.5871	 3.0360
 5.5811	 2.9581
 5.5751	 2.8723
 5.5691	 2.7594
 5.5631	 2.6366
 5.5572	 2.6145
 5.5512	 2.5281
 5.5453	 2.4183
 5.5393	 2.3336
 5.5334	 2.2441
 5.5275	 2.2599
 5.5217	 2.3275
 5.5158	 2.3420
 5.5099	 2.3799
 5.5041	 2.3371
 5.4982	 2.3463
 5.4924	 2.4144
 5.4866	 2.3762
 5.4808	 2.3645
 5.4750	 2.4500
 5.4692	 2.4722
 5.4635	 2.5431
 5.4577	 2.6211
 5.4520	 2.6489
 5.4463	 2.6501
 5.4405	 2.6727
 5.4348	 2.6921
 5.4291	 2.7021
 5.4235	 2.7313
 5.4178	 2.7844
 5.4121	 2.8512
 5.4065	 2.8464
 5.4009	 2.8649
 5.3952	 2.8358
 5.3896	 2.8348
 5.3840	 2.7880
 5.3785	 2.7467
 5.3729	 2.7015
 5.3673	 2.6961
 5.3618	 2.7701
 5.3562	 2.8921
 5.3507	 2.9378
 5.3452	 2.8713
 5.3397	 2.8983
 5.3342	 2.9995
 5.3287	 3.1209
 5.3232	 3.2128
 5.3178	 3.2251
 5.3123	 3.2641
 5.3069	 3.4838
 5.3015	 3.6286
 5.2961	 3.6320
 5.2907	 3.6981
 5.2852	 3.8054
 5.2799	 3.9028
 5.2745	 4.0155
 5.2691	 4.1114
 5.2638	 4.2866
 5.2584	 4.5419
 5.2531	 4.8392
 5.2478	 5.1079
 5.2425	 5.3540
 5.2372	 5.6846
 5.2319	 6.0599
 5.2267	 6.4048
 5.2214	 6.7933
 5.2161	 7.2853
 5.2109	 7.7299
 5.2057	 8.1166
 5.2004	 8.5713
 5.1952	 8.9309
 5.1900	 9.2532
 5.1848	 9.6293
 5.1796	10.0892
 5.1745	10.4876
 5.1693	10.7642
 5.1642	11.1229
 5.1590	11.5436
 5.1539	11.9120
 5.1488	12.2927
 5.1437	12.5623
 5.1386	12.8907
 5.1335	13.1823
 5.1284	13.4708
 5.1234	13.7917
 5.1183	14.1648
 5.1132	14.4934
 5.1082	14.7832
 5.1032	15.1131
 5.0982	15.5577
 5.0932	15.9957
 5.0882	16.3647
 5.0832	16.7140
 5.0782	17.0237
 5.0732	17.3485
 5.0683	17.7136
 5.0633	18.0354
 5.0584	18.3204
 5.0534	18.5827
 5.0485	18.8208
 5.0436	19.0487
 5.0387	19.2567
 5.0338	19.5394
 5.0289	19.7867
 5.0241	19.9572
 5.0192	20.0601
 5.0144	20.1480
 5.0095	20.1757
 5.0047	20.1544
 4.9998	20.0603
 4.9950	19.9120
 4.9902	19.7455
 4.9854	19.5453
 4.9806	19.3212
 4.9759	18.9966
 4.9711	18.7858
 4.9663	18.7571
 4.9616	18.7094
 4.9568	18.7040
 4.9521	18.7500
 4.9474	19.0090
 4.9426	19.4690
 4.9379	20.0488
 4.9332	20.7415
 4.9286	21.4813
 4.9239	22.3130
 4.9192	23.2662
 4.9145	24.2229
 4.9099	25.2553
 4.9052	26.3361
 4.9006	27.3231
 4.8960	28.2255
 4.8914	29.1100
 4.8867	29.9524
 4.8821	30.8116
 4.8776	31.6704
 4.8730	32.4274
 4.8684	33.0845
 4.8638	33.6523
 4.8593	34.1547
 4.8547	34.6573
 4.8502	35.1242
 4.8456	35.6437
 4.8411	36.1389
 4.8366	36.5638
 4.8321	36.9472
 4.8276	37.3333
 4.8231	37.6932
 4.8186	38.0509
 4.8141	38.3820
 4.8097	38.7153
 4.8052	38.9772
 4.8008	39.2389
 4.7963	39.4799
 4.7919	39.6865
 4.7875	39.8136
 4.7831	39.9549
 4.7786	40.0729
 4.7743	40.1939
 4.7699	40.3174
 4.7655	40.4941
 4.7611	40.6325
 4.7567	40.7666
 4.7524	40.7964
 4.7480	40.8831
 4.7437	41.0199
 4.7393	41.1000
 4.7350	41.1756
 4.7307	41.3015
 4.7264	41.3317
 4.7221	41.3147
 4.7178	41.4096
 4.7135	41.4478
 4.7092	41.5123
 4.7049	41.5604
 4.7007	41.5983
 4.6964	41.6571
 4.6922	41.6778
 4.6879	41.7806
 4.6837	41.8883
 4.6795	41.9092
 4.6752	41.8705
 4.6710	41.8822
 4.6668	41.8951
 4.6626	41.8609
 4.6584	41.7863
 4.6543	41.7080
 4.6501	41.6965
 4.6459	41.6441
 4.6418	41.5456
 4.6376	41.4863
 4.6334	41.4814
 4.6293	41.5300
 4.6252	41.5784
 4.6211	41.6347
 4.6170	41.7167
 4.6128	41.8701
 4.6087	42.0365
 4.6047	42.1119
 4.6006	42.1836
 4.5965	42.2695
 4.5924	42.3923
 4.5884	42.5804
 4.5843	42.6388
 4.5802	42.7067
 4.5762	42.7830
 4.5722	42.9031
 4.5681	43.0529
 4.5641	43.1651
 4.5601	43.2605
 4.5561	43.4385
 4.5521	43.6114
 4.5481	43.8110
 4.5441	44.0884
 4.5401	44.3195
 4.5362	44.4741
 4.5322	44.6382
 4.5282	44.7891
 4.5243	45.0232
 4.5203	45.2899
 4.5164	45.5193
 4.5125	45.6588
 4.5085	45.7516
 4.5046	45.8425
 4.5007	45.9517
 4.4968	46.0688
 4.4929	46.1370
 4.4890	46.2133
 4.4851	46.3089
 4.4813	46.4003
 4.4774	46.4808
 4.4735	46.4951
 4.4697	46.5081
 4.4658	46.5242
 4.4620	46.5099
 4.4581	46.5907
 4.4543	46.5970
 4.4505	46.5317
 4.4467	46.5359
 4.4429	46.5085
 4.4391	46.5044
 4.4353	46.4951
 4.4315	46.4417
 4.4277	46.3721
 4.4239	46.2302
 4.4201	46.1216
 4.4164	45.9988
 4.4126	45.8468
 4.4089	45.7238
 4.4051	45.5087
 4.4014	45.1779
 4.3976	44.8819
 4.3939	44.6037
 4.3902	44.2332
 4.3865	43.7834
 4.3828	43.3069
 4.3791	42.7161
 4.3754	41.9318
 4.3717	41.0434
 4.3680	39.9890
 4.3643	38.8506
 4.3607	37.5282
 4.3570	35.9906
 4.3533	34.3024
 4.3497	32.5152
 4.3460	30.6679
 4.3424	28.7215
 4.3388	26.7404
 4.3351	24.6391
 4.3315	22.5158
 4.3279	20.5323
 4.3243	18.7521
 4.3207	17.3628
 4.3171	16.6008
 4.3135	16.4204
 4.3099	16.8724
 4.3063	17.8760
 4.3028	19.1629
 4.2992	20.6276
 4.2956	22.0846
 4.2921	23.4841
 4.2885	24.8358
 4.2850	26.1209
 4.2815	27.3001
 4.2779	28.4163
 4.2744	29.4398
 4.2709	30.3811
 4.2674	31.3362
 4.2638	32.4604
 4.2603	33.7302
 4.2568	34.9212
 4.2534	35.8826
 4.2499	36.6001
 4.2464	37.3018
 4.2429	38.0168
 4.2394	38.6275
 4.2360	39.2700
 4.2325	40.0070
 4.2291	40.8387
 4.2256	41.7355
 4.2222	42.6497
 4.2187	43.4273
 4.2153	44.2185
 4.2119	45.0027
 4.2085	45.6830
 4.2051	46.3050
 4.2016	46.8389
 4.1982	47.3616
 4.1948	47.8054
 4.1915	48.0960
 4.1881	48.3147
 4.1847	48.5096
 4.1813	48.6976
 4.1780	48.9123
 4.1746	49.1383
 4.1712	49.2789
 4.1679	49.3744
 4.1645	49.4476
 4.1612	49.4928
 4.1578	49.6355
 4.1545	49.8325
 4.1512	49.8605
 4.1479	49.8784
 4.1445	49.9822
 4.1412	50.0665
 4.1379	50.1882
 4.1346	50.2998
 4.1313	50.3589
 4.1280	50.3913
 4.1248	50.4303
 4.1215	50.5645
 4.1182	50.5966
 4.1150	50.6011
 4.1117	50.6747
 4.1084	50.7834
 4.1052	50.8495
 4.1019	50.8636
 4.0987	50.9153
 4.0954	50.9909
 4.0922	51.0339
 4.0890	51.1197
 4.0858	51.1900
 4.0826	51.2573
 4.0793	51.2692
 4.0761	51.2634
 4.0729	51.3007
 4.0697	51.2969
 4.0665	51.2313
 4.0633	51.1792
 4.0602	51.1537
 4.0570	51.0060
 4.0538	50.8800
 4.0507	50.8150
 4.0475	50.6278
 4.0443	50.3903
 4.0412	50.2090
 4.0380	49.9732
 4.0349	49.6712
 4.0317	49.3382
 4.0286	49.0245
 4.0255	48.8307
 4.0224	48.8247
 4.0193	49.0539
 4.0161	49.4173
 4.0130	49.7814
 4.0099	50.1571
 4.0068	50.5362
 4.0037	50.8477
 4.0006	51.1637
 3.9976	51.4114
 3.9945	51.5651
 3.9914	51.6772
 3.9883	51.7306
 3.9853	51.7502
 3.9822	51.7905
 3.9792	51.8811
 3.9761	51.9485
 3.9731	51.9229
 3.9700	51.9699
 3.9670	52.0070
 3.9639	52.0073
 3.9609	52.0510
 3.9579	52.0646
 3.9549	52.0051
 3.9519	52.0493
 3.9489	52.0440
 3.9458	52.0396
 3.9428	52.1039
 3.9398	52.1465
 3.9369	52.1244
 3.9339	52.1408
 3.9309	52.1357
 3.9279	52.0781
 3.9249	52.0034
 3.9220	51.9338
 3.9190	51.8133
 3.9160	51.7145
 3.9131	51.6333
 3.9101	51.5352
 3.9072	51.4633
 3.9042	51.3026
 3.9013	51.0466
 3.8984	50.8885
 3.8954	50.7059
 3.8925	50.5001
 3.8896	50.3394
 3.8867	50.1777
 3.8838	50.0129
 3.8809	49.8120
 3.8780	49.5501
 3.8751	49.3653
 3.8722	49.2465
 3.8693	49.1046
 3.8664	48.9329
 3.8635	48.7956
 3.8606	48.7196
 3.8578	48.6885
 3.8549	48.6178
 3.8520	48.6261
 3.8492	48.6116
 3.8463	48.5841
 3.8435	48.5863
 3.8406	48.6106
 3.8378	48.6477
 3.8349	48.6798
 3.8321	48.7759
 3.8293	48.8749
 3.8264	48.9520
 3.8236	49.0392
 3.8208	49.1368
 3.8180	49.2299
 3.8152	49.2729
 3.8124	49.2966
 3.8096	49.3960
 3.8068	49.5337
 3.8040	49.6513
 3.8012	49.7082
 3.7984	49.7189
 3.7956	49.7889
 3.7929	49.9802
 3.7901	50.1362
 3.7873	50.2035
 3.7845	50.2422
 3.7818	50.3316
 3.7790	50.3893
 3.7763	50.5333
 3.7735	50.6021
 3.7708	50.6466
 3.7681	50.7814
 3.7653	50.8888
 3.7626	50.9649
 3.7599	50.9947
 3.7571	50.9825
 3.7544	51.0354
 3.7517	51.1792
 3.7490	51.2175
 3.7463	51.2563
 3.7436	51.3033
 3.7409	51.3553
 3.7382	51.3713
 3.7355	51.2950
 3.7328	51.2318
 3.7301	51.1079
 3.7274	50.9366
 3.7247	50.7695
 3.7221	50.4852
 3.7194	49.8436
 3.7167	48.9232
 3.7141	48.7318
 3.7114	49.6487
 3.7088	50.6125
 3.7061	51.1264
 3.7035	51.2950
 3.7008	51.3375
 3.6982	51.3701
 3.6955	51.3146
 3.6929	51.2064
 3.6903	51.1858
 3.6877	51.1785
 3.6850	51.1235
 3.6824	51.0108
 3.6798	50.9421
 3.6772	50.9454
 3.6746	50.8723
 3.6720	50.8323
 3.6694	50.8064
 3.6668	50.7182
 3.6642	50.6391
 3.6616	50.5593
 3.6590	50.4471
 3.6564	50.3872
 3.6539	50.3528
 3.6513	50.3423
 3.6487	50.3191
 3.6462	50.2801
 3.6436	50.2014
 3.6410	50.1193
 3.6385	50.0840
 3.6359	50.0716
 3.6334	50.0651
 3.6308	50.0272
 3.6283	49.9840
 3.6258	49.9595
 3.6232	49.9627
 3.6207	49.9789
 3.6182	50.0084
 3.6156	50.0350
 3.6131	49.9705
 3.6106	49.9087
 3.6081	49.9397
 3.6056	49.9704
 3.6031	49.9627
 3.6006	49.9476
 3.5981	49.9729
 3.5956	49.9736
 3.5931	49.9233
 3.5906	49.9142
 3.5881	49.9734
 3.5856	49.9656
 3.5832	49.8983
 3.5807	49.8536
 3.5782	49.8039
 3.5758	49.8099
 3.5733	49.8407
 3.5708	49.8646
 3.5684	49.9155
 3.5659	49.8667
 3.5635	49.8542
 3.5610	49.8341
 3.5586	49.8183
 3.5561	49.8515
 3.5537	49.8757
 3.5513	49.8539
 3.5488	49.8427
 3.5464	49.8774
 3.5440	49.8693
 3.5415	49.8855
 3.5391	49.9564
 3.5367	49.9731
 3.5343	49.9591
 3.5319	49.9769
 3.5295	49.9750
 3.5271	50.0181
 3.5247	50.0132
 3.5223	49.9556
 3.5199	49.9360
 3.5175	49.9277
 3.5151	49.9765
 3.5128	49.9579
 3.5104	49.9004
 3.5080	49.9011
 3.5056	49.9070
 3.5033	49.8818
 3.5009	49.8209
 3.4985	49.7952
 3.4962	49.8208
 3.4938	49.8620
 3.4915	49.8611
 3.4891	49.8921
 3.4868	49.8579
 3.4844	49.8050
 3.4821	49.9090
 3.4798	49.9222
 3.4774	49.9250
 3.4751	49.9530
 3.4728	49.9172
 3.4704	49.8906
 3.4681	49.9043
 3.4658	49.9053
 3.4635	49.9486
 3.4612	50.0041
 3.4589	49.9773
 3.4566	49.9435
 3.4543	49.8959
 3.4520	49.8366
 3.4497	49.8939
 3.4474	49.8853
 3.4451	49.8271
 3.4428	49.8124
 3.4405	49.7234
 3.4382	49.6891
 3.4359	49.6986
 3.4337	49.6371
 3.4314	49.5611
 3.4291	49.4335
 3.4269	49.3695
 3.4246	49.3126
 3.4223	49.2349
 3.4201	49.2160
 3.4178	49.1045
 3.4156	48.9645
 3.4133	48.8261
 3.4111	48.8166
 3.4088	48.8532
 3.4066	48.8396
 3.4043	48.8248
 3.4021	48.8759
 3.3999	48.8783
 3.3977	48.8180
 3.3954	48.7771
 3.3932	48.7166
 3.3910	48.6478
 3.3888	48.6057
 3.3866	48.5811
 3.3844	48.5315
 3.3822	48.5212
 3.3799	48.5316
 3.3777	48.4585
 3.3755	48.3122
 3.3733	48.2049
 3.3712	48.1497
 3.3690	48.1486
 3.3668	48.2223
 3.3646	48.2077
 3.3624	48.0818
 3.3602	48.0327
 3.3580	48.0482
 3.3559	48.0409
 3.3537	48.0414
 3.3515	47.9388
 3.3494	47.8260
 3.3472	47.8221
 3.3451	47.8027
 3.3429	47.7435
 3.3407	47.7115
 3.3386	47.6395
 3.3364	47.4783
 3.3343	47.4352
 3.3321	47.3595
 3.3300	47.2377
 3.3279	47.2213
 3.3257	47.1721
 3.3236	47.0482
 3.3215	46.7834
 3.3194	46.6461
 3.3172	46.6953
 3.3151	46.6942
 3.3130	46.6126
 3.3109	46.5824
 3.3088	46.5264
 3.3066	46.4892
 3.3045	46.5003
 3.3024	46.4136
 3.3003	46.3075
 3.2982	46.2976
 3.2961	46.2700
 3.2940	46.1292
 3.2920	46.0831
 3.2899	45.9743
 3.2878	45.8786
 3.2857	45.8047
 3.2836	45.7020
 3.2815	45.5927
 3.2795	45.5694
 3.2774	45.5010
 3.2753	45.3582
 3.2732	45.3064
 3.2712	45.2709
 3.2691	45.1678
 3.2671	44.9906
 3.2650	44.7810
 3.2630	44.6424
 3.2609	44.5631
 3.2588	44.4792
 3.2568	44.3756
 3.2548	44.2596
 3.2527	44.0650
 3.2507	43.9329
 3.2486	43.8438
 3.2466	43.7012
 3.2446	43.5713
 3.2426	43.4281
 3.2405	43.4661
 3.2385	43.4272
 3.2365	43.2777
 3.2345	43.2469
 3.2324	43.1825
 3.2304	43.0751
 3.2284	42.9760
 3.2264	42.8729
 3.2244	42.7037
 3.2224	42.6290
 3.2204	42.6114
 3.2184	42.5777
 3.2164	42.4792
 3.2144	42.3613
 3.2124	42.1948
 3.2104	41.9903
 3.2084	41.8566
 3.2064	41.7533
 3.2045	41.7118
 3.2025	41.6014
 3.2005	41.5117
 3.1985	41.4546
 3.1966	41.2597
 3.1946	41.1025
 3.1926	41.0058
 3.1907	40.9260
 3.1887	40.7754
 3.1867	40.5924
 3.1848	40.4728
 3.1828	40.3714
 3.1809	40.2884
 3.1789	40.2126
 3.1770	40.0222
 3.1750	39.7272
 3.1731	39.5776
 3.1711	39.4291
 3.1692	39.2140
 3.1673	39.1663
 3.1653	39.1802
 3.1634	39.0666
 3.1615	38.9171
 3.1596	38.7713
 3.1576	38.6618
 3.1557	38.5741
 3.1538	38.4927
 3.1519	38.4258
 3.1500	38.3835
 3.1481	38.2733
 3.1461	38.0872
 3.1442	38.0140
 3.1423	37.9438
 3.1404	37.8224
 3.1385	37.7277
 3.1366	37.5239
 3.1347	37.4013
 3.1328	37.4455
 3.1309	37.4771
 3.1290	37.4160
 3.1272	37.2031
 3.1253	37.0642
 3.1234	36.9459
 3.1215	36.7557
 3.1196	36.5482
 3.1178	36.4570
 3.1159	36.3558
 3.1140	36.0772
 3.1121	35.9195
 3.1103	35.8415
 3.1084	35.6742
 3.1065	35.5484
 3.1047	35.3244
 3.1028	35.0615
 3.1010	34.9071
 3.0991	34.7563
 3.0973	34.5691
 3.0954	34.3264
 3.0936	34.1587
 3.0917	33.9489
 3.0899	33.7788
 3.0880	33.5735
 3.0862	33.4196
 3.0844	33.2594
 3.0825	33.0990
 3.0807	32.9395
 3.0789	32.7162
 3.0770	32.5877
 3.0752	32.4671
 3.0734	32.3288
 3.0716	32.2294
 3.0698	32.2014
 3.0680	32.1238
 3.0661	31.8709
 3.0643	31.5794
 3.0625	31.4929
 3.0607	31.3655
 3.0589	31.1144
 3.0571	30.8117
 3.0553	30.6024
 3.0535	30.3949
 3.0517	30.1570
 3.0499	29.8922
 3.0481	29.5871
 3.0463	29.3659
 3.0445	29.1626
 3.0427	28.8410
 3.0410	28.5192
 3.0392	28.2055
 3.0374	28.0318
 3.0356	27.8050
 3.0338	27.5168
 3.0321	27.3823
 3.0303	27.3035
 3.0285	27.1753
 3.0268	27.0680
 3.0250	26.8876
 3.0232	26.6019
 3.0215	26.3037
 3.0197	26.1038
 3.0179	25.9620
 3.0162	25.6244
 3.0144	25.1749
 3.0127	24.8380
 3.0109	24.4205
 3.0092	24.0602
 3.0074	23.9332
 3.0057	23.7684
 3.0040	23.5872
 3.0022	23.3721
 3.0005	23.2232
 2.9987	23.1306
 2.9970	23.0670
 2.9953	22.8911
 2.9935	22.6580
 2.9918	22.4599
 2.9901	22.2386
 2.9884	21.9137
 2.9867	21.6113
 2.9849	21.3990
 2.9832	21.3263
 2.9815	21.2836
 2.9798	21.1640
 2.9781	21.2556
 2.9764	21.3507
 2.9747	21.4074
 2.9729	21.4406
 2.9712	21.3160
 2.9695	21.3220
 2.9678	21.3243
 2.9661	21.2749
 2.9645	21.3322
 2.9628	21.6101
 2.9611	21.8825
 2.9594	22.0990
 2.9577	22.2985
 2.9560	22.5356
 2.9543	22.6958
 2.9526	22.9452
 2.9510	23.2377
 2.9493	23.4700
 2.9476	23.7633
 2.9459	23.9493
 2.9442	24.0360
 2.9426	24.1043
 2.9409	24.3001
 2.9392	24.5140
 2.9376	24.6423
 2.9359	24.6669
 2.9343	24.6126
 2.9326	24.6763
 2.9309	24.8823
 2.9293	24.9670
 2.9276	24.9361
 2.9260	24.7794
 2.9243	24.8440
 2.9227	25.0332
 2.9210	24.9267
 2.9194	24.6529
 2.9177	24.4778
 2.9161	24.2764
 2.9145	23.8565
 2.9128	23.4279
 2.9112	23.0622
 2.9096	22.8727
 2.9079	22.9588
 2.9063	23.0457
 2.9047	22.9519
 2.9030	22.7424
 2.9014	22.4428
 2.8998	22.0905
 2.8982	21.8389
 2.8966	21.8814
 2.8949	21.8747
 2.8933	21.8700
 2.8917	22.0185
 2.8901	22.0750
 2.8885	22.1735
 2.8869	22.2566
 2.8853	22.3163
 2.8837	22.3615
 2.8821	22.2190
 2.8805	22.0972
 2.8789	21.9532
 2.8773	21.7608
 2.8757	21.6570
 2.8741	21.7073
 2.8725	21.8225
 2.8709	21.8912
 2.8693	22.0713
 2.8677	22.3629
 2.8661	22.6707
 2.8645	23.0341
 2.8630	23.4534
 2.8614	23.8050
 2.8598	24.1375
 2.8582	24.5694
 2.8567	24.8283
 2.8551	24.9883
 2.8535	25.1669
 2.8519	25.3038
 2.8504	25.4296
 2.8488	25.6167
 2.8472	25.7303
 2.8457	25.7458
 2.8441	25.9032
 2.8426	26.1037
 2.8410	26.1595
 2.8394	26.0588
 2.8379	26.0376
 2.8363	25.9718
 2.8348	25.6955
 2.8332	25.4407
 2.8317	25.1544
 2.8302	24.8831
 2.8286	24.8550
 2.8271	24.8153
 2.8255	24.6804
 2.8240	24.5898
 2.8224	24.7252
 2.8209	24.7661
 2.8194	24.7063
 2.8178	24.5204
 2.8163	24.4496
 2.8148	24.3786
 2.8133	24.1334
 2.8117	23.7967
 2.8102	23.4633
 2.8087	23.2466
 2.8072	23.0815
 2.8056	22.9158
 2.8041	22.7869
 2.8026	22.6450
 2.8011	22.1688
 2.7996	21.5762
 2.7981	21.2196
 2.7966	20.9445
 2.7951	20.4888
 2.7936	20.0454
 2.7921	19.7513
 2.7906	19.4688
 2.7890	19.3356
 2.7875	19.0908
 2.7860	18.7374
 2.7845	18.3528
 2.7831	18.0439
 2.7816	17.9174
 2.7801	17.6744
 2.7786	17.1796
 2.7771	16.7630
 2.7756	16.0133
 2.7741	15.4017
 2.7726	14.9418
 2.7712	14.4826
 2.7697	13.7512
 2.7682	12.8318
 2.7667	11.7845
 2.7652	10.6720
 2.7638	 9.6952
 2.7623	 8.7979
 2.7608	 7.7230
 2.7594	 6.5946
 2.7579	 5.5426
 2.7564	 4.7150
 2.7550	 4.0200
 2.7535	 3.5659
 2.7520	 3.1469
 2.7506	 2.8281
 2.7491	 2.6617
 2.7477	 2.6206
 2.7462	 2.6149
 2.7447	 2.5787
 2.7433	 2.4017
 2.7418	 2.4084
 2.7404	 2.4015
 2.7389	 2.0795
 2.7375	 2.0653
 2.7361	 2.5582
 2.7346	 2.9952
 2.7332	 3.2113
 2.7317	 3.9019
 2.7303	 4.9722
 2.7289	 6.1755
 2.7274	 7.4089
 2.7260	 8.8498
 2.7246	10.4565
 2.7231	11.6961
 2.7217	13.2742
 2.7203	15.0465
 2.7188	16.0577
 2.7174	17.1331
 2.7160	18.1307
 2.7146	19.2158
 2.7132	20.5973
 2.7117	22.2311
 2.7103	23.4740
 2.7089	24.1706
 2.7075	24.8030
 2.7061	25.6628
 2.7047	26.5434
 2.7033	27.2843
 2.7018	28.2077
 2.7004	28.9470
 2.6990	29.3848
 2.6976	30.0742
 2.6962	31.1253
 2.6948	32.1987
 2.6934	32.8477
 2.6920	32.8004
 2.6906	32.9147
 2.6892	33.3654
 2.6878	33.9515
 2.6864	34.5076
 2.6850	34.9052
 2.6837	35.2011
 2.6823	35.4140
 2.6809	35.8028
 2.6795	36.6034
 2.6781	37.0827
 2.6767	37.4477
 2.6753	37.2089
 2.6740	36.9827
 2.6726	37.4223
 2.6712	38.9365
 2.6698	39.1201
 2.6685	38.2689
 2.6671	39.1096
 2.6657	39.3991
 2.6644	38.7617
 2.6630	37.8767
 2.6616	37.9104
 2.6603	38.1132
 2.6589	38.0681
 2.6575	37.6902
 2.6562	37.8169
 2.6548	37.8311
 2.6534	37.9671
 2.6521	37.9884
 2.6507	37.6389
 2.6494	37.3965
 2.6480	37.2757
 2.6467	37.2422
 2.6453	37.2169
 2.6440	37.0115
 2.6426	36.8768
 2.6413	36.4670
 2.6399	36.1463
 2.6386	36.0307
 2.6372	35.7966
 2.6359	35.6031
 2.6346	35.6165
 2.6332	35.2265
 2.6319	34.9869
 2.6306	35.1458
 2.6292	34.0337
 2.6279	33.0541
 2.6266	32.7322
 2.6252	31.5423
 2.6239	30.6532
 2.6226	30.0747
 2.6212	30.1918
 2.6199	30.1387
 2.6186	29.6890
 2.6173	30.1734
 2.6160	30.2284
 2.6146	29.9500
 2.6133	30.2160
 2.6120	30.1624
 2.6107	30.2111
 2.6094	30.2739
 2.6081	30.1766
 2.6067	30.2268
 2.6054	30.3052
 2.6041	29.6431
 2.6028	28.9915
 2.6015	28.5883
 2.6002	28.4024
 2.5989	28.5898
 2.5976	29.2991
 2.5963	30.7342
 2.5950	32.4687
 2.5937	32.1588
 2.5924	31.0848
 2.5911	30.9153
 2.5898	31.1190
 2.5885	31.2140
 2.5872	31.4551
 2.5859	31.5826
 2.5847	32.2847
 2.5834	32.7035
 2.5821	32.5096
 2.5808	32.4259
 2.5795	31.8476
 2.5782	31.4457
 2.5770	30.9249
 2.5757	29.9189
 2.5744	29.4084
 2.5731	28.9036
 2.5718	27.8452
 2.5706	27.4502
 2.5693	27.1281
 2.5680	26.4678
 2.5667	25.8673
 2.5655	25.5852
 2.5642	25.2815
 2.5629	24.7163
 2.5617	24.1509
 2.5604	23.5538
 2.5591	22.8738
 2.5579	22.0662
 2.5566	21.2207
 2.5554	20.4658
 2.5541	19.9805
 2.5528	19.5534
 2.5516	19.1957
 2.5503	18.9307
 2.5491	18.6897
 2.5478	18.6756
 2.5466	18.6792
 2.5453	18.8102
 2.5441	19.0323
 2.5428	19.2706
 2.5416	19.4940
 2.5403	19.5066
 2.5391	19.2478
 2.5379	19.0628
 2.5366	18.8939
 2.5354	18.6715
 2.5341	18.6427
 2.5329	18.8202
 2.5317	18.8650
 2.5304	18.9395
 2.5292	19.2441
 2.5280	19.5566
 2.5267	19.8287
 2.5255	20.1350
 2.5243	20.2053
 2.5230	20.3023
 2.5218	20.4459
 2.5206	20.7621
 2.5194	21.1286
 2.5181	21.3267
 2.5169	21.8506
 2.5157	22.5086
 2.5145	23.2184
 2.5133	23.8327
 2.5120	24.4062
 2.5108	24.9665
 2.5096	25.2842
 2.5084	25.3607
 2.5072	25.5033
 2.5060	25.6393
 2.5048	25.7495
 2.5035	25.7474
 2.5023	25.7933
 2.5011	26.0750
 2.4999	26.3939
 2.4987	26.7677
 2.4975	27.3418
 2.4963	28.0287
 2.4951	28.8587
 2.4939	29.5345
 2.4927	30.0143
 2.4915	30.3443
 2.4903	30.8155
 2.4891	31.2637
 2.4879	31.5237
 2.4867	31.7221
 2.4855	32.0639
 2.4844	32.4769
 2.4832	32.9044
 2.4820	33.2628
 2.4808	33.4850
 2.4796	33.5447
 2.4784	33.6822
 2.4772	33.8002
 2.4760	33.7913
 2.4749	33.6990
 2.4737	33.7084
 2.4725	33.7637
 2.4713	33.8403
 2.4701	34.0303
 2.4690	34.1101
 2.4678	34.2088
 2.4666	34.5614
 2.4655	34.9487
 2.4643	35.2641
 2.4631	35.5261
 2.4619	35.8820
 2.4608	36.3946
 2.4596	36.7932
 2.4584	37.2126
 2.4573	37.6703
 2.4561	38.0852
 2.4549	38.6527
 2.4538	39.1077
 2.4526	39.3274
 2.4515	39.6885
 2.4503	40.1325
 2.4491	40.2484
 2.4480	40.3361
 2.4468	40.5658
 2.4457	40.7829
 2.4445	41.0609
 2.4434	41.4047
 2.4422	41.7612
 2.4411	42.0118
 2.4399	42.0432
 2.4388	42.0021
 2.4376	41.8083
 2.4365	41.4698
 2.4353	41.2339
 2.4342	41.1336
 2.4331	41.0052
 2.4319	40.9761
 2.4308	41.0301
 2.4296	40.9911
 2.4285	40.8995
 2.4274	40.8817
 2.4262	40.9329
 2.4251	41.0122
 2.4240	40.9865
 2.4228	40.9672
 2.4217	41.0253
 2.4206	40.9670
 2.4194	40.8878
 2.4183	40.9663
 2.4172	41.1488
 2.4160	41.3035
 2.4149	41.4111
 2.4138	41.5488
 2.4127	41.9191
 2.4116	42.3337
 2.4104	42.6366
 2.4093	42.9718
 2.4082	43.4505
 2.4071	43.8223
 2.4059	43.8634
 2.4048	43.8971
 2.4037	44.0672
 2.4026	44.1111
 2.4015	44.0856
 2.4004	44.1862
 2.3993	44.2997
 2.3982	44.3309
 2.3971	44.4810
 2.3960	44.6445
 2.3948	44.7622
 2.3937	44.8834
 2.3926	44.9465
 2.3915	45.0633
 2.3904	45.1738
 2.3893	45.2792
 2.3882	45.3346
 2.3871	45.4117
 2.3860	45.5618
 2.3849	45.6645
 2.3838	45.5670
 2.3827	45.4333
 2.3816	45.4904
 2.3805	45.5995
 2.3795	45.4770
 2.3784	45.3436
 2.3773	45.3571
 2.3762	45.3896
 2.3751	45.3181
 2.3740	45.1943
 2.3729	45.3854
 2.3718	45.5387
 2.3708	45.4403
 2.3697	45.6018
 2.3686	45.7311
 2.3675	45.8791
 2.3664	46.1456
 2.3653	46.3785
 2.3643	46.3869
 2.3632	46.2986
 2.3621	46.3845
 2.3610	46.5628
 2.3600	46.7287
 2.3589	46.9091
 2.3578	47.0255
 2.3567	47.2418
 2.3557	47.3652
 2.3546	47.3575
 2.3535	47.2764
 2.3525	47.2520
 2.3514	47.2412
 2.3503	47.2233
 2.3493	47.1498
 2.3482	46.9319
 2.3471	46.8613
 2.3461	46.8848
 2.3450	46.7588
 2.3440	46.7700
 2.3429	46.8602
 2.3418	46.8955
 2.3408	46.8933
 2.3397	46.8903
 2.3387	46.9648
 2.3376	46.9271
 2.3366	46.9748
 2.3355	47.0265
 2.3345	47.1263
 2.3334	47.2453
 2.3324	47.2349
 2.3313	47.0732
 2.3303	47.0301
 2.3292	47.1274
 2.3282	47.1409
 2.3271	47.0191
 2.3261	47.0923
 2.3250	47.2952
 2.3240	47.4410
 2.3230	47.6796
 2.3219	47.9560
 2.3209	48.1974
 2.3198	48.4666
 2.3188	48.5357
 2.3178	48.6216
 2.3167	48.8021
 2.3157	49.0292
 2.3147	49.2242
 2.3136	49.3455
 2.3126	49.5057
 2.3116	49.5433
 2.3105	49.5144
 2.3095	49.5661
 2.3085	49.7288
 2.3074	49.9604
 2.3064	49.8765
 2.3054	49.8404
 2.3044	50.0692
 2.3034	50.2626
 2.3023	50.3317
 2.3013	50.4980
 2.3003	50.6835
 2.2993	50.7491
 2.2982	50.8854
 2.2972	51.1100
 2.2962	51.4262
 2.2952	51.7540
 2.2942	51.9804
 2.2932	52.2333
 2.2921	52.5583
 2.2911	52.8077
 2.2901	53.0543
 2.2891	53.0978
 2.2881	52.9823
 2.2871	53.1352
 2.2861	53.3497
 2.2851	53.4686
 2.2841	53.6431
 2.2831	53.7927
 2.2821	53.7351
 2.2811	53.5860
 2.2801	53.5212
 2.2790	53.6090
 2.2780	53.5100
 2.2771	53.3660
 2.2761	53.2244
 2.2750	53.0721
 2.2740	52.9507
 2.2731	52.8610
 2.2721	52.8197
 2.2711	52.4082
 2.2701	52.0828
 2.2691	51.9691
 2.2681	51.4761
 2.2671	50.8613
 2.2661	50.5896
 2.2651	50.2338
 2.2641	49.5303
 2.2631	48.9455
 2.2621	48.8298
 2.2612	48.8567
 2.2602	48.8247
 2.2592	49.2877
 2.2582	50.2020
 2.2572	51.0908
 2.2562	51.7314
 2.2553	52.2966
 2.2543	52.8889
 2.2533	53.3559
 2.2523	53.4897
 2.2513	53.5644
 2.2504	53.8190
 2.2494	53.9532
 2.2484	53.8676
 2.2474	53.8392
 2.2465	53.9865
 2.2455	54.0664
 2.2445	54.0766
 2.2435	54.0610
 2.2426	53.9896
 2.2416	54.0648
 2.2406	54.0393
 2.2397	54.0158
 2.2387	53.9846
 2.2377	53.9455
 2.2368	53.9486
 2.2358	53.9492
 2.2348	53.9068
 2.2339	53.8039
 2.2329	53.7892
 2.2320	53.8488
 2.2310	53.8252
 2.2300	53.7366
 2.2291	53.5583
 2.2281	53.5266
 2.2272	53.4016
 2.2262	53.0430
 2.2252	52.6677
 2.2243	52.4733
 2.2233	52.3780
 2.2224	52.2628
 2.2214	51.9823
 2.2205	51.7806
 2.2195	51.4776
 2.2186	51.0730
 2.2176	50.7520
 2.2167	50.4708
 2.2157	50.2529
 2.2148	50.1918
 2.2138	50.1284
 2.2129	49.9239
 2.2120	49.7745
 2.2110	49.8646
 2.2101	50.0501
 2.2091	50.1011
 2.2082	50.1053
 2.2073	50.0747
 2.2063	50.0616
 2.2054	49.9462
 2.2044	49.9209
 2.2035	49.9955
 2.2026	49.9520
 2.2016	49.9116
 2.2007	50.1671
 2.1998	50.4424
 2.1988	50.5344
 2.1979	50.5885
 2.1970	50.6290
 2.1960	50.6655
 2.1951	50.7188
 2.1942	51.0738
 2.1932	51.1991
 2.1923	51.2033
 2.1914	51.2788
 2.1905	51.2908
 2.1895	51.2819
 2.1886	51.1833
 2.1877	51.0898
 2.1868	51.1023
 2.1858	51.0363
 2.1849	50.8106
 2.1840	50.6487
 2.1831	50.4241
 2.1822	50.1618
 2.1812	50.1789
 2.1803	50.2018
 2.1794	49.8893
 2.1785	49.8124
 2.1776	49.8639
 2.1767	49.7089
 2.1758	49.4795
 2.1749	49.3974
 2.1739	49.3139
 2.1730	49.0518
 2.1721	49.0114
 2.1712	48.9503
 2.1703	48.8270
 2.1694	48.8885
 2.1685	48.9660
 2.1676	49.1367
 2.1667	49.1730
 2.1658	49.0103
 2.1649	48.8331
 2.1639	48.6428
 2.1631	48.4412
 2.1622	48.1925
 2.1612	47.8857
 2.1604	47.6027
 2.1595	47.1999
 2.1585	46.7417
 2.1576	46.4010
 2.1568	46.2502
 2.1559	46.0125
 2.1550	45.5270
 2.1541	45.3525
 2.1532	45.3807
 2.1523	45.3946
 2.1514	45.4791
 2.1505	45.6129
 2.1496	45.9942
 2.1487	46.1627
 2.1478	46.0638
 2.1469	46.1232
 2.1460	46.6390
 2.1452	47.0840
 2.1443	47.2471
 2.1434	47.1996
 2.1425	47.2657
 2.1416	47.4746
 2.1407	47.5327
 2.1398	47.5716
 2.1390	47.8484
 2.1381	48.2846
 2.1372	48.7442
 2.1363	49.0791
 2.1354	49.3148
 2.1345	49.7541
 2.1337	50.4157
 2.1328	50.9336
 2.1319	51.2542
 2.1311	51.4683
 2.1302	51.7101
 2.1293	51.8759
 2.1284	52.0502
 2.1275	52.1918
 2.1267	52.2679
 2.1258	52.3102
 2.1249	52.3828
 2.1241	52.4601
 2.1232	52.5443
 2.1223	52.6222
 2.1214	52.6229
 2.1206	52.4959
 2.1197	52.4811
 2.1189	52.3944
 2.1180	52.4468
 2.1171	52.2251
 2.1163	51.9938
 2.1154	51.9546
 2.1145	51.8182
 2.1137	51.7949
 2.1128	51.6362
 2.1120	51.3973
 2.1111	51.2189
 2.1102	51.0598
 2.1094	50.8493
 2.1085	50.5746
 2.1077	50.0879
 2.1068	49.7026
 2.1059	49.3053
 2.1051	49.2264
 2.1042	49.0599
 2.1034	48.5688
 2.1025	47.8144
 2.1017	47.5487
 2.1008	47.3182
 2.1000	46.6071
 2.0991	45.7282
 2.0983	45.0237
 2.0974	44.1468
 2.0966	43.0817
 2.0957	41.7814
 2.0949	40.2126
 2.0940	38.4519
 2.0932	36.7871
 2.0924	34.8073
 2.0915	32.3598
 2.0907	29.8414
 2.0898	27.2944
 2.0890	24.2388
 2.0881	21.5514
 2.0873	19.2694
 2.0865	17.0842
 2.0856	14.9784
 2.0848	13.2439
 2.0839	11.6848
 2.0831	10.9425
 2.0823	11.5391
 2.0814	12.8433
 2.0806	14.7689
 2.0798	17.0005
 2.0789	19.2682
 2.0781	21.8797
 2.0773	24.9661
 2.0764	28.2943
 2.0756	31.1491
 2.0748	33.3646
 2.0739	35.8246
 2.0731	38.0264
 2.0723	40.1907
 2.0715	42.3383
 2.0706	43.7320
 2.0698	45.0370
 2.0690	46.3335
 2.0681	47.4042
 2.0673	48.1989
 2.0665	48.4601
 2.0657	49.2464
 2.0648	50.2808
 2.0640	51.0798
 2.0632	51.4900
 2.0624	51.4884
 2.0616	51.6049
 2.0607	52.0061
 2.0599	52.5315
 2.0591	52.6057
 2.0583	52.7153
 2.0575	53.0350
 2.0567	53.2751
 2.0558	53.4660
 2.0550	53.5150
 2.0542	53.6683
 2.0534	53.8868
 2.0526	53.8713
 2.0518	53.7057
 2.0510	53.8389
 2.0501	54.0144
 2.0493	54.4500
 2.0485	54.7263
 2.0477	54.6136
 2.0469	54.5370
 2.0461	54.6204
 2.0453	54.6704
 2.0445	54.8069
 2.0437	54.9861
 2.0429	54.9225
 2.0421	54.8422
 2.0413	54.7940
 2.0405	54.6954
 2.0397	54.8661
 2.0389	55.1996
 2.0381	55.2808
 2.0373	55.2117
 2.0365	55.1824
 2.0357	55.1446
 2.0349	55.2520
 2.0341	55.0748
 2.0333	55.1174
 2.0325	55.3214
 2.0317	55.2238
 2.0309	54.9704
 2.0301	54.9375
 2.0293	54.9367
 2.0285	55.1286
 2.0277	55.3235
 2.0269	55.2469
 2.0261	55.3274
 2.0253	55.1794
 2.0245	55.1008
 2.0237	55.3567
 2.0229	55.3891
 2.0222	55.2776
 2.0214	55.4427
 2.0206	55.3737
 2.0198	55.2625
 2.0190	55.3587
 2.0182	55.2809
 2.0174	55.3074
 2.0167	55.4740
 2.0159	55.3678
 2.0151	55.2185
 2.0143	55.2580
 2.0135	55.5532
 2.0128	55.3645
 2.0120	55.1129
 2.0112	55.0283
 2.0104	54.9898
 2.0096	55.2345
 2.0088	55.5335
 2.0081	55.2214
 2.0073	55.0553
 2.0065	55.0416
 2.0057	54.8831
 2.0050	54.8510
 2.0042	55.1218
 2.0034	55.1106
 2.0026	55.0564
 2.0019	55.2492
 2.0011	55.2939
 2.0003	55.3017
