Name: Trona Na_3(CO_3)(HCO_3).2H_2O
Type: Mineral
Class: Carbonate
Subclass: None
Particle Size: Medium
Sample No.: C-4A
Owner: JPL
Wavelength Range: TIR
Origin: USA, Wyoming, Sweetwater County
Collection Date: N/A
Description: Particle size was 45-125um.Collected by Ward's Original ASTER Spectral Library name was jpl.nicolet.mineral.carbonate.none.medium.c04a.spectrum.txt
Measurement: Hemispherical reflectance
First Column: X
Second Column: Y
X Units: Wavelength (micrometers)
Y Units:Reflectance (percent)
First X Value: 15.3853
Last X Value:  2.0003
Number of X Values: 2256
Additional Information: mineral.carbonate.none.medium.tir.c-4a.jpl.nicolet.ancillary.txt

15.3853	 6.2255
15.3397	 6.2049
15.2945	 6.1689
15.2495	 6.0458
15.2048	 6.1000
15.1603	 6.0723
15.1161	 5.6075
15.0722	 5.0042
15.0285	 4.5671
14.9851	 4.0204
14.9419	 3.5471
14.8989	 3.5883
14.8563	 3.8057
14.8138	 3.7775
14.7716	 3.6242
14.7296	 3.5987
14.6879	 3.5122
14.6464	 3.3954
14.6052	 3.2567
14.5641	 2.9944
14.5233	 2.4287
14.4828	 2.2566
14.4424	 2.0958
14.4023	 1.6050
14.3624	 1.2362
14.3227	 1.0783
14.2833	 1.0904
14.2440	 1.1421
14.2050	 1.0701
14.1662	 1.0952
14.1276	 1.1782
14.0892	 1.3825
14.0510	 1.5497
14.0131	 1.6496
13.9753	 1.5465
13.9377	 1.5238
13.9004	 1.6263
13.8632	 1.7456
13.8262	 1.8834
13.7895	 2.0887
13.7529	 2.0329
13.7165	 1.8561
13.6803	 1.9981
13.6443	 2.1333
13.6085	 2.1562
13.5729	 2.1494
13.5374	 2.2147
13.5022	 2.4704
13.4671	 2.5538
13.4322	 2.6115
13.3975	 2.5264
13.3630	 2.5240
13.3286	 2.7438
13.2944	 2.6952
13.2604	 2.6732
13.2266	 2.7483
13.1930	 2.6341
13.1595	 2.6043
13.1262	 2.7584
13.0930	 2.8523
13.0600	 2.9258
13.0272	 2.9114
12.9946	 3.0098
12.9621	 3.1500
12.9298	 3.2355
12.8976	 3.2908
12.8656	 3.3554
12.8337	 3.4479
12.8021	 3.3985
12.7705	 3.5936
12.7391	 3.6986
12.7079	 3.5950
12.6769	 3.7922
12.6459	 3.8261
12.6152	 3.6790
12.5845	 3.6265
12.5541	 3.6279
12.5238	 3.5815
12.4936	 3.8186
12.4635	 3.9252
12.4337	 3.7041
12.4039	 3.5401
12.3743	 3.6032
12.3448	 3.6719
12.3155	 3.7645
12.2863	 3.7208
12.2573	 3.6234
12.2284	 3.7890
12.1996	 3.9301
12.1710	 3.9220
12.1425	 4.0174
12.1141	 4.0169
12.0859	 4.0351
12.0578	 4.2656
12.0298	 4.3771
12.0019	 4.3690
11.9742	 4.3593
11.9466	 4.3771
11.9192	 4.6242
11.8918	 5.1058
11.8646	 5.6701
11.8375	 6.5852
11.8106	 8.2620
11.7837	10.6490
11.7570	12.7049
11.7304	13.5441
11.7039	13.0932
11.6776	11.6086
11.6513	 9.6061
11.6252	 7.8723
11.5992	 6.5165
11.5733	 5.5069
11.5475	 4.6963
11.5219	 4.2080
11.4963	 4.0662
11.4709	 3.9537
11.4455	 3.6778
11.4203	 3.4979
11.3952	 3.4415
11.3702	 3.3664
11.3454	 3.2859
11.3206	 3.2176
11.2959	 3.1816
11.2714	 3.2245
11.2469	 3.1094
11.2226	 3.1461
11.1983	 3.1928
11.1742	 3.1112
11.1502	 3.2026
11.1263	 3.3850
11.1024	 3.2838
11.0787	 3.2104
11.0551	 3.1635
11.0316	 3.1366
11.0081	 3.1427
10.9848	 3.1296
10.9616	 3.1167
10.9385	 3.0402
10.9154	 3.1445
10.8925	 3.2245
10.8697	 3.0995
10.8469	 3.1189
10.8243	 3.2236
10.8017	 3.2035
10.7793	 3.2462
10.7569	 3.4106
10.7346	 3.4587
10.7125	 3.4132
10.6904	 3.2881
10.6684	 3.1093
10.6465	 3.0926
10.6247	 3.2237
10.6029	 3.2637
10.5813	 3.3002
10.5597	 3.3001
10.5383	 3.2833
10.5169	 3.2922
10.4956	 3.2890
10.4744	 3.3220
10.4533	 3.3462
10.4323	 3.2900
10.4113	 3.2730
10.3904	 3.2794
10.3697	 3.4186
10.3490	 3.4754
10.3284	 3.4663
10.3078	 3.4217
10.2874	 3.4131
10.2670	 3.3659
10.2467	 3.3516
10.2265	 3.4583
10.2064	 3.5909
10.1863	 3.5482
10.1663	 3.5063
10.1464	 3.3920
10.1266	 3.4285
10.1069	 3.4240
10.0872	 3.3535
10.0676	 3.3780
10.0481	 3.3312
10.0287	 3.3436
10.0093	 3.3700
 9.9901	 3.2585
 9.9708	 3.2668
 9.9517	 3.3646
 9.9326	 3.4620
 9.9136	 3.4683
 9.8947	 3.4269
 9.8759	 3.4238
 9.8571	 3.4472
 9.8384	 3.4278
 9.8198	 3.3561
 9.8012	 3.3406
 9.7827	 3.3489
 9.7643	 3.3560
 9.7459	 3.3138
 9.7276	 3.3163
 9.7094	 3.3489
 9.6913	 3.3395
 9.6732	 3.3461
 9.6552	 3.2766
 9.6372	 3.2312
 9.6194	 3.1598
 9.6015	 3.0883
 9.5838	 2.9314
 9.5661	 2.7043
 9.5485	 2.4733
 9.5309	 2.5630
 9.5135	 2.9533
 9.4960	 3.3531
 9.4787	 3.6657
 9.4614	 3.8291
 9.4441	 3.8935
 9.4270	 3.9181
 9.4099	 3.7969
 9.3928	 3.8193
 9.3758	 3.8708
 9.3589	 3.8314
 9.3420	 3.7870
 9.3252	 3.8674
 9.3085	 3.8817
 9.2918	 3.9163
 9.2752	 3.8458
 9.2586	 3.6480
 9.2421	 3.6446
 9.2257	 3.7199
 9.2093	 3.6253
 9.1930	 3.7461
 9.1767	 3.7927
 9.1605	 3.7696
 9.1443	 3.7821
 9.1282	 3.7886
 9.1122	 3.6963
 9.0962	 3.6260
 9.0803	 3.6508
 9.0644	 3.6915
 9.0486	 3.7546
 9.0328	 3.7762
 9.0171	 3.7108
 9.0015	 3.7040
 8.9858	 3.7780
 8.9703	 3.6794
 8.9548	 3.5620
 8.9394	 3.6865
 8.9240	 3.8191
 8.9086	 3.7082
 8.8934	 3.5515
 8.8781	 3.5680
 8.8630	 3.5668
 8.8478	 3.5115
 8.8328	 3.5861
 8.8177	 3.6264
 8.8028	 3.5116
 8.7879	 3.4538
 8.7730	 3.5420
 8.7582	 3.6228
 8.7434	 3.5918
 8.7287	 3.5859
 8.7140	 3.5404
 8.6994	 3.5294
 8.6848	 3.4672
 8.6703	 3.4959
 8.6558	 3.6085
 8.6414	 3.7090
 8.6270	 3.7616
 8.6127	 3.6398
 8.5984	 3.6215
 8.5842	 3.6315
 8.5700	 3.5480
 8.5558	 3.5839
 8.5417	 3.6478
 8.5277	 3.7590
 8.5137	 3.7947
 8.4997	 3.7811
 8.4858	 3.8024
 8.4719	 3.8700
 8.4581	 4.0169
 8.4444	 4.0145
 8.4306	 3.9188
 8.4169	 3.8875
 8.4033	 3.8554
 8.3897	 3.7783
 8.3761	 3.9316
 8.3626	 3.9944
 8.3492	 3.9526
 8.3357	 3.8620
 8.3224	 3.8295
 8.3090	 3.8521
 8.2957	 3.7615
 8.2825	 3.7849
 8.2693	 3.9014
 8.2561	 3.8087
 8.2430	 3.7391
 8.2299	 3.7929
 8.2169	 3.6960
 8.2038	 3.5804
 8.1909	 3.5098
 8.1780	 3.5275
 8.1651	 3.5099
 8.1523	 3.4726
 8.1395	 3.4716
 8.1267	 3.5092
 8.1140	 3.4695
 8.1013	 3.3592
 8.0887	 3.2387
 8.0761	 3.2400
 8.0635	 3.2971
 8.0510	 3.2791
 8.0385	 3.2698
 8.0261	 3.2407
 8.0137	 3.1399
 8.0013	 3.1405
 7.9890	 3.1525
 7.9767	 3.1021
 7.9644	 3.0695
 7.9522	 3.0535
 7.9400	 3.0372
 7.9279	 3.0228
 7.9158	 3.0233
 7.9037	 2.8749
 7.8917	 2.7820
 7.8797	 2.8259
 7.8677	 2.8627
 7.8558	 2.7524
 7.8439	 2.7456
 7.8321	 2.7977
 7.8203	 2.7877
 7.8085	 2.6819
 7.7967	 2.6029
 7.7850	 2.6193
 7.7734	 2.6479
 7.7617	 2.5602
 7.7501	 2.5439
 7.7386	 2.6067
 7.7270	 2.5572
 7.7155	 2.5018
 7.7041	 2.4695
 7.6926	 2.5513
 7.6812	 2.5884
 7.6699	 2.4675
 7.6585	 2.4101
 7.6472	 2.4722
 7.6360	 2.4598
 7.6247	 2.3761
 7.6136	 2.3084
 7.6024	 2.3706
 7.5913	 2.3775
 7.5802	 2.3490
 7.5691	 2.3769
 7.5581	 2.3660
 7.5471	 2.3719
 7.5361	 2.3756
 7.5252	 2.3497
 7.5142	 2.3754
 7.5034	 2.3254
 7.4925	 2.2434
 7.4817	 2.1757
 7.4709	 2.2807
 7.4602	 2.3388
 7.4495	 2.2340
 7.4388	 2.2638
 7.4281	 2.2543
 7.4175	 2.1713
 7.4069	 2.1780
 7.3963	 2.1797
 7.3858	 2.2245
 7.3753	 2.2588
 7.3648	 2.2295
 7.3544	 2.1290
 7.3440	 2.0170
 7.3336	 2.0184
 7.3232	 2.1043
 7.3129	 2.1344
 7.3026	 2.1804
 7.2923	 2.2196
 7.2821	 2.1250
 7.2718	 2.0246
 7.2617	 2.0833
 7.2515	 2.1202
 7.2414	 2.1296
 7.2313	 2.0691
 7.2212	 1.9988
 7.2112	 2.0103
 7.2012	 1.9845
 7.1912	 1.9228
 7.1812	 1.8995
 7.1713	 1.9716
 7.1614	 2.0027
 7.1515	 2.0204
 7.1416	 1.9817
 7.1318	 1.8922
 7.1220	 1.8800
 7.1123	 1.9029
 7.1025	 1.9292
 7.0928	 1.9053
 7.0831	 1.9238
 7.0734	 1.9551
 7.0638	 1.9974
 7.0542	 2.0518
 7.0446	 2.0525
 7.0351	 1.9832
 7.0255	 2.0155
 7.0160	 2.1117
 7.0065	 2.1505
 6.9971	 2.0802
 6.9877	 2.0658
 6.9782	 2.0501
 6.9689	 2.1129
 6.9595	 2.2860
 6.9502	 2.3755
 6.9409	 2.3849
 6.9316	 2.3710
 6.9223	 2.3519
 6.9131	 2.3813
 6.9039	 2.4878
 6.8947	 2.6052
 6.8856	 2.6926
 6.8764	 2.7636
 6.8673	 2.9008
 6.8582	 3.0286
 6.8492	 3.0443
 6.8402	 3.0555
 6.8311	 3.1002
 6.8221	 3.1347
 6.8132	 3.1682
 6.8042	 3.2603
 6.7953	 3.4591
 6.7864	 3.5620
 6.7776	 3.5310
 6.7687	 3.4988
 6.7599	 3.3793
 6.7511	 3.3368
 6.7423	 3.3455
 6.7336	 3.3340
 6.7248	 3.2104
 6.7161	 2.9640
 6.7074	 2.7897
 6.6988	 2.7002
 6.6901	 2.6128
 6.6815	 2.5210
 6.6729	 2.3376
 6.6643	 2.0474
 6.6558	 1.9095
 6.6472	 1.8596
 6.6387	 1.8243
 6.6302	 1.6351
 6.6217	 1.5082
 6.6133	 1.3873
 6.6049	 1.2725
 6.5965	 1.1756
 6.5881	 1.1021
 6.5797	 1.1523
 6.5714	 1.1197
 6.5631	 1.0020
 6.5548	 0.9340
 6.5465	 0.9266
 6.5382	 0.9175
 6.5300	 0.8573
 6.5218	 0.8729
 6.5136	 0.8805
 6.5054	 0.8616
 6.4973	 0.8790
 6.4892	 0.9010
 6.4810	 0.8806
 6.4729	 0.7424
 6.4649	 0.7213
 6.4568	 0.7916
 6.4488	 0.8601
 6.4408	 0.8320
 6.4328	 0.8249
 6.4248	 0.8825
 6.4169	 0.9767
 6.4089	 0.9115
 6.4010	 0.7749
 6.3931	 0.7777
 6.3853	 0.8043
 6.3774	 0.8404
 6.3696	 0.7991
 6.3618	 0.7465
 6.3540	 0.7091
 6.3462	 0.7356
 6.3384	 0.8130
 6.3307	 0.8273
 6.3230	 0.7932
 6.3153	 0.8587
 6.3076	 0.9486
 6.2999	 0.9708
 6.2923	 0.9793
 6.2847	 0.9509
 6.2770	 0.8959
 6.2694	 0.9021
 6.2619	 0.9655
 6.2543	 0.8933
 6.2468	 0.8914
 6.2393	 0.9391
 6.2318	 0.9548
 6.2243	 0.9330
 6.2168	 0.9997
 6.2094	 1.0635
 6.2020	 1.0809
 6.1945	 1.1089
 6.1871	 1.1906
 6.1798	 1.1644
 6.1724	 1.1468
 6.1651	 1.1787
 6.1578	 1.1036
 6.1505	 1.0714
 6.1432	 1.1290
 6.1359	 1.1865
 6.1286	 1.2433
 6.1214	 1.3068
 6.1142	 1.3279
 6.1070	 1.1917
 6.0998	 1.1766
 6.0926	 1.2871
 6.0855	 1.4321
 6.0784	 1.5461
 6.0712	 1.4847
 6.0641	 1.3533
 6.0571	 1.4353
 6.0500	 1.4852
 6.0429	 1.4867
 6.0359	 1.5966
 6.0289	 1.5758
 6.0219	 1.5315
 6.0149	 1.4946
 6.0079	 1.4768
 6.0010	 1.4860
 5.9940	 1.4658
 5.9871	 1.4589
 5.9802	 1.5869
 5.9733	 1.6824
 5.9664	 1.6414
 5.9596	 1.6092
 5.9527	 1.6575
 5.9459	 1.6822
 5.9391	 1.8826
 5.9323	 1.9300
 5.9255	 1.7833
 5.9188	 1.7913
 5.9120	 1.8408
 5.9053	 1.8799
 5.8986	 1.9888
 5.8919	 1.9493
 5.8852	 1.9148
 5.8785	 1.8491
 5.8718	 1.7287
 5.8652	 1.7451
 5.8586	 1.7757
 5.8520	 1.7840
 5.8454	 1.7365
 5.8388	 1.7018
 5.8322	 1.7741
 5.8257	 1.7860
 5.8191	 1.7488
 5.8126	 1.6994
 5.8061	 1.6680
 5.7996	 1.6259
 5.7931	 1.5461
 5.7866	 1.4877
 5.7802	 1.4666
 5.7738	 1.5058
 5.7673	 1.6307
 5.7609	 1.6557
 5.7545	 1.5167
 5.7481	 1.4648
 5.7418	 1.4628
 5.7354	 1.4042
 5.7291	 1.3252
 5.7228	 1.3109
 5.7165	 1.2246
 5.7102	 1.1415
 5.7039	 1.1638
 5.6976	 1.2256
 5.6914	 1.2066
 5.6851	 1.1641
 5.6789	 1.1890
 5.6727	 1.1285
 5.6665	 1.0846
 5.6603	 1.1180
 5.6541	 1.1189
 5.6480	 1.1109
 5.6418	 1.0860
 5.6357	 1.0337
 5.6296	 0.9974
 5.6235	 0.9740
 5.6174	 0.9492
 5.6113	 0.9958
 5.6052	 0.9258
 5.5992	 0.8974
 5.5931	 0.9604
 5.5871	 0.9498
 5.5811	 0.9918
 5.5751	 0.9521
 5.5691	 0.9532
 5.5631	 0.9020
 5.5572	 0.8960
 5.5512	 0.9912
 5.5453	 0.9585
 5.5393	 0.8565
 5.5334	 0.8580
 5.5275	 0.9487
 5.5217	 0.9990
 5.5158	 0.9032
 5.5099	 0.8382
 5.5041	 0.8177
 5.4982	 0.8327
 5.4924	 0.8346
 5.4866	 0.8345
 5.4808	 0.8245
 5.4750	 0.8172
 5.4692	 0.8222
 5.4635	 0.8359
 5.4577	 0.8575
 5.4520	 0.8358
 5.4463	 0.8445
 5.4405	 0.8126
 5.4348	 0.7751
 5.4291	 0.8035
 5.4235	 0.8651
 5.4178	 0.8609
 5.4121	 0.8795
 5.4065	 0.9336
 5.4009	 0.9013
 5.3952	 0.8712
 5.3896	 0.8403
 5.3840	 0.8248
 5.3785	 0.7648
 5.3729	 0.7578
 5.3673	 0.8155
 5.3618	 0.8381
 5.3562	 0.8712
 5.3507	 0.9513
 5.3452	 0.9189
 5.3397	 0.8562
 5.3342	 0.8024
 5.3287	 0.7904
 5.3232	 0.8705
 5.3178	 0.8324
 5.3123	 0.8002
 5.3069	 0.8782
 5.3015	 0.9219
 5.2961	 0.8648
 5.2907	 0.8215
 5.2852	 0.8217
 5.2799	 0.8713
 5.2745	 0.9082
 5.2691	 0.9230
 5.2638	 0.8685
 5.2584	 0.8438
 5.2531	 0.8880
 5.2478	 0.8898
 5.2425	 0.8901
 5.2372	 0.9080
 5.2319	 0.8837
 5.2267	 0.8624
 5.2214	 0.8933
 5.2161	 0.8801
 5.2109	 0.9008
 5.2057	 0.9184
 5.2004	 0.9433
 5.1952	 0.9702
 5.1900	 0.9482
 5.1848	 0.9504
 5.1796	 0.9583
 5.1745	 0.9286
 5.1693	 0.8998
 5.1642	 0.9375
 5.1590	 1.0110
 5.1539	 0.9763
 5.1488	 0.9740
 5.1437	 0.9562
 5.1386	 0.8760
 5.1335	 0.8786
 5.1284	 0.9475
 5.1234	 0.9242
 5.1183	 0.9407
 5.1132	 0.9665
 5.1082	 0.9945
 5.1032	 1.0202
 5.0982	 1.0573
 5.0932	 1.0283
 5.0882	 1.0004
 5.0832	 1.0051
 5.0782	 0.9822
 5.0732	 0.9268
 5.0683	 0.9905
 5.0633	 1.0117
 5.0584	 1.0034
 5.0534	 1.0539
 5.0485	 0.9827
 5.0436	 0.9041
 5.0387	 0.9784
 5.0338	 1.0635
 5.0289	 1.1172
 5.0241	 1.0972
 5.0192	 1.0747
 5.0144	 1.0789
 5.0095	 1.0066
 5.0047	 1.0674
 4.9998	 1.1102
 4.9950	 1.0667
 4.9902	 1.1162
 4.9854	 1.1144
 4.9806	 0.9604
 4.9759	 0.9295
 4.9711	 0.9872
 4.9663	 1.0558
 4.9616	 1.1346
 4.9568	 1.1466
 4.9521	 1.0968
 4.9474	 1.0795
 4.9426	 1.0684
 4.9379	 1.0641
 4.9332	 1.1036
 4.9286	 1.1524
 4.9239	 1.1218
 4.9192	 1.0638
 4.9145	 1.0801
 4.9099	 1.1202
 4.9052	 1.0759
 4.9006	 0.9953
 4.8960	 1.0225
 4.8914	 1.0529
 4.8867	 1.0689
 4.8821	 1.1573
 4.8776	 1.2349
 4.8730	 1.2137
 4.8684	 1.1252
 4.8638	 1.0742
 4.8593	 1.1259
 4.8547	 1.1735
 4.8502	 1.1338
 4.8456	 1.1293
 4.8411	 1.1123
 4.8366	 1.0403
 4.8321	 1.0595
 4.8276	 1.1452
 4.8231	 1.2152
 4.8186	 1.2077
 4.8141	 1.1724
 4.8097	 1.1721
 4.8052	 1.1703
 4.8008	 1.2299
 4.7963	 1.2780
 4.7919	 1.1943
 4.7875	 1.1701
 4.7831	 1.1823
 4.7786	 1.1122
 4.7743	 1.1293
 4.7699	 1.1909
 4.7655	 1.2798
 4.7611	 1.3221
 4.7567	 1.2443
 4.7524	 1.1809
 4.7480	 1.2018
 4.7437	 1.3155
 4.7393	 1.3155
 4.7350	 1.3055
 4.7307	 1.2183
 4.7264	 1.1656
 4.7221	 1.1402
 4.7178	 1.2336
 4.7135	 1.3181
 4.7092	 1.2698
 4.7049	 1.2778
 4.7007	 1.3369
 4.6964	 1.3080
 4.6922	 1.3041
 4.6879	 1.2582
 4.6837	 1.2793
 4.6795	 1.2934
 4.6752	 1.3329
 4.6710	 1.3421
 4.6668	 1.2731
 4.6626	 1.2259
 4.6584	 1.2717
 4.6543	 1.3569
 4.6501	 1.3384
 4.6459	 1.2578
 4.6418	 1.2985
 4.6376	 1.3855
 4.6334	 1.3079
 4.6293	 1.2805
 4.6252	 1.3656
 4.6211	 1.3092
 4.6170	 1.2199
 4.6128	 1.2623
 4.6087	 1.3775
 4.6047	 1.4048
 4.6006	 1.3105
 4.5965	 1.2588
 4.5924	 1.3154
 4.5884	 1.3113
 4.5843	 1.2793
 4.5802	 1.2617
 4.5762	 1.3090
 4.5722	 1.3888
 4.5681	 1.3874
 4.5641	 1.3277
 4.5601	 1.2213
 4.5561	 1.2094
 4.5521	 1.2904
 4.5481	 1.3747
 4.5441	 1.3739
 4.5401	 1.3569
 4.5362	 1.4299
 4.5322	 1.3868
 4.5282	 1.3470
 4.5243	 1.3778
 4.5203	 1.3552
 4.5164	 1.2921
 4.5125	 1.2835
 4.5085	 1.3736
 4.5046	 1.4132
 4.5007	 1.3658
 4.4968	 1.3362
 4.4929	 1.2915
 4.4890	 1.2967
 4.4851	 1.3706
 4.4813	 1.3670
 4.4774	 1.3795
 4.4735	 1.3532
 4.4697	 1.2773
 4.4658	 1.3086
 4.4620	 1.3490
 4.4581	 1.3141
 4.4543	 1.2998
 4.4505	 1.3736
 4.4467	 1.3988
 4.4429	 1.3619
 4.4391	 1.4152
 4.4353	 1.4068
 4.4315	 1.2522
 4.4277	 1.1792
 4.4239	 1.2126
 4.4201	 1.2691
 4.4164	 1.3012
 4.4126	 1.2567
 4.4089	 1.2418
 4.4051	 1.2382
 4.4014	 1.2868
 4.3976	 1.3128
 4.3939	 1.2841
 4.3902	 1.2614
 4.3865	 1.3229
 4.3828	 1.3983
 4.3791	 1.4038
 4.3754	 1.4157
 4.3717	 1.3339
 4.3680	 1.2649
 4.3643	 1.3232
 4.3607	 1.3074
 4.3570	 1.2662
 4.3533	 1.2444
 4.3497	 1.2219
 4.3460	 1.2929
 4.3424	 1.3808
 4.3388	 1.3601
 4.3351	 1.3552
 4.3315	 1.4265
 4.3279	 1.4272
 4.3243	 1.3664
 4.3207	 1.3767
 4.3171	 1.3984
 4.3135	 1.3646
 4.3099	 1.3731
 4.3063	 1.4347
 4.3028	 1.4075
 4.2992	 1.3995
 4.2956	 1.4110
 4.2921	 1.4322
 4.2885	 1.4787
 4.2850	 1.4082
 4.2815	 1.4022
 4.2779	 1.4318
 4.2744	 1.3317
 4.2709	 1.2512
 4.2674	 1.3710
 4.2638	 1.4797
 4.2603	 1.4778
 4.2568	 1.4289
 4.2534	 1.3547
 4.2499	 1.3375
 4.2464	 1.3561
 4.2429	 1.3935
 4.2394	 1.5122
 4.2360	 1.4605
 4.2325	 1.3801
 4.2291	 1.4597
 4.2256	 1.5263
 4.2222	 1.4794
 4.2187	 1.5172
 4.2153	 1.5549
 4.2119	 1.4173
 4.2085	 1.3806
 4.2051	 1.4279
 4.2016	 1.4123
 4.1982	 1.4426
 4.1948	 1.4812
 4.1915	 1.4957
 4.1881	 1.5203
 4.1847	 1.5364
 4.1813	 1.4118
 4.1780	 1.4052
 4.1746	 1.4385
 4.1712	 1.3828
 4.1679	 1.4408
 4.1645	 1.4976
 4.1612	 1.4816
 4.1578	 1.4994
 4.1545	 1.5394
 4.1512	 1.4949
 4.1479	 1.4477
 4.1445	 1.5124
 4.1412	 1.5499
 4.1379	 1.5373
 4.1346	 1.4624
 4.1313	 1.4314
 4.1280	 1.4567
 4.1248	 1.4639
 4.1215	 1.4928
 4.1182	 1.5001
 4.1150	 1.4960
 4.1117	 1.5547
 4.1084	 1.5258
 4.1052	 1.4063
 4.1019	 1.4347
 4.0987	 1.5080
 4.0954	 1.5014
 4.0922	 1.5596
 4.0890	 1.5645
 4.0858	 1.4816
 4.0826	 1.4898
 4.0793	 1.4833
 4.0761	 1.4936
 4.0729	 1.4659
 4.0697	 1.4786
 4.0665	 1.4861
 4.0633	 1.4724
 4.0602	 1.4567
 4.0570	 1.5031
 4.0538	 1.5412
 4.0507	 1.5800
 4.0475	 1.5578
 4.0443	 1.4149
 4.0412	 1.3886
 4.0380	 1.4902
 4.0349	 1.5647
 4.0317	 1.5509
 4.0286	 1.5346
 4.0255	 1.5474
 4.0224	 1.5553
 4.0193	 1.6590
 4.0161	 1.6378
 4.0130	 1.5506
 4.0099	 1.5637
 4.0068	 1.6126
 4.0037	 1.6812
 4.0006	 1.6638
 3.9976	 1.5512
 3.9945	 1.4514
 3.9914	 1.4732
 3.9883	 1.5475
 3.9853	 1.5600
 3.9822	 1.5657
 3.9792	 1.6230
 3.9761	 1.5613
 3.9731	 1.5059
 3.9700	 1.5579
 3.9670	 1.5875
 3.9639	 1.6583
 3.9609	 1.7361
 3.9579	 1.6841
 3.9549	 1.6026
 3.9519	 1.5617
 3.9489	 1.5757
 3.9458	 1.5989
 3.9428	 1.6229
 3.9398	 1.5879
 3.9369	 1.5146
 3.9339	 1.5207
 3.9309	 1.5455
 3.9279	 1.6341
 3.9249	 1.7033
 3.9220	 1.6833
 3.9190	 1.6034
 3.9160	 1.6092
 3.9131	 1.5535
 3.9101	 1.5699
 3.9072	 1.6547
 3.9042	 1.6430
 3.9013	 1.5856
 3.8984	 1.6217
 3.8954	 1.6875
 3.8925	 1.6035
 3.8896	 1.5341
 3.8867	 1.5872
 3.8838	 1.6795
 3.8809	 1.7166
 3.8780	 1.7141
 3.8751	 1.6147
 3.8722	 1.5751
 3.8693	 1.6040
 3.8664	 1.6152
 3.8635	 1.6045
 3.8606	 1.6075
 3.8578	 1.5992
 3.8549	 1.6578
 3.8520	 1.6555
 3.8492	 1.6262
 3.8463	 1.6726
 3.8435	 1.6901
 3.8406	 1.7170
 3.8378	 1.7816
 3.8349	 1.7636
 3.8321	 1.7065
 3.8293	 1.6675
 3.8264	 1.6553
 3.8236	 1.6830
 3.8208	 1.6312
 3.8180	 1.6104
 3.8152	 1.6201
 3.8124	 1.7022
 3.8096	 1.6927
 3.8068	 1.7074
 3.8040	 1.7750
 3.8012	 1.7662
 3.7984	 1.6610
 3.7956	 1.6366
 3.7929	 1.7089
 3.7901	 1.7076
 3.7873	 1.7005
 3.7845	 1.7252
 3.7818	 1.7414
 3.7790	 1.7001
 3.7763	 1.6138
 3.7735	 1.5991
 3.7708	 1.6486
 3.7681	 1.6651
 3.7653	 1.6184
 3.7626	 1.6530
 3.7599	 1.7380
 3.7571	 1.7095
 3.7544	 1.7229
 3.7517	 1.7646
 3.7490	 1.8489
 3.7463	 1.8644
 3.7436	 1.7804
 3.7409	 1.7535
 3.7382	 1.7643
 3.7355	 1.7256
 3.7328	 1.6527
 3.7301	 1.6910
 3.7274	 1.6281
 3.7247	 1.5361
 3.7221	 1.6736
 3.7194	 1.7683
 3.7167	 1.7764
 3.7141	 1.7527
 3.7114	 1.7625
 3.7088	 1.7861
 3.7061	 1.7573
 3.7035	 1.6923
 3.7008	 1.6774
 3.6982	 1.7825
 3.6955	 1.7061
 3.6929	 1.5969
 3.6903	 1.6243
 3.6877	 1.6439
 3.6850	 1.6984
 3.6824	 1.7985
 3.6798	 1.8378
 3.6772	 1.7922
 3.6746	 1.7198
 3.6720	 1.7076
 3.6694	 1.6801
 3.6668	 1.7625
 3.6642	 1.8606
 3.6616	 1.8346
 3.6590	 1.8012
 3.6564	 1.7761
 3.6539	 1.7099
 3.6513	 1.6825
 3.6487	 1.6643
 3.6462	 1.7321
 3.6436	 1.8501
 3.6410	 1.8154
 3.6385	 1.6972
 3.6359	 1.7265
 3.6334	 1.7404
 3.6308	 1.6811
 3.6283	 1.7224
 3.6258	 1.6953
 3.6232	 1.6640
 3.6207	 1.6788
 3.6182	 1.6972
 3.6156	 1.6581
 3.6131	 1.7048
 3.6106	 1.7424
 3.6081	 1.7490
 3.6056	 1.7508
 3.6031	 1.7298
 3.6006	 1.6904
 3.5981	 1.6570
 3.5956	 1.6281
 3.5931	 1.6684
 3.5906	 1.5939
 3.5881	 1.6075
 3.5856	 1.7351
 3.5832	 1.6910
 3.5807	 1.5747
 3.5782	 1.6702
 3.5758	 1.8258
 3.5733	 1.7250
 3.5708	 1.6589
 3.5684	 1.7363
 3.5659	 1.7722
 3.5635	 1.6389
 3.5610	 1.6064
 3.5586	 1.5986
 3.5561	 1.5745
 3.5537	 1.6052
 3.5513	 1.7640
 3.5488	 1.7774
 3.5464	 1.6841
 3.5440	 1.7197
 3.5415	 1.6737
 3.5391	 1.6336
 3.5367	 1.7128
 3.5343	 1.6947
 3.5319	 1.6992
 3.5295	 1.7040
 3.5271	 1.7268
 3.5247	 1.7927
 3.5223	 1.8136
 3.5199	 1.7081
 3.5175	 1.6525
 3.5151	 1.6787
 3.5128	 1.7324
 3.5104	 1.7447
 3.5080	 1.7525
 3.5056	 1.6751
 3.5033	 1.6335
 3.5009	 1.6828
 3.4985	 1.6485
 3.4962	 1.6151
 3.4938	 1.6582
 3.4915	 1.6505
 3.4891	 1.5909
 3.4868	 1.6222
 3.4844	 1.6507
 3.4821	 1.6282
 3.4798	 1.6119
 3.4774	 1.6013
 3.4751	 1.7121
 3.4728	 1.7349
 3.4704	 1.6581
 3.4681	 1.7233
 3.4658	 1.7349
 3.4635	 1.6818
 3.4612	 1.6529
 3.4589	 1.6337
 3.4566	 1.6194
 3.4543	 1.6722
 3.4520	 1.6894
 3.4497	 1.6779
 3.4474	 1.7086
 3.4451	 1.6821
 3.4428	 1.6012
 3.4405	 1.6367
 3.4382	 1.7036
 3.4359	 1.6933
 3.4337	 1.6733
 3.4314	 1.6566
 3.4291	 1.6659
 3.4269	 1.6967
 3.4246	 1.6424
 3.4223	 1.6965
 3.4201	 1.7008
 3.4178	 1.6842
 3.4156	 1.7094
 3.4133	 1.6343
 3.4111	 1.5992
 3.4088	 1.6068
 3.4066	 1.6515
 3.4043	 1.6939
 3.4021	 1.7744
 3.3999	 1.7762
 3.3977	 1.7690
 3.3954	 1.7903
 3.3932	 1.8473
 3.3910	 1.8149
 3.3888	 1.6665
 3.3866	 1.6186
 3.3844	 1.5978
 3.3822	 1.5965
 3.3799	 1.6873
 3.3777	 1.7574
 3.3755	 1.7469
 3.3733	 1.6194
 3.3712	 1.5899
 3.3690	 1.6741
 3.3668	 1.6911
 3.3646	 1.6837
 3.3624	 1.7104
 3.3602	 1.6955
 3.3580	 1.6843
 3.3559	 1.7239
 3.3537	 1.7433
 3.3515	 1.7144
 3.3494	 1.6282
 3.3472	 1.6583
 3.3451	 1.7906
 3.3429	 1.7217
 3.3407	 1.6235
 3.3386	 1.6860
 3.3364	 1.7124
 3.3343	 1.6705
 3.3321	 1.6114
 3.3300	 1.5547
 3.3279	 1.6695
 3.3257	 1.7246
 3.3236	 1.7328
 3.3215	 1.7149
 3.3194	 1.7289
 3.3172	 1.6372
 3.3151	 1.5431
 3.3130	 1.5833
 3.3109	 1.6087
 3.3088	 1.5830
 3.3066	 1.5653
 3.3045	 1.5567
 3.3024	 1.5731
 3.3003	 1.6406
 3.2982	 1.6719
 3.2961	 1.6692
 3.2940	 1.6958
 3.2920	 1.6928
 3.2899	 1.5969
 3.2878	 1.5554
 3.2857	 1.5061
 3.2836	 1.5734
 3.2815	 1.6471
 3.2795	 1.5378
 3.2774	 1.5366
 3.2753	 1.6363
 3.2732	 1.6796
 3.2712	 1.6221
 3.2691	 1.4312
 3.2671	 1.3895
 3.2650	 1.4574
 3.2630	 1.5323
 3.2609	 1.5579
 3.2588	 1.4902
 3.2568	 1.4990
 3.2548	 1.5718
 3.2527	 1.5446
 3.2507	 1.5355
 3.2486	 1.4120
 3.2466	 1.3844
 3.2446	 1.4600
 3.2426	 1.4876
 3.2405	 1.5801
 3.2385	 1.5667
 3.2365	 1.4793
 3.2345	 1.5016
 3.2324	 1.5571
 3.2304	 1.5009
 3.2284	 1.3095
 3.2264	 1.2650
 3.2244	 1.3437
 3.2224	 1.3943
 3.2204	 1.4156
 3.2184	 1.4469
 3.2164	 1.4851
 3.2144	 1.5833
 3.2124	 1.5404
 3.2104	 1.4547
 3.2084	 1.3954
 3.2064	 1.4216
 3.2045	 1.3817
 3.2025	 1.2984
 3.2005	 1.3397
 3.1985	 1.3675
 3.1966	 1.2912
 3.1946	 1.2488
 3.1926	 1.3168
 3.1907	 1.4269
 3.1887	 1.4183
 3.1867	 1.3250
 3.1848	 1.3773
 3.1828	 1.4557
 3.1809	 1.3846
 3.1789	 1.3071
 3.1770	 1.4251
 3.1750	 1.4837
 3.1731	 1.4694
 3.1711	 1.4771
 3.1692	 1.3854
 3.1673	 1.2891
 3.1653	 1.3535
 3.1634	 1.4299
 3.1615	 1.3054
 3.1596	 1.3520
 3.1576	 1.5311
 3.1557	 1.5405
 3.1538	 1.3962
 3.1519	 1.3023
 3.1500	 1.2829
 3.1481	 1.3298
 3.1461	 1.3962
 3.1442	 1.3692
 3.1423	 1.2813
 3.1404	 1.3568
 3.1385	 1.4661
 3.1366	 1.4712
 3.1347	 1.3422
 3.1328	 1.3173
 3.1309	 1.3724
 3.1290	 1.3732
 3.1272	 1.3498
 3.1253	 1.3927
 3.1234	 1.3790
 3.1215	 1.4013
 3.1196	 1.4323
 3.1178	 1.3393
 3.1159	 1.3016
 3.1140	 1.3019
 3.1121	 1.3154
 3.1103	 1.2143
 3.1084	 1.2563
 3.1065	 1.4330
 3.1047	 1.4934
 3.1028	 1.3621
 3.1010	 1.2626
 3.0991	 1.2711
 3.0973	 1.2670
 3.0954	 1.2341
 3.0936	 1.2017
 3.0917	 1.2800
 3.0899	 1.4002
 3.0880	 1.4206
 3.0862	 1.3441
 3.0844	 1.3059
 3.0825	 1.3101
 3.0807	 1.3299
 3.0789	 1.3606
 3.0770	 1.4267
 3.0752	 1.3487
 3.0734	 1.2224
 3.0716	 1.4102
 3.0698	 1.4725
 3.0680	 1.3380
 3.0661	 1.2855
 3.0643	 1.3834
 3.0625	 1.4586
 3.0607	 1.3853
 3.0589	 1.3261
 3.0571	 1.3450
 3.0553	 1.2895
 3.0535	 1.2854
 3.0517	 1.3983
 3.0499	 1.3987
 3.0481	 1.3772
 3.0463	 1.3656
 3.0445	 1.2624
 3.0427	 1.2079
 3.0410	 1.2494
 3.0392	 1.3183
 3.0374	 1.4332
 3.0356	 1.3933
 3.0338	 1.3070
 3.0321	 1.4196
 3.0303	 1.3896
 3.0285	 1.3462
 3.0268	 1.5389
 3.0250	 1.5746
 3.0232	 1.4757
 3.0215	 1.4472
 3.0197	 1.4630
 3.0179	 1.4223
 3.0162	 1.4822
 3.0144	 1.4488
 3.0127	 1.4169
 3.0109	 1.4649
 3.0092	 1.5456
 3.0074	 1.5341
 3.0057	 1.4895
 3.0040	 1.4711
 3.0022	 1.4546
 3.0005	 1.4702
 2.9987	 1.5322
 2.9970	 1.4826
 2.9953	 1.3869
 2.9935	 1.4866
 2.9918	 1.7242
 2.9901	 1.6649
 2.9884	 1.3706
 2.9867	 1.3010
 2.9849	 1.5597
 2.9832	 1.6584
 2.9815	 1.5697
 2.9798	 1.6130
 2.9781	 1.6358
 2.9764	 1.5309
 2.9747	 1.4294
 2.9729	 1.4354
 2.9712	 1.5487
 2.9695	 1.4684
 2.9678	 1.2901
 2.9661	 1.4122
 2.9645	 1.5792
 2.9628	 1.6286
 2.9611	 1.5344
 2.9594	 1.5776
 2.9577	 1.5506
 2.9560	 1.4500
 2.9543	 1.5821
 2.9526	 1.5469
 2.9510	 1.6407
 2.9493	 1.8193
 2.9476	 1.8182
 2.9459	 1.7844
 2.9442	 1.8048
 2.9426	 1.7654
 2.9409	 1.5787
 2.9392	 1.4894
 2.9376	 1.4878
 2.9359	 1.5183
 2.9343	 1.6630
 2.9326	 1.7785
 2.9309	 1.7152
 2.9293	 1.6452
 2.9276	 1.6379
 2.9260	 1.6090
 2.9243	 1.5757
 2.9227	 1.7978
 2.9210	 1.8063
 2.9194	 1.7423
 2.9177	 1.8684
 2.9161	 1.9482
 2.9145	 1.9041
 2.9128	 1.9118
 2.9112	 1.9040
 2.9096	 1.9436
 2.9079	 1.9393
 2.9063	 1.7852
 2.9047	 1.8316
 2.9030	 1.9878
 2.9014	 2.1163
 2.8998	 2.1420
 2.8982	 2.1703
 2.8966	 2.2603
 2.8949	 2.2938
 2.8933	 2.2954
 2.8917	 2.2497
 2.8901	 2.2530
 2.8885	 2.2576
 2.8869	 2.3209
 2.8853	 2.3103
 2.8837	 2.1626
 2.8821	 1.9460
 2.8805	 1.8950
 2.8789	 1.8550
 2.8773	 1.7922
 2.8757	 1.8645
 2.8741	 1.8112
 2.8725	 1.8960
 2.8709	 2.0185
 2.8693	 1.8933
 2.8677	 1.5646
 2.8661	 1.4017
 2.8645	 1.5659
 2.8630	 1.6555
 2.8614	 1.7110
 2.8598	 1.7895
 2.8582	 1.6462
 2.8567	 1.5274
 2.8551	 1.4750
 2.8535	 1.5394
 2.8519	 1.7216
 2.8504	 1.6784
 2.8488	 1.6220
 2.8472	 1.5355
 2.8457	 1.4651
 2.8441	 1.5334
 2.8426	 1.5558
 2.8410	 1.5415
 2.8394	 1.5122
 2.8379	 1.5111
 2.8363	 1.4811
 2.8348	 1.4602
 2.8332	 1.4209
 2.8317	 1.3675
 2.8302	 1.3697
 2.8286	 1.3742
 2.8271	 1.4052
 2.8255	 1.4601
 2.8240	 1.3994
 2.8224	 1.2510
 2.8209	 1.1704
 2.8194	 1.1979
 2.8178	 1.3711
 2.8163	 1.2870
 2.8148	 1.1703
 2.8133	 1.3827
 2.8117	 1.5373
 2.8102	 1.4940
 2.8087	 1.4424
 2.8072	 1.5586
 2.8056	 1.5246
 2.8041	 1.4444
 2.8026	 1.5593
 2.8011	 1.6668
 2.7996	 1.6363
 2.7981	 1.5890
 2.7966	 1.6949
 2.7951	 1.7006
 2.7936	 1.5961
 2.7921	 1.5657
 2.7906	 1.6472
 2.7890	 1.7887
 2.7875	 1.9045
 2.7860	 1.8268
 2.7845	 1.8531
 2.7831	 1.9540
 2.7816	 2.0050
 2.7801	 2.0400
 2.7786	 1.9807
 2.7771	 1.9763
 2.7756	 1.9647
 2.7741	 1.9517
 2.7726	 2.1141
 2.7712	 2.4654
 2.7697	 2.3867
 2.7682	 2.2234
 2.7667	 2.3021
 2.7652	 2.2173
 2.7638	 2.2067
 2.7623	 2.3838
 2.7608	 2.4145
 2.7594	 2.4937
 2.7579	 2.7040
 2.7564	 2.7643
 2.7550	 2.5148
 2.7535	 2.4560
 2.7520	 2.7147
 2.7506	 2.8248
 2.7491	 2.8220
 2.7477	 2.9713
 2.7462	 2.9638
 2.7447	 2.9679
 2.7433	 3.1260
 2.7418	 3.2464
 2.7404	 3.2607
 2.7389	 3.3237
 2.7375	 3.3188
 2.7361	 3.4136
 2.7346	 3.5721
 2.7332	 3.6432
 2.7317	 3.6641
 2.7303	 3.7732
 2.7289	 3.9816
 2.7274	 4.0892
 2.7260	 4.1969
 2.7246	 4.2803
 2.7231	 4.2944
 2.7217	 4.4004
 2.7203	 4.5800
 2.7188	 4.5555
 2.7174	 4.7237
 2.7160	 4.8487
 2.7146	 4.9174
 2.7132	 4.9650
 2.7117	 5.2095
 2.7103	 5.5385
 2.7089	 5.4607
 2.7075	 5.3372
 2.7061	 5.4440
 2.7047	 5.7217
 2.7033	 5.9010
 2.7018	 5.9865
 2.7004	 5.9982
 2.6990	 6.1352
 2.6976	 6.2303
 2.6962	 6.2347
 2.6948	 6.3132
 2.6934	 6.4386
 2.6920	 6.5850
 2.6906	 6.5743
 2.6892	 6.5891
 2.6878	 6.6255
 2.6864	 6.6855
 2.6850	 6.8347
 2.6837	 6.9054
 2.6823	 6.9509
 2.6809	 7.0828
 2.6795	 7.1674
 2.6781	 7.2993
 2.6767	 7.4411
 2.6753	 7.2391
 2.6740	 7.1178
 2.6726	 7.2565
 2.6712	 7.6945
 2.6698	 7.7626
 2.6685	 7.6534
 2.6671	 7.9091
 2.6657	 8.1086
 2.6644	 8.1200
 2.6630	 7.9767
 2.6616	 7.8354
 2.6603	 7.8040
 2.6589	 7.9878
 2.6575	 7.9793
 2.6562	 8.0201
 2.6548	 8.0685
 2.6534	 8.0138
 2.6521	 8.1752
 2.6507	 8.3203
 2.6494	 8.3897
 2.6480	 8.5035
 2.6467	 8.5303
 2.6453	 8.5338
 2.6440	 8.4810
 2.6426	 8.5777
 2.6413	 8.5774
 2.6399	 8.6085
 2.6386	 8.7524
 2.6372	 8.6798
 2.6359	 8.5874
 2.6346	 8.9283
 2.6332	 9.0174
 2.6319	 9.1009
 2.6306	 9.3352
 2.6292	 9.3484
 2.6279	 9.3865
 2.6266	 9.2570
 2.6252	 9.2138
 2.6239	 9.3853
 2.6226	 9.4522
 2.6212	 9.6110
 2.6199	 9.6239
 2.6186	 9.5902
 2.6173	 9.7323
 2.6160	 9.5586
 2.6146	 9.5006
 2.6133	 9.6180
 2.6120	 9.6871
 2.6107	 9.8283
 2.6094	 9.8930
 2.6081	 9.9293
 2.6067	10.1600
 2.6054	10.3131
 2.6041	10.0726
 2.6028	 9.9414
 2.6015	 9.9789
 2.6002	 9.9642
 2.5989	10.0780
 2.5976	10.4224
 2.5963	10.8011
 2.5950	11.1644
 2.5937	10.9302
 2.5924	10.5813
 2.5911	10.5213
 2.5898	10.5260
 2.5885	10.6895
 2.5872	10.8092
 2.5859	10.7150
 2.5847	10.8976
 2.5834	10.9300
 2.5821	10.8331
 2.5808	10.8297
 2.5795	10.7077
 2.5782	10.9928
 2.5770	11.1779
 2.5757	11.0570
 2.5744	11.2280
 2.5731	11.3618
 2.5718	11.0656
 2.5706	11.0791
 2.5693	11.3178
 2.5680	11.2972
 2.5667	11.1639
 2.5655	11.2338
 2.5642	11.4126
 2.5629	11.4899
 2.5617	11.6044
 2.5604	11.5174
 2.5591	11.4664
 2.5579	11.5850
 2.5566	11.5756
 2.5554	11.5139
 2.5541	11.5433
 2.5528	11.6739
 2.5516	11.6447
 2.5503	11.6492
 2.5491	11.8419
 2.5478	12.0073
 2.5466	11.9021
 2.5453	11.8491
 2.5441	11.8919
 2.5428	11.9170
 2.5416	11.9487
 2.5403	11.9647
 2.5391	11.9641
 2.5379	12.1382
 2.5366	12.2472
 2.5354	12.1496
 2.5341	12.1164
 2.5329	12.2066
 2.5317	12.3075
 2.5304	12.3485
 2.5292	12.4496
 2.5280	12.4829
 2.5267	12.5085
 2.5255	12.5712
 2.5243	12.5905
 2.5230	12.6167
 2.5218	12.6920
 2.5206	12.6765
 2.5194	12.5567
 2.5181	12.5370
 2.5169	12.5840
 2.5157	12.5693
 2.5145	12.5963
 2.5133	12.6701
 2.5120	12.6993
 2.5108	12.7524
 2.5096	12.6506
 2.5084	12.6427
 2.5072	12.8203
 2.5060	12.8286
 2.5048	12.8363
 2.5035	12.9778
 2.5023	12.9827
 2.5011	13.0060
 2.4999	13.0761
 2.4987	13.0653
 2.4975	12.9566
 2.4963	13.0125
 2.4951	13.1204
 2.4939	13.1078
 2.4927	12.9293
 2.4915	13.0024
 2.4903	13.0847
 2.4891	13.1871
 2.4879	13.2808
 2.4867	13.1469
 2.4855	13.0988
 2.4844	13.1494
 2.4832	13.2200
 2.4820	13.2486
 2.4808	13.1484
 2.4796	13.2230
 2.4784	13.3053
 2.4772	13.1935
 2.4760	13.1823
 2.4749	13.2670
 2.4737	13.2001
 2.4725	13.2805
 2.4713	13.4175
 2.4701	13.2845
 2.4690	13.2334
 2.4678	13.3129
 2.4666	13.2013
 2.4655	13.1759
 2.4643	13.2132
 2.4631	13.3563
 2.4619	13.4273
 2.4608	13.4364
 2.4596	13.3884
 2.4584	13.2498
 2.4573	13.1651
 2.4561	13.2581
 2.4549	13.4056
 2.4538	13.4860
 2.4526	13.4288
 2.4515	13.2978
 2.4503	13.2450
 2.4491	13.2401
 2.4480	13.3294
 2.4468	13.3967
 2.4457	13.4398
 2.4445	13.4138
 2.4434	13.3582
 2.4422	13.3070
 2.4411	13.4031
 2.4399	13.4304
 2.4388	13.5128
 2.4376	13.6935
 2.4365	13.8189
 2.4353	13.7043
 2.4342	13.6082
 2.4331	13.6091
 2.4319	13.5534
 2.4308	13.4666
 2.4296	13.3799
 2.4285	13.5805
 2.4274	13.7400
 2.4262	13.6543
 2.4251	13.5626
 2.4240	13.5137
 2.4228	13.3712
 2.4217	13.3768
 2.4206	13.6150
 2.4194	13.7599
 2.4183	13.6841
 2.4172	13.5005
 2.4160	13.4549
 2.4149	13.5162
 2.4138	13.4482
 2.4127	13.4244
 2.4116	13.5027
 2.4104	13.4941
 2.4093	13.5767
 2.4082	13.6493
 2.4071	13.4481
 2.4059	13.5067
 2.4048	13.6822
 2.4037	13.7606
 2.4026	13.6460
 2.4015	13.5603
 2.4004	13.6477
 2.3993	13.7581
 2.3982	13.6565
 2.3971	13.6891
 2.3960	13.7998
 2.3948	13.7653
 2.3937	13.6500
 2.3926	13.6501
 2.3915	13.7014
 2.3904	13.7990
 2.3893	13.8944
 2.3882	13.9191
 2.3871	13.8647
 2.3860	14.0624
 2.3849	14.2045
 2.3838	14.0765
 2.3827	14.1571
 2.3816	14.4325
 2.3805	14.7235
 2.3795	14.9291
 2.3784	14.8343
 2.3773	14.7610
 2.3762	14.8265
 2.3751	14.9728
 2.3740	15.0385
 2.3729	15.1583
 2.3718	15.2785
 2.3708	15.4319
 2.3697	15.5355
 2.3686	15.4700
 2.3675	15.5428
 2.3664	15.6724
 2.3653	15.6601
 2.3643	15.6839
 2.3632	15.7937
 2.3621	15.8996
 2.3610	16.0236
 2.3600	16.0420
 2.3589	16.0564
 2.3578	16.0370
 2.3567	16.1353
 2.3557	16.4169
 2.3546	16.5944
 2.3535	16.5589
 2.3525	16.4678
 2.3514	16.4749
 2.3503	16.7019
 2.3493	16.7667
 2.3482	16.8808
 2.3471	16.9540
 2.3461	16.8829
 2.3450	16.9540
 2.3440	17.1104
 2.3429	17.0965
 2.3418	17.1351
 2.3408	17.2501
 2.3397	17.3951
 2.3387	17.4299
 2.3376	17.3373
 2.3366	17.3769
 2.3355	17.4129
 2.3345	17.4210
 2.3334	17.5241
 2.3324	17.5884
 2.3313	17.6650
 2.3303	17.6556
 2.3292	17.7587
 2.3282	17.8649
 2.3271	17.8838
 2.3261	17.9178
 2.3250	18.0384
 2.3240	18.3188
 2.3230	18.2915
 2.3219	18.2278
 2.3209	18.2289
 2.3198	18.2239
 2.3188	18.3898
 2.3178	18.4073
 2.3167	18.3882
 2.3157	18.4407
 2.3147	18.4246
 2.3136	18.5422
 2.3126	18.7455
 2.3116	18.7690
 2.3105	18.7473
 2.3095	18.8289
 2.3085	18.9660
 2.3074	19.0019
 2.3064	18.9532
 2.3054	18.9371
 2.3044	19.0558
 2.3034	19.2337
 2.3023	19.3714
 2.3013	19.2808
 2.3003	19.4368
 2.2993	19.5610
 2.2982	19.3941
 2.2972	19.3537
 2.2962	19.4908
 2.2952	19.4638
 2.2942	19.5954
 2.2932	19.6717
 2.2921	19.6963
 2.2911	19.7336
 2.2901	19.7250
 2.2891	19.7950
 2.2881	19.8107
 2.2871	19.7200
 2.2861	19.9084
 2.2851	20.0213
 2.2841	19.9645
 2.2831	20.0614
 2.2821	20.0893
 2.2811	20.0118
 2.2801	20.0968
 2.2790	20.1706
 2.2780	20.2506
 2.2771	20.3146
 2.2761	20.2527
 2.2750	20.3707
 2.2740	20.4592
 2.2731	20.5590
 2.2721	20.5088
 2.2711	20.4683
 2.2701	20.6503
 2.2691	20.6389
 2.2681	20.4970
 2.2671	20.5577
 2.2661	20.7632
 2.2651	20.8513
 2.2641	20.6746
 2.2631	20.5970
 2.2621	20.6471
 2.2612	20.6225
 2.2602	20.6402
 2.2592	20.7854
 2.2582	20.7718
 2.2572	20.7896
 2.2562	20.9335
 2.2553	21.0563
 2.2543	20.9804
 2.2533	20.9176
 2.2523	20.9706
 2.2513	20.8213
 2.2504	20.7767
 2.2494	20.8991
 2.2484	20.8515
 2.2474	20.8220
 2.2465	21.0288
 2.2455	20.9431
 2.2445	20.8374
 2.2435	20.8184
 2.2426	20.8477
 2.2416	20.9722
 2.2406	21.0382
 2.2397	20.9263
 2.2387	20.8233
 2.2377	20.8465
 2.2368	20.6581
 2.2358	20.5898
 2.2348	20.6690
 2.2339	20.5280
 2.2329	20.2753
 2.2320	20.1851
 2.2310	20.4910
 2.2300	20.4948
 2.2291	20.0956
 2.2281	20.0192
 2.2272	20.0940
 2.2262	19.9770
 2.2252	20.0073
 2.2243	19.9020
 2.2233	19.8901
 2.2224	19.9823
 2.2214	20.0572
 2.2205	20.1737
 2.2195	20.1137
 2.2186	20.0193
 2.2176	20.0720
 2.2167	20.1277
 2.2157	20.1629
 2.2148	20.1086
 2.2138	20.1763
 2.2129	20.3187
 2.2120	20.3930
 2.2110	20.3917
 2.2101	20.4032
 2.2091	20.6004
 2.2082	20.6839
 2.2073	20.5675
 2.2063	20.5018
 2.2054	20.5557
 2.2044	20.6708
 2.2035	20.6500
 2.2026	20.6270
 2.2016	20.6943
 2.2007	20.6673
 2.1998	20.6122
 2.1988	20.6401
 2.1979	20.6442
 2.1970	20.7085
 2.1960	20.8275
 2.1951	20.8125
 2.1942	20.8548
 2.1932	20.9728
 2.1923	20.7654
 2.1914	20.4047
 2.1905	20.4040
 2.1895	20.7345
 2.1886	20.9772
 2.1877	20.9646
 2.1868	20.8313
 2.1858	20.9944
 2.1849	20.9570
 2.1840	20.8346
 2.1831	21.0043
 2.1822	21.1401
 2.1812	21.1703
 2.1803	21.0317
 2.1794	20.9357
 2.1785	20.9838
 2.1776	21.0475
 2.1767	21.1054
 2.1758	20.9708
 2.1749	20.9085
 2.1739	21.0535
 2.1730	21.0625
 2.1721	21.1318
 2.1712	21.3367
 2.1703	21.1593
 2.1694	20.9456
 2.1685	20.8477
 2.1676	20.9913
 2.1667	21.1504
 2.1658	21.1958
 2.1649	21.2145
 2.1639	21.2443
 2.1631	20.9922
 2.1622	20.8935
 2.1612	20.9080
 2.1604	20.8344
 2.1595	20.9286
 2.1585	20.9809
 2.1576	20.8983
 2.1568	20.9369
 2.1559	20.8488
 2.1550	20.7894
 2.1541	20.8947
 2.1532	20.8916
 2.1523	20.9004
 2.1514	20.8669
 2.1505	20.8686
 2.1496	20.8559
 2.1487	20.7041
 2.1478	20.6283
 2.1469	20.7331
 2.1460	20.7558
 2.1452	20.7306
 2.1443	20.7600
 2.1434	20.6805
 2.1425	20.6021
 2.1416	20.7227
 2.1407	20.6872
 2.1398	20.5346
 2.1390	20.5625
 2.1381	20.6134
 2.1372	20.7226
 2.1363	20.6629
 2.1354	20.5866
 2.1345	20.4728
 2.1337	20.4155
 2.1328	20.4650
 2.1319	20.4177
 2.1311	20.3188
 2.1302	20.3899
 2.1293	20.4160
 2.1284	20.3206
 2.1275	20.3493
 2.1267	20.3931
 2.1258	20.4789
 2.1249	20.4078
 2.1241	20.2756
 2.1232	20.1943
 2.1223	20.1045
 2.1214	20.0617
 2.1206	20.1426
 2.1197	20.1896
 2.1189	20.1387
 2.1180	20.0330
 2.1171	19.9157
 2.1163	19.9583
 2.1154	19.9600
 2.1145	19.8387
 2.1137	19.9385
 2.1128	20.0529
 2.1120	19.8655
 2.1111	19.7178
 2.1102	19.6825
 2.1094	19.8115
 2.1085	19.8197
 2.1077	19.8077
 2.1068	19.6636
 2.1059	19.3517
 2.1051	19.3284
 2.1042	19.5544
 2.1034	19.5809
 2.1025	19.3668
 2.1017	19.2869
 2.1008	19.0284
 2.1000	18.7104
 2.0991	18.7237
 2.0983	18.9118
 2.0974	19.0176
 2.0966	18.9368
 2.0957	18.8082
 2.0949	18.7541
 2.0940	18.9522
 2.0932	18.8577
 2.0924	18.6367
 2.0915	18.5423
 2.0907	18.4628
 2.0898	18.4684
 2.0890	18.5058
 2.0881	18.3683
 2.0873	18.3777
 2.0865	18.4721
 2.0856	18.4487
 2.0848	18.1010
 2.0839	17.9937
 2.0831	18.0590
 2.0823	18.1441
 2.0814	17.9634
 2.0806	17.9484
 2.0798	18.0105
 2.0789	18.0387
 2.0781	18.2172
 2.0773	17.9713
 2.0764	18.0154
 2.0756	18.0228
 2.0748	17.8379
 2.0739	17.8389
 2.0731	17.7966
 2.0723	17.5760
 2.0715	17.4592
 2.0706	17.6164
 2.0698	17.5765
 2.0690	17.4298
 2.0681	17.0673
 2.0673	16.9468
 2.0665	17.4663
 2.0657	17.8424
 2.0648	17.7491
 2.0640	17.2786
 2.0632	17.2370
 2.0624	17.2046
 2.0616	16.8571
 2.0607	16.9463
 2.0599	17.1765
 2.0591	17.0207
 2.0583	16.9323
 2.0575	16.9364
 2.0567	16.7757
 2.0558	16.8125
 2.0550	16.7370
 2.0542	16.6702
 2.0534	16.4851
 2.0526	16.5489
 2.0518	16.5538
 2.0510	16.5166
 2.0501	16.6933
 2.0493	16.6675
 2.0485	16.6296
 2.0477	16.6768
 2.0469	16.6916
 2.0461	16.4893
 2.0453	16.3252
 2.0445	16.2046
 2.0437	16.1434
 2.0429	16.3564
 2.0421	16.7831
 2.0413	16.7478
 2.0405	16.4155
 2.0397	16.3054
 2.0389	16.4378
 2.0381	16.6136
 2.0373	16.6132
 2.0365	16.4053
 2.0357	16.2605
 2.0349	16.3558
 2.0341	16.4760
 2.0333	16.8301
 2.0325	17.0782
 2.0317	17.2775
 2.0309	17.1661
 2.0301	17.0988
 2.0293	17.0426
 2.0285	16.8434
 2.0277	16.8102
 2.0269	17.0071
 2.0261	17.3120
 2.0253	17.3878
 2.0245	17.2312
 2.0237	17.3911
 2.0229	17.7380
 2.0222	17.8032
 2.0214	17.7000
 2.0206	17.6309
 2.0198	17.9819
 2.0190	18.0899
 2.0182	17.8945
 2.0174	17.9410
 2.0167	18.1757
 2.0159	18.4199
 2.0151	18.2950
 2.0143	18.2707
 2.0135	18.1850
 2.0128	18.1920
 2.0120	18.3331
 2.0112	18.5775
 2.0104	18.8617
 2.0096	18.8517
 2.0088	18.8130
 2.0081	18.8948
 2.0073	18.9978
 2.0065	19.1233
 2.0057	19.0173
 2.0050	18.8869
 2.0042	19.1098
 2.0034	19.1704
 2.0026	19.0489
 2.0019	18.9485
 2.0011	18.9388
 2.0003	19.0691
