Name: Nepheline (Na,K)AlSiO_4
Type: Mineral
Class: Silicate
Subclass: Tectosilicate
Particle Size: Fine
Sample No.: TS-16A
Owner: JPL
Wavelength Range: VSWIR
Origin: Canada, Ontario, Hastings County, Bancroft
Collection Date: N/A
Description: Particle size was 0-45um.Collected by Ward's Original ASTER Spectral Library name was jpl.beckman.mineral.silicate.tectosilicate.fine.ts16a.spectrum.txt
Measurement: Hemispherical reflectance
First Column: X
Second Column: Y
X Units: Wavelength (micrometers)
Y Units:Reflectance (percent)
First X Value:  0.4000
Last X Value:  2.5000
Number of X Values: 826
Additional Information: mineral.silicate.tectosilicate.fine.vswir.ts-16a.jpl.beckman.ancillary.txt

 0.4000	73.6000
 0.4010	73.7100
 0.4020	74.0100
 0.4030	73.9400
 0.4040	73.9100
 0.4050	74.0600
 0.4060	74.2200
 0.4070	74.2200
 0.4080	74.2900
 0.4090	74.2400
 0.4100	74.4900
 0.4110	74.4000
 0.4120	74.4500
 0.4130	74.5600
 0.4140	74.7000
 0.4150	74.7200
 0.4160	74.7300
 0.4170	74.6600
 0.4180	74.9400
 0.4190	74.8100
 0.4200	74.7700
 0.4210	74.9500
 0.4220	75.0900
 0.4230	75.0600
 0.4240	75.0900
 0.4250	75.0200
 0.4260	75.1700
 0.4270	75.2400
 0.4280	75.2400
 0.4290	75.4000
 0.4300	75.5100
 0.4310	75.5100
 0.4320	75.5800
 0.4330	75.5500
 0.4340	75.7400
 0.4350	75.7200
 0.4360	75.6100
 0.4370	75.7500
 0.4380	75.7600
 0.4390	75.8900
 0.4400	76.0100
 0.4410	75.8500
 0.4420	76.0000
 0.4430	75.9900
 0.4440	76.0000
 0.4450	76.1300
 0.4460	76.0900
 0.4470	76.2200
 0.4480	76.1600
 0.4490	76.0600
 0.4500	76.2900
 0.4510	76.4400
 0.4520	76.4000
 0.4530	76.4300
 0.4540	76.3600
 0.4550	76.5100
 0.4560	76.4700
 0.4570	76.4500
 0.4580	76.6700
 0.4590	76.8000
 0.4600	76.7500
 0.4610	76.8200
 0.4620	76.7700
 0.4630	76.7400
 0.4640	76.8300
 0.4650	76.8100
 0.4660	76.7500
 0.4670	77.0300
 0.4680	77.0200
 0.4690	77.1000
 0.4700	76.9100
 0.4710	76.8400
 0.4720	77.1100
 0.4730	76.9500
 0.4740	77.0500
 0.4750	77.2600
 0.4760	77.2800
 0.4770	77.3700
 0.4780	77.2900
 0.4790	77.2200
 0.4800	77.4200
 0.4810	77.3300
 0.4820	77.3900
 0.4830	77.5300
 0.4840	77.4300
 0.4850	77.5700
 0.4860	77.4400
 0.4870	77.3000
 0.4880	77.6000
 0.4890	77.6500
 0.4900	77.6800
 0.4910	77.7100
 0.4920	77.6400
 0.4930	77.8300
 0.4940	77.6900
 0.4950	77.6000
 0.4960	77.6700
 0.4970	77.7900
 0.4980	77.9800
 0.4990	77.9400
 0.5000	77.8400
 0.5010	78.0200
 0.5020	77.8600
 0.5030	77.8200
 0.5040	78.1000
 0.5050	78.0500
 0.5060	78.1100
 0.5070	78.0500
 0.5080	77.9900
 0.5090	78.1600
 0.5100	78.1700
 0.5110	78.1900
 0.5120	78.2300
 0.5130	78.1600
 0.5140	78.3200
 0.5150	78.2400
 0.5160	78.1800
 0.5170	78.3800
 0.5180	78.3000
 0.5190	78.3000
 0.5200	78.4100
 0.5210	78.3100
 0.5220	78.4500
 0.5230	78.3500
 0.5240	78.2300
 0.5250	78.3900
 0.5260	78.4400
 0.5270	78.5200
 0.5280	78.5100
 0.5290	78.3700
 0.5300	78.6700
 0.5310	78.4600
 0.5320	78.4100
 0.5330	78.4700
 0.5340	78.5100
 0.5350	78.5700
 0.5360	78.6100
 0.5370	78.4900
 0.5380	78.7000
 0.5390	78.7000
 0.5400	78.4900
 0.5410	78.5100
 0.5420	78.4700
 0.5430	78.7100
 0.5440	78.7700
 0.5450	78.6900
 0.5460	78.7700
 0.5470	78.6400
 0.5480	78.6100
 0.5490	78.8500
 0.5500	78.8600
 0.5510	78.9000
 0.5520	78.8200
 0.5530	78.8300
 0.5540	78.8900
 0.5550	78.9200
 0.5560	78.9200
 0.5570	78.9800
 0.5580	78.9800
 0.5590	79.0800
 0.5600	79.0600
 0.5610	79.4800
 0.5620	79.5600
 0.5630	79.5300
 0.5640	79.6400
 0.5650	79.5200
 0.5660	79.6900
 0.5670	79.5500
 0.5680	79.3600
 0.5690	79.5300
 0.5700	79.6400
 0.5710	79.5600
 0.5720	79.5700
 0.5730	79.5300
 0.5740	79.6500
 0.5750	79.6100
 0.5760	79.4300
 0.5770	79.5900
 0.5780	79.7500
 0.5790	79.7300
 0.5800	79.6900
 0.5810	79.6300
 0.5820	79.8000
 0.5830	79.8000
 0.5840	79.6500
 0.5850	79.7600
 0.5860	79.9200
 0.5870	79.9700
 0.5880	79.9200
 0.5890	79.9200
 0.5900	80.1100
 0.5910	79.9400
 0.5920	79.9300
 0.5930	80.1200
 0.5940	80.1400
 0.5950	80.2200
 0.5960	80.1700
 0.5970	79.9600
 0.5980	80.1500
 0.5990	80.2700
 0.6000	80.2200
 0.6010	80.4000
 0.6020	80.3500
 0.6030	80.6000
 0.6040	80.4000
 0.6050	80.2800
 0.6060	80.4600
 0.6070	80.6500
 0.6080	80.6000
 0.6090	80.4700
 0.6100	80.4000
 0.6110	80.6300
 0.6120	80.4700
 0.6130	80.3100
 0.6140	80.5400
 0.6150	80.6400
 0.6160	80.4800
 0.6170	80.4800
 0.6180	80.2900
 0.6190	80.3300
 0.6200	80.3900
 0.6210	80.3500
 0.6220	80.4400
 0.6230	80.5300
 0.6240	80.5900
 0.6250	80.4800
 0.6260	80.3700
 0.6270	80.5900
 0.6280	80.4800
 0.6290	80.3500
 0.6300	80.4900
 0.6310	80.5400
 0.6320	80.5800
 0.6330	80.6000
 0.6340	80.4400
 0.6350	80.5900
 0.6360	80.6300
 0.6370	80.5700
 0.6380	80.5900
 0.6390	80.6600
 0.6400	80.7600
 0.6410	80.6500
 0.6420	80.4600
 0.6430	80.6300
 0.6440	80.8000
 0.6450	80.7100
 0.6460	80.7400
 0.6470	80.6100
 0.6480	80.7200
 0.6490	80.6600
 0.6500	80.5600
 0.6510	80.7100
 0.6520	80.8400
 0.6530	80.8500
 0.6540	80.8200
 0.6550	80.8100
 0.6560	80.9100
 0.6570	80.8000
 0.6580	80.7600
 0.6590	80.8400
 0.6600	80.9500
 0.6610	80.9600
 0.6620	80.8400
 0.6630	80.6900
 0.6640	80.8600
 0.6650	80.8400
 0.6660	80.7400
 0.6670	80.8700
 0.6680	80.9600
 0.6690	81.0200
 0.6700	80.9300
 0.6710	80.8000
 0.6720	80.9200
 0.6730	80.8400
 0.6740	80.7900
 0.6750	80.9000
 0.6760	80.9300
 0.6770	80.9500
 0.6780	80.8900
 0.6790	80.8900
 0.6800	81.0400
 0.6810	81.0900
 0.6820	81.0100
 0.6830	81.0700
 0.6840	80.9700
 0.6850	80.9700
 0.6860	81.0200
 0.6870	80.8600
 0.6880	81.0800
 0.6890	81.0900
 0.6900	81.0300
 0.6910	81.0100
 0.6920	80.9900
 0.6930	81.0900
 0.6940	81.0400
 0.6950	80.8400
 0.6960	81.0200
 0.6970	81.2000
 0.6980	81.1100
 0.6990	81.0700
 0.7000	80.9200
 0.7010	81.0700
 0.7020	81.0600
 0.7030	81.0800
 0.7040	81.2200
 0.7050	81.1300
 0.7060	81.2000
 0.7070	81.0900
 0.7080	81.2000
 0.7090	81.3500
 0.7100	81.1200
 0.7110	81.1600
 0.7120	81.2600
 0.7130	81.3400
 0.7140	81.2500
 0.7150	81.2000
 0.7160	81.3000
 0.7170	81.4000
 0.7180	81.3000
 0.7190	81.4100
 0.7200	81.1700
 0.7210	81.3400
 0.7220	81.2700
 0.7230	81.1200
 0.7240	81.3000
 0.7250	81.4300
 0.7260	81.3600
 0.7270	81.2900
 0.7280	81.2000
 0.7290	81.4700
 0.7300	81.3300
 0.7310	81.2500
 0.7320	81.4500
 0.7330	81.5000
 0.7340	81.3500
 0.7350	81.2500
 0.7360	81.2000
 0.7370	81.4500
 0.7380	81.3200
 0.7390	81.2100
 0.7400	81.3700
 0.7410	81.5800
 0.7420	81.5000
 0.7430	81.3500
 0.7440	81.2700
 0.7450	81.5100
 0.7460	81.3800
 0.7470	81.3100
 0.7480	81.3800
 0.7490	81.6000
 0.7500	81.5400
 0.7510	81.4100
 0.7520	81.3700
 0.7530	81.6100
 0.7540	81.3900
 0.7550	81.3300
 0.7560	81.5400
 0.7570	81.6600
 0.7580	81.5600
 0.7590	81.5000
 0.7600	81.3600
 0.7610	81.5300
 0.7620	81.4000
 0.7630	81.3600
 0.7640	81.5600
 0.7650	81.6200
 0.7660	81.5800
 0.7670	81.5300
 0.7680	81.4100
 0.7690	81.6000
 0.7700	81.5500
 0.7710	81.5100
 0.7720	81.6300
 0.7730	81.6900
 0.7740	81.5800
 0.7750	81.6400
 0.7760	81.5300
 0.7770	81.6200
 0.7780	81.5500
 0.7790	81.5000
 0.7800	81.5800
 0.7810	81.7700
 0.7820	81.7600
 0.7830	81.6500
 0.7840	81.5300
 0.7850	81.7600
 0.7860	81.7000
 0.7870	81.5800
 0.7880	81.6500
 0.7890	81.7800
 0.7900	81.7100
 0.7910	81.6000
 0.7920	81.5200
 0.7930	81.8100
 0.7940	81.6600
 0.7950	81.5300
 0.7960	81.6700
 0.7970	81.8300
 0.7980	81.7300
 0.7990	81.7300
 0.8000	81.8600
 0.8040	81.7700
 0.8080	81.8400
 0.8120	81.8600
 0.8160	81.9300
 0.8200	81.8300
 0.8240	81.7900
 0.8280	81.8100
 0.8320	81.7900
 0.8360	81.8700
 0.8400	81.8200
 0.8440	81.7500
 0.8480	81.8300
 0.8520	81.8800
 0.8560	81.8500
 0.8600	81.8500
 0.8640	81.9100
 0.8680	81.9400
 0.8720	81.9600
 0.8760	81.9100
 0.8800	81.9000
 0.8840	81.8500
 0.8880	81.9100
 0.8920	81.9100
 0.8960	81.8500
 0.9000	81.8400
 0.9040	81.9200
 0.9080	81.8900
 0.9120	81.9100
 0.9160	81.9100
 0.9200	81.8500
 0.9240	82.0100
 0.9280	82.0300
 0.9320	81.9500
 0.9360	82.0300
 0.9400	82.0800
 0.9440	82.1100
 0.9480	82.1200
 0.9520	82.1700
 0.9560	82.1900
 0.9600	82.1400
 0.9640	82.2300
 0.9680	82.3500
 0.9720	82.1400
 0.9760	82.1900
 0.9800	82.1900
 0.9840	82.3000
 0.9880	82.2800
 0.9920	82.2400
 0.9960	82.2400
 1.0000	82.3100
 1.0040	82.3400
 1.0080	82.3500
 1.0120	82.3700
 1.0160	82.3100
 1.0200	82.3500
 1.0240	82.4100
 1.0280	82.4700
 1.0320	82.4300
 1.0360	82.4000
 1.0400	82.4600
 1.0440	82.5700
 1.0480	82.4800
 1.0520	82.4400
 1.0560	82.4300
 1.0600	82.4300
 1.0640	82.5300
 1.0680	82.5200
 1.0720	82.4800
 1.0760	82.5100
 1.0800	82.4600
 1.0840	82.5700
 1.0880	82.5400
 1.0920	82.5600
 1.0960	82.5900
 1.1000	82.5700
 1.1040	82.6500
 1.1080	82.6100
 1.1120	82.6300
 1.1160	82.6800
 1.1200	82.6800
 1.1240	82.7600
 1.1280	82.8300
 1.1320	82.8200
 1.1360	82.7000
 1.1400	82.6200
 1.1440	82.7100
 1.1480	82.7600
 1.1520	82.6700
 1.1560	82.6800
 1.1600	82.6200
 1.1640	82.7400
 1.1680	82.7300
 1.1720	82.8300
 1.1760	82.7500
 1.1800	82.8200
 1.1840	82.8200
 1.1880	82.9300
 1.1920	82.8300
 1.1960	82.8900
 1.2000	82.9900
 1.2040	82.9900
 1.2080	82.8900
 1.2120	82.9000
 1.2160	82.9100
 1.2200	82.9300
 1.2240	82.9900
 1.2280	83.0800
 1.2320	83.0100
 1.2360	83.1000
 1.2400	83.0100
 1.2440	83.1500
 1.2480	83.1100
 1.2520	83.1200
 1.2560	83.1300
 1.2600	83.2300
 1.2640	83.2100
 1.2680	83.2000
 1.2720	83.3200
 1.2760	83.2900
 1.2800	83.3100
 1.2840	83.3500
 1.2880	83.3800
 1.2920	83.2900
 1.2960	83.3300
 1.3000	83.3300
 1.3040	83.3200
 1.3080	83.2900
 1.3120	83.3500
 1.3160	83.3200
 1.3200	83.3300
 1.3240	83.2800
 1.3280	83.1600
 1.3320	83.2600
 1.3360	83.2900
 1.3400	83.2900
 1.3440	83.2100
 1.3480	83.2100
 1.3520	83.2300
 1.3560	83.3000
 1.3600	83.3800
 1.3640	83.4000
 1.3680	83.2300
 1.3720	83.2300
 1.3760	83.2300
 1.3800	83.1500
 1.3840	83.1600
 1.3880	83.0100
 1.3920	82.8600
 1.3960	82.8400
 1.4000	82.6200
 1.4040	82.5400
 1.4080	82.1800
 1.4120	81.8900
 1.4160	81.6000
 1.4200	81.4800
 1.4240	81.6800
 1.4280	81.7100
 1.4320	81.9700
 1.4360	82.0300
 1.4400	82.2100
 1.4440	82.4200
 1.4480	82.5300
 1.4520	82.4400
 1.4560	82.5100
 1.4600	82.5600
 1.4640	82.5700
 1.4680	82.6600
 1.4720	82.7200
 1.4760	82.7000
 1.4800	82.7900
 1.4840	82.9500
 1.4880	83.1000
 1.4920	83.1500
 1.4960	83.2000
 1.5000	83.2100
 1.5040	83.2400
 1.5080	83.3400
 1.5120	83.4400
 1.5160	83.5300
 1.5200	83.5200
 1.5240	83.4800
 1.5280	83.4600
 1.5320	83.5100
 1.5360	83.6100
 1.5400	83.6900
 1.5440	83.7600
 1.5480	83.6200
 1.5520	83.6000
 1.5560	83.5900
 1.5600	83.7100
 1.5640	83.7600
 1.5680	83.7800
 1.5720	83.6600
 1.5760	83.7200
 1.5800	83.7300
 1.5840	83.7600
 1.5880	83.8100
 1.5920	83.7800
 1.5960	83.8000
 1.6000	83.8300
 1.6040	83.8100
 1.6080	83.9100
 1.6120	83.8900
 1.6160	83.8500
 1.6200	83.7000
 1.6240	83.7800
 1.6280	83.8100
 1.6320	83.8900
 1.6360	83.7800
 1.6400	83.7300
 1.6440	83.8400
 1.6480	83.7700
 1.6520	83.8600
 1.6560	83.9200
 1.6600	83.8000
 1.6640	83.8400
 1.6680	83.9000
 1.6720	83.9300
 1.6760	83.9600
 1.6800	83.9100
 1.6840	83.9700
 1.6880	83.9300
 1.6920	83.9300
 1.6960	84.0100
 1.7000	83.9200
 1.7040	83.9200
 1.7080	84.0000
 1.7120	83.9900
 1.7160	84.0200
 1.7200	83.9900
 1.7240	83.8800
 1.7280	83.8600
 1.7320	83.8600
 1.7360	83.9300
 1.7400	83.8600
 1.7440	83.7200
 1.7480	83.7300
 1.7520	83.6500
 1.7560	83.6600
 1.7600	83.7800
 1.7640	83.7500
 1.7680	83.5700
 1.7720	83.5600
 1.7760	83.5200
 1.7800	83.6600
 1.7840	83.6600
 1.7880	83.6500
 1.7920	83.5500
 1.7960	83.5700
 1.8000	83.5400
 1.8040	83.6900
 1.8080	83.6700
 1.8120	83.6600
 1.8160	83.6000
 1.8200	83.6700
 1.8240	83.6200
 1.8280	83.6200
 1.8320	83.6900
 1.8360	83.7900
 1.8400	83.6800
 1.8440	83.5700
 1.8480	83.5000
 1.8520	83.5200
 1.8560	83.4400
 1.8600	83.3100
 1.8640	83.1400
 1.8680	82.9800
 1.8720	82.8100
 1.8760	82.4700
 1.8800	82.0300
 1.8840	81.5500
 1.8880	80.8500
 1.8920	80.0000
 1.8960	78.8800
 1.9000	77.7200
 1.9040	76.6500
 1.9080	75.8600
 1.9120	75.1800
 1.9160	74.9500
 1.9200	74.8100
 1.9240	74.8800
 1.9280	74.8000
 1.9320	74.9200
 1.9360	75.1000
 1.9400	75.5200
 1.9440	76.0400
 1.9480	76.5300
 1.9520	77.0800
 1.9560	77.5900
 1.9600	78.1100
 1.9640	78.4400
 1.9680	78.7100
 1.9720	78.9200
 1.9760	79.2600
 1.9800	79.4500
 1.9840	79.6700
 1.9880	79.8700
 1.9920	80.0200
 1.9960	80.0600
 2.0000	80.2600
 2.0040	80.2900
 2.0080	80.5400
 2.0120	80.6800
 2.0160	80.8100
 2.0200	81.0300
 2.0240	81.1300
 2.0280	81.2800
 2.0320	81.3700
 2.0360	81.4500
 2.0400	81.6100
 2.0440	81.6900
 2.0480	81.6600
 2.0520	81.7800
 2.0560	81.8000
 2.0600	81.9800
 2.0640	82.0300
 2.0680	81.9400
 2.0720	82.0200
 2.0760	82.1700
 2.0800	82.2800
 2.0840	82.2700
 2.0880	82.2800
 2.0920	82.4300
 2.0960	82.4900
 2.1000	82.5200
 2.1040	82.6800
 2.1080	82.6900
 2.1120	82.8000
 2.1160	82.8400
 2.1200	82.8800
 2.1240	82.9500
 2.1280	82.9800
 2.1320	82.9200
 2.1360	82.8500
 2.1400	82.7800
 2.1440	82.8000
 2.1480	82.7200
 2.1520	82.7200
 2.1560	82.6700
 2.1600	82.5500
 2.1640	82.6200
 2.1680	82.5300
 2.1720	82.4000
 2.1760	82.2600
 2.1800	82.4100
 2.1840	82.2500
 2.1880	82.2400
 2.1920	82.1500
 2.1960	82.0800
 2.2000	82.1000
 2.2040	82.1400
 2.2080	82.1100
 2.2120	82.0000
 2.2160	82.0400
 2.2200	82.2700
 2.2240	82.2700
 2.2280	82.2800
 2.2320	82.3700
 2.2360	82.3500
 2.2400	82.4000
 2.2440	82.3700
 2.2480	82.4900
 2.2520	82.4500
 2.2560	82.5100
 2.2600	82.4800
 2.2640	82.5300
 2.2680	82.5800
 2.2720	82.5500
 2.2760	82.5900
 2.2800	82.5800
 2.2840	82.6600
 2.2880	82.5900
 2.2920	82.5700
 2.2960	82.5300
 2.3000	82.5400
 2.3040	82.5000
 2.3080	82.4100
 2.3120	82.4700
 2.3160	82.5300
 2.3200	82.4600
 2.3240	82.4700
 2.3280	82.3500
 2.3320	82.2600
 2.3360	82.1700
 2.3400	82.1700
 2.3440	81.9900
 2.3480	81.9100
 2.3520	81.6600
 2.3560	81.5300
 2.3600	81.5000
 2.3640	81.2800
 2.3680	81.0100
 2.3720	80.8800
 2.3760	80.8100
 2.3800	80.6500
 2.3840	80.3200
 2.3880	80.1100
 2.3920	79.8900
 2.3960	79.7000
 2.4000	79.4300
 2.4040	79.0800
 2.4080	78.8400
 2.4120	78.5300
 2.4160	78.2200
 2.4200	77.9800
 2.4240	77.5400
 2.4280	77.3700
 2.4320	77.1500
 2.4360	76.9500
 2.4400	76.6100
 2.4440	76.3900
 2.4480	76.1600
 2.4520	76.0500
 2.4560	75.9700
 2.4600	75.7200
 2.4640	75.6200
 2.4680	75.5600
 2.4720	75.5200
 2.4760	75.4400
 2.4800	75.5200
 2.4840	75.4300
 2.4880	75.5100
 2.4920	75.5300
 2.4960	75.6000
 2.5000	75.6100
