Name: Fluorite CaF_2
Type: Mineral
Class: Halide
Subclass: None
Particle Size: Fine
Sample No.: H-2B
Owner: JPL
Wavelength Range: VSWIR
Origin: United Kingdom, England, Durham County, Weardal
Collection Date: N/A
Description: Particle size was 0-45um.Collected by Ward's Original ASTER Spectral Library name was jpl.beckman.mineral.halide.none.fine.h02b.spectrum.txt
Measurement: Hemispherical reflectance
First Column: X
Second Column: Y
X Units: Wavelength (micrometers)
Y Units:Reflectance (percent)
First X Value:  0.4000
Last X Value:  2.5000
Number of X Values: 826
Additional Information: mineral.halide.none.fine.vswir.h-2b.jpl.beckman.ancillary.txt

 0.4000	56.0900
 0.4010	55.9800
 0.4020	56.0400
 0.4030	56.1600
 0.4040	56.1400
 0.4050	56.2200
 0.4060	56.2100
 0.4070	56.1900
 0.4080	56.2500
 0.4090	56.3000
 0.4100	56.4200
 0.4110	56.3300
 0.4120	56.3400
 0.4130	56.3800
 0.4140	56.3900
 0.4150	56.4900
 0.4160	56.4000
 0.4170	56.3700
 0.4180	56.4800
 0.4190	56.4600
 0.4200	56.6000
 0.4210	56.5500
 0.4220	56.6100
 0.4230	56.6900
 0.4240	56.6500
 0.4250	56.8000
 0.4260	56.7300
 0.4270	56.6600
 0.4280	56.7400
 0.4290	56.7800
 0.4300	56.8900
 0.4310	56.8300
 0.4320	56.7400
 0.4330	56.7900
 0.4340	56.7900
 0.4350	56.9800
 0.4360	56.9200
 0.4370	56.9200
 0.4380	56.8900
 0.4390	56.9200
 0.4400	57.1000
 0.4410	56.9800
 0.4420	56.9600
 0.4430	57.0500
 0.4440	57.0500
 0.4450	57.2100
 0.4460	57.1200
 0.4470	57.0500
 0.4480	57.1000
 0.4490	57.1500
 0.4500	57.2800
 0.4510	57.1300
 0.4520	57.1300
 0.4530	57.2000
 0.4540	57.2100
 0.4550	57.2700
 0.4560	57.2300
 0.4570	57.1600
 0.4580	57.2400
 0.4590	57.2300
 0.4600	57.2700
 0.4610	57.2400
 0.4620	57.2700
 0.4630	57.3400
 0.4640	57.4000
 0.4650	57.2400
 0.4660	57.2100
 0.4670	57.3200
 0.4680	57.3500
 0.4690	57.4300
 0.4700	57.3700
 0.4710	57.2900
 0.4720	57.4100
 0.4730	57.4200
 0.4740	57.4900
 0.4750	57.3800
 0.4760	57.3200
 0.4770	57.4500
 0.4780	57.4800
 0.4790	57.5200
 0.4800	57.4300
 0.4810	57.4600
 0.4820	57.5700
 0.4830	57.4900
 0.4840	57.5800
 0.4850	57.5400
 0.4860	57.4500
 0.4870	57.4900
 0.4880	57.4600
 0.4890	57.5800
 0.4900	57.5100
 0.4910	57.4300
 0.4920	57.5000
 0.4930	57.5000
 0.4940	57.5900
 0.4950	57.5400
 0.4960	57.4300
 0.4970	57.5100
 0.4980	57.5300
 0.4990	57.5800
 0.5000	57.5700
 0.5010	57.4700
 0.5020	57.5800
 0.5030	57.6300
 0.5040	57.6900
 0.5050	57.7100
 0.5060	57.6000
 0.5070	57.6300
 0.5080	57.6300
 0.5090	57.7100
 0.5100	57.6800
 0.5110	57.6000
 0.5120	57.7500
 0.5130	57.7200
 0.5140	57.8200
 0.5150	57.8200
 0.5160	57.7700
 0.5170	57.7900
 0.5180	57.7500
 0.5190	57.8000
 0.5200	57.7100
 0.5210	57.7000
 0.5220	57.7700
 0.5230	57.8200
 0.5240	57.8400
 0.5250	57.8200
 0.5260	57.7600
 0.5270	57.9000
 0.5280	57.8400
 0.5290	57.8500
 0.5300	57.7900
 0.5310	57.7400
 0.5320	57.7900
 0.5330	57.7700
 0.5340	57.8200
 0.5350	57.7500
 0.5360	57.6900
 0.5370	57.8100
 0.5380	57.8500
 0.5390	57.8600
 0.5400	57.8400
 0.5410	57.7300
 0.5420	57.7800
 0.5430	57.7900
 0.5440	57.8300
 0.5450	57.7800
 0.5460	57.7300
 0.5470	57.7400
 0.5480	57.7500
 0.5490	57.8000
 0.5500	57.8100
 0.5510	57.8300
 0.5520	57.8900
 0.5530	57.9500
 0.5540	57.9700
 0.5550	57.9000
 0.5560	57.7800
 0.5570	57.9000
 0.5580	57.8400
 0.5590	57.8900
 0.5600	57.8700
 0.5610	58.0900
 0.5620	58.0200
 0.5630	58.1100
 0.5640	58.0300
 0.5650	57.9700
 0.5660	57.9800
 0.5670	57.9600
 0.5680	58.0800
 0.5690	57.9800
 0.5700	57.9400
 0.5710	57.9900
 0.5720	57.9500
 0.5730	57.9800
 0.5740	57.8100
 0.5750	57.8200
 0.5760	57.8200
 0.5770	57.8600
 0.5780	57.9600
 0.5790	57.7600
 0.5800	57.7200
 0.5810	57.7600
 0.5820	57.7700
 0.5830	57.8800
 0.5840	57.8400
 0.5850	57.8900
 0.5860	57.8900
 0.5870	57.9400
 0.5880	58.0100
 0.5890	57.8700
 0.5900	57.8500
 0.5910	57.9400
 0.5920	57.8500
 0.5930	57.9900
 0.5940	57.8800
 0.5950	57.8300
 0.5960	57.8900
 0.5970	57.8900
 0.5980	57.9700
 0.5990	57.9900
 0.6000	57.9400
 0.6010	57.9800
 0.6020	57.9100
 0.6030	57.9700
 0.6040	57.8500
 0.6050	57.8300
 0.6060	57.8900
 0.6070	57.8700
 0.6080	57.9400
 0.6090	57.8000
 0.6100	57.7900
 0.6110	57.9100
 0.6120	57.8900
 0.6130	57.9600
 0.6140	57.8900
 0.6150	57.8100
 0.6160	57.8200
 0.6170	57.8100
 0.6180	57.8000
 0.6190	57.7100
 0.6200	57.6800
 0.6210	57.7700
 0.6220	57.7100
 0.6230	57.8500
 0.6240	57.8000
 0.6250	57.6800
 0.6260	57.7600
 0.6270	57.6900
 0.6280	57.8500
 0.6290	57.7300
 0.6300	57.7700
 0.6310	57.7700
 0.6320	57.7300
 0.6330	57.8000
 0.6340	57.7600
 0.6350	57.7800
 0.6360	57.7600
 0.6370	57.6500
 0.6380	57.7600
 0.6390	57.7300
 0.6400	57.7700
 0.6410	57.7700
 0.6420	57.7200
 0.6430	57.8200
 0.6440	57.7700
 0.6450	57.8000
 0.6460	57.7700
 0.6470	57.6600
 0.6480	57.7900
 0.6490	57.7700
 0.6500	57.7600
 0.6510	57.8000
 0.6520	57.7300
 0.6530	57.8000
 0.6540	57.8200
 0.6550	57.8700
 0.6560	57.7700
 0.6570	57.7300
 0.6580	57.8200
 0.6590	57.8200
 0.6600	57.7800
 0.6610	57.7300
 0.6620	57.7100
 0.6630	57.8500
 0.6640	57.7100
 0.6650	57.7700
 0.6660	57.7900
 0.6670	57.6700
 0.6680	57.8500
 0.6690	57.7300
 0.6700	57.7200
 0.6710	57.6700
 0.6720	57.6800
 0.6730	57.7700
 0.6740	57.7800
 0.6750	57.7100
 0.6760	57.7600
 0.6770	57.6400
 0.6780	57.7700
 0.6790	57.7100
 0.6800	57.7200
 0.6810	57.7300
 0.6820	57.7300
 0.6830	57.8200
 0.6840	57.7100
 0.6850	57.6300
 0.6860	57.7300
 0.6870	57.6000
 0.6880	57.7800
 0.6890	57.6900
 0.6900	57.6600
 0.6910	57.7300
 0.6920	57.7200
 0.6930	57.7700
 0.6940	57.7300
 0.6950	57.6500
 0.6960	57.6800
 0.6970	57.6700
 0.6980	57.7000
 0.6990	57.6900
 0.7000	57.6000
 0.7010	57.7700
 0.7020	57.6800
 0.7030	57.6100
 0.7040	57.5600
 0.7050	57.6600
 0.7060	57.7300
 0.7070	57.7600
 0.7080	57.7400
 0.7090	57.7900
 0.7100	57.8100
 0.7110	57.7400
 0.7120	57.7100
 0.7130	57.7500
 0.7140	57.7700
 0.7150	57.7100
 0.7160	57.7100
 0.7170	57.6900
 0.7180	57.7300
 0.7190	57.7400
 0.7200	57.6900
 0.7210	57.6900
 0.7220	57.6500
 0.7230	57.6700
 0.7240	57.6900
 0.7250	57.6900
 0.7260	57.6500
 0.7270	57.6000
 0.7280	57.5700
 0.7290	57.6700
 0.7300	57.6200
 0.7310	57.6000
 0.7320	57.5700
 0.7330	57.6300
 0.7340	57.6900
 0.7350	57.5800
 0.7360	57.5600
 0.7370	57.4900
 0.7380	57.6000
 0.7390	57.6300
 0.7400	57.6000
 0.7410	57.5100
 0.7420	57.6000
 0.7430	57.6100
 0.7440	57.6100
 0.7450	57.5300
 0.7460	57.5000
 0.7470	57.5100
 0.7480	57.6100
 0.7490	57.6200
 0.7500	57.5900
 0.7510	57.5300
 0.7520	57.6200
 0.7530	57.6000
 0.7540	57.6000
 0.7550	57.4600
 0.7560	57.4400
 0.7570	57.5100
 0.7580	57.5900
 0.7590	57.5700
 0.7600	57.5700
 0.7610	57.5100
 0.7620	57.4900
 0.7630	57.5500
 0.7640	57.5700
 0.7650	57.4500
 0.7660	57.4400
 0.7670	57.5400
 0.7680	57.5800
 0.7690	57.5500
 0.7700	57.5000
 0.7710	57.5400
 0.7720	57.5500
 0.7730	57.5200
 0.7740	57.5400
 0.7750	57.6200
 0.7760	57.4900
 0.7770	57.4900
 0.7780	57.5300
 0.7790	57.5200
 0.7800	57.4300
 0.7810	57.4700
 0.7820	57.4600
 0.7830	57.4400
 0.7840	57.4800
 0.7850	57.5500
 0.7860	57.5300
 0.7870	57.4800
 0.7880	57.5400
 0.7890	57.5000
 0.7900	57.4600
 0.7910	57.4800
 0.7920	57.5400
 0.7930	57.5600
 0.7940	57.5500
 0.7950	57.5300
 0.7960	57.4800
 0.7970	57.5200
 0.7980	57.4900
 0.7990	57.5300
 0.8000	57.8800
 0.8040	57.8300
 0.8080	57.8600
 0.8120	57.8400
 0.8160	57.8400
 0.8200	57.8100
 0.8240	57.7800
 0.8280	57.8300
 0.8320	57.8300
 0.8360	57.8000
 0.8400	57.8400
 0.8440	57.8400
 0.8480	57.8200
 0.8520	57.8400
 0.8560	57.8900
 0.8600	57.9000
 0.8640	57.8900
 0.8680	57.8800
 0.8720	57.9300
 0.8760	57.8100
 0.8800	57.8100
 0.8840	57.8300
 0.8880	57.8000
 0.8920	57.7500
 0.8960	57.7100
 0.9000	57.7000
 0.9040	57.6700
 0.9080	57.7100
 0.9120	57.7000
 0.9160	57.7100
 0.9200	57.6800
 0.9240	57.7000
 0.9280	57.7400
 0.9320	57.6700
 0.9360	57.6400
 0.9400	57.5900
 0.9440	57.6300
 0.9480	57.5800
 0.9520	57.5400
 0.9560	57.5700
 0.9600	57.5200
 0.9640	57.5200
 0.9680	57.5300
 0.9720	57.4100
 0.9760	57.5300
 0.9800	57.5100
 0.9840	57.4700
 0.9880	57.4600
 0.9920	57.5200
 0.9960	57.5200
 1.0000	57.4300
 1.0040	57.5400
 1.0080	57.5300
 1.0120	57.4700
 1.0160	57.5100
 1.0200	57.4200
 1.0240	57.4300
 1.0280	57.4500
 1.0320	57.4500
 1.0360	57.3400
 1.0400	57.2900
 1.0440	57.3200
 1.0480	57.3600
 1.0520	57.3200
 1.0560	57.2400
 1.0600	57.3200
 1.0640	57.2600
 1.0680	57.2900
 1.0720	57.2800
 1.0760	57.2300
 1.0800	57.3000
 1.0840	57.2500
 1.0880	57.2400
 1.0920	57.2300
 1.0960	57.2400
 1.1000	57.2900
 1.1040	57.3100
 1.1080	57.2600
 1.1120	57.2500
 1.1160	57.2700
 1.1200	57.2900
 1.1240	57.2900
 1.1280	57.3200
 1.1320	57.3200
 1.1360	57.2200
 1.1400	57.2000
 1.1440	57.2100
 1.1480	57.1800
 1.1520	57.1200
 1.1560	57.0400
 1.1600	57.0500
 1.1640	57.0700
 1.1680	57.0100
 1.1720	56.9300
 1.1760	57.0100
 1.1800	56.9400
 1.1840	56.9600
 1.1880	56.9300
 1.1920	56.9500
 1.1960	56.9100
 1.2000	56.9400
 1.2040	56.9400
 1.2080	56.9000
 1.2120	56.8500
 1.2160	56.9600
 1.2200	56.9200
 1.2240	56.9500
 1.2280	56.9100
 1.2320	56.8900
 1.2360	56.9100
 1.2400	56.8900
 1.2440	56.9200
 1.2480	56.8700
 1.2520	56.8000
 1.2560	56.7300
 1.2600	56.7600
 1.2640	56.7800
 1.2680	56.7300
 1.2720	56.7100
 1.2760	56.7600
 1.2800	56.7300
 1.2840	56.7200
 1.2880	56.7300
 1.2920	56.6900
 1.2960	56.6600
 1.3000	56.6500
 1.3040	56.6500
 1.3080	56.5800
 1.3120	56.5900
 1.3160	56.6200
 1.3200	56.6400
 1.3240	56.6300
 1.3280	56.6200
 1.3320	56.5900
 1.3360	56.6000
 1.3400	56.6200
 1.3440	56.6000
 1.3480	56.5300
 1.3520	56.4800
 1.3560	56.5300
 1.3600	56.4800
 1.3640	56.4500
 1.3680	56.4000
 1.3720	56.4000
 1.3760	56.4600
 1.3800	56.4600
 1.3840	56.3800
 1.3880	56.4600
 1.3920	56.5000
 1.3960	56.4600
 1.4000	56.4900
 1.4040	56.4300
 1.4080	56.4300
 1.4120	56.4600
 1.4160	56.4300
 1.4200	56.3600
 1.4240	56.4400
 1.4280	56.2500
 1.4320	56.3100
 1.4360	56.3500
 1.4400	56.3000
 1.4440	56.3300
 1.4480	56.3200
 1.4520	56.2600
 1.4560	56.2700
 1.4600	56.3100
 1.4640	56.2200
 1.4680	56.2700
 1.4720	56.3100
 1.4760	56.2800
 1.4800	56.3000
 1.4840	56.3300
 1.4880	56.3500
 1.4920	56.3500
 1.4960	56.4000
 1.5000	56.2800
 1.5040	56.3900
 1.5080	56.3000
 1.5120	56.2000
 1.5160	56.2400
 1.5200	56.2300
 1.5240	56.2100
 1.5280	56.1100
 1.5320	56.1600
 1.5360	56.2400
 1.5400	56.1800
 1.5440	56.1400
 1.5480	56.2000
 1.5520	56.2400
 1.5560	56.1600
 1.5600	56.1800
 1.5640	56.2300
 1.5680	56.1700
 1.5720	56.1300
 1.5760	56.2000
 1.5800	56.2300
 1.5840	56.2300
 1.5880	56.1300
 1.5920	56.2300
 1.5960	56.1900
 1.6000	56.1600
 1.6040	56.1200
 1.6080	56.1900
 1.6120	56.1400
 1.6160	56.0300
 1.6200	56.0400
 1.6240	56.0000
 1.6280	56.0300
 1.6320	56.0300
 1.6360	56.0900
 1.6400	56.0400
 1.6440	56.0700
 1.6480	56.0400
 1.6520	56.0600
 1.6560	56.0600
 1.6600	56.1300
 1.6640	56.1600
 1.6680	56.1300
 1.6720	56.1000
 1.6760	56.1000
 1.6800	56.1500
 1.6840	56.0500
 1.6880	56.0300
 1.6920	55.9600
 1.6960	56.0400
 1.7000	56.0100
 1.7040	56.0600
 1.7080	56.0800
 1.7120	56.0600
 1.7160	56.1300
 1.7200	56.1100
 1.7240	56.0700
 1.7280	56.0500
 1.7320	55.9300
 1.7360	55.9200
 1.7400	55.9500
 1.7440	55.8800
 1.7480	55.8700
 1.7520	55.8900
 1.7560	55.9200
 1.7600	55.8400
 1.7640	55.9400
 1.7680	55.9100
 1.7720	55.9200
 1.7760	55.8300
 1.7800	55.8700
 1.7840	55.9100
 1.7880	55.9200
 1.7920	55.9000
 1.7960	55.8300
 1.8000	55.9200
 1.8040	55.7900
 1.8080	55.7400
 1.8120	55.8000
 1.8160	55.7700
 1.8200	55.7800
 1.8240	55.8000
 1.8280	55.8100
 1.8320	55.8200
 1.8360	55.7900
 1.8400	55.7000
 1.8440	55.6700
 1.8480	55.6800
 1.8520	55.5600
 1.8560	55.5900
 1.8600	55.5900
 1.8640	55.6100
 1.8680	55.6600
 1.8720	55.6500
 1.8760	55.6300
 1.8800	55.6900
 1.8840	55.6600
 1.8880	55.5700
 1.8920	55.6800
 1.8960	55.5300
 1.9000	55.5300
 1.9040	55.5500
 1.9080	55.4400
 1.9120	55.4700
 1.9160	55.4100
 1.9200	55.3600
 1.9240	55.4000
 1.9280	55.3200
 1.9320	55.2600
 1.9360	55.2800
 1.9400	55.3100
 1.9440	55.3100
 1.9480	55.3700
 1.9520	55.3600
 1.9560	55.4100
 1.9600	55.4200
 1.9640	55.4100
 1.9680	55.4000
 1.9720	55.4700
 1.9760	55.4100
 1.9800	55.5000
 1.9840	55.5400
 1.9880	55.5200
 1.9920	55.5500
 1.9960	55.5000
 2.0000	55.5400
 2.0040	55.5200
 2.0080	55.5100
 2.0120	55.5900
 2.0160	55.5900
 2.0200	55.6100
 2.0240	55.6100
 2.0280	55.6500
 2.0320	55.6900
 2.0360	55.6500
 2.0400	55.6700
 2.0440	55.6700
 2.0480	55.6400
 2.0520	55.6500
 2.0560	55.7100
 2.0600	55.6400
 2.0640	55.6300
 2.0680	55.6400
 2.0720	55.6900
 2.0760	55.7800
 2.0800	55.7400
 2.0840	55.7700
 2.0880	55.8100
 2.0920	55.8500
 2.0960	55.8200
 2.1000	55.9000
 2.1040	55.9200
 2.1080	55.9400
 2.1120	55.9700
 2.1160	55.9800
 2.1200	56.0700
 2.1240	56.0000
 2.1280	56.0100
 2.1320	55.9400
 2.1360	55.9900
 2.1400	55.9100
 2.1440	55.8900
 2.1480	55.8600
 2.1520	55.7700
 2.1560	55.7700
 2.1600	55.6900
 2.1640	55.6800
 2.1680	55.6100
 2.1720	55.6000
 2.1760	55.5300
 2.1800	55.5200
 2.1840	55.4900
 2.1880	55.4400
 2.1920	55.3900
 2.1960	55.3700
 2.2000	55.4300
 2.2040	55.4400
 2.2080	55.4000
 2.2120	55.3500
 2.2160	55.4100
 2.2200	55.4300
 2.2240	55.4500
 2.2280	55.5100
 2.2320	55.4600
 2.2360	55.5000
 2.2400	55.4900
 2.2440	55.4500
 2.2480	55.4900
 2.2520	55.4600
 2.2560	55.4800
 2.2600	55.4900
 2.2640	55.4100
 2.2680	55.4100
 2.2720	55.4200
 2.2760	55.3900
 2.2800	55.4300
 2.2840	55.4200
 2.2880	55.4400
 2.2920	55.4100
 2.2960	55.4200
 2.3000	55.4800
 2.3040	55.5100
 2.3080	55.4600
 2.3120	55.4800
 2.3160	55.5300
 2.3200	55.6200
 2.3240	55.5600
 2.3280	55.5800
 2.3320	55.6100
 2.3360	55.5900
 2.3400	55.6000
 2.3440	55.5600
 2.3480	55.6500
 2.3520	55.6000
 2.3560	55.6200
 2.3600	55.5800
 2.3640	55.5500
 2.3680	55.6400
 2.3720	55.6000
 2.3760	55.5800
 2.3800	55.6200
 2.3840	55.6000
 2.3880	55.6400
 2.3920	55.6500
 2.3960	55.5800
 2.4000	55.5700
 2.4040	55.6300
 2.4080	55.6200
 2.4120	55.6100
 2.4160	55.5800
 2.4200	55.5600
 2.4240	55.6400
 2.4280	55.5400
 2.4320	55.4800
 2.4360	55.5300
 2.4400	55.5000
 2.4440	55.4700
 2.4480	55.4400
 2.4520	55.3900
 2.4560	55.4300
 2.4600	55.4100
 2.4640	55.4300
 2.4680	55.4000
 2.4720	55.4600
 2.4760	55.4400
 2.4800	55.5300
 2.4840	55.6800
 2.4880	55.7400
 2.4920	55.8200
 2.4960	55.8800
 2.5000	56.0400
