Name: Epsomite MgSO4·7H2O
Type: Mineral
Class: Sulfate
Subclass: None
Particle Size: Coarse
Sample No.: Epsomite
Owner: USGS
Wavelength Range: All
Origin: Produced in lab
Collection Date: N/A
Description: Synthetic. Sample was unsieved powder. Original ASTER Spectral Library name was usgs.perknic.mineral.sulfate.none.coarse.epsomite.spectrum.txt
Measurement: Directional Hemispherical Reflectance
First Column: X
Second Column: Y
X Units: Wavelength (micrometers)
Y Units:Reflectance (percent)
First X Value: 14.0510
Last X Value:  0.4000
Number of X Values: 2231
Additional Information: none

14.0510	 2.4205
14.0130	 2.4308
13.9750	 2.4617
13.9380	 2.2145
13.9000	 2.1733
13.8630	 1.9879
13.8260	 2.1218
13.7900	 2.2557
13.7530	 2.2969
13.7170	 2.0806
13.6800	 2.1321
13.6440	 2.0703
13.6090	 2.0806
13.5730	 1.9467
13.5380	 1.9570
13.5020	 1.9570
13.4670	 2.1115
13.4320	 2.0806
13.3980	 2.0291
13.3630	 1.8540
13.3290	 1.9158
13.2950	 1.9467
13.2610	 2.0085
13.2270	 1.9467
13.1930	 1.9364
13.1600	 1.8643
13.1260	 1.8952
13.0930	 1.7304
13.0600	 1.7922
13.0270	 1.7304
12.9950	 1.7304
12.9620	 1.6686
12.9300	 1.6583
12.8980	 1.5862
12.8660	 1.6274
12.8340	 1.5862
12.8020	 1.5759
12.7710	 1.4420
12.7390	 1.5347
12.7080	 1.4729
12.6770	 1.4317
12.6460	 1.3905
12.6160	 1.4317
12.5850	 1.5141
12.5540	 1.6274
12.5240	 1.5347
12.4940	 1.4832
12.4640	 1.4420
12.4340	 1.5244
12.4040	 1.5347
12.3750	 1.4729
12.3450	 1.3802
12.3160	 1.4111
12.2870	 1.3287
12.2580	 1.3287
12.2290	 1.2772
12.2000	 1.3287
12.1710	 1.2051
12.1430	 1.2463
12.1150	 1.1948
12.0860	 1.1742
12.0580	 1.1227
12.0300	 1.1536
12.0020	 1.1330
11.9750	 1.1639
11.9470	 1.0712
11.9200	 1.0609
11.8920	 1.0197
11.8650	 1.0712
11.8380	 1.0197
11.8110	 1.2051
11.7840	 1.2875
11.7570	 1.2669
11.7310	 1.1536
11.7040	 1.1639
11.6780	 1.2360
11.6520	 1.3081
11.6260	 1.2566
11.6000	 1.3287
11.5740	 1.3390
11.5480	 1.4317
11.5220	 1.4008
11.4970	 1.3699
11.4710	 1.3699
11.4460	 1.4420
11.4210	 1.4729
11.3960	 1.6480
11.3710	 1.5347
11.3460	 1.5244
11.3210	 1.5553
11.2970	 1.6789
11.2720	 1.6274
11.2480	 1.6789
11.2230	 1.7716
11.1990	 1.8643
11.1750	 1.8128
11.1510	 1.8437
11.1270	 1.8231
11.1030	 1.8643
11.0790	 1.8334
11.0560	 1.8849
11.0320	 1.9776
11.0090	 2.0806
10.9850	 2.0394
10.9620	 2.0909
10.9390	 2.0703
10.9160	 2.1012
10.8930	 2.1115
10.8700	 2.2454
10.8480	 2.2145
10.8250	 2.1836
10.8020	 2.1836
10.7800	 2.2454
10.7580	 2.2145
10.7350	 2.3690
10.7130	 2.4205
10.6910	 2.3793
10.6690	 2.3999
10.6470	 2.5132
10.6250	 2.4514
10.6040	 2.5750
10.5820	 2.5956
10.5600	 2.6162
10.5390	 2.5956
10.5180	 2.6368
10.4960	 2.6677
10.4750	 2.6883
10.4540	 2.7192
10.4330	 2.7913
10.4120	 2.8016
10.3910	 2.8119
10.3700	 2.8634
10.3500	 2.9664
10.3290	 2.9561
10.3090	 2.9664
10.2880	 2.8943
10.2680	 2.9458
10.2470	 2.9561
10.2270	 3.0591
10.2070	 3.0797
10.1870	 3.1312
10.1670	 2.9870
10.1470	 2.8119
10.1270	 2.4720
10.1080	 2.4514
10.0880	 2.6162
10.0680	 2.7707
10.0490	 2.8737
10.0290	 3.0488
10.0100	 3.0488
 9.9910	 3.1312
 9.9720	 3.2651
 9.9520	 3.4093
 9.9330	 3.4196
 9.9140	 3.4402
 9.8950	 3.3784
 9.8770	 3.4093
 9.8580	 3.5432
 9.8390	 3.6668
 9.8210	 3.5123
 9.8020	 3.6050
 9.7830	 3.6153
 9.7650	 3.6668
 9.7470	 3.7698
 9.7280	 3.8316
 9.7100	 3.8522
 9.6920	 3.9964
 9.6740	 4.0788
 9.6560	 4.2539
 9.6380	 4.2951
 9.6200	 4.3157
 9.6020	 4.2745
 9.5850	 4.4599
 9.5670	 4.6453
 9.5490	 4.8307
 9.5320	 4.8616
 9.5140	 4.9543
 9.4970	 5.0264
 9.4790	 5.2633
 9.4620	 5.3766
 9.4450	 5.5929
 9.4280	 5.6856
 9.4110	 5.8401
 9.3940	 5.9019
 9.3770	 5.8504
 9.3600	 5.8607
 9.3430	 6.0152
 9.3260	 6.1079
 9.3090	 6.3448
 9.2930	 6.5096
 9.2760	 6.7259
 9.2590	 6.8289
 9.2430	 6.9834
 9.2260	 7.0761
 9.2100	 7.1791
 9.1940	 7.1894
 9.1780	 7.2100
 9.1610	 7.2306
 9.1450	 7.2306
 9.1290	 7.1276
 9.1130	 7.1585
 9.0970	 7.2306
 9.0810	 7.1997
 9.0650	 7.0555
 9.0490	 7.1379
 9.0340	 7.1482
 9.0180	 7.1688
 9.0020	 7.1791
 8.9870	 7.1585
 8.9710	 7.0143
 8.9560	 6.9216
 8.9400	 6.7877
 8.9250	 6.5611
 8.9090	 6.1079
 8.8940	 5.7680
 8.8790	 5.4384
 8.8640	 5.1088
 8.8490	 4.8307
 8.8340	 4.6762
 8.8190	 4.3878
 8.8040	 4.2436
 8.7890	 4.1818
 8.7740	 4.3260
 8.7590	 4.5835
 8.7440	 4.8307
 8.7300	 4.9852
 8.7150	 5.3045
 8.7000	 5.5517
 8.6860	 5.7474
 8.6710	 5.8092
 8.6570	 5.8195
 8.6420	 5.6753
 8.6280	 5.5002
 8.6140	 5.0264
 8.5990	 4.3775
 8.5850	 3.7492
 8.5710	 3.2548
 8.5570	 2.6986
 8.5430	 2.2042
 8.5290	 1.7510
 8.5150	 1.4420
 8.5010	 1.1845
 8.4870	 1.0506
 8.4730	 0.8549
 8.4590	 0.7519
 8.4450	 0.6695
 8.4310	 0.6489
 8.4180	 0.5665
 8.4040	 0.5253
 8.3910	 0.4532
 8.3770	 0.3708
 8.3630	 0.2781
 8.3500	 0.3914
 8.3370	 0.4326
 8.3230	 0.4429
 8.3100	 0.3296
 8.2970	 0.3605
 8.2830	 0.4326
 8.2700	 0.4841
 8.2570	 0.3914
 8.2440	 0.4429
 8.2310	 0.5253
 8.2180	 0.5150
 8.2050	 0.4223
 8.1920	 0.4635
 8.1790	 0.4841
 8.1660	 0.5150
 8.1530	 0.5253
 8.1400	 0.5562
 8.1280	 0.5459
 8.1150	 0.5459
 8.1020	 0.4944
 8.0900	 0.5768
 8.0770	 0.6077
 8.0640	 0.6180
 8.0520	 0.6077
 8.0390	 0.7313
 8.0270	 0.7622
 8.0150	 0.6798
 8.0020	 0.6592
 7.9900	 0.7519
 7.9780	 0.7416
 7.9650	 0.7416
 7.9530	 0.7519
 7.9410	 0.8343
 7.9290	 0.8034
 7.9170	 0.8137
 7.9050	 0.8343
 7.8930	 0.8137
 7.8810	 0.7313
 7.8690	 0.7622
 7.8570	 0.7725
 7.8450	 0.8343
 7.8330	 0.8961
 7.8210	 0.9888
 7.8090	 0.9476
 7.7980	 0.9373
 7.7860	 0.9373
 7.7740	 0.9476
 7.7630	 0.8652
 7.7510	 0.9167
 7.7390	 0.9785
 7.7280	 0.9785
 7.7160	 0.9064
 7.7050	 1.0506
 7.6940	 1.0918
 7.6820	 0.9888
 7.6710	 0.9373
 7.6590	 1.1021
 7.6480	 1.1227
 7.6370	 1.1021
 7.6260	 1.0815
 7.6140	 1.1227
 7.6030	 1.1536
 7.5920	 1.1845
 7.5810	 1.0815
 7.5700	 1.0609
 7.5590	 1.0815
 7.5480	 1.1536
 7.5370	 1.1742
 7.5260	 1.1433
 7.5150	 1.1227
 7.5040	 1.2051
 7.4930	 1.1845
 7.4830	 1.2154
 7.4720	 1.2154
 7.4610	 1.1948
 7.4500	 1.1845
 7.4400	 1.2566
 7.4290	 1.2875
 7.4180	 1.3081
 7.4080	 1.2566
 7.3970	 1.2772
 7.3870	 1.2669
 7.3760	 1.3081
 7.3660	 1.2875
 7.3550	 1.2978
 7.3450	 1.3390
 7.3340	 1.3596
 7.3240	 1.3184
 7.3140	 1.3390
 7.3030	 1.3184
 7.2930	 1.3905
 7.2830	 1.3905
 7.2730	 1.4214
 7.2630	 1.3905
 7.2520	 1.3802
 7.2420	 1.4420
 7.2320	 1.5347
 7.2220	 1.5141
 7.2120	 1.4729
 7.2020	 1.4008
 7.1920	 1.4420
 7.1820	 1.4729
 7.1720	 1.5759
 7.1620	 1.5656
 7.1520	 1.5862
 7.1430	 1.5656
 7.1330	 1.5141
 7.1230	 1.4523
 7.1130	 1.5038
 7.1030	 1.5244
 7.0940	 1.5244
 7.0840	 1.5141
 7.0740	 1.5656
 7.0650	 1.5347
 7.0550	 1.6068
 7.0460	 1.6377
 7.0360	 1.6686
 7.0260	 1.6686
 7.0170	 1.6377
 7.0070	 1.5862
 6.9980	 1.6171
 6.9890	 1.6274
 6.9790	 1.6274
 6.9700	 1.6583
 6.9600	 1.6995
 6.9510	 1.6274
 6.9420	 1.6583
 6.9320	 1.6480
 6.9230	 1.5450
 6.9140	 1.5759
 6.9050	 1.6686
 6.8960	 1.6480
 6.8860	 1.6789
 6.8770	 1.7407
 6.8680	 1.7613
 6.8590	 1.6995
 6.8500	 1.6995
 6.8410	 1.7098
 6.8320	 1.6995
 6.8230	 1.7304
 6.8140	 1.8231
 6.8050	 1.7716
 6.7960	 1.7304
 6.7870	 1.6995
 6.7780	 1.6892
 6.7700	 1.6789
 6.7610	 1.7201
 6.7520	 1.6686
 6.7430	 1.7201
 6.7340	 1.8025
 6.7260	 1.8952
 6.7170	 1.8952
 6.7080	 1.8437
 6.7000	 1.8334
 6.6910	 1.8746
 6.6820	 1.8128
 6.6740	 1.8025
 6.6650	 1.7819
 6.6570	 1.7716
 6.6480	 1.7613
 6.6400	 1.7613
 6.6310	 1.7510
 6.6230	 1.7716
 6.6140	 1.9055
 6.6060	 1.9776
 6.5970	 1.9055
 6.5890	 1.8540
 6.5810	 1.8025
 6.5720	 1.8025
 6.5640	 1.7819
 6.5560	 1.8231
 6.5470	 1.8128
 6.5390	 1.8746
 6.5310	 1.9364
 6.5230	 1.9261
 6.5140	 1.8128
 6.5060	 1.8643
 6.4980	 1.9158
 6.4900	 1.8952
 6.4820	 1.7922
 6.4740	 1.7510
 6.4660	 1.7819
 6.4580	 1.8334
 6.4500	 1.8540
 6.4420	 1.8437
 6.4340	 1.8334
 6.4260	 1.9158
 6.4180	 1.8643
 6.4100	 1.7922
 6.4020	 1.7922
 6.3940	 1.8952
 6.3860	 1.9158
 6.3780	 1.8437
 6.3700	 1.8334
 6.3630	 1.8746
 6.3550	 1.8437
 6.3470	 1.8437
 6.3390	 1.8334
 6.3320	 1.8643
 6.3240	 1.8746
 6.3160	 1.8643
 6.3080	 1.8643
 6.3010	 1.9467
 6.2930	 1.9673
 6.2860	 1.9261
 6.2780	 1.8334
 6.2700	 1.8334
 6.2630	 1.8231
 6.2550	 1.8540
 6.2480	 1.8746
 6.2400	 1.9364
 6.2330	 1.9364
 6.2250	 1.8849
 6.2180	 1.8849
 6.2100	 1.9055
 6.2030	 1.8746
 6.1950	 1.9261
 6.1880	 1.9055
 6.1810	 1.8334
 6.1730	 1.8437
 6.1660	 1.8849
 6.1590	 1.8231
 6.1510	 1.7716
 6.1440	 1.7407
 6.1370	 1.7613
 6.1300	 1.7922
 6.1220	 1.8334
 6.1150	 1.7819
 6.1080	 1.7922
 6.1010	 1.8334
 6.0940	 1.8128
 6.0860	 1.7407
 6.0790	 1.7922
 6.0720	 1.7510
 6.0650	 1.6995
 6.0580	 1.6892
 6.0510	 1.6171
 6.0440	 1.5862
 6.0370	 1.6789
 6.0300	 1.6480
 6.0230	 1.6995
 6.0160	 1.6274
 6.0090	 1.5759
 6.0020	 1.5656
 5.9950	 1.5450
 5.9880	 1.5038
 5.9810	 1.4729
 5.9740	 1.4420
 5.9670	 1.4111
 5.9600	 1.3390
 5.9540	 1.2875
 5.9470	 1.2257
 5.9400	 1.2257
 5.9330	 1.1124
 5.9260	 1.0506
 5.9200	 1.0918
 5.9130	 1.1021
 5.9060	 1.0609
 5.8990	 1.0094
 5.8930	 0.9682
 5.8860	 0.9991
 5.8790	 1.0197
 5.8730	 1.0712
 5.8660	 1.1021
 5.8590	 1.1433
 5.8530	 1.2257
 5.8460	 1.2669
 5.8400	 1.2463
 5.8330	 1.2772
 5.8270	 1.3081
 5.8200	 1.2669
 5.8130	 1.2978
 5.8070	 1.3905
 5.8000	 1.4214
 5.7940	 1.3802
 5.7880	 1.3905
 5.7810	 1.5038
 5.7750	 1.5347
 5.7680	 1.5450
 5.7620	 1.5141
 5.7550	 1.5450
 5.7490	 1.5759
 5.7430	 1.6377
 5.7360	 1.6892
 5.7300	 1.7201
 5.7240	 1.7407
 5.7170	 1.7716
 5.7110	 1.8231
 5.7050	 1.8746
 5.6980	 1.9467
 5.6920	 1.9776
 5.6860	 1.9879
 5.6800	 1.9879
 5.6740	 2.0291
 5.6670	 2.1115
 5.6610	 2.1424
 5.6550	 2.1424
 5.6490	 2.1939
 5.6430	 2.1939
 5.6370	 2.1733
 5.6300	 2.2866
 5.6240	 2.3381
 5.6180	 2.3999
 5.6120	 2.4308
 5.6060	 2.5029
 5.6000	 2.5956
 5.5940	 2.5853
 5.5880	 2.6059
 5.5820	 2.6368
 5.5760	 2.6162
 5.5700	 2.6677
 5.5640	 2.7295
 5.5580	 2.7604
 5.5520	 2.7707
 5.5460	 2.8016
 5.5400	 2.8737
 5.5340	 2.9355
 5.5280	 2.9767
 5.5230	 2.9870
 5.5170	 2.9149
 5.5110	 2.9458
 5.5050	 3.0694
 5.4990	 3.0797
 5.4930	 3.0797
 5.4870	 3.1312
 5.4820	 3.1621
 5.4760	 3.1930
 5.4700	 3.2136
 5.4640	 3.2033
 5.4590	 3.2342
 5.4530	 3.2857
 5.4470	 3.2960
 5.4410	 3.3063
 5.4360	 3.3372
 5.4300	 3.3578
 5.4240	 3.3681
 5.4190	 3.3990
 5.4130	 3.4402
 5.4070	 3.4505
 5.4020	 3.4711
 5.3960	 3.5020
 5.3900	 3.5123
 5.3850	 3.5432
 5.3790	 3.5638
 5.3740	 3.5844
 5.3680	 3.5844
 5.3630	 3.5947
 5.3570	 3.6256
 5.3520	 3.6256
 5.3460	 3.6256
 5.3410	 3.6771
 5.3350	 3.6874
 5.3300	 3.6771
 5.3240	 3.7080
 5.3190	 3.7492
 5.3130	 3.7698
 5.3080	 3.7904
 5.3020	 3.7801
 5.2970	 3.8007
 5.2910	 3.7595
 5.2860	 3.7492
 5.2810	 3.7904
 5.2750	 3.8213
 5.2700	 3.8419
 5.2650	 3.8625
 5.2590	 3.8625
 5.2540	 3.8625
 5.2490	 3.9037
 5.2430	 3.8831
 5.2380	 3.8625
 5.2330	 3.9243
 5.2270	 3.9243
 5.2220	 3.9140
 5.2170	 3.9243
 5.2120	 3.9449
 5.2060	 3.9758
 5.2010	 3.9758
 5.1960	 3.9449
 5.1910	 3.9449
 5.1860	 3.9861
 5.1800	 4.0582
 5.1750	 3.9861
 5.1700	 3.9655
 5.1650	 3.9964
 5.1600	 4.0273
 5.1550	 4.0273
 5.1500	 4.0273
 5.1450	 4.0582
 5.1390	 4.0891
 5.1340	 4.1200
 5.1290	 4.0994
 5.1240	 4.0685
 5.1190	 4.0685
 5.1140	 4.0891
 5.1090	 4.0891
 5.1040	 4.0788
 5.0990	 4.0788
 5.0940	 4.0685
 5.0890	 4.0376
 5.0840	 3.9552
 5.0790	 3.9964
 5.0740	 4.1303
 5.0690	 4.2127
 5.0640	 4.1921
 5.0590	 4.2024
 5.0540	 4.1921
 5.0490	 4.1406
 5.0440	 4.1097
 5.0400	 4.1715
 5.0350	 4.1612
 5.0300	 4.1097
 5.0250	 4.0479
 5.0200	 4.0685
 5.0150	 4.0891
 5.0100	 4.1097
 5.0050	 4.1612
 5.0010	 4.1509
 4.9960	 4.1097
 4.9910	 4.0788
 4.9860	 4.0582
 4.9810	 4.0582
 4.9770	 4.0582
 4.9720	 4.0582
 4.9670	 3.9964
 4.9620	 3.9140
 4.9580	 3.9552
 4.9530	 4.0067
 4.9480	 3.9758
 4.9430	 3.9243
 4.9390	 3.9037
 4.9340	 3.8625
 4.9290	 3.7904
 4.9250	 3.7492
 4.9200	 3.6977
 4.9150	 3.6565
 4.9110	 3.6668
 4.9060	 3.6771
 4.9010	 3.6565
 4.8970	 3.5638
 4.8920	 3.4608
 4.8880	 3.4402
 4.8830	 3.4402
 4.8780	 3.4505
 4.8740	 3.4299
 4.8690	 3.3681
 4.8650	 3.3990
 4.8600	 3.4505
 4.8560	 3.3681
 4.8510	 3.3372
 4.8460	 3.3887
 4.8420	 3.3887
 4.8370	 3.3887
 4.8330	 3.3681
 4.8280	 3.3578
 4.8240	 3.3681
 4.8190	 3.3578
 4.8150	 3.3578
 4.8100	 3.3166
 4.8060	 3.2445
 4.8020	 3.2136
 4.7970	 3.2136
 4.7930	 3.2651
 4.7880	 3.2548
 4.7840	 3.2136
 4.7790	 3.1930
 4.7750	 3.1930
 4.7710	 3.1930
 4.7660	 3.2239
 4.7620	 3.2445
 4.7580	 3.2033
 4.7530	 3.1724
 4.7490	 3.1621
 4.7440	 3.1209
 4.7400	 3.1415
 4.7360	 3.1518
 4.7310	 3.1209
 4.7270	 3.1106
 4.7230	 3.1106
 4.7190	 3.1209
 4.7140	 3.0900
 4.7100	 3.0694
 4.7060	 3.1106
 4.7010	 3.1518
 4.6970	 3.1621
 4.6930	 3.1621
 4.6890	 3.1415
 4.6840	 3.1415
 4.6800	 3.1621
 4.6760	 3.1312
 4.6720	 3.1003
 4.6680	 3.1106
 4.6630	 3.1518
 4.6590	 3.2136
 4.6550	 3.2445
 4.6510	 3.1621
 4.6470	 3.1106
 4.6430	 3.2136
 4.6380	 3.2239
 4.6340	 3.2445
 4.6300	 3.2445
 4.6260	 3.2239
 4.6220	 3.2136
 4.6180	 3.1621
 4.6140	 3.1724
 4.6100	 3.1415
 4.6050	 3.1209
 4.6010	 3.1415
 4.5970	 3.1209
 4.5930	 3.0591
 4.5890	 3.0797
 4.5850	 3.1312
 4.5810	 3.1312
 4.5770	 3.1518
 4.5730	 3.1106
 4.5690	 3.0179
 4.5650	 2.9870
 4.5610	 2.9767
 4.5570	 3.0488
 4.5530	 3.0797
 4.5490	 3.0179
 4.5450	 2.9767
 4.5410	 3.0076
 4.5370	 2.9355
 4.5330	 2.9252
 4.5290	 2.9973
 4.5250	 3.0076
 4.5210	 2.9458
 4.5170	 2.9149
 4.5130	 2.9149
 4.5090	 2.9870
 4.5050	 2.9664
 4.5020	 2.9561
 4.4980	 2.9252
 4.4940	 2.8222
 4.4900	 2.8119
 4.4860	 2.9458
 4.4820	 2.9561
 4.4780	 2.8737
 4.4740	 2.7810
 4.4700	 2.8428
 4.4670	 2.8325
 4.4630	 2.8016
 4.4590	 2.8325
 4.4550	 2.8840
 4.4510	 2.8840
 4.4470	 2.8325
 4.4440	 2.7501
 4.4400	 2.7810
 4.4360	 2.8634
 4.4320	 2.9046
 4.4280	 2.8634
 4.4250	 2.7604
 4.4210	 2.6883
 4.4170	 2.6780
 4.4130	 2.6265
 4.4100	 2.6780
 4.4060	 2.7501
 4.4020	 2.7810
 4.3980	 2.7707
 4.3950	 2.7913
 4.3910	 2.7913
 4.3870	 2.6986
 4.3840	 2.6368
 4.3800	 2.7295
 4.3760	 2.7604
 4.3720	 2.7604
 4.3690	 2.7604
 4.3650	 2.7089
 4.3610	 2.6265
 4.3580	 2.6471
 4.3540	 2.7398
 4.3500	 2.7398
 4.3470	 2.7398
 4.3430	 2.7604
 4.3400	 2.7295
 4.3360	 2.7707
 4.3320	 2.8119
 4.3290	 2.7295
 4.3250	 2.6574
 4.3210	 2.6677
 4.3180	 2.6677
 4.3140	 2.7295
 4.3110	 2.7501
 4.3070	 2.7089
 4.3040	 2.6986
 4.3000	 2.7707
 4.2960	 2.7913
 4.2930	 2.8634
 4.2890	 2.8016
 4.2860	 2.7913
 4.2820	 2.8222
 4.2790	 2.7707
 4.2750	 2.8325
 4.2720	 2.8737
 4.2680	 2.7501
 4.2650	 2.6986
 4.2610	 2.8119
 4.2580	 2.8634
 4.2540	 2.8325
 4.2510	 2.8634
 4.2470	 2.8943
 4.2440	 2.9252
 4.2400	 2.8840
 4.2370	 2.8222
 4.2330	 2.8325
 4.2300	 2.8428
 4.2260	 2.9561
 4.2230	 2.9973
 4.2190	 2.8737
 4.2160	 2.8325
 4.2130	 2.8840
 4.2090	 2.9252
 4.2060	 2.9664
 4.2020	 3.0385
 4.1990	 2.9767
 4.1960	 2.9458
 4.1920	 3.0179
 4.1890	 3.0385
 4.1850	 3.0694
 4.1820	 3.0179
 4.1790	 2.9561
 4.1750	 3.0282
 4.1720	 3.1003
 4.1690	 3.0488
 4.1650	 2.9046
 4.1620	 2.9252
 4.1590	 3.0900
 4.1550	 3.1621
 4.1520	 3.0591
 4.1490	 2.9870
 4.1450	 2.9664
 4.1420	 3.0385
 4.1390	 3.1518
 4.1350	 3.1518
 4.1320	 3.1106
 4.1290	 3.1312
 4.1260	 3.2857
 4.1220	 3.2960
 4.1190	 3.2033
 4.1160	 3.1930
 4.1120	 3.2136
 4.1090	 3.2548
 4.1060	 3.2136
 4.1030	 3.2342
 4.0990	 3.2342
 4.0960	 3.2857
 4.0930	 3.3475
 4.0900	 3.2857
 4.0860	 3.3063
 4.0830	 3.4093
 4.0800	 3.3990
 4.0770	 3.3372
 4.0740	 3.3887
 4.0700	 3.4711
 4.0670	 3.3990
 4.0640	 3.4608
 4.0610	 3.4814
 4.0580	 3.4505
 4.0550	 3.3475
 4.0510	 3.3784
 4.0480	 3.4814
 4.0450	 3.5226
 4.0420	 3.5020
 4.0390	 3.5535
 4.0360	 3.6256
 4.0320	 3.6462
 4.0290	 3.5741
 4.0260	 3.5947
 4.0230	 3.6462
 4.0200	 3.6565
 4.0170	 3.5947
 4.0140	 3.6256
 4.0110	 3.6565
 4.0080	 3.7389
 4.0040	 3.7904
 4.0010	 3.8522
 3.9980	 3.8831
 3.9950	 3.8934
 3.9920	 3.9140
 3.9890	 3.9655
 3.9860	 3.9037
 3.9830	 3.9140
 3.9800	 3.9552
 3.9770	 4.0891
 3.9740	 4.1612
 3.9710	 4.2024
 3.9680	 4.1509
 3.9650	 4.1509
 3.9620	 4.1818
 3.9590	 4.1921
 3.9560	 4.1818
 3.9530	 4.2333
 3.9500	 4.3878
 3.9470	 4.4702
 3.9440	 4.4908
 3.9410	 4.4496
 3.9380	 4.4599
 3.9350	 4.5629
 3.9320	 4.5217
 3.9290	 4.4908
 3.9260	 4.5114
 3.9230	 4.5114
 3.9200	 4.4805
 3.9170	 4.6247
 3.9140	 4.7483
 3.9110	 4.7483
 3.9080	 4.6968
 3.9050	 4.8101
 3.9020	 4.9028
 3.8990	 4.9543
 3.8960	 4.9337
 3.8930	 5.0161
 3.8900	 5.0985
 3.8870	 5.0058
 3.8840	 4.9749
 3.8820	 5.0161
 3.8790	 5.1191
 3.8760	 5.2427
 3.8730	 5.2015
 3.8700	 5.2118
 3.8670	 5.2736
 3.8640	 5.2530
 3.8610	 5.1809
 3.8580	 5.2530
 3.8560	 5.3354
 3.8530	 5.3560
 3.8500	 5.4178
 3.8470	 5.4899
 3.8440	 5.4384
 3.8410	 5.4178
 3.8380	 5.4487
 3.8360	 5.5208
 3.8330	 5.5414
 3.8300	 5.5311
 3.8270	 5.5208
 3.8240	 5.6032
 3.8220	 5.6547
 3.8190	 5.6341
 3.8160	 5.6547
 3.8130	 5.7062
 3.8100	 5.7680
 3.8070	 5.7268
 3.8050	 5.6856
 3.8020	 5.6753
 3.7990	 5.6444
 3.7960	 5.6135
 3.7940	 5.5723
 3.7910	 5.5929
 3.7880	 5.7474
 3.7850	 5.9019
 3.7820	 5.8916
 3.7800	 5.7783
 3.7770	 5.7165
 3.7740	 5.7062
 3.7710	 5.6753
 3.7690	 5.7783
 3.7660	 5.8504
 3.7630	 5.8298
 3.7610	 5.7371
 3.7580	 5.7577
 3.7550	 5.7474
 3.7520	 5.7577
 3.7500	 5.7783
 3.7470	 5.7989
 3.7440	 5.7783
 3.7420	 5.7989
 3.7390	 5.7577
 3.7360	 5.8607
 3.7330	 5.8195
 3.7310	 5.7680
 3.7280	 5.8092
 3.7250	 5.7680
 3.7230	 5.7474
 3.7200	 5.7371
 3.7170	 5.7062
 3.7150	 5.7577
 3.7120	 5.7371
 3.7090	 5.7062
 3.7070	 5.7577
 3.7040	 5.7680
 3.7020	 5.6032
 3.6990	 5.5723
 3.6960	 5.5620
 3.6940	 5.6135
 3.6910	 5.6753
 3.6880	 5.6856
 3.6860	 5.7371
 3.6830	 5.7474
 3.6800	 5.5723
 3.6780	 5.5517
 3.6750	 5.5208
 3.6730	 5.5208
 3.6700	 5.5311
 3.6670	 5.5208
 3.6650	 5.4693
 3.6620	 5.4796
 3.6600	 5.4178
 3.6570	 5.3869
 3.6550	 5.3766
 3.6520	 5.2942
 3.6490	 5.2427
 3.6470	 5.3766
 3.6440	 5.4075
 3.6420	 5.3457
 3.6390	 5.3869
 3.6370	 5.3869
 3.6340	 5.2839
 3.6320	 5.2530
 3.6290	 5.2118
 3.6260	 5.2324
 3.6240	 5.1912
 3.6210	 5.2530
 3.6190	 5.2736
 3.6160	 5.2530
 3.6140	 5.1706
 3.6110	 5.1191
 3.6090	 5.1603
 3.6060	 5.1912
 3.6040	 5.0367
 3.6010	 4.9749
 3.5990	 5.0882
 3.5960	 5.1912
 3.5940	 5.0985
 3.5910	 4.9955
 3.5890	 4.9234
 3.5860	 4.9440
 3.5840	 4.9440
 3.5810	 4.9543
 3.5790	 4.8719
 3.5760	 4.8204
 3.5740	 4.9028
 3.5710	 4.8410
 3.5690	 4.8307
 3.5670	 4.8410
 3.5640	 4.7586
 3.5620	 4.7483
 3.5590	 4.7483
 3.5570	 4.7277
 3.5540	 4.6659
 3.5520	 4.6247
 3.5490	 4.5526
 3.5470	 4.6762
 3.5450	 4.6968
 3.5420	 4.6041
 3.5400	 4.5938
 3.5370	 4.6453
 3.5350	 4.6247
 3.5330	 4.6762
 3.5300	 4.6453
 3.5280	 4.5938
 3.5250	 4.5423
 3.5230	 4.5114
 3.5210	 4.5320
 3.5180	 4.6041
 3.5160	 4.5629
 3.5130	 4.4187
 3.5110	 4.2745
 3.5090	 4.2642
 3.5060	 4.2848
 3.5040	 4.3363
 3.5020	 4.3775
 3.4990	 4.4805
 3.4970	 4.4187
 3.4940	 4.3569
 3.4920	 4.2333
 3.4900	 4.2024
 3.4870	 4.1406
 3.4850	 4.1200
 3.4830	 4.1200
 3.4800	 4.1715
 3.4780	 4.1509
 3.4760	 4.1818
 3.4730	 4.1509
 3.4710	 4.0376
 3.4690	 4.0273
 3.4660	 4.0273
 3.4640	 3.9552
 3.4620	 3.9758
 3.4600	 3.8934
 3.4570	 3.8625
 3.4550	 3.9243
 3.4530	 3.9861
 3.4500	 3.8728
 3.4480	 3.9140
 3.4460	 3.8728
 3.4430	 3.8007
 3.4410	 3.8419
 3.4390	 3.6977
 3.4370	 3.5226
 3.4340	 3.6462
 3.4320	 3.7183
 3.4300	 3.8110
 3.4280	 3.8213
 3.4250	 3.7904
 3.4230	 3.7286
 3.4210	 3.7183
 3.4180	 3.7698
 3.4160	 3.6771
 3.4140	 3.5947
 3.4120	 3.6153
 3.4090	 3.5947
 3.4070	 3.5123
 3.4050	 3.4608
 3.4030	 3.4814
 3.4010	 3.4402
 3.3980	 3.5432
 3.3960	 3.5432
 3.3940	 3.4711
 3.3920	 3.3887
 3.3890	 3.4917
 3.3870	 3.4814
 3.3850	 3.3681
 3.3830	 3.2754
 3.3810	 3.3578
 3.3780	 3.3990
 3.3760	 3.3784
 3.3740	 3.4093
 3.3720	 3.4196
 3.3700	 3.3475
 3.3670	 3.3063
 3.3650	 3.3372
 3.3630	 3.4093
 3.3610	 3.3063
 3.3590	 3.2445
 3.3570	 3.2445
 3.3540	 3.2754
 3.3520	 3.2651
 3.3500	 3.2033
 3.3480	 3.2239
 3.3460	 3.2136
 3.3440	 3.1415
 3.3410	 3.1827
 3.3390	 3.2548
 3.3370	 3.2754
 3.3350	 3.2136
 3.3330	 3.2136
 3.3310	 3.1518
 3.3290	 3.2033
 3.3260	 3.1930
 3.3240	 3.1827
 3.3220	 3.0900
 3.3200	 3.0900
 3.3180	 3.1827
 3.3160	 3.1621
 3.3140	 3.0385
 3.3120	 3.1106
 3.3090	 3.1827
 3.3070	 3.2342
 3.3050	 3.1930
 3.3030	 3.1724
 3.3010	 3.0900
 3.2990	 3.1415
 3.2970	 3.1209
 3.2950	 3.0797
 3.2930	 2.9561
 3.2910	 3.0282
 3.2880	 3.1106
 3.2860	 3.1106
 3.2840	 3.0900
 3.2820	 3.0385
 3.2800	 2.9355
 3.2780	 2.9973
 3.2760	 3.0694
 3.2740	 3.0694
 3.2720	 3.0076
 3.2700	 3.1621
 3.2680	 3.1930
 3.2660	 3.0488
 3.2640	 2.9870
 3.2620	 3.0076
 3.2590	 2.9458
 3.2570	 2.9767
 3.2550	 2.9458
 3.2530	 2.9355
 3.2510	 2.8428
 3.2490	 2.9355
 3.2470	 3.1106
 3.2450	 3.1209
 3.2430	 3.1724
 3.2410	 3.0900
 3.2390	 2.8531
 3.2370	 2.8737
 3.2350	 2.9355
 3.2330	 3.0179
 3.2310	 3.0385
 3.2290	 3.0900
 3.2270	 3.0385
 3.2250	 2.9664
 3.2230	 2.9149
 3.2210	 3.0591
 3.2190	 3.1415
 3.2170	 3.0900
 3.2150	 2.9664
 3.2130	 2.9664
 3.2110	 2.9973
 3.2090	 3.0488
 3.2070	 3.0076
 3.2050	 3.0591
 3.2030	 3.0076
 3.2010	 2.9664
 3.1990	 3.0282
 3.1970	 3.1003
 3.1950	 3.1312
 3.1930	 3.0591
 3.1910	 2.8634
 3.1890	 2.8428
 3.1870	 2.9355
 3.1850	 3.0488
 3.1830	 3.1312
 3.1820	 3.1827
 3.1800	 3.1106
 3.1780	 3.0282
 3.1760	 2.9149
 3.1740	 2.8634
 3.1720	 2.9973
 3.1700	 3.1312
 3.1680	 3.2548
 3.1660	 3.3578
 3.1640	 3.2136
 3.1620	 3.2239
 3.1600	 3.2651
 3.1580	 3.1003
 3.1560	 2.9149
 3.1540	 2.9973
 3.1520	 3.2136
 3.1510	 3.2857
 3.1490	 3.1106
 3.1470	 3.1106
 3.1450	 3.1621
 3.1430	 3.2651
 3.1410	 3.3269
 3.1390	 3.3372
 3.1370	 3.2754
 3.1350	 3.2033
 3.1330	 3.2136
 3.1320	 3.2548
 3.1300	 3.1518
 3.1280	 3.1312
 3.1260	 3.2136
 3.1240	 3.3372
 3.1220	 3.2445
 3.1200	 3.1415
 3.1180	 3.1209
 3.1170	 3.0694
 3.1150	 2.9767
 3.1130	 3.1415
 3.1110	 3.2445
 3.1090	 3.2033
 3.1070	 3.1827
 3.1050	 3.1518
 3.1030	 3.0488
 3.1020	 3.1621
 3.1000	 3.2548
 3.0980	 3.0797
 3.0960	 2.9767
 3.0940	 2.9664
 3.0920	 2.8531
 3.0910	 2.8840
 3.0890	 2.9870
 3.0870	 3.0797
 3.0850	 2.9252
 3.0830	 2.8016
 3.0810	 2.8737
 3.0790	 2.9561
 3.0780	 2.9458
 3.0760	 2.9664
 3.0740	 2.9355
 3.0720	 2.9149
 3.0700	 2.8840
 3.0690	 2.8634
 3.0670	 2.9252
 3.0650	 2.8737
 3.0630	 2.7089
 3.0610	 2.7913
 3.0600	 2.8840
 3.0580	 2.8737
 3.0560	 2.8325
 3.0540	 2.8325
 3.0520	 2.8119
 3.0510	 2.7089
 3.0490	 2.6059
 3.0470	 2.8222
 3.0450	 3.0282
 3.0430	 2.9561
 3.0420	 2.7707
 3.0400	 2.9664
 3.0380	 3.0591
 3.0360	 2.9458
 3.0340	 2.8016
 3.0330	 2.8943
 3.0310	 2.7501
 3.0290	 2.7295
 3.0270	 2.6780
 3.0260	 2.6059
 3.0240	 2.7192
 3.0220	 2.8943
 3.0200	 2.7192
 3.0190	 2.6677
 3.0170	 2.7089
 3.0150	 2.8531
 3.0130	 2.7604
 3.0120	 2.6265
 3.0100	 2.6677
 3.0080	 2.7192
 3.0060	 2.7604
 3.0050	 2.7501
 3.0030	 2.5338
 3.0010	 2.4514
 2.9990	 2.5132
 2.9980	 2.5544
 2.9960	 2.5235
 2.9940	 2.5647
 2.9920	 2.5853
 2.9910	 2.3999
 2.9890	 2.2042
 2.9870	 2.2042
 2.9860	 2.2351
 2.9840	 2.3484
 2.9820	 2.3484
 2.9800	 2.3484
 2.9790	 2.2145
 2.9770	 1.9364
 2.9750	 1.9261
 2.9740	 2.1424
 2.9720	 2.0497
 2.9700	 1.9570
 2.9680	 2.1527
 2.9670	 2.1733
 2.9650	 1.9364
 2.9630	 1.7613
 2.9620	 1.7098
 2.9600	 1.9776
 2.9580	 1.9261
 2.9570	 1.9364
 2.9550	 1.7922
 2.9530	 1.6480
 2.9520	 1.6583
 2.9500	 1.6892
 2.9480	 1.6068
 2.9470	 1.7304
 2.9450	 1.8437
 2.9430	 1.9055
 2.9420	 1.7510
 2.9400	 1.5553
 2.9380	 1.4832
 2.9370	 1.5553
 2.9350	 1.5347
 2.9330	 1.6583
 2.9320	 1.5038
 2.9300	 1.3081
 2.9280	 1.3390
 2.9270	 1.5347
 2.9250	 1.5862
 2.9230	 1.4420
 2.9220	 1.3802
 2.9200	 1.3596
 2.9180	 1.2051
 2.9170	 1.3184
 2.9150	 1.5141
 2.9130	 1.5553
 2.9120	 1.4111
 2.9100	 1.4008
 2.9090	 1.2463
 2.9070	 1.2875
 2.9050	 1.3699
 2.9040	 1.4317
 2.9020	 1.2772
 2.9000	 1.0815
 2.8990	 1.0300
 2.8970	 1.0403
 2.8960	 1.0197
 2.8940	 1.2154
 2.8920	 1.2463
 2.8910	 1.1948
 2.8890	 1.1227
 2.8870	 1.0403
 2.8860	 0.9991
 2.8840	 0.9991
 2.8830	 0.9476
 2.8810	 1.0712
 2.8790	 1.0609
 2.8780	 1.1433
 2.8760	 1.2669
 2.8750	 1.1330
 2.8730	 0.7828
 2.8710	 0.9579
 2.8700	 1.1742
 2.8680	 1.1742
 2.8670	 1.1124
 2.8650	 0.9682
 2.8640	 0.8858
 2.8620	 0.8961
 2.8600	 0.9682
 2.8590	 1.0609
 2.8570	 0.8034
 2.8560	 0.8137
 2.8540	 1.0300
 2.8530	 1.1021
 2.8510	 1.0403
 2.8490	 1.0506
 2.8480	 0.8755
 2.8460	 0.9167
 2.8450	 0.8137
 2.8430	 0.7622
 2.8420	 0.8034
 2.8400	 0.9476
 2.8380	 0.8961
 2.8370	 0.9888
 2.8350	 0.8652
 2.8340	 0.6901
 2.8320	 0.6386
 2.8310	 0.5562
 2.8290	 0.5356
 2.8280	 0.7725
 2.8260	 0.6489
 2.8250	 0.5974
 2.8230	 0.6592
 2.8210	 0.8446
 2.8200	 0.7313
 2.8180	 0.7622
 2.8170	 0.8961
 2.8150	 0.8755
 2.8140	 0.6386
 2.8120	 0.2987
 2.8110	 0.1339
 2.8090	 0.5253
 2.8080	 0.8137
 2.8060	 0.7725
 2.8050	 0.6386
 2.8030	 0.5871
 2.8020	 0.5665
 2.8000	 0.6798
 2.7990	 0.6489
 2.7970	 0.6077
 2.7960	 0.5356
 2.7940	 0.5665
 2.7930	 0.3708
 2.7910	 0.4532
 2.7900	 0.8240
 2.7880	 0.7313
 2.7870	 0.3296
 2.7850	 0.5356
 2.7840	 1.0300
 2.7820	 1.1330
 2.7810	 0.7828
 2.7790	 0.6901
 2.7780	 0.5665
 2.7760	 0.5871
 2.7750	 0.6386
 2.7730	 0.5768
 2.7720	 0.7416
 2.7700	 1.0300
 2.7690	 0.7210
 2.7670	 0.5768
 2.7660	 0.5665
 2.7640	 0.3708
 2.7630	 0.3708
 2.7610	 0.5253
 2.7600	 0.6180
 2.7580	 0.7210
 2.7570	 0.7725
 2.7560	 0.7107
 2.7540	 0.7004
 2.7530	 0.8961
 2.7510	 0.9270
 2.7500	 0.9579
 2.7480	 0.9167
 2.7470	 1.0300
 2.7450	 1.0815
 2.7440	 0.9167
 2.7420	 0.6592
 2.7410	 0.9373
 2.7400	 1.0609
 2.7380	 0.9167
 2.7370	 0.8446
 2.7350	 1.1227
 2.7340	 1.2463
 2.7320	 1.1742
 2.7310	 1.1536
 2.7290	 1.4111
 2.7280	 1.5244
 2.7270	 1.7613
 2.7250	 1.6377
 2.7240	 1.5347
 2.7220	 1.4832
 2.7210	 1.5656
 2.7190	 1.6789
 2.7180	 1.7098
 2.7170	 1.6274
 2.7150	 1.5141
 2.7140	 1.5244
 2.7120	 1.7407
 2.7110	 1.6892
 2.7090	 1.6789
 2.7080	 1.7510
 2.7070	 2.1012
 2.7050	 2.1836
 2.7040	 2.1321
 2.7020	 2.0909
 2.7010	 2.2351
 2.7000	 1.9879
 2.6980	 1.9570
 2.6970	 2.1321
 2.6950	 2.3587
 2.6940	 2.6368
 2.6930	 2.8119
 2.6910	 2.8016
 2.6900	 2.8325
 2.6880	 2.7192
 2.6870	 2.6780
 2.6860	 2.6368
 2.6840	 2.9870
 2.6830	 3.2445
 2.6810	 3.2136
 2.6800	 3.1724
 2.6790	 3.1415
 2.6770	 2.7295
 2.6760	 2.5544
 2.6750	 2.8016
 2.6730	 3.3166
 2.6720	 3.6462
 2.6700	 3.6771
 2.6690	 3.4299
 2.6680	 3.1827
 2.6660	 3.1415
 2.6650	 3.5844
 2.6640	 3.6256
 2.6620	 3.3578
 2.6610	 3.2342
 2.6590	 3.4402
 2.6580	 3.5432
 2.6570	 3.9243
 2.6550	 3.9964
 2.6540	 3.8728
 2.6530	 3.6771
 2.6510	 3.9861
 2.6500	 4.0376
 2.6490	 3.9140
 2.6470	 3.9655
 2.6460	 4.1200
 2.6450	 4.0994
 2.6430	 4.1818
 2.6420	 4.2436
 2.6400	 4.0582
 2.6390	 4.0273
 2.6380	 4.3775
 2.6360	 4.5114
 2.6350	 4.5217
 2.6340	 4.2642
 2.6320	 4.3054
 2.6310	 4.5526
 2.6300	 4.7174
 2.6280	 4.7586
 2.6270	 4.6556
 2.6260	 4.4805
 2.6240	 4.5217
 2.6230	 4.4908
 2.6220	 4.5114
 2.6200	 4.5217
 2.6190	 4.4702
 2.6180	 4.3157
 2.6170	 4.4805
 2.6150	 4.6659
 2.6140	 4.8101
 2.6130	 4.8410
 2.6110	 4.9131
 2.6100	 5.0058
 2.6090	 4.9646
 2.6070	 4.7895
 2.6060	 5.0985
 2.6050	 5.0779
 2.6030	 5.0264
 2.6020	 4.9955
 2.6010	 4.8719
 2.5990	 5.0573
 2.5980	 5.2530
 2.5970	 4.9131
 2.5960	 4.4702
 2.5940	 4.4599
 2.5930	 5.0058
 2.5920	 5.0161
 2.5900	 5.1294
 2.5890	 5.1809
 2.5880	 4.9646
 2.5860	 4.9543
 2.5850	 5.0985
 2.5840	 5.0676
 2.5830	 5.2221
 2.5810	 5.2118
 2.5800	 5.1191
 2.5790	 5.0779
 2.5770	 5.2324
 2.5760	 4.9440
 2.5750	 4.6968
 2.5740	 5.0676
 2.5720	 5.5414
 2.5710	 5.8092
 2.5700	 5.7062
 2.5690	 5.3354
 2.5670	 5.1706
 2.5660	 5.2118
 2.5650	 5.2427
 2.5630	 5.1294
 2.5620	 4.9852
 2.5610	 5.0470
 2.5600	 5.1706
 2.5580	 5.2736
 2.5570	 5.1912
 2.5560	 5.1500
 2.5550	 5.2942
 2.5530	 5.2221
 2.5520	 5.3766
 2.5510	 5.4178
 2.5500	 5.2427
 2.5480	 5.0058
 2.5470	 5.1603
 2.5460	 5.2118
 2.5450	 5.0470
 2.5430	 5.0882
 2.5420	 5.1912
 2.5410	 4.9646
 2.5400	 5.0367
 2.5380	 5.1294
 2.5370	 5.2633
 2.5360	 5.1809
 2.5350	 5.3972
 2.5330	 5.3972
 2.5320	 5.2736
 2.5310	 5.0573
 2.5300	 5.1088
 2.5280	 5.3148
 2.5270	 5.3045
 2.5260	 5.3869
 2.5250	 5.4590
 2.5240	 5.3560
 2.5220	 5.2736
 2.5210	 5.1912
 2.5200	 5.0470
 2.5190	 4.9955
 2.5170	 5.3663
 2.5160	 5.2118
 2.5150	 5.0367
 2.5140	 5.1912
 2.5130	 5.3148
 2.5110	 5.2324
 2.5100	 5.1397
 2.5090	 5.1191
 2.5080	 5.1397
 2.5060	 5.1294
 2.5050	 5.3766
 2.5040	 5.3766
 2.5030	 5.3972
 2.5020	 5.4178
 2.5000	 5.6753
 2.4960	 5.4168
 2.4920	 5.3659
 2.4880	 6.1244
 2.4840	 5.6057
 2.4800	 6.1056
 2.4760	 6.0665
 2.4720	 6.4462
 2.4680	 6.8346
 2.4640	 6.0123
 2.4600	 5.9196
 2.4560	 6.2918
 2.4520	 7.0586
 2.4480	 6.2388
 2.4440	 6.3372
 2.4400	 6.6913
 2.4360	 6.6920
 2.4320	 6.4156
 2.4280	 6.2375
 2.4240	 6.9685
 2.4200	 6.7382
 2.4160	 6.9070
 2.4120	 6.9346
 2.4080	 6.9252
 2.4040	 7.2931
 2.4000	 7.0533
 2.3960	 7.4683
 2.3920	 7.4203
 2.3880	 7.4194
 2.3840	 8.0316
 2.3800	 7.9596
 2.3760	 8.1332
 2.3720	 8.3865
 2.3680	 8.6557
 2.3640	 8.7121
 2.3600	 9.1349
 2.3560	 9.2632
 2.3520	 9.5579
 2.3480	10.1330
 2.3440	10.7216
 2.3400	10.4982
 2.3360	10.7467
 2.3320	11.5510
 2.3280	11.8070
 2.3240	12.0320
 2.3200	12.6029
 2.3160	12.6711
 2.3120	13.1183
 2.3080	13.6477
 2.3040	14.0792
 2.3000	14.3279
 2.2960	14.8831
 2.2920	15.1360
 2.2880	15.4565
 2.2840	16.0220
 2.2800	16.1406
 2.2760	16.4184
 2.2720	16.7310
 2.2680	17.1672
 2.2640	17.2925
 2.2600	17.4707
 2.2560	17.7769
 2.2520	17.6922
 2.2480	17.6882
 2.2440	17.7796
 2.2400	17.7878
 2.2360	17.8699
 2.2320	17.9723
 2.2280	17.9057
 2.2240	17.8672
 2.2200	17.7714
 2.2160	17.7170
 2.2120	17.7128
 2.2080	17.5801
 2.2040	17.4464
 2.2000	17.2965
 2.1960	17.2664
 2.1920	17.1062
 2.1880	17.0854
 2.1840	16.8610
 2.1800	16.8037
 2.1760	16.6240
 2.1720	16.4758
 2.1680	16.4310
 2.1640	16.3031
 2.1600	16.0988
 2.1560	16.0029
 2.1520	15.8039
 2.1480	15.7140
 2.1440	15.5218
 2.1400	15.2650
 2.1360	15.0542
 2.1320	14.7889
 2.1280	14.3628
 2.1240	14.1756
 2.1200	13.9359
 2.1160	13.5970
 2.1120	13.3458
 2.1080	13.0119
 2.1040	12.6978
 2.1000	12.3881
 2.0960	12.0792
 2.0920	11.8496
 2.0880	11.6477
 2.0840	11.3440
 2.0800	11.0958
 2.0760	10.8883
 2.0720	10.6165
 2.0680	10.4417
 2.0640	10.2483
 2.0600	10.1116
 2.0560	 9.9936
 2.0520	 9.8213
 2.0480	 9.7274
 2.0440	 9.6443
 2.0400	 9.5022
 2.0360	 9.3723
 2.0320	 9.2878
 2.0280	 9.1138
 2.0240	 8.9859
 2.0200	 8.8329
 2.0160	 8.7357
 2.0120	 8.6061
 2.0080	 8.5154
 2.0040	 8.4102
 2.0000	 8.2735
 1.9960	 8.2697
 1.9920	 8.2112
 1.9880	 8.2151
 1.9840	 8.1441
 1.9800	 8.0385
 1.9760	 8.0356
 1.9720	 8.0679
 1.9680	 8.0485
 1.9640	 8.0654
 1.9600	 8.0391
 1.9560	 8.0175
 1.9520	 8.0249
 1.9480	 7.9967
 1.9440	 8.0353
 1.9400	 8.1279
 1.9360	 8.2876
 1.9320	 8.5617
 1.9280	 8.8499
 1.9240	 9.2261
 1.9200	 9.7932
 1.9160	10.5192
 1.9120	11.3418
 1.9080	12.3199
 1.9040	13.5413
 1.9000	14.9068
 1.8960	16.3159
 1.8920	17.6962
 1.8880	19.2312
 1.8840	20.6875
 1.8800	22.0846
 1.8760	23.4641
 1.8720	24.8033
 1.8680	26.0657
 1.8640	27.1370
 1.8600	28.0653
 1.8560	28.7822
 1.8520	29.3642
 1.8480	29.9195
 1.8440	30.3068
 1.8400	30.4940
 1.8360	30.5906
 1.8320	30.6336
 1.8280	30.5896
 1.8240	30.4304
 1.8200	30.2137
 1.8160	29.9587
 1.8120	29.6749
 1.8080	29.3948
 1.8040	29.0401
 1.8000	28.6861
 1.7960	28.3392
 1.7920	27.9393
 1.7880	27.5446
 1.7840	27.2703
 1.7800	27.0431
 1.7760	26.7902
 1.7720	26.5450
 1.7680	26.2400
 1.7640	25.9778
 1.7600	25.8220
 1.7560	25.6572
 1.7520	25.4739
 1.7480	25.2821
 1.7440	25.0705
 1.7400	24.8454
 1.7360	24.6188
 1.7320	24.4003
 1.7280	24.1966
 1.7240	24.0224
 1.7200	23.8195
 1.7160	23.6410
 1.7120	23.4531
 1.7080	23.2328
 1.7040	23.0869
 1.7000	22.9835
 1.6960	22.8069
 1.6920	22.6586
 1.6880	22.5214
 1.6840	22.3503
 1.6800	22.2197
 1.6760	22.1359
 1.6720	21.9530
 1.6680	21.8003
 1.6640	21.6857
 1.6600	21.5358
 1.6560	21.3597
 1.6520	21.2928
 1.6480	21.1975
 1.6440	21.0731
 1.6400	21.0075
 1.6360	20.9341
 1.6320	20.9237
 1.6280	20.8449
 1.6240	20.8133
 1.6200	20.8370
 1.6160	20.9009
 1.6120	20.9517
 1.6080	21.0339
 1.6040	21.1479
 1.6000	21.2661
 1.5960	21.4308
 1.5920	21.6172
 1.5880	21.6973
 1.5840	21.8600
 1.5800	22.0421
 1.5760	22.1969
 1.5720	22.2504
 1.5680	22.3067
 1.5640	22.3282
 1.5600	22.2897
 1.5560	22.2365
 1.5520	22.0956
 1.5480	22.0112
 1.5440	21.9176
 1.5400	21.7165
 1.5360	21.4741
 1.5320	21.2154
 1.5280	21.0114
 1.5240	20.7081
 1.5200	20.3799
 1.5160	20.0689
 1.5120	19.6578
 1.5080	19.2811
 1.5040	18.9992
 1.5000	18.7920
 1.4960	18.6231
 1.4920	18.4207
 1.4880	18.2840
 1.4840	18.2535
 1.4800	18.3069
 1.4760	18.4141
 1.4720	18.6176
 1.4680	18.7896
 1.4640	19.0491
 1.4600	19.4162
 1.4560	19.6852
 1.4520	20.1792
 1.4480	20.8379
 1.4440	21.5531
 1.4400	22.5344
 1.4360	23.7130
 1.4320	25.1902
 1.4280	26.7628
 1.4240	28.5120
 1.4200	30.4682
 1.4160	32.6754
 1.4120	34.9550
 1.4080	37.1727
 1.4040	39.3371
 1.4000	41.3276
 1.3960	43.1270
 1.3920	44.6173
 1.3880	45.8336
 1.3840	46.8910
 1.3800	47.8904
 1.3760	48.5953
 1.3720	49.1088
 1.3680	49.6442
 1.3640	50.2212
 1.3600	50.7889
 1.3560	51.4400
 1.3520	52.1405
 1.3480	53.0655
 1.3440	54.0552
 1.3400	55.0060
 1.3360	55.9459
 1.3320	56.7704
 1.3280	57.4690
 1.3240	58.1770
 1.3200	58.7713
 1.3160	59.2814
 1.3120	59.7620
 1.3080	60.1559
 1.3040	60.4751
 1.3000	60.7425
 1.2960	60.9621
 1.2920	61.0554
 1.2880	61.1536
 1.2840	61.2484
 1.2800	61.2736
 1.2760	61.3691
 1.2720	61.3314
 1.2680	61.3684
 1.2640	61.4087
 1.2600	61.4083
 1.2560	61.4023
 1.2520	61.4392
 1.2480	61.5098
 1.2440	61.5398
 1.2400	61.6179
 1.2360	61.8128
 1.2320	61.8099
 1.2280	61.9964
 1.2240	62.1960
 1.2200	62.3694
 1.2160	62.5568
 1.2120	62.8350
 1.2080	63.1016
 1.2040	63.3105
 1.2000	63.6744
 1.1960	64.1106
 1.1920	64.5419
 1.1880	65.0172
 1.1840	65.5148
 1.1800	65.9114
 1.1760	66.4274
 1.1720	66.9635
 1.1680	67.7228
 1.1640	68.7103
 1.1600	69.8865
 1.1560	71.1894
 1.1520	72.5902
 1.1480	73.9308
 1.1440	75.1212
 1.1400	76.1082
 1.1360	76.9026
 1.1320	77.5294
 1.1280	77.9720
 1.1240	78.3496
 1.1200	78.6167
 1.1160	78.8221
 1.1120	79.0642
 1.1080	79.3223
 1.1040	79.5653
 1.1000	79.7622
 1.0960	79.9841
 1.0920	80.1465
 1.0880	80.2760
 1.0840	80.3649
 1.0800	80.3505
 1.0760	80.3245
 1.0720	80.3289
 1.0680	80.3048
 1.0640	80.0946
 1.0600	79.8320
 1.0560	79.5512
 1.0520	79.3882
 1.0480	79.0468
 1.0440	78.7596
 1.0400	78.4226
 1.0360	78.1170
 1.0320	77.7970
 1.0280	77.4992
 1.0240	77.2536
 1.0200	76.9832
 1.0160	76.6901
 1.0120	76.5050
 1.0080	76.2946
 1.0040	76.1890
 1.0000	76.0998
 0.9960	76.0637
 0.9920	76.0836
 0.9880	76.1626
 0.9840	76.3757
 0.9800	76.7291
 0.9760	77.1467
 0.9720	77.7308
 0.9680	78.3000
 0.9640	78.9357
 0.9600	79.5076
 0.9560	80.0776
 0.9520	80.6765
 0.9480	81.1616
 0.9440	81.6231
 0.9400	82.0471
 0.9360	82.3492
 0.9320	82.6091
 0.9280	82.8133
 0.9240	82.9719
 0.9200	83.1055
 0.9160	83.2569
 0.9120	83.4001
 0.9080	83.6354
 0.9040	83.8024
 0.9000	83.9670
 0.8960	84.1888
 0.8920	84.4093
 0.8880	84.4472
 0.8840	84.5166
 0.8800	84.6446
 0.8760	84.7640
 0.8720	84.8436
 0.8680	84.9799
 0.8640	85.1338
 0.8600	85.0619
 0.8560	85.2536
 0.8520	85.4309
 0.8480	85.3978
 0.8440	85.5896
 0.8400	85.9303
 0.8360	85.8913
 0.8320	85.9683
 0.8280	85.8765
 0.8240	86.0342
 0.8200	86.0141
 0.8160	85.9818
 0.8120	85.9628
 0.8080	85.8674
 0.8040	85.9300
 0.8000	85.8494
 0.7960	85.6860
 0.7920	85.7272
 0.7880	85.6308
 0.7840	85.6717
 0.7800	85.7137
 0.7760	85.6310
 0.7720	85.6468
 0.7680	85.5903
 0.7640	85.5724
 0.7600	85.6341
 0.7560	85.5150
 0.7520	85.7035
 0.7480	85.8104
 0.7440	85.7702
 0.7400	85.8216
 0.7360	85.9212
 0.7320	85.8409
 0.7280	85.8693
 0.7240	85.8216
 0.7200	85.8325
 0.7160	85.8901
 0.7120	85.9069
 0.7080	85.7920
 0.7040	85.7193
 0.7000	85.7872
 0.6960	85.7347
 0.6920	85.5292
 0.6880	85.5352
 0.6840	85.4419
 0.6800	85.3958
 0.6760	85.4190
 0.6720	85.3440
 0.6680	85.2335
 0.6640	85.2217
 0.6600	85.1520
 0.6560	85.0876
 0.6520	85.0036
 0.6480	85.0281
 0.6440	84.9285
 0.6400	84.8325
 0.6360	84.7702
 0.6320	84.6597
 0.6280	84.6045
 0.6240	84.5650
 0.6200	84.4761
 0.6160	84.3961
 0.6120	84.3056
 0.6080	84.2525
 0.6040	84.1492
 0.6000	84.0623
 0.5960	83.9695
 0.5920	83.7972
 0.5880	83.6446
 0.5840	83.4494
 0.5800	83.2031
 0.5760	82.9169
 0.5720	82.6099
 0.5680	82.2747
 0.5640	81.9495
 0.5600	81.5624
 0.5560	81.1357
 0.5520	80.7239
 0.5480	80.3102
 0.5440	79.9101
 0.5400	79.5690
 0.5360	79.2401
 0.5320	78.9206
 0.5280	78.6422
 0.5240	78.3563
 0.5200	78.0826
 0.5160	77.8770
 0.5120	77.6600
 0.5080	77.3924
 0.5040	77.1699
 0.5000	76.9166
 0.4960	76.6601
 0.4920	76.4132
 0.4880	76.1760
 0.4840	75.9343
 0.4800	75.7121
 0.4760	75.4977
 0.4720	75.2324
 0.4680	75.0684
 0.4640	74.8450
 0.4600	74.5722
 0.4560	74.3155
 0.4520	73.9814
 0.4480	73.6859
 0.4440	73.3931
 0.4400	73.1124
 0.4360	72.7198
 0.4320	72.3393
 0.4280	72.0639
 0.4240	71.7680
 0.4200	71.4296
 0.4160	71.2033
 0.4120	70.9643
 0.4080	70.7171
 0.4040	70.5157
 0.4000	70.2296
