Name: Orthoclase (Feldspar) (K,Na)AlSi_3O_8
Type: Mineral
Class: Silicate
Subclass: Tectosilicate
Particle Size: Fine
Sample No.: TS-12A
Owner: JPL
Wavelength Range: TIR
Origin: India
Collection Date: N/A
Description: Particle size was 0-45um.Collected by Burminco Original ASTER Spectral Library name was jpl.nicolet.mineral.silicate.tectosilicate.fine.ts12a.spectrum.txt
Measurement: Hemispherical reflectance
First Column: X
Second Column: Y
X Units: Wavelength (micrometers)
Y Units:Reflectance (percent)
First X Value: 15.3853
Last X Value:  2.0003
Number of X Values: 2256
Additional Information: mineral.silicate.tectosilicate.fine.tir.ts-12a.jpl.nicolet.ancillary.txt

15.3853	 2.1340
15.3397	 2.3819
15.2945	 2.3958
15.2495	 2.1370
15.2048	 2.1813
15.1603	 2.3253
15.1161	 2.5221
15.0722	 2.8611
15.0285	 2.9800
14.9851	 3.0092
14.9419	 2.9721
14.8989	 3.0691
14.8563	 3.3003
14.8138	 3.6435
14.7716	 3.9600
14.7296	 3.9968
14.6879	 4.0893
14.6464	 4.1640
14.6052	 4.1169
14.5641	 3.9790
14.5233	 4.0841
14.4828	 4.2106
14.4424	 4.2787
14.4023	 4.2410
14.3624	 4.0895
14.3227	 3.8243
14.2833	 3.5175
14.2440	 3.3310
14.2050	 3.2938
14.1662	 3.1733
14.1276	 3.0584
14.0892	 2.9356
14.0510	 2.8600
14.0131	 2.7794
13.9753	 2.6865
13.9377	 2.4891
13.9004	 2.4334
13.8632	 2.4026
13.8262	 2.2513
13.7895	 2.2678
13.7529	 2.3464
13.7165	 2.2188
13.6803	 2.1107
13.6443	 2.2310
13.6085	 2.2694
13.5729	 2.1743
13.5374	 2.0111
13.5022	 1.8821
13.4671	 1.9809
13.4322	 1.9529
13.3975	 2.0304
13.3630	 2.1574
13.3286	 2.1360
13.2944	 2.1380
13.2604	 2.2739
13.2266	 2.3020
13.1930	 2.2528
13.1595	 2.1420
13.1262	 2.1772
13.0930	 2.2043
13.0600	 2.0625
13.0272	 2.0243
12.9946	 2.1840
12.9621	 2.1867
12.9298	 2.2182
12.8976	 2.2834
12.8656	 2.1315
12.8337	 2.0459
12.8021	 2.0653
12.7705	 2.1003
12.7391	 2.1110
12.7079	 2.1717
12.6769	 2.1283
12.6459	 2.0751
12.6152	 2.2526
12.5845	 2.5142
12.5541	 2.7311
12.5238	 2.9997
12.4936	 3.3351
12.4635	 3.8702
12.4337	 4.4765
12.4039	 5.3306
12.3743	 6.2576
12.3448	 7.1003
12.3155	 7.9925
12.2863	 9.0381
12.2573	10.1151
12.2284	11.1311
12.1996	12.0989
12.1710	12.7572
12.1425	13.2840
12.1141	13.8064
12.0859	14.3982
12.0578	14.9509
12.0298	15.2639
12.0019	15.4087
11.9742	15.4673
11.9466	15.4719
11.9192	15.5452
11.8918	15.6567
11.8646	15.8605
11.8375	15.9333
11.8106	15.9103
11.7837	15.9592
11.7570	15.8798
11.7304	15.7439
11.7039	15.7868
11.6776	15.8221
11.6513	15.7820
11.6252	15.6469
11.5992	15.5758
11.5733	15.4667
11.5475	15.4089
11.5219	15.3537
11.4963	15.3076
11.4709	15.1684
11.4455	15.0340
11.4203	14.9032
11.3952	14.7818
11.3702	14.6058
11.3454	14.4789
11.3206	14.3540
11.2959	14.2123
11.2714	13.9524
11.2469	13.7199
11.2226	13.5716
11.1983	13.4332
11.1742	13.2423
11.1502	12.9761
11.1263	12.5869
11.1024	12.2333
11.0787	12.0906
11.0551	11.9582
11.0316	11.6574
11.0081	11.3873
10.9848	11.2205
10.9616	10.8989
10.9385	10.4509
10.9154	10.0583
10.8925	 9.7157
10.8697	 9.4046
10.8469	 9.0759
10.8243	 8.7413
10.8017	 8.3526
10.7793	 7.9906
10.7569	 7.8160
10.7346	 7.6726
10.7125	 7.3778
10.6904	 7.0235
10.6684	 6.7664
10.6465	 6.6050
10.6247	 6.5557
10.6029	 6.4603
10.5813	 6.3434
10.5597	 6.0539
10.5383	 5.8298
10.5169	 5.8001
10.4956	 5.8043
10.4744	 5.6882
10.4533	 5.5560
10.4323	 5.5014
10.4113	 5.3604
10.3904	 5.2896
10.3697	 5.1966
10.3490	 5.0805
10.3284	 5.1359
10.3078	 5.2713
10.2874	 5.3215
10.2670	 5.2781
10.2467	 5.2592
10.2265	 5.2948
10.2064	 5.4123
10.1863	 5.3927
10.1663	 5.4388
10.1464	 5.5257
10.1266	 5.5839
10.1069	 5.5986
10.0872	 5.6516
10.0676	 5.5864
10.0481	 5.6875
10.0287	 5.8630
10.0093	 5.9702
 9.9901	 6.0450
 9.9708	 6.1044
 9.9517	 6.1594
 9.9326	 6.1215
 9.9136	 6.1845
 9.8947	 6.2720
 9.8759	 6.3482
 9.8571	 6.2785
 9.8384	 6.3239
 9.8198	 6.4674
 9.8012	 6.4561
 9.7827	 6.3476
 9.7643	 6.3785
 9.7459	 6.4797
 9.7276	 6.4717
 9.7094	 6.4908
 9.6913	 6.6579
 9.6732	 6.7941
 9.6552	 6.8290
 9.6372	 6.8563
 9.6194	 7.0246
 9.6015	 7.1690
 9.5838	 7.2175
 9.5661	 7.0486
 9.5485	 6.9385
 9.5309	 6.9561
 9.5135	 7.0080
 9.4960	 6.9525
 9.4787	 6.8866
 9.4614	 6.8098
 9.4441	 6.5895
 9.4270	 6.2806
 9.4099	 6.1863
 9.3928	 6.0509
 9.3758	 5.8116
 9.3589	 5.6415
 9.3420	 5.5024
 9.3252	 5.3677
 9.3085	 5.2015
 9.2918	 4.9591
 9.2752	 4.8165
 9.2586	 4.8604
 9.2421	 4.8248
 9.2257	 4.6555
 9.2093	 4.5623
 9.1930	 4.6605
 9.1767	 4.7586
 9.1605	 4.6878
 9.1443	 4.4574
 9.1282	 4.4019
 9.1122	 4.4585
 9.0962	 4.4273
 9.0803	 4.4702
 9.0644	 4.4785
 9.0486	 4.4511
 9.0328	 4.4562
 9.0171	 4.4534
 9.0015	 4.5379
 8.9858	 4.6156
 8.9703	 4.6318
 8.9548	 4.5951
 8.9394	 4.5283
 8.9240	 4.4760
 8.9086	 4.5986
 8.8934	 4.7838
 8.8781	 4.7691
 8.8630	 4.7593
 8.8478	 4.8819
 8.8328	 5.1013
 8.8177	 5.3190
 8.8028	 5.4049
 8.7879	 5.5005
 8.7730	 5.5682
 8.7582	 5.6300
 8.7434	 5.6887
 8.7287	 5.6699
 8.7140	 5.8210
 8.6994	 5.8563
 8.6848	 5.7929
 8.6703	 5.8516
 8.6558	 5.7704
 8.6414	 5.8254
 8.6270	 6.1323
 8.6127	 6.2029
 8.5984	 6.1482
 8.5842	 6.1950
 8.5700	 6.2427
 8.5558	 6.2909
 8.5417	 6.5292
 8.5277	 6.6217
 8.5137	 6.6042
 8.4997	 6.6889
 8.4858	 6.6813
 8.4719	 6.5544
 8.4581	 6.4727
 8.4444	 6.5211
 8.4306	 6.5408
 8.4169	 6.4965
 8.4033	 6.4213
 8.3897	 6.2718
 8.3761	 6.1291
 8.3626	 6.1254
 8.3492	 6.0327
 8.3357	 5.8696
 8.3224	 5.7365
 8.3090	 5.5235
 8.2957	 5.2397
 8.2825	 4.9496
 8.2693	 4.5963
 8.2561	 4.3658
 8.2430	 4.1440
 8.2299	 3.8093
 8.2169	 3.4260
 8.2038	 3.2861
 8.1909	 3.2334
 8.1780	 3.1037
 8.1651	 2.6457
 8.1523	 2.2872
 8.1395	 2.1288
 8.1267	 2.0742
 8.1140	 1.9377
 8.1013	 1.7801
 8.0887	 1.6506
 8.0761	 1.4583
 8.0635	 1.2982
 8.0510	 1.1360
 8.0385	 1.0050
 8.0261	 1.0079
 8.0137	 0.9773
 8.0013	 0.9947
 7.9890	 0.9654
 7.9767	 0.8012
 7.9644	 0.6596
 7.9522	 0.6650
 7.9400	 0.6627
 7.9279	 0.5298
 7.9158	 0.3570
 7.9037	 0.3196
 7.8917	 0.3506
 7.8797	 0.4158
 7.8677	 0.4066
 7.8558	 0.4795
 7.8439	 0.5175
 7.8321	 0.5308
 7.8203	 0.5501
 7.8085	 0.5341
 7.7967	 0.4361
 7.7850	 0.3840
 7.7734	 0.4272
 7.7617	 0.5400
 7.7501	 0.6587
 7.7386	 0.6936
 7.7270	 0.6758
 7.7155	 0.6803
 7.7041	 0.7335
 7.6926	 0.8314
 7.6812	 0.8759
 7.6699	 0.8811
 7.6585	 1.0150
 7.6472	 1.0697
 7.6360	 1.0477
 7.6247	 1.1573
 7.6136	 1.2428
 7.6024	 1.3697
 7.5913	 1.4471
 7.5802	 1.4086
 7.5691	 1.4417
 7.5581	 1.5931
 7.5471	 1.7019
 7.5361	 1.8318
 7.5252	 1.9003
 7.5142	 1.9628
 7.5034	 2.0627
 7.4925	 2.2290
 7.4817	 2.3455
 7.4709	 2.4964
 7.4602	 2.5973
 7.4495	 2.7122
 7.4388	 2.8082
 7.4281	 2.9072
 7.4175	 2.9445
 7.4069	 3.0860
 7.3963	 3.3074
 7.3858	 3.5066
 7.3753	 3.6524
 7.3648	 3.7613
 7.3544	 3.8450
 7.3440	 3.9610
 7.3336	 4.1473
 7.3232	 4.2304
 7.3129	 4.3853
 7.3026	 4.6029
 7.2923	 4.7343
 7.2821	 4.8858
 7.2718	 5.0335
 7.2617	 5.2066
 7.2515	 5.3049
 7.2414	 5.4252
 7.2313	 5.5751
 7.2212	 5.8066
 7.2112	 6.1349
 7.2012	 6.3498
 7.1912	 6.4395
 7.1812	 6.6373
 7.1713	 6.9639
 7.1614	 7.1470
 7.1515	 7.3261
 7.1416	 7.5031
 7.1318	 7.6310
 7.1220	 7.8312
 7.1123	 8.0225
 7.1025	 8.2262
 7.0928	 8.4331
 7.0831	 8.5796
 7.0734	 8.6803
 7.0638	 8.8964
 7.0542	 9.3059
 7.0446	 9.6013
 7.0351	 9.4871
 7.0255	 9.5069
 7.0160	 9.6249
 7.0065	 9.8373
 6.9971	10.0474
 6.9877	10.1570
 6.9782	10.1968
 6.9689	10.4746
 6.9595	10.7753
 6.9502	10.6007
 6.9409	10.5602
 6.9316	10.6960
 6.9223	10.8558
 6.9131	11.0475
 6.9039	11.1777
 6.8947	11.1820
 6.8856	11.2713
 6.8764	11.5003
 6.8673	12.1369
 6.8582	12.2620
 6.8492	11.9002
 6.8402	11.8469
 6.8311	12.0028
 6.8221	12.0600
 6.8132	12.0354
 6.8042	12.2434
 6.7953	12.6708
 6.7864	12.8264
 6.7776	12.7251
 6.7687	12.7541
 6.7599	12.7739
 6.7511	12.7939
 6.7423	12.8356
 6.7336	13.0474
 6.7248	13.3050
 6.7161	13.6211
 6.7074	13.7774
 6.6988	13.6948
 6.6901	13.9109
 6.6815	14.2112
 6.6729	14.1161
 6.6643	14.0787
 6.6558	14.2791
 6.6472	14.8080
 6.6387	15.5266
 6.6302	15.3911
 6.6217	14.9426
 6.6133	14.8422
 6.6049	14.8576
 6.5965	15.1735
 6.5881	15.4130
 6.5797	15.6660
 6.5714	15.9060
 6.5631	15.6240
 6.5548	15.6129
 6.5465	15.6732
 6.5382	15.6253
 6.5300	15.7655
 6.5218	16.0829
 6.5136	15.8643
 6.5054	15.9887
 6.4973	16.7647
 6.4892	16.8383
 6.4810	16.4638
 6.4729	16.1929
 6.4649	15.9198
 6.4568	15.9100
 6.4488	15.9029
 6.4408	15.9180
 6.4328	16.1328
 6.4248	16.3975
 6.4169	17.0976
 6.4089	16.7987
 6.4010	15.9122
 6.3931	15.6382
 6.3853	15.5259
 6.3774	15.5880
 6.3696	15.7016
 6.3618	15.3919
 6.3540	15.3681
 6.3462	15.6893
 6.3384	15.4032
 6.3307	15.0018
 6.3230	14.9244
 6.3153	14.8657
 6.3076	14.8737
 6.2999	14.8539
 6.2923	14.8742
 6.2847	14.9019
 6.2770	14.9726
 6.2694	14.9730
 6.2619	14.9476
 6.2543	14.9804
 6.2468	15.0238
 6.2393	15.0715
 6.2318	15.1248
 6.2243	15.2599
 6.2168	15.3742
 6.2094	15.3837
 6.2020	15.4038
 6.1945	15.5584
 6.1871	16.0289
 6.1798	16.0423
 6.1724	15.8852
 6.1651	16.1520
 6.1578	16.3077
 6.1505	16.2305
 6.1432	16.3447
 6.1359	16.3913
 6.1286	16.4310
 6.1214	16.7912
 6.1142	17.3661
 6.1070	17.2512
 6.0998	16.9769
 6.0926	17.0041
 6.0855	17.1512
 6.0784	17.6717
 6.0712	18.1228
 6.0641	17.9296
 6.0571	18.2631
 6.0500	19.3737
 6.0429	18.9517
 6.0359	18.2453
 6.0289	18.1399
 6.0219	18.3340
 6.0149	18.7324
 6.0079	18.7437
 6.0010	18.7212
 5.9940	19.1412
 5.9871	19.3232
 5.9802	19.0775
 5.9733	19.3467
 5.9664	19.5484
 5.9596	19.2381
 5.9527	19.3371
 5.9459	19.6502
 5.9391	20.3416
 5.9323	20.0820
 5.9255	19.3894
 5.9188	19.2390
 5.9120	19.2061
 5.9053	19.4347
 5.8986	20.1063
 5.8919	20.0425
 5.8852	20.2296
 5.8785	20.3212
 5.8718	19.5580
 5.8652	19.5517
 5.8586	19.3625
 5.8520	19.1119
 5.8454	19.0057
 5.8388	19.0710
 5.8322	19.2512
 5.8257	19.5326
 5.8191	19.4661
 5.8126	18.8365
 5.8061	18.6233
 5.7996	18.6469
 5.7931	18.5764
 5.7866	18.5479
 5.7802	18.4980
 5.7738	18.6662
 5.7673	19.1433
 5.7609	18.6423
 5.7545	18.1983
 5.7481	18.2659
 5.7418	18.1621
 5.7354	18.0764
 5.7291	17.9540
 5.7228	17.9704
 5.7165	18.0578
 5.7102	18.0503
 5.7039	17.7104
 5.6976	17.6113
 5.6914	17.6525
 5.6851	17.4736
 5.6789	17.5020
 5.6727	17.4587
 5.6665	17.2785
 5.6603	17.3601
 5.6541	17.4646
 5.6480	17.7191
 5.6418	18.0619
 5.6357	17.7844
 5.6296	17.5426
 5.6235	17.6036
 5.6174	17.7754
 5.6113	17.8400
 5.6052	17.9496
 5.5992	18.0111
 5.5931	18.0720
 5.5871	18.3683
 5.5811	18.8138
 5.5751	18.9349
 5.5691	18.7901
 5.5631	18.9711
 5.5572	19.3510
 5.5512	19.6615
 5.5453	19.7865
 5.5393	20.0566
 5.5334	20.3685
 5.5275	20.6651
 5.5217	20.9979
 5.5158	21.2891
 5.5099	21.5234
 5.5041	21.8620
 5.4982	22.1505
 5.4924	22.4313
 5.4866	22.6967
 5.4808	23.0495
 5.4750	23.2877
 5.4692	23.6461
 5.4635	24.0025
 5.4577	24.0521
 5.4520	24.1761
 5.4463	24.4846
 5.4405	24.7067
 5.4348	24.8887
 5.4291	25.2775
 5.4235	25.9252
 5.4178	26.0060
 5.4121	25.9587
 5.4065	26.1009
 5.4009	26.2385
 5.3952	26.4927
 5.3896	26.7721
 5.3840	26.9137
 5.3785	27.0806
 5.3729	27.2724
 5.3673	27.4939
 5.3618	27.7038
 5.3562	27.9798
 5.3507	28.3097
 5.3452	28.2660
 5.3397	28.1806
 5.3342	28.3012
 5.3287	28.5183
 5.3232	28.7004
 5.3178	28.8471
 5.3123	29.0443
 5.3069	29.2057
 5.3015	29.4216
 5.2961	29.7035
 5.2907	29.9587
 5.2852	30.0762
 5.2799	30.2649
 5.2745	30.4661
 5.2691	30.7251
 5.2638	30.9705
 5.2584	31.2304
 5.2531	31.5317
 5.2478	31.8329
 5.2425	32.1289
 5.2372	32.4916
 5.2319	32.8312
 5.2267	33.1474
 5.2214	33.4879
 5.2161	34.0392
 5.2109	34.4199
 5.2057	34.6882
 5.2004	35.1009
 5.1952	35.3999
 5.1900	35.7369
 5.1848	36.1814
 5.1796	36.6086
 5.1745	36.9913
 5.1693	37.3233
 5.1642	37.7223
 5.1590	38.1950
 5.1539	38.6867
 5.1488	39.2277
 5.1437	39.5349
 5.1386	39.7886
 5.1335	40.1926
 5.1284	40.5721
 5.1234	40.9390
 5.1183	41.3760
 5.1132	41.8687
 5.1082	42.3055
 5.1032	42.7563
 5.0982	43.1912
 5.0932	43.6188
 5.0882	44.0991
 5.0832	44.5307
 5.0782	44.8223
 5.0732	45.1652
 5.0683	45.5260
 5.0633	45.8187
 5.0584	46.0850
 5.0534	46.4394
 5.0485	46.7921
 5.0436	47.1165
 5.0387	47.3548
 5.0338	47.5713
 5.0289	47.7951
 5.0241	48.0748
 5.0192	48.3384
 5.0144	48.4657
 5.0095	48.5957
 5.0047	48.7364
 4.9998	48.7716
 4.9950	48.8781
 4.9902	49.0096
 4.9854	49.1727
 4.9806	49.3040
 4.9759	49.4188
 4.9711	49.5133
 4.9663	49.5579
 4.9616	49.5922
 4.9568	49.6426
 4.9521	49.5077
 4.9474	49.4310
 4.9426	49.4088
 4.9379	49.2958
 4.9332	49.1768
 4.9286	49.1391
 4.9239	49.0378
 4.9192	48.8727
 4.9145	48.7711
 4.9099	48.7469
 4.9052	48.7084
 4.9006	48.7095
 4.8960	48.7105
 4.8914	48.6782
 4.8867	48.6615
 4.8821	48.7155
 4.8776	48.7221
 4.8730	48.7080
 4.8684	48.7433
 4.8638	48.7996
 4.8593	48.8551
 4.8547	48.9081
 4.8502	48.9756
 4.8456	49.0452
 4.8411	49.0576
 4.8366	49.1390
 4.8321	49.1856
 4.8276	49.2070
 4.8231	49.2433
 4.8186	49.1636
 4.8141	49.1618
 4.8097	49.2322
 4.8052	49.2426
 4.8008	49.1912
 4.7963	49.1434
 4.7919	49.1826
 4.7875	49.1610
 4.7831	49.1072
 4.7786	49.1254
 4.7743	49.2166
 4.7699	49.2455
 4.7655	49.3374
 4.7611	49.4759
 4.7567	49.5282
 4.7524	49.5848
 4.7480	49.6867
 4.7437	49.7111
 4.7393	49.7480
 4.7350	49.8366
 4.7307	49.9171
 4.7264	49.9284
 4.7221	49.8896
 4.7178	49.8749
 4.7135	49.9665
 4.7092	50.0233
 4.7049	50.0199
 4.7007	50.0856
 4.6964	50.1956
 4.6922	50.2435
 4.6879	50.3460
 4.6837	50.4150
 4.6795	50.4562
 4.6752	50.4914
 4.6710	50.5995
 4.6668	50.7204
 4.6626	50.7906
 4.6584	50.8802
 4.6543	51.0632
 4.6501	51.2650
 4.6459	51.4221
 4.6418	51.5424
 4.6376	51.6563
 4.6334	51.8460
 4.6293	52.0843
 4.6252	52.2883
 4.6211	52.4582
 4.6170	52.6179
 4.6128	52.8251
 4.6087	53.0414
 4.6047	53.2723
 4.6006	53.5351
 4.5965	53.7791
 4.5924	53.9991
 4.5884	54.2084
 4.5843	54.4437
 4.5802	54.7148
 4.5762	54.9908
 4.5722	55.2845
 4.5681	55.4963
 4.5641	55.7340
 4.5601	56.0377
 4.5561	56.3509
 4.5521	56.5748
 4.5481	56.8280
 4.5441	57.1415
 4.5401	57.4121
 4.5362	57.6588
 4.5322	57.9441
 4.5282	58.2288
 4.5243	58.5418
 4.5203	58.8736
 4.5164	59.1100
 4.5125	59.3313
 4.5085	59.6008
 4.5046	59.8403
 4.5007	60.0208
 4.4968	60.2865
 4.4929	60.6091
 4.4890	60.8497
 4.4851	61.0566
 4.4813	61.3165
 4.4774	61.6112
 4.4735	61.8625
 4.4697	62.0934
 4.4658	62.2870
 4.4620	62.5326
 4.4581	62.7990
 4.4543	63.0400
 4.4505	63.2281
 4.4467	63.4354
 4.4429	63.7066
 4.4391	63.9372
 4.4353	64.1157
 4.4315	64.3639
 4.4277	64.6124
 4.4239	64.7848
 4.4201	64.9840
 4.4164	65.1924
 4.4126	65.3721
 4.4089	65.6337
 4.4051	65.9034
 4.4014	66.1392
 4.3976	66.3042
 4.3939	66.5017
 4.3902	66.7164
 4.3865	66.9192
 4.3828	67.1404
 4.3791	67.3534
 4.3754	67.5433
 4.3717	67.7704
 4.3680	67.9746
 4.3643	68.1721
 4.3607	68.4171
 4.3570	68.6532
 4.3533	68.8938
 4.3497	69.1277
 4.3460	69.3576
 4.3424	69.5690
 4.3388	69.7613
 4.3351	70.0108
 4.3315	70.2148
 4.3279	70.4670
 4.3243	70.7262
 4.3207	71.0200
 4.3171	71.2629
 4.3135	71.5213
 4.3099	71.7310
 4.3063	71.9766
 4.3028	72.2148
 4.2992	72.5068
 4.2956	72.7382
 4.2921	72.9774
 4.2885	73.1817
 4.2850	73.3381
 4.2815	73.5077
 4.2779	73.7076
 4.2744	73.8374
 4.2709	73.9365
 4.2674	74.0119
 4.2638	74.0776
 4.2603	74.0321
 4.2568	74.0921
 4.2534	74.3745
 4.2499	74.6839
 4.2464	74.9936
 4.2429	75.2798
 4.2394	75.4576
 4.2360	75.6375
 4.2325	75.7619
 4.2291	75.8192
 4.2256	75.8181
 4.2222	75.7565
 4.2187	75.7335
 4.2153	75.7330
 4.2119	75.6770
 4.2085	75.6239
 4.2051	75.6117
 4.2016	75.6287
 4.1982	75.6768
 4.1948	75.7234
 4.1915	75.7291
 4.1881	75.8095
 4.1847	75.9048
 4.1813	75.9551
 4.1780	75.9706
 4.1746	76.0026
 4.1712	76.1010
 4.1679	76.1767
 4.1645	76.2382
 4.1612	76.3152
 4.1578	76.3480
 4.1545	76.3299
 4.1512	76.3382
 4.1479	76.4111
 4.1445	76.4675
 4.1412	76.5144
 4.1379	76.5329
 4.1346	76.5677
 4.1313	76.6221
 4.1280	76.6969
 4.1248	76.7114
 4.1215	76.7040
 4.1182	76.7144
 4.1150	76.7499
 4.1117	76.7729
 4.1084	76.7163
 4.1052	76.7642
 4.1019	76.8391
 4.0987	76.8669
 4.0954	76.9538
 4.0922	76.9493
 4.0890	76.8637
 4.0858	76.9024
 4.0826	76.9682
 4.0793	77.0275
 4.0761	77.0742
 4.0729	77.0483
 4.0697	77.0573
 4.0665	77.0761
 4.0633	77.0568
 4.0602	77.0266
 4.0570	77.0259
 4.0538	77.0318
 4.0507	77.0286
 4.0475	77.0121
 4.0443	77.0458
 4.0412	77.0539
 4.0380	77.0165
 4.0349	77.0237
 4.0317	77.0423
 4.0286	76.9955
 4.0255	76.9557
 4.0224	76.9417
 4.0193	76.8848
 4.0161	76.7839
 4.0130	76.7610
 4.0099	76.7576
 4.0068	76.7793
 4.0037	76.6926
 4.0006	76.6123
 3.9976	76.6025
 3.9945	76.5793
 3.9914	76.4961
 3.9883	76.4176
 3.9853	76.3569
 3.9822	76.3539
 3.9792	76.3375
 3.9761	76.3233
 3.9731	76.3355
 3.9700	76.3784
 3.9670	76.3818
 3.9639	76.4372
 3.9609	76.5155
 3.9579	76.6073
 3.9549	76.6704
 3.9519	76.7405
 3.9489	76.7725
 3.9458	76.7850
 3.9428	76.8543
 3.9398	76.8981
 3.9369	76.9812
 3.9339	77.0497
 3.9309	77.0643
 3.9279	77.1124
 3.9249	77.1676
 3.9220	77.2248
 3.9190	77.2620
 3.9160	77.2332
 3.9131	77.2081
 3.9101	77.2697
 3.9072	77.2779
 3.9042	77.3048
 3.9013	77.3669
 3.8984	77.4259
 3.8954	77.4438
 3.8925	77.4726
 3.8896	77.5050
 3.8867	77.5267
 3.8838	77.4844
 3.8809	77.4521
 3.8780	77.4647
 3.8751	77.5141
 3.8722	77.5155
 3.8693	77.4930
 3.8664	77.5544
 3.8635	77.6003
 3.8606	77.6434
 3.8578	77.6399
 3.8549	77.5737
 3.8520	77.6456
 3.8492	77.6683
 3.8463	77.6534
 3.8435	77.7239
 3.8406	77.8130
 3.8378	77.8543
 3.8349	77.8415
 3.8321	77.7669
 3.8293	77.7829
 3.8264	77.8611
 3.8236	77.8797
 3.8208	77.8547
 3.8180	77.8925
 3.8152	77.9726
 3.8124	78.0097
 3.8096	78.0216
 3.8068	78.0125
 3.8040	77.9664
 3.8012	78.0400
 3.7984	78.0970
 3.7956	78.0755
 3.7929	78.1042
 3.7901	78.1559
 3.7873	78.1907
 3.7845	78.2210
 3.7818	78.1794
 3.7790	78.1590
 3.7763	78.2124
 3.7735	78.2237
 3.7708	78.2011
 3.7681	78.1846
 3.7653	78.2004
 3.7626	78.1721
 3.7599	78.0881
 3.7571	78.0534
 3.7544	78.1165
 3.7517	78.1743
 3.7490	78.1743
 3.7463	78.1982
 3.7436	78.1987
 3.7409	78.1854
 3.7382	78.1330
 3.7355	78.0727
 3.7328	78.1033
 3.7301	78.0972
 3.7274	78.1003
 3.7247	78.0643
 3.7221	78.0704
 3.7194	78.1033
 3.7167	78.0625
 3.7141	78.0344
 3.7114	78.0605
 3.7088	78.0745
 3.7061	78.0007
 3.7035	78.0203
 3.7008	78.0015
 3.6982	77.9814
 3.6955	77.9889
 3.6929	77.9905
 3.6903	77.9845
 3.6877	77.9509
 3.6850	77.8996
 3.6824	77.8767
 3.6798	77.8621
 3.6772	77.8718
 3.6746	77.8873
 3.6720	77.8603
 3.6694	77.8251
 3.6668	77.8166
 3.6642	77.7728
 3.6616	77.7582
 3.6590	77.7331
 3.6564	77.7356
 3.6539	77.7758
 3.6513	77.7471
 3.6487	77.6625
 3.6462	77.6139
 3.6436	77.6403
 3.6410	77.6246
 3.6385	77.5572
 3.6359	77.4990
 3.6334	77.4464
 3.6308	77.4466
 3.6283	77.4828
 3.6258	77.5193
 3.6232	77.5173
 3.6207	77.4377
 3.6182	77.3567
 3.6156	77.3045
 3.6131	77.2455
 3.6106	77.1939
 3.6081	77.1645
 3.6056	77.1386
 3.6031	77.1386
 3.6006	77.1197
 3.5981	77.0825
 3.5956	77.0214
 3.5931	76.9927
 3.5906	77.0261
 3.5881	77.0134
 3.5856	76.9537
 3.5832	76.9204
 3.5807	76.8429
 3.5782	76.7317
 3.5758	76.7106
 3.5733	76.6941
 3.5708	76.7120
 3.5684	76.7032
 3.5659	76.6331
 3.5635	76.5380
 3.5610	76.4681
 3.5586	76.4022
 3.5561	76.3536
 3.5537	76.2909
 3.5513	76.2189
 3.5488	76.2009
 3.5464	76.2126
 3.5440	76.0625
 3.5415	75.9265
 3.5391	75.9392
 3.5367	75.9737
 3.5343	75.9233
 3.5319	75.7697
 3.5295	75.6436
 3.5271	75.5542
 3.5247	75.3810
 3.5223	75.2255
 3.5199	75.0289
 3.5175	74.8545
 3.5151	74.6727
 3.5128	74.4612
 3.5104	74.1897
 3.5080	73.8979
 3.5056	73.7278
 3.5033	73.5768
 3.5009	73.4151
 3.4985	73.3833
 3.4962	73.3577
 3.4938	73.4178
 3.4915	73.5234
 3.4891	73.5155
 3.4868	73.4573
 3.4844	73.4730
 3.4821	73.4860
 3.4798	73.4357
 3.4774	73.4096
 3.4751	73.3873
 3.4728	73.3286
 3.4704	73.4124
 3.4681	73.4554
 3.4658	73.4779
 3.4635	73.4301
 3.4612	73.4255
 3.4589	73.3922
 3.4566	73.2550
 3.4543	73.1139
 3.4520	73.0737
 3.4497	72.9815
 3.4474	72.8625
 3.4451	72.8336
 3.4428	72.6623
 3.4405	72.4620
 3.4382	72.3364
 3.4359	72.2136
 3.4337	72.0582
 3.4314	71.9263
 3.4291	71.7281
 3.4269	71.3466
 3.4246	71.0391
 3.4223	70.8287
 3.4201	70.5687
 3.4178	70.3831
 3.4156	70.3740
 3.4133	70.4054
 3.4111	70.5455
 3.4088	70.6509
 3.4066	70.7366
 3.4043	70.8083
 3.4021	70.9067
 3.3999	71.0363
 3.3977	71.1659
 3.3954	71.2444
 3.3932	71.3037
 3.3910	71.3962
 3.3888	71.3533
 3.3866	71.3052
 3.3844	71.3085
 3.3822	71.2625
 3.3799	71.2054
 3.3777	71.0991
 3.3755	71.0999
 3.3733	71.1724
 3.3712	71.2102
 3.3690	71.2786
 3.3668	71.3105
 3.3646	71.3675
 3.3624	71.4476
 3.3602	71.4792
 3.3580	71.5241
 3.3559	71.5887
 3.3537	71.6029
 3.3515	71.6038
 3.3494	71.5691
 3.3472	71.5402
 3.3451	71.4779
 3.3429	71.4719
 3.3407	71.5356
 3.3386	71.5424
 3.3364	71.5877
 3.3343	71.6246
 3.3321	71.6053
 3.3300	71.5644
 3.3279	71.4859
 3.3257	71.3644
 3.3236	71.3517
 3.3215	71.4216
 3.3194	71.4248
 3.3172	71.4866
 3.3151	71.5708
 3.3130	71.3988
 3.3109	71.1650
 3.3088	71.1423
 3.3066	71.1076
 3.3045	71.0613
 3.3024	71.0503
 3.3003	70.9913
 3.2982	70.9412
 3.2961	70.9092
 3.2940	70.8276
 3.2920	70.6955
 3.2899	70.6110
 3.2878	70.5912
 3.2857	70.5207
 3.2836	70.4503
 3.2815	70.4888
 3.2795	70.4354
 3.2774	70.3667
 3.2753	70.2556
 3.2732	70.1467
 3.2712	70.0847
 3.2691	70.0256
 3.2671	69.9404
 3.2650	69.9443
 3.2630	69.9099
 3.2609	69.8587
 3.2588	69.7821
 3.2568	69.7399
 3.2548	69.6625
 3.2527	69.5977
 3.2507	69.4934
 3.2486	69.3838
 3.2466	69.3321
 3.2446	69.3830
 3.2426	69.4467
 3.2405	69.4108
 3.2385	69.2838
 3.2365	69.1339
 3.2345	69.0258
 3.2324	68.9959
 3.2304	69.0470
 3.2284	68.9849
 3.2264	68.9212
 3.2244	68.8511
 3.2224	68.7170
 3.2204	68.6467
 3.2184	68.6680
 3.2164	68.6491
 3.2144	68.6246
 3.2124	68.5490
 3.2104	68.3480
 3.2084	68.2735
 3.2064	68.2976
 3.2045	68.2900
 3.2025	68.2481
 3.2005	68.2871
 3.1985	68.3136
 3.1966	68.1964
 3.1946	68.1327
 3.1926	68.0562
 3.1907	67.8311
 3.1887	67.7607
 3.1867	67.7623
 3.1848	67.7376
 3.1828	67.7108
 3.1809	67.6791
 3.1789	67.6159
 3.1770	67.5783
 3.1750	67.4972
 3.1731	67.4221
 3.1711	67.4209
 3.1692	67.3197
 3.1673	67.1465
 3.1653	67.1221
 3.1634	67.1111
 3.1615	67.0093
 3.1596	67.0280
 3.1576	67.0307
 3.1557	66.9220
 3.1538	66.9046
 3.1519	66.9018
 3.1500	66.7092
 3.1481	66.6193
 3.1461	66.6902
 3.1442	66.7439
 3.1423	66.6345
 3.1404	66.4744
 3.1385	66.3808
 3.1366	66.3619
 3.1347	66.2677
 3.1328	66.2057
 3.1309	66.2685
 3.1290	66.2177
 3.1272	66.1304
 3.1253	66.0944
 3.1234	66.0775
 3.1215	66.0324
 3.1196	65.9273
 3.1178	65.8269
 3.1159	65.8755
 3.1140	65.7939
 3.1121	65.6539
 3.1103	65.6702
 3.1084	65.6458
 3.1065	65.6088
 3.1047	65.5473
 3.1028	65.4503
 3.1010	65.4329
 3.0991	65.4333
 3.0973	65.3889
 3.0954	65.3434
 3.0936	65.2680
 3.0917	65.2490
 3.0899	65.1690
 3.0880	65.0694
 3.0862	65.0417
 3.0844	65.0374
 3.0825	65.0210
 3.0807	65.0137
 3.0789	65.0131
 3.0770	64.9631
 3.0752	64.9308
 3.0734	64.9029
 3.0716	64.9244
 3.0698	64.9617
 3.0680	64.9234
 3.0661	64.8294
 3.0643	64.7763
 3.0625	64.8059
 3.0607	64.7238
 3.0589	64.6302
 3.0571	64.6524
 3.0553	64.6183
 3.0535	64.5315
 3.0517	64.4700
 3.0499	64.5219
 3.0481	64.5730
 3.0463	64.5428
 3.0445	64.4431
 3.0427	64.4658
 3.0410	64.4227
 3.0392	64.3366
 3.0374	64.3072
 3.0356	64.1989
 3.0338	64.2161
 3.0321	64.2286
 3.0303	64.2251
 3.0285	64.3054
 3.0268	64.2970
 3.0250	64.1420
 3.0232	64.1402
 3.0215	64.1527
 3.0197	64.1324
 3.0179	64.1424
 3.0162	64.1302
 3.0144	64.0997
 3.0127	63.9618
 3.0109	63.7818
 3.0092	63.7621
 3.0074	63.8134
 3.0057	63.8666
 3.0040	63.8633
 3.0022	63.8021
 3.0005	63.7874
 2.9987	63.7075
 2.9970	63.5500
 2.9953	63.4695
 2.9935	63.4686
 2.9918	63.5321
 2.9901	63.5602
 2.9884	63.4934
 2.9867	63.5361
 2.9849	63.6191
 2.9832	63.4953
 2.9815	63.3662
 2.9798	63.3622
 2.9781	63.3113
 2.9764	63.2303
 2.9747	63.2179
 2.9729	63.2644
 2.9712	63.3286
 2.9695	63.3145
 2.9678	63.1638
 2.9661	63.1837
 2.9645	63.2816
 2.9628	63.2172
 2.9611	63.0715
 2.9594	63.1014
 2.9577	63.1558
 2.9560	63.1022
 2.9543	63.1891
 2.9526	63.1615
 2.9510	63.0659
 2.9493	63.0594
 2.9476	63.0734
 2.9459	63.1433
 2.9442	63.1613
 2.9426	63.0251
 2.9409	62.9850
 2.9392	63.0539
 2.9376	63.0702
 2.9359	63.0391
 2.9343	62.9492
 2.9326	62.9569
 2.9309	62.9932
 2.9293	63.0879
 2.9276	63.2110
 2.9260	63.1754
 2.9243	63.1043
 2.9227	63.1306
 2.9210	63.1792
 2.9194	63.1768
 2.9177	63.1748
 2.9161	63.1579
 2.9145	63.1097
 2.9128	63.0741
 2.9112	63.1631
 2.9096	63.1933
 2.9079	63.2119
 2.9063	63.2638
 2.9047	63.2846
 2.9030	63.3249
 2.9014	63.3720
 2.8998	63.3408
 2.8982	63.1845
 2.8966	63.1597
 2.8949	63.2731
 2.8933	63.3206
 2.8917	63.2724
 2.8901	63.2486
 2.8885	63.3373
 2.8869	63.4308
 2.8853	63.5596
 2.8837	63.5597
 2.8821	63.3797
 2.8805	63.3605
 2.8789	63.4370
 2.8773	63.5835
 2.8757	63.7441
 2.8741	63.7510
 2.8725	63.7610
 2.8709	63.8849
 2.8693	63.9191
 2.8677	63.9239
 2.8661	63.9789
 2.8645	63.9680
 2.8630	63.8829
 2.8614	63.8822
 2.8598	64.0059
 2.8582	64.1409
 2.8567	64.2494
 2.8551	64.3884
 2.8535	64.4673
 2.8519	64.4378
 2.8504	64.4692
 2.8488	64.4367
 2.8472	64.3935
 2.8457	64.4120
 2.8441	64.4845
 2.8426	64.6329
 2.8410	64.7520
 2.8394	64.8461
 2.8379	64.9983
 2.8363	64.9758
 2.8348	64.9917
 2.8332	64.9627
 2.8317	64.9714
 2.8302	65.0848
 2.8286	65.1558
 2.8271	65.2531
 2.8255	65.3547
 2.8240	65.3643
 2.8224	65.4844
 2.8209	65.7506
 2.8194	65.8170
 2.8178	65.5585
 2.8163	65.6310
 2.8148	65.8444
 2.8133	65.8777
 2.8117	65.8245
 2.8102	65.9845
 2.8087	66.1377
 2.8072	66.1330
 2.8056	66.3937
 2.8041	67.0101
 2.8026	67.1474
 2.8011	66.7134
 2.7996	66.5997
 2.7981	66.5629
 2.7966	66.6547
 2.7951	66.6625
 2.7936	66.7800
 2.7921	66.8287
 2.7906	66.9681
 2.7890	67.4479
 2.7875	68.0412
 2.7860	67.7537
 2.7845	67.2892
 2.7831	67.5626
 2.7816	67.7594
 2.7801	67.5750
 2.7786	67.6423
 2.7771	67.8812
 2.7756	67.9954
 2.7741	68.3134
 2.7726	68.7539
 2.7712	69.2645
 2.7697	69.1549
 2.7682	69.1280
 2.7667	69.2062
 2.7652	69.2339
 2.7638	69.7639
 2.7623	69.9989
 2.7608	69.5679
 2.7594	69.5563
 2.7579	70.1619
 2.7564	71.8439
 2.7550	72.6882
 2.7535	71.5763
 2.7520	71.4363
 2.7506	71.6822
 2.7491	71.8819
 2.7477	72.0120
 2.7462	72.3544
 2.7447	72.6876
 2.7433	73.2984
 2.7418	74.8441
 2.7404	76.0230
 2.7389	75.7689
 2.7375	74.6841
 2.7361	74.9064
 2.7346	75.5443
 2.7332	75.1713
 2.7317	75.1808
 2.7303	75.4060
 2.7289	75.6242
 2.7274	76.1691
 2.7260	77.4029
 2.7246	78.5766
 2.7231	78.0725
 2.7217	78.8412
 2.7203	80.0543
 2.7188	78.7283
 2.7174	78.0364
 2.7160	77.7348
 2.7146	77.7139
 2.7132	78.0153
 2.7117	79.3933
 2.7103	79.8239
 2.7089	79.0165
 2.7075	78.3209
 2.7061	78.1046
 2.7047	78.1230
 2.7033	78.4696
 2.7018	79.2894
 2.7004	79.6069
 2.6990	79.6686
 2.6976	80.1848
 2.6962	81.2014
 2.6948	82.3831
 2.6934	82.7106
 2.6920	81.7738
 2.6906	81.4536
 2.6892	81.6969
 2.6878	82.0417
 2.6864	82.4439
 2.6850	82.5320
 2.6837	82.6135
 2.6823	82.4350
 2.6809	82.7705
 2.6795	84.0598
 2.6781	84.6581
 2.6767	85.0969
 2.6753	84.3264
 2.6740	83.6248
 2.6726	84.0777
 2.6712	86.4169
 2.6698	86.9313
 2.6685	85.6306
 2.6671	86.8342
 2.6657	87.2997
 2.6644	86.2837
 2.6630	84.8857
 2.6616	84.8872
 2.6603	85.0595
 2.6589	84.8567
 2.6575	84.3837
 2.6562	84.8215
 2.6548	84.9072
 2.6534	85.1483
 2.6521	85.3210
 2.6507	84.7327
 2.6494	84.4531
 2.6480	84.5855
 2.6467	84.8421
 2.6453	84.9562
 2.6440	84.5783
 2.6426	84.7267
 2.6413	84.7796
 2.6399	84.6811
 2.6386	84.5671
 2.6372	84.5833
 2.6359	84.7249
 2.6346	85.2691
 2.6332	85.2952
 2.6319	85.7306
 2.6306	86.9419
 2.6292	86.0164
 2.6279	85.6811
 2.6266	86.3058
 2.6252	85.1627
 2.6239	84.5379
 2.6226	84.7530
 2.6212	86.1296
 2.6199	86.6057
 2.6186	86.0431
 2.6173	87.0289
 2.6160	86.4499
 2.6146	85.2073
 2.6133	85.2932
 2.6120	85.1503
 2.6107	85.3744
 2.6094	85.6852
 2.6081	85.6816
 2.6067	86.3695
 2.6054	87.1727
 2.6041	86.4007
 2.6028	85.5853
 2.6015	85.3894
 2.6002	85.1399
 2.5989	84.8722
 2.5976	85.3002
 2.5963	87.0654
 2.5950	89.3394
 2.5937	87.6159
 2.5924	85.4724
 2.5911	85.0535
 2.5898	85.2869
 2.5885	85.8211
 2.5872	86.2023
 2.5859	85.6966
 2.5847	86.3425
 2.5834	86.4769
 2.5821	85.6902
 2.5808	85.6453
 2.5795	85.0321
 2.5782	85.2749
 2.5770	85.8324
 2.5757	85.4160
 2.5744	85.6375
 2.5731	86.0622
 2.5718	85.2725
 2.5706	85.5746
 2.5693	85.7555
 2.5680	85.0728
 2.5667	84.8011
 2.5655	85.4273
 2.5642	86.1751
 2.5629	86.2820
 2.5617	86.3212
 2.5604	85.8384
 2.5591	85.0337
 2.5579	84.7101
 2.5566	84.7511
 2.5554	84.7614
 2.5541	85.0296
 2.5528	85.5341
 2.5516	85.4838
 2.5503	85.2468
 2.5491	85.1101
 2.5478	85.2653
 2.5466	85.1487
 2.5453	85.0417
 2.5441	85.0562
 2.5428	85.0343
 2.5416	84.8220
 2.5403	84.7621
 2.5391	84.8334
 2.5379	84.9701
 2.5366	85.1639
 2.5354	85.0809
 2.5341	84.9503
 2.5329	85.1345
 2.5317	85.1557
 2.5304	85.0189
 2.5292	84.8334
 2.5280	84.7823
 2.5267	84.7520
 2.5255	84.7826
 2.5243	84.9352
 2.5230	85.0012
 2.5218	84.9226
 2.5206	84.8604
 2.5194	84.8945
 2.5181	84.9288
 2.5169	84.8978
 2.5157	84.8197
 2.5145	84.8472
 2.5133	84.8566
 2.5120	84.8330
 2.5108	84.8176
 2.5096	84.7225
 2.5084	84.7635
 2.5072	84.9143
 2.5060	84.9559
 2.5048	84.9553
 2.5035	84.9707
 2.5023	84.9085
 2.5011	84.8514
 2.4999	84.9121
 2.4987	84.9487
 2.4975	84.9053
 2.4963	84.8441
 2.4951	84.8064
 2.4939	84.8860
 2.4927	84.9423
 2.4915	84.9817
 2.4903	84.9817
 2.4891	84.9682
 2.4879	84.9021
 2.4867	84.8382
 2.4855	84.8419
 2.4844	84.9111
 2.4832	85.0750
 2.4820	85.1362
 2.4808	85.0511
 2.4796	84.9225
 2.4784	84.8863
 2.4772	85.0305
 2.4760	85.0871
 2.4749	85.0467
 2.4737	85.1100
 2.4725	85.1196
 2.4713	85.0573
 2.4701	85.0849
 2.4690	85.0893
 2.4678	85.0049
 2.4666	85.0076
 2.4655	85.0078
 2.4643	85.0515
 2.4631	85.0712
 2.4619	85.0846
 2.4608	84.9736
 2.4596	84.8917
 2.4584	84.9319
 2.4573	85.0798
 2.4561	85.0948
 2.4549	84.9568
 2.4538	84.9812
 2.4526	85.1439
 2.4515	85.1915
 2.4503	85.1520
 2.4491	85.1359
 2.4480	85.1982
 2.4468	85.1829
 2.4457	85.0961
 2.4445	85.0466
 2.4434	85.0471
 2.4422	85.1496
 2.4411	85.1929
 2.4399	85.1604
 2.4388	85.1912
 2.4376	85.1707
 2.4365	85.1982
 2.4353	85.2028
 2.4342	85.1488
 2.4331	85.1831
 2.4319	85.1765
 2.4308	85.2139
 2.4296	85.2518
 2.4285	85.2170
 2.4274	85.2224
 2.4262	85.1607
 2.4251	85.1509
 2.4240	85.2685
 2.4228	85.3574
 2.4217	85.3526
 2.4206	85.3014
 2.4194	85.3514
 2.4183	85.3658
 2.4172	85.3404
 2.4160	85.3112
 2.4149	85.2394
 2.4138	85.2513
 2.4127	85.2494
 2.4116	85.1597
 2.4104	85.1805
 2.4093	85.2494
 2.4082	85.3144
 2.4071	85.4320
 2.4059	85.5010
 2.4048	85.4445
 2.4037	85.3859
 2.4026	85.3863
 2.4015	85.3530
 2.4004	85.3112
 2.3993	85.3551
 2.3982	85.3863
 2.3971	85.2970
 2.3960	85.2773
 2.3948	85.3679
 2.3937	85.3015
 2.3926	85.2452
 2.3915	85.3995
 2.3904	85.3751
 2.3893	85.2942
 2.3882	85.3104
 2.3871	85.3770
 2.3860	85.5299
 2.3849	85.5650
 2.3838	85.5280
 2.3827	85.4130
 2.3816	85.2671
 2.3805	85.2749
 2.3795	85.3399
 2.3784	85.4161
 2.3773	85.4850
 2.3762	85.4991
 2.3751	85.6338
 2.3740	85.6866
 2.3729	85.6269
 2.3718	85.5916
 2.3708	85.5397
 2.3697	85.4419
 2.3686	85.3863
 2.3675	85.4688
 2.3664	85.4580
 2.3653	85.4300
 2.3643	85.5015
 2.3632	85.4953
 2.3621	85.4853
 2.3610	85.4786
 2.3600	85.4616
 2.3589	85.4457
 2.3578	85.4279
 2.3567	85.4561
 2.3557	85.4284
 2.3546	85.4180
 2.3535	85.4940
 2.3525	85.5388
 2.3514	85.5277
 2.3503	85.4954
 2.3493	85.4814
 2.3482	85.4979
 2.3471	85.5377
 2.3461	85.4805
 2.3450	85.4089
 2.3440	85.4165
 2.3429	85.3819
 2.3418	85.3830
 2.3408	85.4464
 2.3397	85.5570
 2.3387	85.5307
 2.3376	85.4380
 2.3366	85.4133
 2.3355	85.4302
 2.3345	85.4489
 2.3334	85.3958
 2.3324	85.2347
 2.3313	85.2992
 2.3303	85.4966
 2.3292	85.5953
 2.3282	85.5570
 2.3271	85.4758
 2.3261	85.4506
 2.3250	85.4553
 2.3240	85.4704
 2.3230	85.4390
 2.3219	85.5047
 2.3209	85.5331
 2.3198	85.5277
 2.3188	85.5181
 2.3178	85.3668
 2.3167	85.2665
 2.3157	85.3270
 2.3147	85.4746
 2.3136	85.5316
 2.3126	85.5705
 2.3116	85.5065
 2.3105	85.3916
 2.3095	85.4738
 2.3085	85.4274
 2.3074	85.3727
 2.3064	85.3530
 2.3054	85.3633
 2.3044	85.5348
 2.3034	85.5193
 2.3023	85.4702
 2.3013	85.5209
 2.3003	85.5208
 2.2993	85.4353
 2.2982	85.3579
 2.2972	85.2596
 2.2962	85.2021
 2.2952	85.3099
 2.2942	85.4059
 2.2932	85.4645
 2.2921	85.6059
 2.2911	85.5356
 2.2901	85.3770
 2.2891	85.3655
 2.2881	85.3911
 2.2871	85.3986
 2.2861	85.4680
 2.2851	85.4239
 2.2841	85.3260
 2.2831	85.3251
 2.2821	85.4631
 2.2811	85.6189
 2.2801	85.4602
 2.2790	85.3544
 2.2780	85.4187
 2.2771	85.4379
 2.2761	85.5652
 2.2750	85.4742
 2.2740	85.4094
 2.2731	85.3850
 2.2721	85.3859
 2.2711	85.4713
 2.2701	85.4699
 2.2691	85.4129
 2.2681	85.4051
 2.2671	85.3861
 2.2661	85.4485
 2.2651	85.4326
 2.2641	85.3850
 2.2631	85.3789
 2.2621	85.3871
 2.2612	85.4162
 2.2602	85.4141
 2.2592	85.3293
 2.2582	85.3001
 2.2572	85.3115
 2.2562	85.3498
 2.2553	85.4017
 2.2543	85.4382
 2.2533	85.4948
 2.2523	85.5717
 2.2513	85.4837
 2.2504	85.3698
 2.2494	85.3969
 2.2484	85.4680
 2.2474	85.3718
 2.2465	85.3869
 2.2455	85.5727
 2.2445	85.5005
 2.2435	85.3762
 2.2426	85.3748
 2.2416	85.5033
 2.2406	85.5639
 2.2397	85.5005
 2.2387	85.5342
 2.2377	85.5850
 2.2368	85.5850
 2.2358	85.5229
 2.2348	85.3851
 2.2339	85.3626
 2.2329	85.6010
 2.2320	85.6232
 2.2310	85.4301
 2.2300	85.4051
 2.2291	85.3922
 2.2281	85.4278
 2.2272	85.3290
 2.2262	85.1877
 2.2252	85.1846
 2.2243	85.4004
 2.2233	85.5085
 2.2224	85.5232
 2.2214	85.5334
 2.2205	85.5358
 2.2195	85.4872
 2.2186	85.4660
 2.2176	85.4810
 2.2167	85.4656
 2.2157	85.5386
 2.2148	85.5759
 2.2138	85.6311
 2.2129	85.5653
 2.2120	85.4020
 2.2110	85.4085
 2.2101	85.5093
 2.2091	85.6484
 2.2082	85.7292
 2.2073	85.7062
 2.2063	85.6362
 2.2054	85.5168
 2.2044	85.4598
 2.2035	85.4631
 2.2026	85.4195
 2.2016	85.4100
 2.2007	85.5091
 2.1998	85.5432
 2.1988	85.5168
 2.1979	85.6307
 2.1970	85.8158
 2.1960	85.6414
 2.1951	85.4695
 2.1942	85.4740
 2.1932	85.5426
 2.1923	85.5656
 2.1914	85.5795
 2.1905	85.6094
 2.1895	85.6343
 2.1886	85.6516
 2.1877	85.6105
 2.1868	85.6149
 2.1858	85.6715
 2.1849	85.6257
 2.1840	85.6569
 2.1831	85.6434
 2.1822	85.6435
 2.1812	85.6787
 2.1803	85.6781
 2.1794	85.6770
 2.1785	85.6223
 2.1776	85.6283
 2.1767	85.7063
 2.1758	85.7483
 2.1749	85.7372
 2.1739	85.7330
 2.1730	85.6292
 2.1721	85.5919
 2.1712	85.5840
 2.1703	85.6374
 2.1694	85.7650
 2.1685	85.7416
 2.1676	85.8479
 2.1667	85.8402
 2.1658	85.6226
 2.1649	85.6216
 2.1639	85.7830
 2.1631	85.8703
 2.1622	85.8064
 2.1612	85.8388
 2.1604	85.9083
 2.1595	85.9179
 2.1585	85.7301
 2.1576	85.6752
 2.1568	85.8140
 2.1559	85.8301
 2.1550	85.8218
 2.1541	85.7720
 2.1532	85.6724
 2.1523	85.6974
 2.1514	85.7745
 2.1505	85.6431
 2.1496	85.5338
 2.1487	85.6697
 2.1478	85.8377
 2.1469	85.8532
 2.1460	85.7625
 2.1452	85.6389
 2.1443	85.5650
 2.1434	85.6057
 2.1425	85.6896
 2.1416	85.7958
 2.1407	85.9241
 2.1398	85.9777
 2.1390	85.9625
 2.1381	85.9297
 2.1372	85.8082
 2.1363	85.7556
 2.1354	85.7905
 2.1345	85.7571
 2.1337	85.8357
 2.1328	86.0078
 2.1319	86.0054
 2.1311	85.7810
 2.1302	85.8337
 2.1293	86.0598
 2.1284	86.0710
 2.1275	86.0176
 2.1267	85.9578
 2.1258	85.7834
 2.1249	85.7715
 2.1241	85.8554
 2.1232	85.9113
 2.1223	85.8350
 2.1214	85.8306
 2.1206	85.9093
 2.1197	85.9760
 2.1189	85.8626
 2.1180	85.8395
 2.1171	85.9062
 2.1163	85.9304
 2.1154	85.8931
 2.1145	85.8183
 2.1137	85.7884
 2.1128	85.8894
 2.1120	85.9443
 2.1111	86.0484
 2.1102	85.9268
 2.1094	85.8298
 2.1085	86.0098
 2.1077	86.0592
 2.1068	85.8822
 2.1059	85.7452
 2.1051	85.7171
 2.1042	85.7051
 2.1034	85.6416
 2.1025	85.7160
 2.1017	85.9319
 2.1008	86.0583
 2.1000	85.8935
 2.0991	85.8290
 2.0983	85.9468
 2.0974	85.9601
 2.0966	85.8537
 2.0957	85.9186
 2.0949	86.0048
 2.0940	85.8549
 2.0932	85.6909
 2.0924	85.6849
 2.0915	85.6635
 2.0907	85.7817
 2.0898	85.8379
 2.0890	85.8175
 2.0881	85.9340
 2.0873	85.8953
 2.0865	85.7376
 2.0856	85.9252
 2.0848	85.9938
 2.0839	85.9580
 2.0831	85.9974
 2.0823	85.9575
 2.0814	85.8605
 2.0806	85.9857
 2.0798	86.0421
 2.0789	85.8496
 2.0781	85.8053
 2.0773	85.8761
 2.0764	85.9475
 2.0756	85.8420
 2.0748	85.7777
 2.0739	85.8143
 2.0731	85.6310
 2.0723	85.4960
 2.0715	85.7227
 2.0706	86.0515
 2.0698	86.0420
 2.0690	86.0394
 2.0681	86.1091
 2.0673	85.9397
 2.0665	85.7452
 2.0657	85.7157
 2.0648	85.9448
 2.0640	86.2500
 2.0632	86.1817
 2.0624	86.0514
 2.0616	86.0657
 2.0607	85.9220
 2.0599	86.0421
 2.0591	86.0089
 2.0583	85.7545
 2.0575	85.6221
 2.0567	85.5470
 2.0558	85.6887
 2.0550	85.7634
 2.0542	85.7355
 2.0534	85.9319
 2.0526	86.1990
 2.0518	86.1635
 2.0510	85.9336
 2.0501	85.7492
 2.0493	85.9107
 2.0485	86.0085
 2.0477	85.9166
 2.0469	85.8616
 2.0461	85.9210
 2.0453	86.0199
 2.0445	86.0750
 2.0437	86.0047
 2.0429	85.9556
 2.0421	85.9265
 2.0413	85.9002
 2.0405	85.9153
 2.0397	85.9767
 2.0389	86.0168
 2.0381	86.0516
 2.0373	85.9233
 2.0365	85.7802
 2.0357	85.7729
 2.0349	85.8704
 2.0341	85.8995
 2.0333	85.8711
 2.0325	85.9575
 2.0317	86.0108
 2.0309	85.9351
 2.0301	85.9174
 2.0293	86.0194
 2.0285	86.0174
 2.0277	85.9569
 2.0269	86.0402
 2.0261	85.9586
 2.0253	85.9540
 2.0245	86.1019
 2.0237	86.1018
 2.0229	85.9336
 2.0222	85.8408
 2.0214	85.7808
 2.0206	85.7149
 2.0198	85.7887
 2.0190	85.9484
 2.0182	86.0018
 2.0174	85.9541
 2.0167	85.8634
 2.0159	85.8765
 2.0151	85.8578
 2.0143	85.8889
 2.0135	85.8236
 2.0128	85.9991
 2.0120	86.0068
 2.0112	85.9163
 2.0104	85.8416
 2.0096	85.9173
 2.0088	86.0674
 2.0081	86.0837
 2.0073	85.8576
 2.0065	85.9395
 2.0057	85.9913
 2.0050	85.8410
 2.0042	85.7373
 2.0034	85.8058
 2.0026	85.7813
 2.0019	85.8416
 2.0011	86.0391
 2.0003	85.9859
