Name: Cordierite Mg2Al4Si5O18
Type: Mineral
Class: Silicate
Subclass: Cyclosilicate
Particle Size: Coarse
Sample No.: cordier_2
Owner: JHU
Wavelength Range: TIR
Origin: Sample from Orijarvi, Finland via the Smithsonian  (sampleno. NMNH 78228). 
Collection Date: N/A
Description: The sample consists of three pieces, each about 2 cm x 4 cm x 1 cm.  There are some heterogeneities in color, but the samples are predominantly blue-gray.  They appear fairly pure, but do have a few veins with discoloration along them.  Under the petrographic microscope all samples appear to be cordierite, but grains have a small amount of alteration and some microcrystalline inclusions. Particle size was 74-250 Micrometers.(Ring Silicates) Original ASTER Spectral Library name was jhu.nicolet.mineral.silicate.cyclosilicate.coarse.cordie2.spectrum.txt
Measurement: Bidirectional reflectance
First Column: X
Second Column: Y
X Units: Wavelength (micrometers)
Y Units:Reflectance (percent)
First X Value: 25.0442
Last X Value:  2.0795
Number of X Values: 2287
Additional Information: mineral.silicate.cyclosilicate.coarse.tir.cordier_2.jhu.nicolet.ancillary.txt

25.0442	 7.9370
24.9238	 7.8882
24.8045	 7.9182
24.6864	 8.0764
24.5694	 8.1760
24.4536	 8.1382
24.3388	 8.4560
24.2250	 8.7138
24.1124	 8.7368
24.0007	 8.6885
23.8901	 8.5793
23.7805	 8.2905
23.6719	 7.8852
23.5643	 7.4038
23.4577	 6.4946
23.3520	 5.5864
23.2473	 4.9516
23.1435	 4.5669
23.0407	 4.4819
22.9387	 4.6050
22.8377	 4.7734
22.7375	 5.0173
22.6382	 5.2551
22.5398	 5.4116
22.4422	 5.5998
22.3455	 5.7685
22.2496	 5.8161
22.1545	 5.8491
22.0602	 5.8423
21.9668	 5.6951
21.8741	 5.4680
21.7822	 5.2012
21.6910	 4.9407
21.6007	 4.7639
21.5110	 4.8125
21.4221	 5.0029
21.3340	 5.2129
21.2465	 5.3838
21.1598	 5.5718
21.0738	 5.7534
20.9885	 5.9890
20.9038	 6.2283
20.8199	 6.4143
20.7366	 6.6201
20.6540	 6.7905
20.5720	 6.8403
20.4907	 6.7295
20.4100	 6.5278
20.3300	 6.2431
20.2506	 5.8105
20.1718	 5.3845
20.0936	 5.0220
20.0160	 4.7698
19.9391	 4.5847
19.8627	 4.4160
19.7869	 4.2222
19.7116	 3.9766
19.6370	 3.5117
19.5628	 3.0351
19.4893	 2.6599
19.4163	 2.2891
19.3439	 1.9531
19.2719	 1.7498
19.2006	 1.6440
19.1297	 1.6321
19.0594	 1.7012
18.9896	 1.7620
18.9203	 1.8359
18.8515	 1.8833
18.7832	 1.8894
18.7153	 1.9404
18.6480	 2.0417
18.5812	 2.1396
18.5148	 2.2183
18.4489	 2.2666
18.3835	 2.2998
18.3185	 2.3171
18.2541	 2.3894
18.1900	 2.4448
18.1264	 2.4973
18.0633	 2.5586
18.0005	 2.6196
17.9382	 2.6958
17.8764	 2.8330
17.8150	 2.9775
17.7539	 3.0854
17.6934	 3.1709
17.6332	 3.1985
17.5734	 3.1792
17.5140	 3.1013
17.4551	 3.0244
17.3965	 2.9624
17.3383	 2.9927
17.2805	 3.0942
17.2231	 3.2371
17.1661	 3.3486
17.1094	 3.3921
17.0531	 3.3511
16.9972	 3.1851
16.9417	 2.9368
16.8865	 2.7258
16.8317	 2.6206
16.7772	 2.4993
16.7231	 2.3628
16.6693	 2.2539
16.6159	 2.1936
16.5628	 2.2126
16.5100	 2.2368
16.4576	 2.2805
16.4055	 2.3647
16.3538	 2.4192
16.3024	 2.4687
16.2513	 2.5603
16.2005	 2.6089
16.1500	 2.5835
16.0998	 2.5769
16.0500	 2.5547
16.0005	 2.4966
15.9513	 2.4131
15.9023	 2.3284
15.8537	 2.2212
15.8054	 2.1365
15.7573	 2.1167
15.7096	 2.0908
15.6621	 2.0444
15.6149	 2.0735
15.5680	 2.1301
15.5214	 2.1558
15.4751	 2.1816
15.4290	 2.1875
15.3832	 2.2187
15.3377	 2.2522
15.2925	 2.2676
15.2475	 2.2834
15.2028	 2.2961
15.1583	 2.3076
15.1141	 2.3535
15.0702	 2.3757
15.0265	 2.4145
14.9831	 2.4788
14.9399	 2.5398
14.8970	 2.5893
14.8543	 2.5996
14.8119	 2.5715
14.7697	 2.5264
14.7277	 2.4521
14.6860	 2.3923
14.6445	 2.3389
14.6033	 2.3042
14.5622	 2.2942
14.5214	 2.2864
14.4809	 2.2998
14.4405	 2.3313
14.4004	 2.3870
14.3605	 2.4326
14.3209	 2.4434
14.2814	 2.4409
14.2422	 2.4316
14.2032	 2.4348
14.1643	 2.4226
14.1258	 2.4238
14.0874	 2.4453
14.0492	 2.4646
14.0112	 2.4788
13.9734	 2.5168
13.9359	 2.5659
13.8985	 2.5735
13.8614	 2.5762
13.8244	 2.6272
13.7876	 2.6777
13.7511	 2.6999
13.7147	 2.7336
13.6785	 2.7827
13.6425	 2.8115
13.6067	 2.8613
13.5711	 2.9253
13.5356	 2.9827
13.5004	 3.0376
13.4653	 3.1077
13.4304	 3.1829
13.3957	 3.2314
13.3612	 3.2388
13.3269	 3.2280
13.2927	 3.2383
13.2587	 3.3086
13.2249	 3.4316
13.1912	 3.5803
13.1577	 3.7764
13.1244	 4.0073
13.0913	 4.2400
13.0583	 4.4631
13.0255	 4.6780
12.9929	 4.8511
12.9604	 4.9734
12.9281	 5.0227
12.8959	 4.9888
12.8639	 4.8752
12.8321	 4.7026
12.8004	 4.5002
12.7688	 4.2844
12.7375	 4.0652
12.7063	 3.8511
12.6752	 3.6440
12.6443	 3.4372
12.6135	 3.1672
12.5829	 2.8652
12.5524	 2.5923
12.5221	 2.3206
12.4919	 2.0950
12.4619	 1.9436
12.4320	 1.8186
12.4023	 1.7722
12.3727	 1.8027
12.3432	 1.8232
12.3139	 1.8430
12.2847	 1.8874
12.2557	 1.9311
12.2268	 1.9656
12.1980	 2.0107
12.1694	 2.0557
12.1409	 2.0784
12.1125	 2.0920
12.0843	 2.1248
12.0562	 2.1660
12.0282	 2.1914
12.0004	 2.2178
11.9726	 2.2427
11.9450	 2.2754
11.9176	 2.3237
11.8903	 2.3508
11.8631	 2.3831
11.8360	 2.4202
11.8090	 2.4556
11.7822	 2.4834
11.7555	 2.5222
11.7289	 2.5420
11.7024	 2.5674
11.6760	 2.5908
11.6498	 2.6374
11.6237	 2.6880
11.5977	 2.7136
11.5718	 2.7361
11.5460	 2.7739
11.5203	 2.8047
11.4948	 2.8445
11.4694	 2.8965
11.4440	 2.9534
11.4188	 2.9785
11.3937	 3.0398
11.3688	 3.1030
11.3439	 3.1553
11.3191	 3.2112
11.2944	 3.2842
11.2699	 3.3545
11.2455	 3.4294
11.2211	 3.5222
11.1969	 3.6245
11.1727	 3.7439
11.1487	 3.8774
11.1248	 4.0342
11.1010	 4.1785
11.0773	 4.3369
11.0536	 4.4763
11.0301	 4.5310
11.0067	 4.5012
10.9834	 4.3848
10.9602	 4.2063
10.9370	 4.0588
10.9140	 4.0102
10.8911	 3.9751
10.8682	 3.8867
10.8455	 3.7261
10.8229	 3.5593
10.8003	 3.5056
10.7779	 3.6177
10.7555	 3.8518
10.7332	 4.1306
10.7111	 4.4328
10.6890	 4.7529
10.6670	 5.0671
10.6451	 5.3865
10.6233	 5.7246
10.6015	 6.0386
10.5799	 6.3389
10.5584	 6.6926
10.5369	 7.0530
10.5155	 7.4197
10.4942	 7.8174
10.4730	 8.2297
10.4519	 8.5879
10.4309	 8.8596
10.4099	 9.0666
10.3891	 9.2090
10.3683	 9.2971
10.3476	 9.3716
10.3270	 9.4304
10.3065	 9.4485
10.2860	 9.4575
10.2656	 9.4692
10.2454	 9.4555
10.2251	 9.4404
10.2050	 9.4531
10.1850	 9.4470
10.1650	 9.3911
10.1451	 9.3220
10.1253	 9.2199
10.1056	 9.0288
10.0859	 8.7602
10.0663	 8.4082
10.0468	 7.9482
10.0274	 7.4133
10.0080	 6.8799
 9.9887	 6.3928
 9.9695	 5.9817
 9.9504	 5.6406
 9.9313	 5.3262
 9.9123	 5.0591
 9.8934	 4.8782
 9.8746	 4.7483
 9.8558	 4.6357
 9.8371	 4.5408
 9.8185	 4.4922
 9.7999	 4.4907
 9.7814	 4.5327
 9.7630	 4.6457
 9.7447	 4.7854
 9.7264	 4.8804
 9.7082	 4.8679
 9.6900	 4.7434
 9.6719	 4.5510
 9.6539	 4.3733
 9.6360	 4.2517
 9.6181	 4.1850
 9.6003	 4.1687
 9.5825	 4.2046
 9.5649	 4.2588
 9.5472	 4.2910
 9.5297	 4.3166
 9.5122	 4.3296
 9.4948	 4.3159
 9.4774	 4.3066
 9.4601	 4.2966
 9.4429	 4.2524
 9.4257	 4.2007
 9.4086	 4.1706
 9.3916	 4.1250
 9.3746	 4.0654
 9.3577	 4.0129
 9.3408	 3.9719
 9.3240	 3.9150
 9.3073	 3.8508
 9.2906	 3.8010
 9.2740	 3.7397
 9.2574	 3.6667
 9.2409	 3.6064
 9.2245	 3.5532
 9.2081	 3.5000
 9.1918	 3.4329
 9.1755	 3.3672
 9.1593	 3.3103
 9.1431	 3.2573
 9.1270	 3.2017
 9.1110	 3.1497
 9.0950	 3.1045
 9.0791	 3.0696
 9.0632	 3.0444
 9.0474	 3.0408
 9.0316	 3.0376
 9.0159	 3.0122
 9.0003	 2.9971
 8.9847	 3.0002
 8.9691	 3.0051
 8.9536	 3.0102
 8.9382	 3.0369
 8.9228	 3.0613
 8.9075	 3.0933
 8.8922	 3.1426
 8.8770	 3.1863
 8.8618	 3.2063
 8.8467	 3.2168
 8.8316	 3.2444
 8.8166	 3.3035
 8.8016	 3.3940
 8.7867	 3.5117
 8.7718	 3.6172
 8.7570	 3.6746
 8.7422	 3.6655
 8.7275	 3.5564
 8.7129	 3.3779
 8.6982	 3.2192
 8.6837	 3.1497
 8.6692	 3.1658
 8.6547	 3.2424
 8.6403	 3.3635
 8.6259	 3.5378
 8.6116	 3.7475
 8.5973	 3.9365
 8.5830	 4.0398
 8.5688	 4.0720
 8.5547	 4.1318
 8.5406	 4.3284
 8.5266	 4.6374
 8.5126	 4.9521
 8.4986	 5.1997
 8.4847	 5.4067
 8.4708	 5.5849
 8.4570	 5.7356
 8.4432	 5.8642
 8.4295	 5.9736
 8.4158	 6.0620
 8.4022	 6.1389
 8.3886	 6.2248
 8.3750	 6.3115
 8.3615	 6.4028
 8.3481	 6.4997
 8.3347	 6.5957
 8.3213	 6.6941
 8.3079	 6.7927
 8.2946	 6.8896
 8.2814	 6.9907
 8.2682	 7.0805
 8.2550	 7.1579
 8.2419	 7.2280
 8.2288	 7.2839
 8.2158	 7.3320
 8.2028	 7.3825
 8.1898	 7.4214
 8.1769	 7.4424
 8.1640	 7.4341
 8.1512	 7.3474
 8.1384	 7.1821
 8.1256	 6.9551
 8.1129	 6.6806
 8.1002	 6.3896
 8.0876	 6.1067
 8.0750	 5.8154
 8.0624	 5.5205
 8.0499	 5.2436
 8.0374	 4.9753
 8.0250	 4.7014
 8.0126	 4.4350
 8.0002	 4.1914
 7.9879	 3.9541
 7.9756	 3.7212
 7.9634	 3.5022
 7.9512	 3.2934
 7.9390	 3.0918
 7.9268	 2.8848
 7.9147	 2.6843
 7.9027	 2.5056
 7.8906	 2.3325
 7.8786	 2.1572
 7.8667	 1.9810
 7.8548	 1.8152
 7.8429	 1.6511
 7.8310	 1.4841
 7.8192	 1.3286
 7.8075	 1.1819
 7.7957	 1.0457
 7.7840	 0.9236
 7.7723	 0.8171
 7.7607	 0.7346
 7.7491	 0.6655
 7.7375	 0.6135
 7.7260	 0.5752
 7.7145	 0.5498
 7.7031	 0.5388
 7.6916	 0.5315
 7.6802	 0.5334
 7.6689	 0.5454
 7.6575	 0.5576
 7.6462	 0.5654
 7.6350	 0.5691
 7.6238	 0.5815
 7.6126	 0.5974
 7.6014	 0.6106
 7.5903	 0.6279
 7.5792	 0.6453
 7.5681	 0.6562
 7.5571	 0.6599
 7.5461	 0.6770
 7.5351	 0.6995
 7.5242	 0.7119
 7.5133	 0.7212
 7.5024	 0.7302
 7.4916	 0.7466
 7.4807	 0.7598
 7.4700	 0.7624
 7.4592	 0.7759
 7.4485	 0.7944
 7.4378	 0.8027
 7.4272	 0.8130
 7.4165	 0.8242
 7.4059	 0.8298
 7.3954	 0.8420
 7.3848	 0.8584
 7.3743	 0.8657
 7.3639	 0.8601
 7.3534	 0.8667
 7.3430	 0.8821
 7.3326	 0.8914
 7.3223	 0.9023
 7.3119	 0.9019
 7.3016	 0.9048
 7.2914	 0.9104
 7.2811	 0.9145
 7.2709	 0.9228
 7.2607	 0.9346
 7.2506	 0.9407
 7.2404	 0.9441
 7.2303	 0.9514
 7.2203	 0.9604
 7.2102	 0.9663
 7.2002	 0.9734
 7.1902	 0.9832
 7.1803	 0.9885
 7.1703	 0.9907
 7.1604	 1.0027
 7.1506	 1.0183
 7.1407	 1.0259
 7.1309	 1.0291
 7.1211	 1.0315
 7.1113	 1.0415
 7.1016	 1.0493
 7.0919	 1.0525
 7.0822	 1.0605
 7.0725	 1.0625
 7.0629	 1.0627
 7.0533	 1.0676
 7.0437	 1.0781
 7.0341	 1.0874
 7.0246	 1.0977
 7.0151	 1.0996
 7.0056	 1.0937
 6.9962	 1.1001
 6.9867	 1.1140
 6.9773	 1.1138
 6.9679	 1.1138
 6.9586	 1.1174
 6.9493	 1.1179
 6.9400	 1.1245
 6.9307	 1.1309
 6.9214	 1.1331
 6.9122	 1.1289
 6.9030	 1.1331
 6.8938	 1.1389
 6.8847	 1.1311
 6.8755	 1.1226
 6.8664	 1.1243
 6.8573	 1.1265
 6.8483	 1.1204
 6.8393	 1.1125
 6.8302	 1.1062
 6.8213	 1.1111
 6.8123	 1.1165
 6.8034	 1.1140
 6.7944	 1.1174
 6.7855	 1.1238
 6.7767	 1.1240
 6.7678	 1.1291
 6.7590	 1.1382
 6.7502	 1.1409
 6.7414	 1.1521
 6.7327	 1.1572
 6.7239	 1.1592
 6.7152	 1.1648
 6.7065	 1.1658
 6.6979	 1.1672
 6.6892	 1.1738
 6.6806	 1.1836
 6.6720	 1.1855
 6.6634	 1.1887
 6.6549	 1.1934
 6.6464	 1.1948
 6.6378	 1.1985
 6.6294	 1.2041
 6.6209	 1.2170
 6.6124	 1.2224
 6.6040	 1.2290
 6.5956	 1.2336
 6.5872	 1.2344
 6.5789	 1.2473
 6.5705	 1.2573
 6.5622	 1.2661
 6.5539	 1.2737
 6.5456	 1.2761
 6.5374	 1.2827
 6.5292	 1.2913
 6.5209	 1.2949
 6.5128	 1.2986
 6.5046	 1.2954
 6.4964	 1.2830
 6.4883	 1.2646
 6.4802	 1.2488
 6.4721	 1.2444
 6.4640	 1.2429
 6.4560	 1.2336
 6.4480	 1.2241
 6.4399	 1.2187
 6.4320	 1.2131
 6.4240	 1.2046
 6.4160	 1.1953
 6.4081	 1.1775
 6.4002	 1.1699
 6.3923	 1.1675
 6.3844	 1.1658
 6.3766	 1.1653
 6.3687	 1.1658
 6.3609	 1.1726
 6.3531	 1.1846
 6.3454	 1.1868
 6.3376	 1.1948
 6.3299	 1.2046
 6.3221	 1.2112
 6.3144	 1.2075
 6.3068	 1.2112
 6.2991	 1.2161
 6.2914	 1.2153
 6.2838	 1.2144
 6.2762	 1.2153
 6.2686	 1.2039
 6.2611	 1.1853
 6.2535	 1.1699
 6.2460	 1.1741
 6.2385	 1.1992
 6.2310	 1.2253
 6.2235	 1.2368
 6.2160	 1.2441
 6.2086	 1.2483
 6.2011	 1.2471
 6.1937	 1.2424
 6.1863	 1.2324
 6.1790	 1.2290
 6.1716	 1.2217
 6.1643	 1.2026
 6.1570	 1.1860
 6.1496	 1.1724
 6.1424	 1.1594
 6.1351	 1.1499
 6.1278	 1.1396
 6.1206	 1.1357
 6.1134	 1.1365
 6.1062	 1.1321
 6.0990	 1.1384
 6.0918	 1.1580
 6.0847	 1.1672
 6.0776	 1.1816
 6.0704	 1.2002
 6.0633	 1.2217
 6.0563	 1.2405
 6.0492	 1.2483
 6.0421	 1.2664
 6.0351	 1.2856
 6.0281	 1.3005
 6.0211	 1.3120
 6.0141	 1.3235
 6.0071	 1.3313
 6.0002	 1.3423
 5.9932	 1.3516
 5.9863	 1.3643
 5.9794	 1.3809
 5.9725	 1.3921
 5.9657	 1.4031
 5.9588	 1.4163
 5.9520	 1.4221
 5.9451	 1.4192
 5.9383	 1.4219
 5.9315	 1.4314
 5.9247	 1.4370
 5.9180	 1.4441
 5.9112	 1.4490
 5.9045	 1.4490
 5.8978	 1.4485
 5.8911	 1.4568
 5.8844	 1.4658
 5.8777	 1.4700
 5.8711	 1.4751
 5.8644	 1.4827
 5.8578	 1.4895
 5.8512	 1.4949
 5.8446	 1.4990
 5.8380	 1.4929
 5.8314	 1.4912
 5.8249	 1.4907
 5.8184	 1.4983
 5.8118	 1.5120
 5.8053	 1.5112
 5.7988	 1.5076
 5.7924	 1.5127
 5.7859	 1.5195
 5.7794	 1.5342
 5.7730	 1.5415
 5.7666	 1.5466
 5.7602	 1.5623
 5.7538	 1.5757
 5.7474	 1.5850
 5.7410	 1.5950
 5.7347	 1.6094
 5.7283	 1.6272
 5.7220	 1.6389
 5.7157	 1.6516
 5.7094	 1.6645
 5.7031	 1.6743
 5.6969	 1.6851
 5.6906	 1.6968
 5.6844	 1.7061
 5.6782	 1.7148
 5.6719	 1.7224
 5.6657	 1.7305
 5.6596	 1.7371
 5.6534	 1.7432
 5.6472	 1.7581
 5.6411	 1.7703
 5.6349	 1.7927
 5.6288	 1.8069
 5.6227	 1.8201
 5.6166	 1.8425
 5.6106	 1.8586
 5.6045	 1.8677
 5.5984	 1.8823
 5.5924	 1.8982
 5.5864	 1.9102
 5.5804	 1.9165
 5.5744	 1.9277
 5.5684	 1.9392
 5.5624	 1.9446
 5.5564	 1.9431
 5.5505	 1.9460
 5.5445	 1.9499
 5.5386	 1.9551
 5.5327	 1.9568
 5.5268	 1.9546
 5.5209	 1.9578
 5.5151	 1.9619
 5.5092	 1.9622
 5.5033	 1.9468
 5.4975	 1.9348
 5.4917	 1.9248
 5.4859	 1.9092
 5.4801	 1.8950
 5.4743	 1.8760
 5.4685	 1.8491
 5.4628	 1.8286
 5.4570	 1.8198
 5.4513	 1.8076
 5.4455	 1.7900
 5.4398	 1.7803
 5.4341	 1.7766
 5.4284	 1.7695
 5.4228	 1.7585
 5.4171	 1.7510
 5.4114	 1.7419
 5.4058	 1.7214
 5.4002	 1.7058
 5.3945	 1.6963
 5.3889	 1.6821
 5.3833	 1.6648
 5.3778	 1.6448
 5.3722	 1.6267
 5.3666	 1.6050
 5.3611	 1.5876
 5.3555	 1.5764
 5.3500	 1.5676
 5.3445	 1.5644
 5.3390	 1.5579
 5.3335	 1.5557
 5.3280	 1.5552
 5.3225	 1.5549
 5.3171	 1.5466
 5.3116	 1.5403
 5.3062	 1.5427
 5.3008	 1.5459
 5.2954	 1.5474
 5.2900	 1.5544
 5.2846	 1.5579
 5.2792	 1.5610
 5.2738	 1.5657
 5.2684	 1.5684
 5.2631	 1.5706
 5.2578	 1.5771
 5.2524	 1.5832
 5.2471	 1.5869
 5.2418	 1.5994
 5.2365	 1.6106
 5.2312	 1.6133
 5.2260	 1.6252
 5.2207	 1.6428
 5.2154	 1.6565
 5.2102	 1.6716
 5.2050	 1.6907
 5.1998	 1.7095
 5.1945	 1.7278
 5.1893	 1.7488
 5.1842	 1.7793
 5.1790	 1.8086
 5.1738	 1.8396
 5.1686	 1.8713
 5.1635	 1.9045
 5.1584	 1.9414
 5.1532	 1.9883
 5.1481	 2.0293
 5.1430	 2.0669
 5.1379	 2.1128
 5.1328	 2.1575
 5.1277	 2.1995
 5.1227	 2.2371
 5.1176	 2.2710
 5.1126	 2.3132
 5.1075	 2.3594
 5.1025	 2.4033
 5.0975	 2.4397
 5.0925	 2.4846
 5.0875	 2.5261
 5.0825	 2.5674
 5.0775	 2.6160
 5.0726	 2.6665
 5.0676	 2.7158
 5.0627	 2.7683
 5.0577	 2.8232
 5.0528	 2.8762
 5.0479	 2.9329
 5.0430	 2.9858
 5.0380	 3.0381
 5.0332	 3.0896
 5.0283	 3.1338
 5.0234	 3.1753
 5.0185	 3.2092
 5.0137	 3.2371
 5.0088	 3.2561
 5.0040	 3.2812
 4.9992	 3.3076
 4.9944	 3.3303
 4.9896	 3.3498
 4.9848	 3.3772
 4.9800	 3.4255
 4.9752	 3.4856
 4.9704	 3.5474
 4.9657	 3.6223
 4.9609	 3.6907
 4.9562	 3.7507
 4.9514	 3.8149
 4.9467	 3.8682
 4.9420	 3.9238
 4.9373	 3.9795
 4.9326	 4.0317
 4.9279	 4.0879
 4.9232	 4.1333
 4.9186	 4.1785
 4.9139	 4.2305
 4.9092	 4.2754
 4.9046	 4.3149
 4.9000	 4.3518
 4.8953	 4.3850
 4.8907	 4.4204
 4.8861	 4.4565
 4.8815	 4.4873
 4.8769	 4.5154
 4.8723	 4.5471
 4.8678	 4.5784
 4.8632	 4.6081
 4.8586	 4.6343
 4.8541	 4.6528
 4.8495	 4.6811
 4.8450	 4.7156
 4.8405	 4.7395
 4.8360	 4.7561
 4.8315	 4.7710
 4.8270	 4.7859
 4.8225	 4.8064
 4.8180	 4.8232
 4.8135	 4.8357
 4.8090	 4.8469
 4.8046	 4.8579
 4.8001	 4.8638
 4.7957	 4.8721
 4.7913	 4.8877
 4.7868	 4.8943
 4.7824	 4.9028
 4.7780	 4.9148
 4.7736	 4.9238
 4.7692	 4.9277
 4.7648	 4.9409
 4.7605	 4.9578
 4.7561	 4.9731
 4.7517	 4.9956
 4.7474	 5.0193
 4.7431	 5.0390
 4.7387	 5.0615
 4.7344	 5.0954
 4.7301	 5.1316
 4.7258	 5.1619
 4.7215	 5.1911
 4.7172	 5.2248
 4.7129	 5.2571
 4.7086	 5.2898
 4.7043	 5.3196
 4.7000	 5.3398
 4.6958	 5.3533
 4.6915	 5.3596
 4.6873	 5.3535
 4.6831	 5.3603
 4.6788	 5.3982
 4.6746	 5.4394
 4.6704	 5.4668
 4.6662	 5.4927
 4.6620	 5.5044
 4.6578	 5.5168
 4.6536	 5.5320
 4.6495	 5.5439
 4.6453	 5.5613
 4.6411	 5.5774
 4.6370	 5.5881
 4.6328	 5.5959
 4.6287	 5.5981
 4.6246	 5.6015
 4.6205	 5.6106
 4.6163	 5.6106
 4.6122	 5.6147
 4.6081	 5.6255
 4.6040	 5.6355
 4.6000	 5.6418
 4.5959	 5.6477
 4.5918	 5.6597
 4.5877	 5.6833
 4.5837	 5.7139
 4.5796	 5.7412
 4.5756	 5.7710
 4.5716	 5.8054
 4.5675	 5.8318
 4.5635	 5.8635
 4.5595	 5.9035
 4.5555	 5.9465
 4.5515	 5.9917
 4.5475	 6.0315
 4.5435	 6.0588
 4.5395	 6.0845
 4.5356	 6.1120
 4.5316	 6.1379
 4.5276	 6.1594
 4.5237	 6.1723
 4.5197	 6.1728
 4.5158	 6.1826
 4.5119	 6.1816
 4.5080	 6.1738
 4.5040	 6.1636
 4.5001	 6.1382
 4.4962	 6.1140
 4.4923	 6.0847
 4.4884	 6.0388
 4.4846	 5.9780
 4.4807	 5.9033
 4.4768	 5.8310
 4.4730	 5.7529
 4.4691	 5.6850
 4.4652	 5.6421
 4.4614	 5.6223
 4.4576	 5.6289
 4.4537	 5.6565
 4.4499	 5.6902
 4.4461	 5.7314
 4.4423	 5.7641
 4.4385	 5.8022
 4.4347	 5.8381
 4.4309	 5.8681
 4.4271	 5.8869
 4.4233	 5.8996
 4.4196	 5.9045
 4.4158	 5.9033
 4.4120	 5.8965
 4.4083	 5.8940
 4.4045	 5.8740
 4.4008	 5.8652
 4.3971	 5.8545
 4.3934	 5.8296
 4.3896	 5.7151
 4.3859	 5.2864
 4.3822	 4.4695
 4.3785	 4.3933
 4.3748	 5.2117
 4.3711	 5.6548
 4.3674	 5.7131
 4.3638	 5.6694
 4.3601	 5.5774
 4.3564	 5.4121
 4.3528	 5.1528
 4.3491	 4.7851
 4.3455	 4.3620
 4.3418	 3.9985
 4.3382	 3.8064
 4.3346	 3.7742
 4.3310	 3.8652
 4.3273	 4.0466
 4.3237	 4.2834
 4.3201	 4.5071
 4.3165	 4.6763
 4.3129	 4.7649
 4.3094	 4.7749
 4.3058	 4.7114
 4.3022	 4.5683
 4.2986	 4.3479
 4.2951	 4.1059
 4.2915	 3.8179
 4.2880	 3.5574
 4.2844	 3.4170
 4.2809	 3.2510
 4.2774	 3.0593
 4.2738	 2.9101
 4.2703	 2.7637
 4.2668	 2.5679
 4.2633	 2.3455
 4.2598	 2.1438
 4.2563	 2.0410
 4.2528	 2.1582
 4.2493	 2.4680
 4.2458	 3.0351
 4.2424	 3.7532
 4.2389	 4.3938
 4.2354	 4.8789
 4.2320	 5.2312
 4.2285	 5.4897
 4.2251	 5.6531
 4.2216	 5.7395
 4.2182	 5.7632
 4.2148	 5.7241
 4.2113	 5.6328
 4.2079	 5.4958
 4.2045	 5.3091
 4.2011	 5.0735
 4.1977	 4.8108
 4.1943	 4.5476
 4.1909	 4.3071
 4.1875	 4.1106
 4.1841	 3.9902
 4.1808	 3.9890
 4.1774	 4.1897
 4.1740	 4.6579
 4.1707	 5.3110
 4.1673	 5.9736
 4.1640	 6.4990
 4.1606	 6.8479
 4.1573	 7.0676
 4.1540	 7.2092
 4.1506	 7.2951
 4.1473	 7.3413
 4.1440	 7.3767
 4.1407	 7.4148
 4.1374	 7.4534
 4.1341	 7.4846
 4.1308	 7.5149
 4.1275	 7.5469
 4.1242	 7.5622
 4.1209	 7.5613
 4.1177	 7.5647
 4.1144	 7.5552
 4.1111	 7.5354
 4.1079	 7.5222
 4.1046	 7.5063
 4.1014	 7.4878
 4.0981	 7.4826
 4.0949	 7.4831
 4.0917	 7.4888
 4.0884	 7.5005
 4.0852	 7.5012
 4.0820	 7.4892
 4.0788	 7.4582
 4.0756	 7.4201
 4.0724	 7.3992
 4.0692	 7.3977
 4.0660	 7.4067
 4.0628	 7.4380
 4.0596	 7.4951
 4.0565	 7.5688
 4.0533	 7.6474
 4.0501	 7.7187
 4.0470	 7.7800
 4.0438	 7.8157
 4.0406	 7.8332
 4.0375	 7.8606
 4.0344	 7.8872
 4.0312	 7.9031
 4.0281	 7.9201
 4.0250	 7.9377
 4.0218	 7.9577
 4.0187	 7.9743
 4.0156	 7.9814
 4.0125	 7.9936
 4.0094	 8.0032
 4.0063	 8.0012
 4.0032	 8.0124
 4.0001	 8.0276
 3.9970	 8.0303
 3.9940	 8.0410
 3.9909	 8.0515
 3.9878	 8.0491
 3.9847	 8.0517
 3.9817	 8.0630
 3.9786	 8.0664
 3.9756	 8.0644
 3.9725	 8.0774
 3.9695	 8.0864
 3.9665	 8.0930
 3.9634	 8.0989
 3.9604	 8.1069
 3.9574	 8.1108
 3.9544	 8.1147
 3.9513	 8.1233
 3.9483	 8.1225
 3.9453	 8.1277
 3.9423	 8.1286
 3.9393	 8.1274
 3.9363	 8.1338
 3.9333	 8.1457
 3.9304	 8.1494
 3.9274	 8.1506
 3.9244	 8.1511
 3.9214	 8.1567
 3.9185	 8.1577
 3.9155	 8.1643
 3.9126	 8.1728
 3.9096	 8.1728
 3.9067	 8.1694
 3.9037	 8.1770
 3.9008	 8.1802
 3.8979	 8.1726
 3.8949	 8.1716
 3.8920	 8.1777
 3.8891	 8.1792
 3.8862	 8.1758
 3.8833	 8.1731
 3.8804	 8.1765
 3.8775	 8.1743
 3.8746	 8.1662
 3.8717	 8.1636
 3.8688	 8.1638
 3.8659	 8.1589
 3.8630	 8.1545
 3.8601	 8.1499
 3.8573	 8.1477
 3.8544	 8.1443
 3.8515	 8.1301
 3.8487	 8.1172
 3.8458	 8.1150
 3.8430	 8.1133
 3.8401	 8.1057
 3.8373	 8.0964
 3.8344	 8.0930
 3.8316	 8.0781
 3.8288	 8.0410
 3.8259	 7.9919
 3.8231	 7.9568
 3.8203	 7.9612
 3.8175	 8.0102
 3.8147	 8.0595
 3.8119	 8.0842
 3.8091	 8.0998
 3.8063	 8.1118
 3.8035	 8.1130
 3.8007	 8.1128
 3.7979	 8.1123
 3.7951	 8.1118
 3.7924	 8.1128
 3.7896	 8.1084
 3.7868	 8.1076
 3.7841	 8.1025
 3.7813	 8.1013
 3.7785	 8.1008
 3.7758	 8.0876
 3.7730	 8.0884
 3.7703	 8.0791
 3.7676	 8.0747
 3.7648	 8.0779
 3.7621	 8.0735
 3.7594	 8.0696
 3.7566	 8.0696
 3.7539	 8.0620
 3.7512	 8.0498
 3.7485	 8.0356
 3.7458	 8.0290
 3.7431	 8.0268
 3.7404	 8.0259
 3.7377	 8.0137
 3.7350	 7.9990
 3.7323	 7.9836
 3.7296	 7.9768
 3.7269	 7.9761
 3.7242	 7.9729
 3.7216	 7.9658
 3.7189	 7.9580
 3.7162	 7.9485
 3.7136	 7.9343
 3.7109	 7.9143
 3.7083	 7.9072
 3.7056	 7.9004
 3.7030	 7.8940
 3.7003	 7.8799
 3.6977	 7.8645
 3.6950	 7.8552
 3.6924	 7.8428
 3.6898	 7.8362
 3.6872	 7.8323
 3.6845	 7.8247
 3.6819	 7.8174
 3.6793	 7.8069
 3.6767	 7.7983
 3.6741	 7.7939
 3.6715	 7.7949
 3.6689	 7.7868
 3.6663	 7.7678
 3.6637	 7.7622
 3.6611	 7.7632
 3.6585	 7.7583
 3.6560	 7.7475
 3.6534	 7.7397
 3.6508	 7.7341
 3.6482	 7.7248
 3.6457	 7.7180
 3.6431	 7.7019
 3.6406	 7.6929
 3.6380	 7.6887
 3.6355	 7.6767
 3.6329	 7.6618
 3.6304	 7.6545
 3.6278	 7.6513
 3.6253	 7.6384
 3.6227	 7.6203
 3.6202	 7.6155
 3.6177	 7.6067
 3.6152	 7.5945
 3.6127	 7.5849
 3.6101	 7.5749
 3.6076	 7.5649
 3.6051	 7.5525
 3.6026	 7.5327
 3.6001	 7.5239
 3.5976	 7.5132
 3.5951	 7.5019
 3.5926	 7.4848
 3.5901	 7.4638
 3.5876	 7.4541
 3.5852	 7.4414
 3.5827	 7.4236
 3.5802	 7.4106
 3.5777	 7.3984
 3.5753	 7.3801
 3.5728	 7.3681
 3.5704	 7.3608
 3.5679	 7.3430
 3.5654	 7.3218
 3.5630	 7.3056
 3.5605	 7.2981
 3.5581	 7.2895
 3.5557	 7.2815
 3.5532	 7.2659
 3.5508	 7.2436
 3.5484	 7.2263
 3.5459	 7.2107
 3.5435	 7.1941
 3.5411	 7.1863
 3.5387	 7.1804
 3.5363	 7.1711
 3.5338	 7.1618
 3.5314	 7.1487
 3.5290	 7.1282
 3.5266	 7.1072
 3.5242	 7.0964
 3.5218	 7.0867
 3.5195	 7.0710
 3.5171	 7.0596
 3.5147	 7.0410
 3.5123	 7.0168
 3.5099	 6.9934
 3.5075	 6.9824
 3.5052	 6.9697
 3.5028	 6.9519
 3.5004	 6.9389
 3.4981	 6.9211
 3.4957	 6.8989
 3.4934	 6.8862
 3.4910	 6.8762
 3.4887	 6.8728
 3.4863	 6.8625
 3.4840	 6.8503
 3.4816	 6.8264
 3.4793	 6.8049
 3.4770	 6.8013
 3.4746	 6.7893
 3.4723	 6.7685
 3.4700	 6.7607
 3.4677	 6.7571
 3.4653	 6.7480
 3.4630	 6.7261
 3.4607	 6.7097
 3.4584	 6.6994
 3.4561	 6.6843
 3.4538	 6.6658
 3.4515	 6.6528
 3.4492	 6.6355
 3.4469	 6.6162
 3.4446	 6.6001
 3.4423	 6.5932
 3.4400	 6.5779
 3.4378	 6.5586
 3.4355	 6.5415
 3.4332	 6.5183
 3.4309	 6.4931
 3.4287	 6.4780
 3.4264	 6.4617
 3.4241	 6.4389
 3.4219	 6.4248
 3.4196	 6.4109
 3.4174	 6.3996
 3.4151	 6.3906
 3.4129	 6.3694
 3.4106	 6.3469
 3.4084	 6.3340
 3.4061	 6.3259
 3.4039	 6.3086
 3.4017	 6.2883
 3.3994	 6.2727
 3.3972	 6.2678
 3.3950	 6.2488
 3.3928	 6.2190
 3.3906	 6.1968
 3.3883	 6.1797
 3.3861	 6.1599
 3.3839	 6.1431
 3.3817	 6.1318
 3.3795	 6.1191
 3.3773	 6.0906
 3.3751	 6.0703
 3.3729	 6.0527
 3.3707	 6.0361
 3.3685	 6.0237
 3.3663	 6.0061
 3.3641	 5.9841
 3.3620	 5.9668
 3.3598	 5.9502
 3.3576	 5.9328
 3.3554	 5.9089
 3.3533	 5.8943
 3.3511	 5.8813
 3.3489	 5.8616
 3.3468	 5.8371
 3.3446	 5.8103
 3.3425	 5.7939
 3.3403	 5.7771
 3.3382	 5.7534
 3.3360	 5.7400
 3.3339	 5.7226
 3.3317	 5.7029
 3.3296	 5.6850
 3.3274	 5.6643
 3.3253	 5.6428
 3.3232	 5.6247
 3.3210	 5.6040
 3.3189	 5.5803
 3.3168	 5.5615
 3.3147	 5.5459
 3.3126	 5.5256
 3.3104	 5.5112
 3.3083	 5.4946
 3.3062	 5.4658
 3.3041	 5.4424
 3.3020	 5.4304
 3.2999	 5.4092
 3.2978	 5.3857
 3.2957	 5.3703
 3.2936	 5.3591
 3.2915	 5.3347
 3.2894	 5.3069
 3.2874	 5.2983
 3.2853	 5.2832
 3.2832	 5.2527
 3.2811	 5.2344
 3.2790	 5.2182
 3.2770	 5.1924
 3.2749	 5.1767
 3.2728	 5.1650
 3.2708	 5.1450
 3.2687	 5.1164
 3.2666	 5.0911
 3.2646	 5.0791
 3.2625	 5.0681
 3.2605	 5.0452
 3.2584	 5.0281
 3.2564	 5.0166
 3.2543	 4.9958
 3.2523	 4.9712
 3.2503	 4.9524
 3.2482	 4.9321
 3.2462	 4.9065
 3.2442	 4.8918
 3.2421	 4.8782
 3.2401	 4.8545
 3.2381	 4.8362
 3.2361	 4.8149
 3.2340	 4.7964
 3.2320	 4.7756
 3.2300	 4.7568
 3.2280	 4.7349
 3.2260	 4.7092
 3.2240	 4.6848
 3.2220	 4.6609
 3.2200	 4.6313
 3.2180	 4.6103
 3.2160	 4.5786
 3.2140	 4.5483
 3.2120	 4.5322
 3.2100	 4.5144
 3.2080	 4.4824
 3.2060	 4.4619
 3.2040	 4.4380
 3.2021	 4.4123
 3.2001	 4.3918
 3.1981	 4.3650
 3.1961	 4.3401
 3.1942	 4.3215
 3.1922	 4.2971
 3.1902	 4.2685
 3.1883	 4.2478
 3.1863	 4.2229
 3.1844	 4.2043
 3.1824	 4.1853
 3.1805	 4.1518
 3.1785	 4.1343
 3.1766	 4.1199
 3.1746	 4.0889
 3.1727	 4.0549
 3.1707	 4.0276
 3.1688	 4.0102
 3.1669	 3.9954
 3.1649	 3.9739
 3.1630	 3.9412
 3.1611	 3.9111
 3.1591	 3.8935
 3.1572	 3.8830
 3.1553	 3.8603
 3.1534	 3.8291
 3.1515	 3.8054
 3.1495	 3.7895
 3.1476	 3.7729
 3.1457	 3.7485
 3.1438	 3.7300
 3.1419	 3.7056
 3.1400	 3.6770
 3.1381	 3.6511
 3.1362	 3.6335
 3.1343	 3.6055
 3.1324	 3.5752
 3.1305	 3.5613
 3.1286	 3.5515
 3.1268	 3.5405
 3.1249	 3.5146
 3.1230	 3.4814
 3.1211	 3.4575
 3.1192	 3.4416
 3.1174	 3.4248
 3.1155	 3.4023
 3.1136	 3.3870
 3.1117	 3.3599
 3.1099	 3.3262
 3.1080	 3.3076
 3.1061	 3.2939
 3.1043	 3.2703
 3.1024	 3.2383
 3.1006	 3.2082
 3.0987	 3.1709
 3.0969	 3.1382
 3.0950	 3.1096
 3.0932	 3.0847
 3.0913	 3.0517
 3.0895	 3.0124
 3.0876	 2.9744
 3.0858	 2.9490
 3.0840	 2.9329
 3.0821	 2.9246
 3.0803	 2.9167
 3.0785	 2.9033
 3.0766	 2.8999
 3.0748	 2.9048
 3.0730	 2.9060
 3.0712	 2.9087
 3.0694	 2.8994
 3.0675	 2.8943
 3.0657	 2.8975
 3.0639	 2.8791
 3.0621	 2.8733
 3.0603	 2.8706
 3.0585	 2.8577
 3.0567	 2.8467
 3.0549	 2.8340
 3.0531	 2.8257
 3.0513	 2.8162
 3.0495	 2.8079
 3.0477	 2.7927
 3.0459	 2.7825
 3.0441	 2.7605
 3.0423	 2.7444
 3.0406	 2.7363
 3.0388	 2.7292
 3.0370	 2.7207
 3.0352	 2.7039
 3.0334	 2.6868
 3.0317	 2.6728
 3.0299	 2.6577
 3.0281	 2.6465
 3.0264	 2.6377
 3.0246	 2.6143
 3.0228	 2.5950
 3.0211	 2.5850
 3.0193	 2.5818
 3.0176	 2.5706
 3.0158	 2.5503
 3.0140	 2.5403
 3.0123	 2.5300
 3.0105	 2.5112
 3.0088	 2.4978
 3.0070	 2.4997
 3.0053	 2.4905
 3.0036	 2.4692
 3.0018	 2.4487
 3.0001	 2.4448
 2.9984	 2.4348
 2.9966	 2.4253
 2.9949	 2.4128
 2.9932	 2.4053
 2.9914	 2.4006
 2.9897	 2.3940
 2.9880	 2.3811
 2.9863	 2.3623
 2.9845	 2.3486
 2.9828	 2.3496
 2.9811	 2.3411
 2.9794	 2.3132
 2.9777	 2.3081
 2.9760	 2.3083
 2.9743	 2.2956
 2.9726	 2.2808
 2.9709	 2.2747
 2.9692	 2.2646
 2.9675	 2.2500
 2.9658	 2.2241
 2.9641	 2.2158
 2.9624	 2.2261
 2.9607	 2.2112
 2.9590	 2.1958
 2.9573	 2.1826
 2.9556	 2.1772
 2.9539	 2.1704
 2.9523	 2.1570
 2.9506	 2.1335
 2.9489	 2.1226
 2.9472	 2.1213
 2.9455	 2.1103
 2.9439	 2.0977
 2.9422	 2.0810
 2.9405	 2.0847
 2.9389	 2.0901
 2.9372	 2.0715
 2.9355	 2.0669
 2.9339	 2.0598
 2.9322	 2.0369
 2.9306	 2.0286
 2.9289	 2.0205
 2.9272	 2.0022
 2.9256	 1.9897
 2.9239	 1.9841
 2.9223	 1.9849
 2.9207	 1.9841
 2.9190	 1.9648
 2.9174	 1.9514
 2.9157	 1.9429
 2.9141	 1.9375
 2.9124	 1.9326
 2.9108	 1.9158
 2.9092	 1.8975
 2.9075	 1.8987
 2.9059	 1.8948
 2.9043	 1.8826
 2.9027	 1.8721
 2.9010	 1.8586
 2.8994	 1.8406
 2.8978	 1.8311
 2.8962	 1.8293
 2.8946	 1.8186
 2.8929	 1.7856
 2.8913	 1.7856
 2.8897	 1.7910
 2.8881	 1.7869
 2.8865	 1.7673
 2.8849	 1.7561
 2.8833	 1.7588
 2.8817	 1.7617
 2.8801	 1.7446
 2.8785	 1.7178
 2.8769	 1.7039
 2.8753	 1.7012
 2.8737	 1.6970
 2.8721	 1.6921
 2.8705	 1.6885
 2.8689	 1.6736
 2.8673	 1.6560
 2.8658	 1.6558
 2.8642	 1.6477
 2.8626	 1.6350
 2.8610	 1.6230
 2.8594	 1.6186
 2.8579	 1.6223
 2.8563	 1.5947
 2.8547	 1.5644
 2.8531	 1.5540
 2.8516	 1.5427
 2.8500	 1.5361
 2.8484	 1.5310
 2.8469	 1.5217
 2.8453	 1.5100
 2.8437	 1.5012
 2.8422	 1.4814
 2.8406	 1.4761
 2.8391	 1.4719
 2.8375	 1.4504
 2.8360	 1.4456
 2.8344	 1.4382
 2.8329	 1.4180
 2.8313	 1.3992
 2.8298	 1.3967
 2.8282	 1.4011
 2.8267	 1.3865
 2.8252	 1.3726
 2.8236	 1.3511
 2.8221	 1.3247
 2.8205	 1.3201
 2.8190	 1.3113
 2.8175	 1.2949
 2.8159	 1.2861
 2.8144	 1.2825
 2.8129	 1.2563
 2.8114	 1.2432
 2.8098	 1.2317
 2.8083	 1.1990
 2.8068	 1.1714
 2.8053	 1.1553
 2.8038	 1.1489
 2.8022	 1.1377
 2.8007	 1.1042
 2.7992	 1.0823
 2.7977	 1.0671
 2.7962	 1.0735
 2.7947	 1.1016
 2.7932	 1.1020
 2.7917	 1.0950
 2.7902	 1.1106
 2.7887	 1.1350
 2.7872	 1.1572
 2.7857	 1.1743
 2.7842	 1.1860
 2.7827	 1.1768
 2.7812	 1.1558
 2.7797	 1.1680
 2.7782	 1.2082
 2.7767	 1.2297
 2.7752	 1.2314
 2.7738	 1.2195
 2.7723	 1.2151
 2.7708	 1.2136
 2.7693	 1.2039
 2.7678	 1.1904
 2.7664	 1.1728
 2.7649	 1.1414
 2.7634	 1.1138
 2.7619	 1.1033
 2.7605	 1.0889
 2.7590	 1.0867
 2.7575	 1.0977
 2.7561	 1.0913
 2.7546	 1.0764
 2.7531	 1.0786
 2.7517	 1.0815
 2.7502	 1.0864
 2.7488	 1.0823
 2.7473	 1.0981
 2.7458	 1.1167
 2.7444	 1.1199
 2.7429	 1.1240
 2.7415	 1.1221
 2.7400	 1.1138
 2.7386	 1.1184
 2.7371	 1.1440
 2.7357	 1.1594
 2.7343	 1.1643
 2.7328	 1.1704
 2.7314	 1.1746
 2.7299	 1.1790
 2.7285	 1.1809
 2.7271	 1.1763
 2.7256	 1.1606
 2.7242	 1.1521
 2.7228	 1.1355
 2.7213	 1.1238
 2.7199	 1.1340
 2.7185	 1.1169
 2.7171	 1.0820
 2.7156	 1.0693
 2.7142	 1.0603
 2.7128	 1.0435
 2.7114	 1.0271
 2.7100	 1.0103
 2.7085	 1.0066
 2.7071	 1.0408
 2.7057	 1.0779
 2.7043	 1.1084
 2.7029	 1.1614
 2.7015	 1.2161
 2.7001	 1.2632
 2.6987	 1.2981
 2.6973	 1.2983
 2.6959	 1.3140
 2.6945	 1.4377
 2.6931	 1.6196
 2.6917	 1.7810
 2.6903	 1.9358
 2.6889	 2.0935
 2.6875	 2.2292
 2.6861	 2.3628
 2.6847	 2.5100
 2.6833	 2.6355
 2.6819	 2.7371
 2.6805	 2.8559
 2.6791	 2.9812
 2.6778	 3.0740
 2.6764	 3.1477
 2.6750	 3.2383
 2.6736	 3.3162
 2.6722	 3.3857
 2.6709	 3.4412
 2.6695	 3.4988
 2.6681	 3.5544
 2.6667	 3.6096
 2.6654	 3.6636
 2.6640	 3.7065
 2.6626	 3.7551
 2.6613	 3.8035
 2.6599	 3.8430
 2.6585	 3.8564
 2.6572	 3.8679
 2.6558	 3.8975
 2.6545	 3.9368
 2.6531	 3.9531
 2.6517	 3.9607
 2.6504	 3.9763
 2.6490	 3.9851
 2.6477	 4.0095
 2.6463	 4.0200
 2.6450	 4.0400
 2.6436	 4.0813
 2.6423	 4.1047
 2.6409	 4.1142
 2.6396	 4.1299
 2.6382	 4.1582
 2.6369	 4.1836
 2.6356	 4.1765
 2.6342	 4.1904
 2.6329	 4.2080
 2.6315	 4.2256
 2.6302	 4.2551
 2.6289	 4.2568
 2.6275	 4.2515
 2.6262	 4.2529
 2.6249	 4.2534
 2.6236	 4.2576
 2.6222	 4.2588
 2.6209	 4.2710
 2.6196	 4.2820
 2.6183	 4.2861
 2.6169	 4.2812
 2.6156	 4.3071
 2.6143	 4.3418
 2.6130	 4.3581
 2.6117	 4.3559
 2.6103	 4.3506
 2.6090	 4.3581
 2.6077	 4.3918
 2.6064	 4.4067
 2.6051	 4.4077
 2.6038	 4.4106
 2.6025	 4.4385
 2.6012	 4.4639
 2.5999	 4.4761
 2.5986	 4.4822
 2.5973	 4.4995
 2.5960	 4.5122
 2.5947	 4.5195
 2.5934	 4.5412
 2.5921	 4.5554
 2.5908	 4.5596
 2.5895	 4.5725
 2.5882	 4.5781
 2.5869	 4.5849
 2.5856	 4.5837
 2.5843	 4.5732
 2.5830	 4.5871
 2.5817	 4.5996
 2.5805	 4.6118
 2.5792	 4.6411
 2.5779	 4.6575
 2.5766	 4.6824
 2.5753	 4.7207
 2.5741	 4.7502
 2.5728	 4.7634
 2.5715	 4.7881
 2.5702	 4.8135
 2.5690	 4.8437
 2.5677	 4.8559
 2.5664	 4.8642
 2.5651	 4.8882
 2.5639	 4.9126
 2.5626	 4.9519
 2.5613	 4.9997
 2.5601	 5.0188
 2.5588	 5.0315
 2.5575	 5.0369
 2.5563	 5.0539
 2.5550	 5.0815
 2.5538	 5.1108
 2.5525	 5.1313
 2.5513	 5.1428
 2.5500	 5.1714
 2.5487	 5.2021
 2.5475	 5.2363
 2.5462	 5.2588
 2.5450	 5.2898
 2.5437	 5.3215
 2.5425	 5.3789
 2.5413	 5.4297
 2.5400	 5.4673
 2.5388	 5.5054
 2.5375	 5.5571
 2.5363	 5.6098
 2.5350	 5.6623
 2.5338	 5.6987
 2.5326	 5.7488
 2.5313	 5.8144
 2.5301	 5.8501
 2.5289	 5.8740
 2.5276	 5.9121
 2.5264	 5.9599
 2.5252	 5.9907
 2.5239	 6.0100
 2.5227	 6.0542
 2.5215	 6.0889
 2.5202	 6.1321
 2.5190	 6.1772
 2.5178	 6.2190
 2.5166	 6.2529
 2.5154	 6.3076
 2.5141	 6.3349
 2.5129	 6.3535
 2.5117	 6.4097
 2.5105	 6.4463
 2.5093	 6.4541
 2.5081	 6.4868
 2.5068	 6.5359
 2.5056	 6.5786
 2.5044	 6.6177
 2.5032	 6.6264
 2.5020	 6.6433
 2.5008	 6.7114
 2.4996	 6.7471
 2.4984	 6.7666
 2.4972	 6.7964
 2.4960	 6.8149
 2.4948	 6.8376
 2.4936	 6.8606
 2.4924	 6.9143
 2.4912	 6.9370
 2.4900	 6.9560
 2.4888	 6.9936
 2.4876	 7.0190
 2.4864	 7.0317
 2.4852	 7.0727
 2.4840	 7.0888
 2.4828	 7.0918
 2.4816	 7.1113
 2.4805	 7.1304
 2.4793	 7.1592
 2.4781	 7.2007
 2.4769	 7.2070
 2.4757	 7.2087
 2.4745	 7.2290
 2.4734	 7.2475
 2.4722	 7.2744
 2.4710	 7.2930
 2.4698	 7.2925
 2.4686	 7.3154
 2.4675	 7.3284
 2.4663	 7.3291
 2.4651	 7.3406
 2.4640	 7.3638
 2.4628	 7.3869
 2.4616	 7.4038
 2.4604	 7.4199
 2.4593	 7.4263
 2.4581	 7.4507
 2.4569	 7.4844
 2.4558	 7.5095
 2.4546	 7.5078
 2.4535	 7.5112
 2.4523	 7.5132
 2.4511	 7.5151
 2.4500	 7.5185
 2.4488	 7.5395
 2.4477	 7.5713
 2.4465	 7.5705
 2.4454	 7.5762
 2.4442	 7.5930
 2.4431	 7.6098
 2.4419	 7.6211
 2.4408	 7.6438
 2.4396	 7.6533
 2.4385	 7.6494
 2.4373	 7.6797
 2.4362	 7.7331
 2.4350	 7.7344
 2.4339	 7.7153
 2.4327	 7.7373
 2.4316	 7.7822
 2.4305	 7.8105
 2.4293	 7.8200
 2.4282	 7.8408
 2.4270	 7.8384
 2.4259	 7.8257
 2.4248	 7.8459
 2.4236	 7.8647
 2.4225	 7.8701
 2.4214	 7.9004
 2.4202	 7.9382
 2.4191	 7.9465
 2.4180	 7.9443
 2.4169	 7.9531
 2.4157	 7.9619
 2.4146	 7.9731
 2.4135	 8.0058
 2.4124	 8.0239
 2.4112	 8.0600
 2.4101	 8.0359
 2.4090	 8.0263
 2.4079	 8.0588
 2.4068	 8.0522
 2.4056	 8.0608
 2.4045	 8.0635
 2.4034	 8.0556
 2.4023	 8.0063
 2.4012	 8.0185
 2.4001	 8.0478
 2.3990	 8.0488
 2.3979	 8.0410
 2.3967	 8.0332
 2.3956	 8.0190
 2.3945	 8.0251
 2.3934	 8.0303
 2.3923	 8.0112
 2.3912	 7.9956
 2.3901	 8.0005
 2.3890	 8.0019
 2.3879	 8.0127
 2.3868	 8.0049
 2.3857	 7.9814
 2.3846	 7.9931
 2.3835	 8.0029
 2.3824	 8.0239
 2.3813	 8.0327
 2.3802	 8.0381
 2.3791	 8.0361
 2.3781	 8.0107
 2.3770	 8.0005
 2.3759	 8.0102
 2.3748	 8.0278
 2.3737	 8.0224
 2.3726	 8.0078
 2.3715	 8.0151
 2.3704	 8.0058
 2.3694	 8.0210
 2.3683	 8.0137
 2.3672	 8.0078
 2.3661	 7.9751
 2.3650	 7.9668
 2.3640	 7.9682
 2.3629	 7.9697
 2.3618	 7.9614
 2.3607	 7.9399
 2.3597	 7.9429
 2.3586	 7.9463
 2.3575	 7.9570
 2.3564	 7.9502
 2.3554	 7.9394
 2.3543	 7.9194
 2.3532	 7.9057
 2.3522	 7.9009
 2.3511	 7.9194
 2.3500	 7.9326
 2.3490	 7.9216
 2.3479	 7.9199
 2.3468	 7.9294
 2.3458	 7.9284
 2.3447	 7.9201
 2.3436	 7.9536
 2.3426	 7.9709
 2.3415	 7.9519
 2.3405	 7.9270
 2.3394	 7.9497
 2.3384	 7.9873
 2.3373	 7.9707
 2.3363	 7.9704
 2.3352	 7.9961
 2.3342	 7.9880
 2.3331	 7.9560
 2.3321	 7.9531
 2.3310	 7.9555
 2.3300	 7.9631
 2.3289	 7.9592
 2.3279	 7.9680
 2.3268	 7.9729
 2.3258	 7.9814
 2.3247	 7.9946
 2.3237	 7.9878
 2.3226	 7.9800
 2.3216	 7.9949
 2.3206	 8.0342
 2.3195	 8.0615
 2.3185	 8.0671
 2.3175	 8.0791
 2.3164	 8.0898
 2.3154	 8.0744
 2.3144	 8.0835
 2.3133	 8.1228
 2.3123	 8.1318
 2.3113	 8.1472
 2.3102	 8.1767
 2.3092	 8.2021
 2.3082	 8.1709
 2.3071	 8.1404
 2.3061	 8.1614
 2.3051	 8.2090
 2.3041	 8.2346
 2.3030	 8.2434
 2.3020	 8.2651
 2.3010	 8.2605
 2.3000	 8.2759
 2.2990	 8.2798
 2.2979	 8.2939
 2.2969	 8.2890
 2.2959	 8.2754
 2.2949	 8.2783
 2.2939	 8.2969
 2.2929	 8.2981
 2.2918	 8.2881
 2.2908	 8.2983
 2.2898	 8.3340
 2.2888	 8.3330
 2.2878	 8.3159
 2.2868	 8.3247
 2.2858	 8.3342
 2.2848	 8.3283
 2.2838	 8.3110
 2.2828	 8.3237
 2.2818	 8.3396
 2.2808	 8.3381
 2.2798	 8.3518
 2.2787	 8.3576
 2.2777	 8.3779
 2.2767	 8.3896
 2.2757	 8.3767
 2.2747	 8.3554
 2.2738	 8.3247
 2.2728	 8.3235
 2.2718	 8.3374
 2.2708	 8.3449
 2.2698	 8.3681
 2.2688	 8.3537
 2.2678	 8.3320
 2.2668	 8.3345
 2.2658	 8.3323
 2.2648	 8.3042
 2.2638	 8.3052
 2.2628	 8.2944
 2.2618	 8.3010
 2.2609	 8.3012
 2.2599	 8.3000
 2.2589	 8.2666
 2.2579	 8.2412
 2.2569	 8.2402
 2.2559	 8.2571
 2.2550	 8.2593
 2.2540	 8.2375
 2.2530	 8.2488
 2.2520	 8.2602
 2.2510	 8.2612
 2.2501	 8.2368
 2.2491	 8.2090
 2.2481	 8.2129
 2.2471	 8.2319
 2.2462	 8.2702
 2.2452	 8.2817
 2.2442	 8.2617
 2.2433	 8.2680
 2.2423	 8.2876
 2.2413	 8.3110
 2.2403	 8.3401
 2.2394	 8.3674
 2.2384	 8.3320
 2.2374	 8.3535
 2.2365	 8.3803
 2.2355	 8.3745
 2.2345	 8.3681
 2.2336	 8.3850
 2.2326	 8.3667
 2.2317	 8.3403
 2.2307	 8.3681
 2.2297	 8.3887
 2.2288	 8.3811
 2.2278	 8.3869
 2.2269	 8.4082
 2.2259	 8.4155
 2.2250	 8.3987
 2.2240	 8.3877
 2.2231	 8.3840
 2.2221	 8.3808
 2.2211	 8.3506
 2.2202	 8.3608
 2.2192	 8.3567
 2.2183	 8.3330
 2.2173	 8.3091
 2.2164	 8.3183
 2.2155	 8.2817
 2.2145	 8.1880
 2.2136	 8.1845
 2.2126	 8.1748
 2.2117	 8.1330
 2.2107	 8.0959
 2.2098	 8.0762
 2.2088	 8.0615
 2.2079	 8.0762
 2.2070	 8.1125
 2.2060	 8.1262
 2.2051	 8.1679
 2.2041	 8.1860
 2.2032	 8.2151
 2.2023	 8.2414
 2.2013	 8.2483
 2.2004	 8.2583
 2.1995	 8.2514
 2.1985	 8.2583
 2.1976	 8.3000
 2.1967	 8.3198
 2.1957	 8.3362
 2.1948	 8.3515
 2.1939	 8.3782
 2.1930	 8.3823
 2.1920	 8.3789
 2.1911	 8.3906
 2.1902	 8.3938
 2.1893	 8.3974
 2.1883	 8.4182
 2.1874	 8.4428
 2.1865	 8.4453
 2.1856	 8.4428
 2.1846	 8.4980
 2.1837	 8.5344
 2.1828	 8.4726
 2.1819	 8.4712
 2.1810	 8.5063
 2.1800	 8.5044
 2.1791	 8.5285
 2.1782	 8.5178
 2.1773	 8.5049
 2.1764	 8.5483
 2.1755	 8.5698
 2.1746	 8.5644
 2.1736	 8.5669
 2.1727	 8.5949
 2.1718	 8.6216
 2.1709	 8.5969
 2.1700	 8.5854
 2.1691	 8.5835
 2.1682	 8.5967
 2.1673	 8.6572
 2.1664	 8.6955
 2.1655	 8.6933
 2.1646	 8.6916
 2.1637	 8.7365
 2.1628	 8.7688
 2.1619	 8.7844
 2.1610	 8.8254
 2.1601	 8.8647
 2.1592	 8.8801
 2.1583	 8.8769
 2.1574	 8.8696
 2.1565	 8.8508
 2.1556	 8.8755
 2.1547	 8.9477
 2.1538	 8.9660
 2.1529	 8.9580
 2.1520	 8.9912
 2.1511	 9.0117
 2.1502	 8.9953
 2.1493	 9.0012
 2.1484	 9.0234
 2.1475	 9.0259
 2.1466	 9.0405
 2.1458	 9.0683
 2.1449	 9.0947
 2.1440	 9.1211
 2.1431	 9.1289
 2.1422	 9.1572
 2.1413	 9.1474
 2.1404	 9.1269
 2.1396	 9.1682
 2.1387	 9.2112
 2.1378	 9.1968
 2.1369	 9.1787
 2.1360	 9.1692
 2.1352	 9.2060
 2.1343	 9.2170
 2.1334	 9.2143
 2.1325	 9.2251
 2.1316	 9.2092
 2.1308	 9.2109
 2.1299	 9.2285
 2.1290	 9.2485
 2.1281	 9.2226
 2.1273	 9.2229
 2.1264	 9.2451
 2.1255	 9.2629
 2.1247	 9.2558
 2.1238	 9.2424
 2.1229	 9.2446
 2.1220	 9.2717
 2.1212	 9.2959
 2.1203	 9.2590
 2.1194	 9.2226
 2.1186	 9.2444
 2.1177	 9.3071
 2.1168	 9.2842
 2.1160	 9.2495
 2.1151	 9.3108
 2.1143	 9.3323
 2.1134	 9.3149
 2.1125	 9.3008
 2.1117	 9.3056
 2.1108	 9.3135
 2.1100	 9.2954
 2.1091	 9.3047
 2.1082	 9.3244
 2.1074	 9.3139
 2.1065	 9.2969
 2.1057	 9.2844
 2.1048	 9.3303
 2.1040	 9.3694
 2.1031	 9.3652
 2.1023	 9.3528
 2.1014	 9.3362
 2.1005	 9.2998
 2.0997	 9.2932
 2.0988	 9.3313
 2.0980	 9.3467
 2.0971	 9.3664
 2.0963	 9.4013
 2.0955	 9.4114
 2.0946	 9.3779
 2.0938	 9.3733
 2.0929	 9.3984
 2.0921	 9.3691
 2.0912	 9.3506
 2.0904	 9.3735
 2.0895	 9.3664
 2.0887	 9.3340
 2.0879	 9.3821
 2.0870	 9.4160
 2.0862	 9.4033
 2.0853	 9.3791
 2.0845	 9.3459
 2.0837	 9.3515
 2.0828	 9.3823
 2.0820	 9.3938
 2.0812	 9.4094
 2.0803	 9.4385
 2.0795	 9.4502
