Name: Epidote Ca2(Al,Fe+3)3(SiO4)3(OH)
Type: Mineral
Class: Silicate
Subclass: Sorosilicate
Particle Size: Fine
Sample No.: epidote_1
Owner: JHU
Wavelength Range: TIR
Origin: Donated by Bruce Hemingway;  Sample from Prince of WalesIsland, Alaska. 
Collection Date: N/A
Description:  The sample consisted of several deep green epidote crystals, 2 cm x 1 cm x 1 cm in size.  The sample looked pure in hand specimen and microscopic examination indicated pure, unaltered epidote. Sample was in Epidote Group and had particle size 0-74 Micrometers. Original ASTER Spectral Library name was jhu.nicolet.mineral.silicate.sorosilicate.fine.epidot1.spectrum.txt
Measurement: Bidirectional reflectance
First Column: X
Second Column: Y
X Units: Wavelength (micrometers)
Y Units:Reflectance (percent)
First X Value: 25.0442
Last X Value:  2.0795
Number of X Values: 2287
Additional Information: None

25.0442	 1.5686
24.9238	 1.6702
24.8045	 2.0237
24.6864	 1.9912
24.5694	 1.7983
24.4536	 1.6416
24.3388	 1.5640
24.2250	 1.4563
24.1124	 1.4172
24.0007	 1.5532
23.8901	 1.4934
23.7805	 1.5002
23.6719	 1.5537
23.5643	 1.5610
23.4577	 1.6108
23.3520	 1.6768
23.2473	 1.6558
23.1435	 1.7087
23.0407	 1.7314
22.9387	 1.6499
22.8377	 1.6030
22.7375	 1.5796
22.6382	 1.4971
22.5398	 1.4753
22.4422	 1.5566
22.3455	 1.5972
22.2496	 1.4702
22.1545	 1.3979
22.0602	 1.4331
21.9668	 1.4612
21.8741	 1.4565
21.7822	 1.3147
21.6910	 1.2764
21.6007	 1.3018
21.5110	 1.2612
21.4221	 1.2832
21.3340	 1.3193
21.2465	 1.2832
21.1598	 1.2244
21.0738	 1.1377
20.9885	 1.1167
20.9038	 1.1553
20.8199	 1.1460
20.7366	 1.1365
20.6540	 1.1301
20.5720	 1.1174
20.4907	 1.1318
20.4100	 1.1626
20.3300	 1.2124
20.2506	 1.2703
20.1718	 1.3123
20.0936	 1.3386
20.0160	 1.4446
19.9391	 1.5278
19.8627	 1.5969
19.7869	 1.6333
19.7116	 1.6125
19.6370	 1.6702
19.5628	 1.7849
19.4893	 1.8040
19.4163	 1.7922
19.3439	 1.7971
19.2719	 1.8254
19.2006	 1.8389
19.1297	 1.8164
19.0594	 1.7844
18.9896	 1.8015
18.9203	 1.7737
18.8515	 1.6855
18.7832	 1.6338
18.7153	 1.6548
18.6480	 1.6028
18.5812	 1.5476
18.5148	 1.5676
18.4489	 1.6106
18.3835	 1.5940
18.3185	 1.5869
18.2541	 1.6147
18.1900	 1.6467
18.1264	 1.7073
18.0633	 1.7490
18.0005	 1.7383
17.9382	 1.7278
17.8764	 1.7312
17.8150	 1.7444
17.7539	 1.7534
17.6934	 1.7310
17.6332	 1.6836
17.5734	 1.6362
17.5140	 1.6223
17.4551	 1.5806
17.3965	 1.4927
17.3383	 1.4263
17.2805	 1.3674
17.2231	 1.2786
17.1661	 1.1982
17.1094	 1.1272
17.0531	 1.0674
16.9972	 1.0044
16.9417	 0.9248
16.8865	 0.8528
16.8317	 0.8188
16.7772	 0.8311
16.7231	 0.8525
16.6693	 0.8520
16.6159	 0.8872
16.5628	 0.9004
16.5100	 0.8918
16.4576	 0.8601
16.4055	 0.8491
16.3538	 0.8308
16.3024	 0.8481
16.2513	 0.8945
16.2005	 0.8899
16.1500	 0.8804
16.0998	 0.9060
16.0500	 0.9265
16.0005	 0.9348
15.9513	 0.9580
15.9023	 0.9973
15.8537	 1.0056
15.8054	 1.0181
15.7573	 1.0647
15.7096	 1.0947
15.6621	 1.1143
15.6149	 1.1592
15.5680	 1.2087
15.5214	 1.2524
15.4751	 1.3086
15.4290	 1.3242
15.3832	 1.3342
15.3377	 1.3030
15.2925	 1.2959
15.2475	 1.3103
15.2028	 1.3008
15.1583	 1.2707
15.1141	 1.2258
15.0702	 1.1916
15.0265	 1.1704
14.9831	 1.1240
14.9399	 1.0815
14.8970	 1.0637
14.8543	 1.0666
14.8119	 1.0730
14.7697	 1.0532
14.7277	 1.0552
14.6860	 1.0818
14.6445	 1.1047
14.6033	 1.1267
14.5622	 1.1677
14.5214	 1.2148
14.4809	 1.2578
14.4405	 1.2627
14.4004	 1.2446
14.3605	 1.2378
14.3209	 1.2158
14.2814	 1.2019
14.2422	 1.1743
14.2032	 1.1326
14.1643	 1.1003
14.1258	 1.0784
14.0874	 1.0449
14.0492	 0.9922
14.0112	 0.9363
13.9734	 0.8892
13.9359	 0.8445
13.8985	 0.8062
13.8614	 0.7793
13.8244	 0.7710
13.7876	 0.8098
13.7511	 0.8560
13.7147	 0.8911
13.6785	 0.9832
13.6425	 1.0686
13.6067	 1.1245
13.5711	 1.1816
13.5356	 1.2532
13.5004	 1.3289
13.4653	 1.3791
13.4304	 1.4121
13.3957	 1.4665
13.3612	 1.5181
13.3269	 1.5422
13.2927	 1.5791
13.2587	 1.6150
13.2249	 1.6057
13.1912	 1.6252
13.1577	 1.6472
13.1244	 1.6445
13.0913	 1.6597
13.0583	 1.6575
13.0255	 1.6697
12.9929	 1.6946
12.9604	 1.7053
12.9281	 1.7202
12.8959	 1.7378
12.8639	 1.7388
12.8321	 1.7456
12.8004	 1.7253
12.7688	 1.7261
12.7375	 1.7383
12.7063	 1.7217
12.6752	 1.6977
12.6443	 1.6873
12.6135	 1.6675
12.5829	 1.6558
12.5524	 1.6184
12.5221	 1.5713
12.4919	 1.5395
12.4619	 1.4946
12.4320	 1.4636
12.4023	 1.4404
12.3727	 1.4080
12.3432	 1.3840
12.3139	 1.3533
12.2847	 1.3223
12.2557	 1.2844
12.2268	 1.2532
12.1980	 1.2383
12.1694	 1.2205
12.1409	 1.2056
12.1125	 1.1914
12.0843	 1.1658
12.0562	 1.1418
12.0282	 1.1374
12.0004	 1.1208
11.9726	 1.1055
11.9450	 1.1003
11.9176	 1.0759
11.8903	 1.0498
11.8631	 1.0503
11.8360	 1.0754
11.8090	 1.0947
11.7822	 1.1128
11.7555	 1.1294
11.7289	 1.1243
11.7024	 1.1287
11.6760	 1.1506
11.6498	 1.1416
11.6237	 1.1226
11.5977	 1.1062
11.5718	 1.0989
11.5460	 1.1082
11.5203	 1.1440
11.4948	 1.1904
11.4694	 1.2400
11.4440	 1.2996
11.4188	 1.3674
11.3937	 1.4209
11.3688	 1.4448
11.3439	 1.4695
11.3191	 1.4932
11.2944	 1.5063
11.2699	 1.5046
11.2455	 1.4773
11.2211	 1.4338
11.1969	 1.4062
11.1727	 1.3940
11.1487	 1.3696
11.1248	 1.3621
11.1010	 1.3630
11.0773	 1.3408
11.0536	 1.3054
11.0301	 1.2898
11.0067	 1.2683
10.9834	 1.2322
10.9602	 1.2043
10.9370	 1.1746
10.9140	 1.1272
10.8911	 1.0806
10.8682	 1.0454
10.8455	 1.0186
10.8229	 1.0093
10.8003	 1.0215
10.7779	 1.0544
10.7555	 1.0920
10.7332	 1.1460
10.7111	 1.1938
10.6890	 1.2500
10.6670	 1.3240
10.6451	 1.3901
10.6233	 1.4612
10.6015	 1.5525
10.5799	 1.6392
10.5584	 1.7165
10.5369	 1.8071
10.5155	 1.8882
10.4942	 1.9392
10.4730	 1.9729
10.4519	 2.0093
10.4309	 2.0281
10.4099	 2.0371
10.3891	 2.0478
10.3683	 2.0561
10.3476	 2.0559
10.3270	 2.0427
10.3065	 2.0232
10.2860	 1.9780
10.2656	 1.9253
10.2454	 1.8838
10.2251	 1.8406
10.2050	 1.8032
10.1850	 1.7786
10.1650	 1.7627
10.1451	 1.7507
10.1253	 1.7285
10.1056	 1.6992
10.0859	 1.6623
10.0663	 1.6106
10.0468	 1.5181
10.0274	 1.4028
10.0080	 1.2744
 9.9887	 1.1240
 9.9695	 0.9692
 9.9504	 0.8186
 9.9313	 0.6943
 9.9123	 0.6006
 9.8934	 0.5264
 9.8746	 0.4810
 9.8558	 0.4678
 9.8371	 0.4648
 9.8185	 0.4844
 9.7999	 0.5142
 9.7814	 0.5579
 9.7630	 0.6038
 9.7447	 0.6487
 9.7264	 0.7239
 9.7082	 0.8081
 9.6900	 0.8784
 9.6719	 0.9519
 9.6539	 1.0234
 9.6360	 1.0769
 9.6181	 1.1250
 9.6003	 1.1614
 9.5825	 1.1912
 9.5649	 1.2249
 9.5472	 1.2747
 9.5297	 1.3245
 9.5122	 1.3694
 9.4948	 1.4104
 9.4774	 1.4253
 9.4601	 1.4343
 9.4429	 1.4338
 9.4257	 1.4038
 9.4086	 1.3835
 9.3916	 1.3733
 9.3746	 1.3643
 9.3577	 1.3499
 9.3408	 1.3323
 9.3240	 1.3357
 9.3073	 1.3430
 9.2906	 1.3557
 9.2740	 1.3782
 9.2574	 1.3938
 9.2409	 1.4136
 9.2245	 1.4338
 9.2081	 1.4382
 9.1918	 1.4478
 9.1755	 1.4412
 9.1593	 1.4121
 9.1431	 1.3826
 9.1270	 1.3557
 9.1110	 1.3337
 9.0950	 1.3171
 9.0791	 1.3225
 9.0632	 1.3230
 9.0474	 1.3098
 9.0316	 1.3044
 9.0159	 1.3113
 9.0003	 1.3179
 8.9847	 1.3235
 8.9691	 1.3196
 8.9536	 1.3171
 8.9382	 1.3267
 8.9228	 1.3330
 8.9075	 1.3464
 8.8922	 1.3508
 8.8770	 1.3618
 8.8618	 1.3769
 8.8467	 1.3853
 8.8316	 1.3931
 8.8166	 1.3957
 8.8016	 1.3933
 8.7867	 1.3855
 8.7718	 1.3508
 8.7570	 1.3035
 8.7422	 1.2417
 8.7275	 1.1599
 8.7129	 1.0801
 8.6982	 0.9978
 8.6837	 0.9175
 8.6692	 0.8494
 8.6547	 0.7847
 8.6403	 0.7212
 8.6259	 0.6580
 8.6116	 0.6130
 8.5973	 0.5703
 8.5830	 0.5239
 8.5688	 0.5051
 8.5547	 0.5034
 8.5406	 0.4934
 8.5266	 0.4924
 8.5126	 0.5017
 8.4986	 0.5210
 8.4847	 0.5413
 8.4708	 0.5659
 8.4570	 0.6023
 8.4432	 0.6409
 8.4295	 0.6819
 8.4158	 0.7292
 8.4022	 0.7776
 8.3886	 0.8308
 8.3750	 0.8923
 8.3615	 0.9561
 8.3481	 1.0154
 8.3347	 1.0735
 8.3213	 1.1392
 8.3079	 1.1995
 8.2946	 1.2671
 8.2814	 1.3364
 8.2682	 1.4019
 8.2550	 1.4670
 8.2419	 1.5300
 8.2288	 1.5933
 8.2158	 1.6560
 8.2028	 1.7117
 8.1898	 1.7651
 8.1769	 1.8196
 8.1640	 1.8691
 8.1512	 1.9087
 8.1384	 1.9460
 8.1256	 1.9863
 8.1129	 2.0215
 8.1002	 2.0591
 8.0876	 2.1013
 8.0750	 2.1321
 8.0624	 2.1623
 8.0499	 2.1953
 8.0374	 2.2292
 8.0250	 2.2639
 8.0126	 2.2939
 8.0002	 2.3242
 7.9879	 2.3516
 7.9756	 2.3801
 7.9634	 2.4121
 7.9512	 2.4412
 7.9390	 2.4726
 7.9268	 2.5051
 7.9147	 2.5361
 7.9027	 2.5769
 7.8906	 2.6164
 7.8786	 2.6570
 7.8667	 2.7039
 7.8548	 2.7497
 7.8429	 2.7915
 7.8310	 2.8274
 7.8192	 2.8806
 7.8075	 2.9331
 7.7957	 2.9748
 7.7840	 3.0303
 7.7723	 3.0818
 7.7607	 3.1262
 7.7491	 3.1838
 7.7375	 3.2476
 7.7260	 3.3064
 7.7145	 3.3555
 7.7031	 3.4072
 7.6916	 3.4700
 7.6802	 3.5315
 7.6689	 3.5852
 7.6575	 3.6328
 7.6462	 3.6819
 7.6350	 3.7378
 7.6238	 3.7856
 7.6126	 3.8306
 7.6014	 3.8747
 7.5903	 3.9206
 7.5792	 3.9604
 7.5681	 3.9980
 7.5571	 4.0295
 7.5461	 4.0571
 7.5351	 4.0911
 7.5242	 4.1321
 7.5133	 4.1623
 7.5024	 4.1892
 7.4916	 4.2273
 7.4807	 4.2624
 7.4700	 4.2903
 7.4592	 4.3154
 7.4485	 4.3418
 7.4378	 4.3667
 7.4272	 4.3970
 7.4165	 4.4328
 7.4059	 4.4575
 7.3954	 4.4722
 7.3848	 4.4985
 7.3743	 4.5281
 7.3639	 4.5474
 7.3534	 4.5710
 7.3430	 4.6025
 7.3326	 4.6296
 7.3223	 4.6465
 7.3119	 4.6684
 7.3016	 4.6997
 7.2914	 4.7202
 7.2811	 4.7380
 7.2709	 4.7524
 7.2607	 4.7590
 7.2506	 4.7685
 7.2404	 4.7866
 7.2303	 4.7988
 7.2203	 4.8042
 7.2102	 4.8010
 7.2002	 4.7983
 7.1902	 4.8010
 7.1803	 4.7981
 7.1703	 4.7952
 7.1604	 4.8017
 7.1506	 4.8169
 7.1407	 4.8347
 7.1309	 4.8498
 7.1211	 4.8662
 7.1113	 4.8896
 7.1016	 4.9199
 7.0919	 4.9541
 7.0822	 4.9934
 7.0725	 5.0298
 7.0629	 5.0686
 7.0533	 5.1067
 7.0437	 5.1460
 7.0341	 5.1855
 7.0246	 5.2139
 7.0151	 5.2434
 7.0056	 5.2678
 6.9962	 5.2849
 6.9867	 5.3027
 6.9773	 5.3100
 6.9679	 5.3057
 6.9586	 5.3047
 6.9493	 5.3223
 6.9400	 5.3342
 6.9307	 5.3393
 6.9214	 5.3472
 6.9122	 5.3525
 6.9030	 5.3567
 6.8938	 5.3655
 6.8847	 5.3718
 6.8755	 5.3667
 6.8664	 5.3520
 6.8573	 5.3628
 6.8483	 5.3777
 6.8393	 5.3686
 6.8302	 5.3452
 6.8213	 5.3269
 6.8123	 5.3303
 6.8034	 5.3557
 6.7944	 5.3869
 6.7855	 5.4365
 6.7767	 5.4929
 6.7678	 5.5412
 6.7590	 5.5791
 6.7502	 5.5967
 6.7414	 5.6040
 6.7327	 5.6135
 6.7239	 5.6152
 6.7152	 5.6128
 6.7065	 5.6130
 6.6979	 5.6211
 6.6892	 5.6103
 6.6806	 5.5986
 6.6720	 5.6062
 6.6634	 5.6140
 6.6549	 5.6138
 6.6464	 5.5954
 6.6378	 5.5820
 6.6294	 5.5952
 6.6209	 5.6103
 6.6124	 5.6133
 6.6040	 5.6142
 6.5956	 5.6211
 6.5872	 5.6250
 6.5789	 5.6223
 6.5705	 5.6308
 6.5622	 5.6509
 6.5539	 5.6599
 6.5456	 5.6709
 6.5374	 5.6875
 6.5292	 5.6970
 6.5209	 5.6948
 6.5128	 5.7087
 6.5046	 5.7134
 6.4964	 5.6982
 6.4883	 5.7070
 6.4802	 5.7341
 6.4721	 5.7510
 6.4640	 5.7751
 6.4560	 5.8039
 6.4480	 5.8345
 6.4399	 5.8567
 6.4320	 5.8872
 6.4240	 5.9138
 6.4160	 5.9236
 6.4081	 5.9587
 6.4002	 6.0088
 6.3923	 6.0310
 6.3844	 6.0422
 6.3766	 6.0537
 6.3687	 6.0649
 6.3609	 6.0679
 6.3531	 6.0605
 6.3454	 6.0473
 6.3376	 6.0527
 6.3299	 6.0613
 6.3221	 6.0571
 6.3144	 6.0473
 6.3068	 6.0388
 6.2991	 6.0320
 6.2914	 6.0249
 6.2838	 6.0193
 6.2762	 6.0181
 6.2686	 6.0190
 6.2611	 6.0159
 6.2535	 6.0212
 6.2460	 6.0347
 6.2385	 6.0393
 6.2310	 6.0532
 6.2235	 6.0744
 6.2160	 6.0874
 6.2086	 6.0989
 6.2011	 6.1064
 6.1937	 6.1059
 6.1863	 6.0889
 6.1790	 6.0871
 6.1716	 6.0867
 6.1643	 6.0576
 6.1570	 6.0276
 6.1496	 6.0007
 6.1424	 5.9609
 6.1351	 5.9214
 6.1278	 5.8804
 6.1206	 5.8266
 6.1134	 5.7695
 6.1062	 5.7390
 6.0990	 5.7151
 6.0918	 5.6743
 6.0847	 5.6218
 6.0776	 5.5676
 6.0704	 5.5171
 6.0633	 5.4673
 6.0563	 5.4004
 6.0492	 5.3201
 6.0421	 5.2598
 6.0351	 5.1965
 6.0281	 5.1211
 6.0211	 5.0273
 6.0141	 4.9245
 6.0071	 4.8276
 6.0002	 4.7270
 5.9932	 4.6203
 5.9863	 4.5168
 5.9794	 4.4204
 5.9725	 4.3245
 5.9657	 4.2436
 5.9588	 4.1745
 5.9520	 4.1160
 5.9451	 4.0635
 5.9383	 4.0181
 5.9315	 4.0151
 5.9247	 4.0283
 5.9180	 4.0366
 5.9112	 4.0522
 5.9045	 4.0693
 5.8978	 4.0879
 5.8911	 4.1189
 5.8844	 4.1484
 5.8777	 4.1858
 5.8711	 4.2317
 5.8644	 4.2563
 5.8578	 4.2881
 5.8512	 4.3242
 5.8446	 4.3547
 5.8380	 4.3743
 5.8314	 4.3913
 5.8249	 4.4001
 5.8184	 4.4045
 5.8118	 4.4199
 5.8053	 4.4319
 5.7988	 4.4360
 5.7924	 4.4350
 5.7859	 4.4277
 5.7794	 4.4243
 5.7730	 4.4141
 5.7666	 4.4036
 5.7602	 4.4148
 5.7538	 4.4309
 5.7474	 4.4480
 5.7410	 4.4639
 5.7347	 4.4785
 5.7283	 4.5015
 5.7220	 4.5259
 5.7157	 4.5439
 5.7094	 4.5542
 5.7031	 4.5723
 5.6969	 4.5825
 5.6906	 4.5908
 5.6844	 4.6045
 5.6782	 4.6194
 5.6719	 4.6348
 5.6657	 4.6533
 5.6596	 4.6694
 5.6534	 4.6897
 5.6472	 4.7097
 5.6411	 4.7297
 5.6349	 4.7627
 5.6288	 4.7944
 5.6227	 4.8337
 5.6166	 4.8696
 5.6106	 4.9048
 5.6045	 4.9463
 5.5984	 4.9939
 5.5924	 5.0491
 5.5864	 5.1057
 5.5804	 5.1689
 5.5744	 5.2434
 5.5684	 5.3235
 5.5624	 5.4033
 5.5564	 5.4841
 5.5505	 5.5593
 5.5445	 5.6338
 5.5386	 5.7119
 5.5327	 5.7847
 5.5268	 5.8386
 5.5209	 5.8857
 5.5151	 5.9397
 5.5092	 5.9980
 5.5033	 6.0549
 5.4975	 6.1069
 5.4917	 6.1611
 5.4859	 6.2207
 5.4801	 6.2773
 5.4743	 6.3298
 5.4685	 6.3735
 5.4628	 6.4158
 5.4570	 6.4595
 5.4513	 6.4895
 5.4455	 6.5137
 5.4398	 6.5434
 5.4341	 6.5647
 5.4284	 6.5732
 5.4228	 6.5832
 5.4171	 6.6091
 5.4114	 6.6250
 5.4058	 6.6294
 5.4002	 6.6409
 5.3945	 6.6499
 5.3889	 6.6557
 5.3833	 6.6565
 5.3778	 6.6455
 5.3722	 6.6286
 5.3666	 6.6108
 5.3611	 6.5937
 5.3555	 6.5715
 5.3500	 6.5539
 5.3445	 6.5522
 5.3390	 6.5522
 5.3335	 6.5522
 5.3280	 6.5515
 5.3225	 6.5422
 5.3171	 6.5368
 5.3116	 6.5315
 5.3062	 6.5210
 5.3008	 6.5041
 5.2954	 6.4866
 5.2900	 6.4641
 5.2846	 6.4341
 5.2792	 6.3977
 5.2738	 6.3557
 5.2684	 6.3144
 5.2631	 6.2778
 5.2578	 6.2410
 5.2524	 6.2058
 5.2471	 6.1736
 5.2418	 6.1467
 5.2365	 6.1328
 5.2312	 6.1177
 5.2260	 6.1020
 5.2207	 6.1013
 5.2154	 6.1079
 5.2102	 6.1203
 5.2050	 6.1443
 5.1998	 6.1809
 5.1945	 6.2344
 5.1893	 6.3069
 5.1842	 6.3845
 5.1790	 6.4524
 5.1738	 6.5205
 5.1686	 6.5903
 5.1635	 6.6533
 5.1584	 6.7002
 5.1532	 6.7339
 5.1481	 6.7502
 5.1430	 6.7651
 5.1379	 6.7763
 5.1328	 6.7785
 5.1277	 6.7688
 5.1227	 6.7512
 5.1176	 6.7348
 5.1126	 6.7151
 5.1075	 6.6833
 5.1025	 6.6521
 5.0975	 6.6284
 5.0925	 6.6138
 5.0875	 6.6057
 5.0825	 6.6035
 5.0775	 6.5991
 5.0726	 6.5818
 5.0676	 6.5654
 5.0627	 6.5447
 5.0577	 6.5207
 5.0528	 6.5022
 5.0479	 6.4875
 5.0430	 6.4756
 5.0380	 6.4692
 5.0332	 6.4641
 5.0283	 6.4587
 5.0234	 6.4504
 5.0185	 6.4282
 5.0137	 6.3826
 5.0088	 6.3252
 5.0040	 6.2488
 4.9992	 6.1416
 4.9944	 6.0224
 4.9896	 5.9126
 4.9848	 5.8032
 4.9800	 5.6914
 4.9752	 5.5964
 4.9704	 5.5325
 4.9657	 5.4831
 4.9609	 5.4504
 4.9562	 5.4414
 4.9514	 5.4490
 4.9467	 5.4548
 4.9420	 5.4670
 4.9373	 5.4934
 4.9326	 5.5119
 4.9279	 5.5290
 4.9232	 5.5561
 4.9186	 5.5749
 4.9139	 5.5818
 4.9092	 5.5849
 4.9046	 5.5718
 4.9000	 5.5608
 4.8953	 5.5786
 4.8907	 5.6191
 4.8861	 5.6872
 4.8815	 5.8015
 4.8769	 5.9387
 4.8723	 6.0796
 4.8678	 6.2112
 4.8632	 6.3252
 4.8586	 6.4267
 4.8541	 6.5054
 4.8495	 6.5679
 4.8450	 6.6140
 4.8405	 6.6484
 4.8360	 6.6821
 4.8315	 6.7163
 4.8270	 6.7434
 4.8225	 6.7727
 4.8180	 6.8169
 4.8135	 6.8652
 4.8090	 6.9275
 4.8046	 7.0022
 4.8001	 7.0879
 4.7957	 7.1836
 4.7913	 7.2822
 4.7868	 7.3989
 4.7824	 7.5190
 4.7780	 7.6452
 4.7736	 7.7820
 4.7692	 7.9028
 4.7648	 8.0107
 4.7605	 8.1328
 4.7561	 8.2436
 4.7517	 8.3308
 4.7474	 8.4089
 4.7431	 8.4819
 4.7387	 8.5283
 4.7344	 8.5637
 4.7301	 8.5886
 4.7258	 8.6015
 4.7215	 8.6084
 4.7172	 8.6142
 4.7129	 8.6162
 4.7086	 8.6169
 4.7043	 8.6284
 4.7000	 8.6509
 4.6958	 8.6670
 4.6915	 8.6872
 4.6873	 8.7212
 4.6831	 8.7517
 4.6788	 8.7759
 4.6746	 8.7969
 4.6704	 8.8210
 4.6662	 8.8435
 4.6620	 8.8567
 4.6578	 8.8652
 4.6536	 8.8681
 4.6495	 8.8589
 4.6453	 8.8374
 4.6411	 8.8193
 4.6370	 8.7983
 4.6328	 8.7683
 4.6287	 8.7363
 4.6246	 8.7046
 4.6205	 8.6804
 4.6163	 8.6667
 4.6122	 8.6765
 4.6081	 8.7165
 4.6040	 8.7776
 4.6000	 8.8415
 4.5959	 8.9250
 4.5918	 9.0332
 4.5877	 9.1465
 4.5837	 9.2510
 4.5796	 9.3552
 4.5756	 9.4646
 4.5716	 9.5676
 4.5675	 9.6643
 4.5635	 9.7580
 4.5595	 9.8452
 4.5555	 9.9321
 4.5515	10.0176
 4.5475	10.1013
 4.5435	10.1860
 4.5395	10.2612
 4.5356	10.3327
 4.5316	10.4028
 4.5276	10.4629
 4.5237	10.5224
 4.5197	10.5886
 4.5158	10.6477
 4.5119	10.7116
 4.5080	10.7780
 4.5040	10.8425
 4.5001	10.9013
 4.4962	10.9653
 4.4923	11.0317
 4.4884	11.0822
 4.4846	11.1325
 4.4807	11.1779
 4.4768	11.2160
 4.4730	11.2597
 4.4691	11.2949
 4.4652	11.3169
 4.4614	11.3506
 4.4576	11.3830
 4.4537	11.3974
 4.4499	11.4233
 4.4461	11.4538
 4.4423	11.4736
 4.4385	11.4900
 4.4347	11.5168
 4.4309	11.5381
 4.4271	11.5517
 4.4233	11.5761
 4.4196	11.5991
 4.4158	11.6133
 4.4120	11.6303
 4.4083	11.6511
 4.4045	11.6721
 4.4008	11.6880
 4.3971	11.6989
 4.3934	11.7133
 4.3896	11.7273
 4.3859	11.7380
 4.3822	11.7573
 4.3785	11.7739
 4.3748	11.7837
 4.3711	11.7949
 4.3674	11.8091
 4.3638	11.8164
 4.3601	11.8279
 4.3564	11.8420
 4.3528	11.8496
 4.3491	11.8586
 4.3455	11.8703
 4.3418	11.8752
 4.3382	11.8764
 4.3346	11.8823
 4.3310	11.8894
 4.3273	11.8957
 4.3237	11.8996
 4.3201	11.9055
 4.3165	11.9082
 4.3129	11.9077
 4.3094	11.9094
 4.3058	11.9145
 4.3022	11.9150
 4.2986	11.9218
 4.2951	11.9272
 4.2915	11.9284
 4.2880	11.9367
 4.2844	11.9421
 4.2809	11.9404
 4.2774	11.9433
 4.2738	11.9526
 4.2703	11.9577
 4.2668	11.9653
 4.2633	11.9809
 4.2598	11.9885
 4.2563	11.9856
 4.2528	11.9963
 4.2493	12.0114
 4.2458	12.0171
 4.2424	12.0241
 4.2389	12.0400
 4.2354	12.0498
 4.2320	12.0586
 4.2285	12.0710
 4.2251	12.0813
 4.2216	12.0896
 4.2182	12.1028
 4.2148	12.1218
 4.2113	12.1267
 4.2079	12.1299
 4.2045	12.1496
 4.2011	12.1604
 4.1977	12.1618
 4.1943	12.1709
 4.1909	12.1784
 4.1875	12.1919
 4.1841	12.2075
 4.1808	12.2143
 4.1774	12.2231
 4.1740	12.2361
 4.1707	12.2414
 4.1673	12.2463
 4.1640	12.2507
 4.1606	12.2575
 4.1573	12.2634
 4.1540	12.2610
 4.1506	12.2673
 4.1473	12.2749
 4.1440	12.2693
 4.1407	12.2717
 4.1374	12.2817
 4.1341	12.2861
 4.1308	12.2951
 4.1275	12.3039
 4.1242	12.3117
 4.1209	12.3147
 4.1177	12.3088
 4.1144	12.3093
 4.1111	12.3193
 4.1079	12.3188
 4.1046	12.3147
 4.1014	12.3217
 4.0981	12.3230
 4.0949	12.3286
 4.0917	12.3330
 4.0884	12.3300
 4.0852	12.3266
 4.0820	12.3213
 4.0788	12.3215
 4.0756	12.3225
 4.0724	12.3235
 4.0692	12.3261
 4.0660	12.3222
 4.0628	12.3237
 4.0596	12.3252
 4.0565	12.3142
 4.0533	12.3076
 4.0501	12.3091
 4.0470	12.3017
 4.0438	12.2854
 4.0406	12.2790
 4.0375	12.2717
 4.0344	12.2653
 4.0312	12.2595
 4.0281	12.2458
 4.0250	12.2263
 4.0218	12.2170
 4.0187	12.2036
 4.0156	12.1811
 4.0125	12.1591
 4.0094	12.1391
 4.0063	12.1089
 4.0032	12.0752
 4.0001	12.0395
 3.9970	12.0041
 3.9940	11.9572
 3.9909	11.9150
 3.9878	11.8864
 3.9847	11.8635
 3.9817	11.8615
 3.9786	11.8833
 3.9756	11.9131
 3.9725	11.9411
 3.9695	11.9648
 3.9665	11.9948
 3.9634	12.0215
 3.9604	12.0395
 3.9574	12.0647
 3.9544	12.0881
 3.9513	12.1074
 3.9483	12.1367
 3.9453	12.1635
 3.9423	12.1860
 3.9393	12.2136
 3.9363	12.2321
 3.9333	12.2461
 3.9304	12.2697
 3.9274	12.2832
 3.9244	12.2929
 3.9214	12.3112
 3.9185	12.3315
 3.9155	12.3449
 3.9126	12.3574
 3.9096	12.3723
 3.9067	12.3823
 3.9037	12.3816
 3.9008	12.3889
 3.8979	12.3906
 3.8949	12.3952
 3.8920	12.3989
 3.8891	12.4074
 3.8862	12.4077
 3.8833	12.4001
 3.8804	12.4023
 3.8775	12.3984
 3.8746	12.3911
 3.8717	12.3952
 3.8688	12.3982
 3.8659	12.3967
 3.8630	12.3982
 3.8601	12.3955
 3.8573	12.3894
 3.8544	12.3794
 3.8515	12.3777
 3.8487	12.3767
 3.8458	12.3803
 3.8430	12.3830
 3.8401	12.3828
 3.8373	12.3796
 3.8344	12.3767
 3.8316	12.3745
 3.8288	12.3725
 3.8259	12.3642
 3.8231	12.3640
 3.8203	12.3654
 3.8175	12.3640
 3.8147	12.3613
 3.8119	12.3554
 3.8091	12.3559
 3.8063	12.3530
 3.8035	12.3530
 3.8007	12.3581
 3.7979	12.3552
 3.7951	12.3562
 3.7924	12.3574
 3.7896	12.3542
 3.7868	12.3491
 3.7841	12.3523
 3.7813	12.3515
 3.7785	12.3496
 3.7758	12.3510
 3.7730	12.3498
 3.7703	12.3469
 3.7676	12.3464
 3.7648	12.3488
 3.7621	12.3396
 3.7594	12.3347
 3.7566	12.3283
 3.7539	12.3144
 3.7512	12.3071
 3.7485	12.2978
 3.7458	12.2866
 3.7431	12.2768
 3.7404	12.2766
 3.7377	12.2666
 3.7350	12.2490
 3.7323	12.2439
 3.7296	12.2321
 3.7269	12.2072
 3.7242	12.1877
 3.7216	12.1765
 3.7189	12.1711
 3.7162	12.1570
 3.7136	12.1403
 3.7109	12.1216
 3.7083	12.1079
 3.7056	12.1010
 3.7030	12.0908
 3.7003	12.0798
 3.6977	12.0722
 3.6950	12.0669
 3.6924	12.0549
 3.6898	12.0429
 3.6872	12.0383
 3.6845	12.0349
 3.6819	12.0215
 3.6793	12.0139
 3.6767	12.0034
 3.6741	11.9980
 3.6715	11.9934
 3.6689	11.9912
 3.6663	11.9895
 3.6637	11.9817
 3.6611	11.9861
 3.6585	11.9963
 3.6560	12.0036
 3.6534	12.0068
 3.6508	12.0117
 3.6482	12.0197
 3.6457	12.0239
 3.6431	12.0285
 3.6406	12.0351
 3.6380	12.0263
 3.6355	12.0229
 3.6329	12.0200
 3.6304	12.0124
 3.6278	12.0112
 3.6253	12.0024
 3.6227	11.9851
 3.6202	11.9736
 3.6177	11.9631
 3.6152	11.9585
 3.6127	11.9414
 3.6101	11.9218
 3.6076	11.9179
 3.6051	11.9048
 3.6026	11.8894
 3.6001	11.8786
 3.5976	11.8569
 3.5951	11.8396
 3.5926	11.8308
 3.5901	11.8093
 3.5876	11.7929
 3.5852	11.7788
 3.5827	11.7580
 3.5802	11.7390
 3.5777	11.7251
 3.5753	11.7202
 3.5728	11.6989
 3.5704	11.6714
 3.5679	11.6628
 3.5654	11.6450
 3.5630	11.6186
 3.5605	11.5967
 3.5581	11.5788
 3.5557	11.5566
 3.5532	11.5285
 3.5508	11.5071
 3.5484	11.4807
 3.5459	11.4499
 3.5435	11.4155
 3.5411	11.3813
 3.5387	11.3469
 3.5363	11.3086
 3.5338	11.2629
 3.5314	11.2080
 3.5290	11.1418
 3.5266	11.0647
 3.5242	10.9604
 3.5218	10.8200
 3.5195	10.6196
 3.5171	10.3181
 3.5147	 9.8816
 3.5123	 9.2907
 3.5099	 8.7280
 3.5075	 8.5600
 3.5052	 8.8362
 3.5028	 9.2475
 3.5004	 9.5859
 3.4981	 9.8310
 3.4957	10.0180
 3.4934	10.1538
 3.4910	10.2348
 3.4887	10.2754
 3.4863	10.2903
 3.4840	10.2695
 3.4816	10.2470
 3.4793	10.2390
 3.4770	10.2348
 3.4746	10.2165
 3.4723	10.1926
 3.4700	10.1699
 3.4677	10.1311
 3.4653	10.0774
 3.4630	10.0188
 3.4607	 9.9448
 3.4584	 9.8847
 3.4561	 9.8296
 3.4538	 9.7602
 3.4515	 9.6794
 3.4492	 9.5959
 3.4469	 9.5107
 3.4446	 9.4192
 3.4423	 9.3030
 3.4400	 9.1531
 3.4378	 8.9416
 3.4355	 8.6264
 3.4332	 8.1933
 3.4309	 7.7021
 3.4287	 7.3506
 3.4264	 7.2788
 3.4241	 7.4165
 3.4219	 7.6369
 3.4196	 7.8718
 3.4174	 8.1069
 3.4151	 8.3205
 3.4129	 8.5124
 3.4106	 8.6914
 3.4084	 8.8432
 3.4061	 8.9836
 3.4039	 9.1262
 3.4017	 9.2536
 3.3994	 9.3532
 3.3972	 9.4353
 3.3950	 9.4946
 3.3928	 9.5339
 3.3906	 9.5290
 3.3883	 9.4975
 3.3861	 9.4587
 3.3839	 9.4138
 3.3817	 9.3923
 3.3795	 9.3999
 3.3773	 9.4372
 3.3751	 9.4907
 3.3729	 9.5495
 3.3707	 9.6172
 3.3685	 9.6792
 3.3663	 9.7356
 3.3641	 9.7817
 3.3620	 9.8122
 3.3598	 9.8296
 3.3576	 9.8371
 3.3554	 9.8381
 3.3533	 9.8259
 3.3511	 9.8200
 3.3489	 9.8139
 3.3468	 9.8042
 3.3446	 9.7998
 3.3425	 9.7915
 3.3403	 9.7722
 3.3382	 9.7483
 3.3360	 9.7326
 3.3339	 9.7163
 3.3317	 9.6941
 3.3296	 9.6684
 3.3274	 9.6426
 3.3253	 9.6172
 3.3232	 9.5986
 3.3210	 9.5747
 3.3189	 9.5429
 3.3168	 9.5276
 3.3147	 9.5115
 3.3126	 9.4817
 3.3104	 9.4587
 3.3083	 9.4367
 3.3062	 9.4072
 3.3041	 9.3840
 3.3020	 9.3581
 3.2999	 9.3249
 3.2978	 9.2907
 3.2957	 9.2558
 3.2936	 9.2119
 3.2915	 9.1657
 3.2894	 9.1213
 3.2874	 9.0691
 3.2853	 9.0139
 3.2832	 8.9531
 3.2811	 8.8918
 3.2790	 8.8249
 3.2770	 8.7788
 3.2749	 8.7297
 3.2728	 8.6601
 3.2708	 8.5928
 3.2687	 8.5407
 3.2666	 8.4990
 3.2646	 8.4619
 3.2625	 8.4226
 3.2605	 8.3830
 3.2584	 8.3413
 3.2564	 8.3130
 3.2543	 8.2947
 3.2523	 8.2756
 3.2503	 8.2534
 3.2482	 8.2256
 3.2462	 8.2041
 3.2442	 8.1907
 3.2421	 8.1770
 3.2401	 8.1565
 3.2381	 8.1220
 3.2361	 8.0989
 3.2340	 8.0730
 3.2320	 8.0439
 3.2300	 8.0078
 3.2280	 7.9751
 3.2260	 7.9463
 3.2240	 7.9006
 3.2220	 7.8579
 3.2200	 7.8144
 3.2180	 7.7595
 3.2160	 7.7126
 3.2140	 7.6719
 3.2120	 7.6169
 3.2100	 7.5576
 3.2080	 7.5105
 3.2060	 7.4607
 3.2040	 7.4013
 3.2021	 7.3459
 3.2001	 7.2895
 3.1981	 7.2305
 3.1961	 7.1626
 3.1942	 7.0930
 3.1922	 7.0271
 3.1902	 6.9626
 3.1883	 6.8999
 3.1863	 6.8379
 3.1844	 6.7646
 3.1824	 6.6848
 3.1805	 6.6213
 3.1785	 6.5683
 3.1766	 6.4973
 3.1746	 6.4380
 3.1727	 6.3982
 3.1707	 6.3572
 3.1688	 6.3022
 3.1669	 6.2676
 3.1649	 6.2431
 3.1630	 6.2102
 3.1611	 6.1682
 3.1591	 6.1352
 3.1572	 6.1079
 3.1553	 6.0742
 3.1534	 6.0398
 3.1515	 6.0107
 3.1495	 5.9851
 3.1476	 5.9516
 3.1457	 5.9121
 3.1438	 5.8760
 3.1419	 5.8345
 3.1400	 5.7927
 3.1381	 5.7446
 3.1362	 5.6980
 3.1343	 5.6492
 3.1324	 5.5857
 3.1305	 5.5134
 3.1286	 5.4394
 3.1268	 5.3718
 3.1249	 5.3005
 3.1230	 5.2139
 3.1211	 5.1286
 3.1192	 5.0544
 3.1174	 4.9712
 3.1155	 4.8745
 3.1136	 4.7839
 3.1117	 4.7034
 3.1099	 4.6203
 3.1080	 4.5373
 3.1061	 4.4609
 3.1043	 4.3774
 3.1024	 4.2966
 3.1006	 4.2204
 3.0987	 4.1514
 3.0969	 4.0859
 3.0950	 4.0244
 3.0932	 3.9582
 3.0913	 3.9009
 3.0895	 3.8406
 3.0876	 3.7834
 3.0858	 3.7312
 3.0840	 3.6794
 3.0821	 3.6392
 3.0803	 3.6057
 3.0785	 3.5659
 3.0766	 3.5315
 3.0748	 3.5017
 3.0730	 3.4653
 3.0712	 3.4304
 3.0694	 3.3967
 3.0675	 3.3750
 3.0657	 3.3557
 3.0639	 3.3279
 3.0621	 3.3032
 3.0603	 3.2820
 3.0585	 3.2580
 3.0567	 3.2419
 3.0549	 3.2151
 3.0531	 3.1899
 3.0513	 3.1726
 3.0495	 3.1509
 3.0477	 3.1208
 3.0459	 3.0974
 3.0441	 3.0791
 3.0423	 3.0517
 3.0406	 3.0322
 3.0388	 3.0142
 3.0370	 2.9839
 3.0352	 2.9622
 3.0334	 2.9424
 3.0317	 2.9082
 3.0299	 2.8787
 3.0281	 2.8540
 3.0264	 2.8335
 3.0246	 2.8091
 3.0228	 2.7783
 3.0211	 2.7478
 3.0193	 2.7241
 3.0176	 2.6907
 3.0158	 2.6555
 3.0140	 2.6284
 3.0123	 2.5925
 3.0105	 2.5596
 3.0088	 2.5217
 3.0070	 2.4653
 3.0053	 2.4060
 3.0036	 2.3511
 3.0018	 2.2905
 3.0001	 2.2217
 2.9984	 2.1528
 2.9966	 2.0828
 2.9949	 2.0056
 2.9932	 1.9355
 2.9914	 1.8748
 2.9897	 1.8186
 2.9880	 1.7637
 2.9863	 1.7104
 2.9845	 1.6709
 2.9828	 1.6284
 2.9811	 1.5840
 2.9794	 1.5549
 2.9777	 1.5183
 2.9760	 1.4844
 2.9743	 1.4499
 2.9726	 1.4097
 2.9709	 1.3740
 2.9692	 1.3494
 2.9675	 1.3313
 2.9658	 1.3098
 2.9641	 1.2969
 2.9624	 1.2822
 2.9607	 1.2720
 2.9590	 1.2607
 2.9573	 1.2505
 2.9556	 1.2583
 2.9539	 1.2656
 2.9523	 1.2747
 2.9506	 1.2974
 2.9489	 1.3240
 2.9472	 1.3503
 2.9455	 1.3760
 2.9439	 1.4138
 2.9422	 1.4614
 2.9405	 1.5029
 2.9389	 1.5569
 2.9372	 1.6135
 2.9355	 1.6770
 2.9339	 1.7393
 2.9322	 1.8081
 2.9306	 1.8757
 2.9289	 1.9485
 2.9272	 2.0278
 2.9256	 2.1186
 2.9239	 2.1997
 2.9223	 2.2773
 2.9207	 2.3608
 2.9190	 2.4495
 2.9174	 2.5347
 2.9157	 2.6213
 2.9141	 2.7202
 2.9124	 2.7932
 2.9108	 2.8523
 2.9092	 2.9128
 2.9075	 2.9670
 2.9059	 3.0154
 2.9043	 3.0488
 2.9027	 3.0767
 2.9010	 3.1047
 2.8994	 3.1277
 2.8978	 3.1416
 2.8962	 3.1536
 2.8946	 3.1719
 2.8929	 3.1916
 2.8913	 3.2126
 2.8897	 3.2390
 2.8881	 3.2524
 2.8865	 3.2720
 2.8849	 3.2966
 2.8833	 3.3105
 2.8817	 3.3227
 2.8801	 3.3494
 2.8785	 3.3830
 2.8769	 3.4243
 2.8753	 3.4573
 2.8737	 3.5054
 2.8721	 3.5569
 2.8705	 3.6025
 2.8689	 3.6462
 2.8673	 3.6977
 2.8658	 3.7610
 2.8642	 3.8281
 2.8626	 3.8921
 2.8610	 3.9685
 2.8594	 4.0408
 2.8579	 4.1086
 2.8563	 4.1741
 2.8547	 4.2446
 2.8531	 4.3347
 2.8516	 4.4204
 2.8500	 4.5005
 2.8484	 4.5845
 2.8469	 4.6816
 2.8453	 4.7734
 2.8437	 4.8618
 2.8422	 4.9736
 2.8406	 5.0889
 2.8391	 5.2007
 2.8375	 5.3132
 2.8360	 5.4333
 2.8344	 5.5666
 2.8329	 5.6936
 2.8313	 5.8071
 2.8298	 5.9416
 2.8282	 6.0730
 2.8267	 6.1868
 2.8252	 6.2956
 2.8236	 6.3940
 2.8221	 6.4751
 2.8205	 6.5259
 2.8190	 6.5879
 2.8175	 6.6763
 2.8159	 6.7893
 2.8144	 6.9219
 2.8129	 7.0647
 2.8114	 7.1909
 2.8098	 7.2915
 2.8083	 7.3713
 2.8068	 7.4216
 2.8053	 7.4477
 2.8038	 7.4436
 2.8022	 7.4665
 2.8007	 7.5405
 2.7992	 7.6423
 2.7977	 7.7546
 2.7962	 7.8728
 2.7947	 7.9429
 2.7932	 7.9804
 2.7917	 8.0410
 2.7902	 8.0859
 2.7887	 8.1159
 2.7872	 8.1614
 2.7857	 8.2141
 2.7842	 8.2458
 2.7827	 8.2898
 2.7812	 8.3530
 2.7797	 8.3991
 2.7782	 8.4504
 2.7767	 8.5285
 2.7752	 8.6089
 2.7738	 8.6921
 2.7723	 8.7783
 2.7708	 8.8701
 2.7693	 8.9673
 2.7678	 9.0569
 2.7664	 9.1435
 2.7649	 9.2163
 2.7634	 9.2646
 2.7619	 9.3220
 2.7605	 9.4262
 2.7590	 9.5564
 2.7575	 9.6811
 2.7561	 9.7641
 2.7546	 9.8574
 2.7531	 9.9621
 2.7517	10.0478
 2.7502	10.1338
 2.7488	10.2014
 2.7473	10.2673
 2.7458	10.3232
 2.7444	10.3733
 2.7429	10.4272
 2.7415	10.4480
 2.7400	10.4917
 2.7386	10.5542
 2.7371	10.6308
 2.7357	10.6892
 2.7343	10.7573
 2.7328	10.8464
 2.7314	10.9074
 2.7299	10.9526
 2.7285	10.9968
 2.7271	11.0349
 2.7256	11.0508
 2.7242	11.0813
 2.7228	11.1264
 2.7213	11.1528
 2.7199	11.2256
 2.7185	11.3574
 2.7171	11.4570
 2.7156	11.5339
 2.7142	11.6001
 2.7128	11.6203
 2.7114	11.6001
 2.7100	11.5886
 2.7085	11.5879
 2.7071	11.5857
 2.7057	11.6401
 2.7043	11.7480
 2.7029	11.8896
 2.7015	12.0305
 2.7001	12.1828
 2.6987	12.3259
 2.6973	12.4292
 2.6959	12.5012
 2.6945	12.5752
 2.6931	12.6418
 2.6917	12.7168
 2.6903	12.7846
 2.6889	12.8156
 2.6875	12.8391
 2.6861	12.8691
 2.6847	12.9050
 2.6833	12.9326
 2.6819	12.9770
 2.6805	13.0009
 2.6791	12.9939
 2.6778	13.0329
 2.6764	13.0747
 2.6750	13.1274
 2.6736	13.1738
 2.6722	13.2109
 2.6709	13.2107
 2.6695	13.2546
 2.6681	13.3259
 2.6667	13.3698
 2.6654	13.3933
 2.6640	13.4560
 2.6626	13.5302
 2.6613	13.5410
 2.6599	13.5749
 2.6585	13.6247
 2.6572	13.6550
 2.6558	13.6814
 2.6545	13.7136
 2.6531	13.7075
 2.6517	13.7028
 2.6504	13.7343
 2.6490	13.7717
 2.6477	13.7766
 2.6463	13.7697
 2.6450	13.7797
 2.6436	13.7900
 2.6423	13.7978
 2.6409	13.8034
 2.6396	13.8205
 2.6382	13.8379
 2.6369	13.8403
 2.6356	13.8383
 2.6342	13.8462
 2.6329	13.8808
 2.6315	13.8779
 2.6302	13.8586
 2.6289	13.8838
 2.6275	13.8957
 2.6262	13.8969
 2.6249	13.9209
 2.6236	13.9419
 2.6222	13.9597
 2.6209	13.9353
 2.6196	13.9331
 2.6183	13.9568
 2.6169	13.9550
 2.6156	13.9653
 2.6143	13.9902
 2.6130	14.0000
 2.6117	14.0048
 2.6103	14.0266
 2.6090	14.0307
 2.6077	14.0373
 2.6064	14.0351
 2.6051	14.0317
 2.6038	14.0634
 2.6025	14.0996
 2.6012	14.1184
 2.5999	14.1433
 2.5986	14.1650
 2.5973	14.1655
 2.5960	14.1443
 2.5947	14.1294
 2.5934	14.1867
 2.5921	14.2363
 2.5908	14.2314
 2.5895	14.2500
 2.5882	14.2736
 2.5869	14.2824
 2.5856	14.2951
 2.5843	14.2832
 2.5830	14.2788
 2.5817	14.2866
 2.5805	14.2839
 2.5792	14.2959
 2.5779	14.2771
 2.5766	14.2722
 2.5753	14.3032
 2.5741	14.3027
 2.5728	14.2790
 2.5715	14.3027
 2.5702	14.2863
 2.5690	14.2634
 2.5677	14.2741
 2.5664	14.2822
 2.5651	14.2739
 2.5639	14.2846
 2.5626	14.2717
 2.5613	14.2656
 2.5601	14.2876
 2.5588	14.3039
 2.5575	14.2920
 2.5563	14.2710
 2.5550	14.2854
 2.5538	14.2824
 2.5525	14.2854
 2.5513	14.2917
 2.5500	14.2995
 2.5487	14.2878
 2.5475	14.2885
 2.5462	14.2797
 2.5450	14.2812
 2.5437	14.2988
 2.5425	14.3034
 2.5413	14.3193
 2.5400	14.3410
 2.5388	14.3281
 2.5375	14.3281
 2.5363	14.3523
 2.5350	14.3484
 2.5338	14.3623
 2.5326	14.3681
 2.5313	14.3618
 2.5301	14.3742
 2.5289	14.3794
 2.5276	14.3774
 2.5264	14.3784
 2.5252	14.3662
 2.5239	14.3703
 2.5227	14.3774
 2.5215	14.3969
 2.5202	14.4174
 2.5190	14.3969
 2.5178	14.3794
 2.5166	14.4050
 2.5154	14.4118
 2.5141	14.4287
 2.5129	14.4311
 2.5117	14.4375
 2.5105	14.4602
 2.5093	14.4831
 2.5081	14.4775
 2.5068	14.4773
 2.5056	14.5214
 2.5044	14.5168
 2.5032	14.5131
 2.5020	14.5376
 2.5008	14.5722
 2.4996	14.5893
 2.4984	14.5864
 2.4972	14.6032
 2.4960	14.6377
 2.4948	14.6440
 2.4936	14.6613
 2.4924	14.6745
 2.4912	14.6860
 2.4900	14.6933
 2.4888	14.7172
 2.4876	14.7470
 2.4864	14.7529
 2.4852	14.7588
 2.4840	14.7793
 2.4828	14.8127
 2.4816	14.8310
 2.4805	14.8281
 2.4793	14.8396
 2.4781	14.8652
 2.4769	14.8601
 2.4757	14.8776
 2.4745	14.9033
 2.4734	14.9255
 2.4722	14.9438
 2.4710	14.9265
 2.4698	14.9162
 2.4686	14.9284
 2.4675	14.9419
 2.4663	14.9387
 2.4651	14.9450
 2.4640	14.9380
 2.4628	14.9289
 2.4616	14.9558
 2.4604	14.9797
 2.4593	14.9936
 2.4581	14.9951
 2.4569	15.0144
 2.4558	15.0241
 2.4546	15.0261
 2.4535	15.0073
 2.4523	15.0251
 2.4511	15.0434
 2.4500	15.0461
 2.4488	15.0495
 2.4477	15.0512
 2.4465	15.0312
 2.4454	15.0310
 2.4442	15.0546
 2.4431	15.0551
 2.4419	15.0429
 2.4408	15.0564
 2.4396	15.0830
 2.4385	15.0979
 2.4373	15.1015
 2.4362	15.1084
 2.4350	15.1147
 2.4339	15.1218
 2.4327	15.1220
 2.4316	15.1274
 2.4305	15.1445
 2.4293	15.1462
 2.4282	15.1338
 2.4270	15.1132
 2.4259	15.1228
 2.4248	15.1298
 2.4236	15.1108
 2.4225	15.1103
 2.4214	15.1289
 2.4202	15.1254
 2.4191	15.1479
 2.4180	15.1525
 2.4169	15.1399
 2.4157	15.1215
 2.4146	15.0976
 2.4135	15.0940
 2.4124	15.0959
 2.4112	15.0908
 2.4101	15.0781
 2.4090	15.0649
 2.4079	15.0849
 2.4068	15.0717
 2.4056	15.0422
 2.4045	15.0273
 2.4034	15.0307
 2.4023	15.0019
 2.4012	14.9714
 2.4001	14.9594
 2.3990	14.9484
 2.3979	14.9257
 2.3967	14.9109
 2.3956	14.8896
 2.3945	14.8405
 2.3934	14.8037
 2.3923	14.8022
 2.3912	14.7817
 2.3901	14.7407
 2.3890	14.7075
 2.3879	14.6806
 2.3868	14.6467
 2.3857	14.6228
 2.3846	14.5935
 2.3835	14.5346
 2.3824	14.4946
 2.3813	14.4638
 2.3802	14.4106
 2.3791	14.3444
 2.3781	14.2844
 2.3770	14.2409
 2.3759	14.1836
 2.3748	14.1179
 2.3737	14.0510
 2.3726	13.9741
 2.3715	13.8886
 2.3704	13.8081
 2.3694	13.7341
 2.3683	13.6294
 2.3672	13.5210
 2.3661	13.4170
 2.3650	13.2810
 2.3640	13.1294
 2.3629	12.9638
 2.3618	12.7971
 2.3607	12.6362
 2.3597	12.4546
 2.3586	12.2578
 2.3575	12.0498
 2.3564	11.8354
 2.3554	11.6284
 2.3543	11.3882
 2.3532	11.1499
 2.3522	10.9194
 2.3511	10.7270
 2.3500	10.5293
 2.3490	10.3283
 2.3479	10.1367
 2.3468	 9.9638
 2.3458	 9.7851
 2.3447	 9.6059
 2.3436	 9.4646
 2.3426	 9.3481
 2.3415	 9.2461
 2.3405	 9.1802
 2.3394	 9.1599
 2.3384	 9.1255
 2.3373	 9.1054
 2.3363	 9.1045
 2.3352	 9.1321
 2.3342	 9.1928
 2.3331	 9.2607
 2.3321	 9.3481
 2.3310	 9.4326
 2.3300	 9.5171
 2.3289	 9.6592
 2.3279	 9.8022
 2.3268	 9.9204
 2.3258	10.0405
 2.3247	10.2146
 2.3237	10.3452
 2.3226	10.4526
 2.3216	10.5791
 2.3206	10.7104
 2.3195	10.8271
 2.3185	10.9314
 2.3175	11.0254
 2.3164	11.1338
 2.3154	11.2480
 2.3144	11.3625
 2.3133	11.4565
 2.3123	11.6157
 2.3113	11.7632
 2.3102	11.8652
 2.3092	11.9807
 2.3082	12.1323
 2.3071	12.2910
 2.3061	12.3955
 2.3051	12.5215
 2.3041	12.6631
 2.3030	12.7822
 2.3020	12.8720
 2.3010	12.9792
 2.3000	13.0952
 2.2990	13.1787
 2.2979	13.2251
 2.2969	13.3061
 2.2959	13.3862
 2.2949	13.4536
 2.2939	13.5014
 2.2929	13.5341
 2.2918	13.6030
 2.2908	13.6489
 2.2898	13.6982
 2.2888	13.7605
 2.2878	13.8056
 2.2868	13.8374
 2.2858	13.8960
 2.2848	13.9360
 2.2838	13.9677
 2.2828	14.0161
 2.2818	14.0478
 2.2808	14.0918
 2.2798	14.1435
 2.2787	14.1701
 2.2777	14.1941
 2.2767	14.2192
 2.2757	14.2431
 2.2747	14.2817
 2.2738	14.2539
 2.2728	14.2495
 2.2718	14.2422
 2.2708	14.2378
 2.2698	14.2280
 2.2688	14.1963
 2.2678	14.1533
 2.2668	14.1123
 2.2658	14.0835
 2.2648	14.0522
 2.2638	14.0366
 2.2628	13.9848
 2.2618	13.9179
 2.2609	13.8789
 2.2599	13.8403
 2.2589	13.7646
 2.2579	13.6943
 2.2569	13.6352
 2.2559	13.5810
 2.2550	13.5405
 2.2540	13.4702
 2.2530	13.4345
 2.2520	13.4228
 2.2510	13.4306
 2.2501	13.5005
 2.2491	13.6294
 2.2481	13.7512
 2.2471	13.8559
 2.2462	13.9799
 2.2452	14.0776
 2.2442	14.2075
 2.2433	14.3066
 2.2423	14.3945
 2.2413	14.5053
 2.2403	14.6167
 2.2394	14.7011
 2.2384	14.7983
 2.2374	14.9004
 2.2365	15.0063
 2.2355	15.0810
 2.2345	15.1523
 2.2336	15.2177
 2.2326	15.2524
 2.2317	15.3154
 2.2307	15.3545
 2.2297	15.3588
 2.2288	15.3798
 2.2278	15.4262
 2.2269	15.4843
 2.2259	15.5063
 2.2250	15.5210
 2.2240	15.5449
 2.2231	15.5468
 2.2221	15.5825
 2.2211	15.6337
 2.2202	15.6420
 2.2192	15.6616
 2.2183	15.7060
 2.2173	15.6950
 2.2164	15.7292
 2.2155	15.7597
 2.2145	15.7658
 2.2136	15.7834
 2.2126	15.7714
 2.2117	15.7956
 2.2107	15.8193
 2.2098	15.8361
 2.2088	15.8122
 2.2079	15.8132
 2.2070	15.8491
 2.2060	15.8618
 2.2051	15.8649
 2.2041	15.8818
 2.2032	15.8967
 2.2023	15.9023
 2.2013	15.8899
 2.2004	15.8818
 2.1995	15.9028
 2.1985	15.9255
 2.1976	15.9392
 2.1967	15.9550
 2.1957	15.9665
 2.1948	15.9558
 2.1939	15.9362
 2.1930	15.9853
 2.1920	16.0063
 2.1911	15.9814
 2.1902	15.9941
 2.1893	16.0012
 2.1883	16.0192
 2.1874	16.0090
 2.1865	16.0412
 2.1856	16.0578
 2.1846	16.0617
 2.1837	16.0510
 2.1828	16.0410
 2.1819	16.0598
 2.1810	16.0861
 2.1800	16.0651
 2.1791	16.0744
 2.1782	16.0908
 2.1773	16.0896
 2.1764	16.1062
 2.1755	16.1003
 2.1746	16.1149
 2.1736	16.1362
 2.1727	16.1330
 2.1718	16.1206
 2.1709	16.1584
 2.1700	16.1767
 2.1691	16.1630
 2.1682	16.1538
 2.1673	16.1970
 2.1664	16.2180
 2.1655	16.1941
 2.1646	16.2021
 2.1637	16.2163
 2.1628	16.2116
 2.1619	16.1943
 2.1610	16.2160
 2.1601	16.2670
 2.1592	16.2424
 2.1583	16.1970
 2.1574	16.2060
 2.1565	16.2150
 2.1556	16.2263
 2.1547	16.2275
 2.1538	16.2292
 2.1529	16.2053
 2.1520	16.1823
 2.1511	16.2126
 2.1502	16.2246
 2.1493	16.2236
 2.1484	16.2138
 2.1475	16.2326
 2.1466	16.2524
 2.1458	16.2817
 2.1449	16.2812
 2.1440	16.2722
 2.1431	16.2827
 2.1422	16.2805
 2.1413	16.2661
 2.1404	16.2749
 2.1396	16.2863
 2.1387	16.2883
 2.1378	16.2941
 2.1369	16.2920
 2.1360	16.3147
 2.1352	16.3408
 2.1343	16.3310
 2.1334	16.2783
 2.1325	16.2463
 2.1316	16.2822
 2.1308	16.3237
 2.1299	16.3354
 2.1290	16.3110
 2.1281	16.2966
 2.1273	16.2922
 2.1264	16.3281
 2.1255	16.3376
 2.1247	16.2866
 2.1238	16.2905
 2.1229	16.2802
 2.1220	16.2959
 2.1212	16.3100
 2.1203	16.3086
 2.1194	16.3134
 2.1186	16.3293
 2.1177	16.3247
 2.1168	16.3364
 2.1160	16.3232
 2.1151	16.2876
 2.1143	16.3129
 2.1134	16.3628
 2.1125	16.3427
 2.1117	16.3400
 2.1108	16.3530
 2.1100	16.3418
 2.1091	16.3564
 2.1082	16.3693
 2.1074	16.3649
 2.1065	16.3449
 2.1057	16.3652
 2.1048	16.3789
 2.1040	16.3632
 2.1031	16.3618
 2.1023	16.4065
 2.1014	16.4272
 2.1005	16.4126
 2.0997	16.4328
 2.0988	16.4628
 2.0980	16.4504
 2.0971	16.4643
 2.0963	16.4609
 2.0955	16.4711
 2.0946	16.4130
 2.0938	16.4152
 2.0929	16.4355
 2.0921	16.4475
 2.0912	16.4614
 2.0904	16.4611
 2.0895	16.4328
 2.0887	16.4423
 2.0879	16.4587
 2.0870	16.4526
 2.0862	16.4533
 2.0853	16.4638
 2.0845	16.4619
 2.0837	16.4301
 2.0828	16.4362
 2.0820	16.4340
 2.0812	16.4367
 2.0803	16.4438
 2.0795	16.4443
