Name: Aphthitalite (K,Na)_3Na(SO_4)_2
Type: Mineral
Class: Sulfate
Subclass: None
Particle Size: Fine
Sample No.: SO-9A
Owner: JPL
Wavelength Range: VSWIR
Origin: USA, California, San Bernadino County, Searles Lake.
Collection Date: N/A
Description: Particle size was 0-45um.Collected by:  Burminco Original ASTER Spectral Library name was jpl.perkin.mineral.sulfate.none.fine.so09a.spectrum.txt
Measurement: Hemispherical reflectance
First Column: X
Second Column: Y
X Units: Wavelength (micrometers)
Y Units:Reflectance (percent)
First X Value:  2.5000
Last X Value:  0.4000
Number of X Values: 2101
Additional Information: mineral.sulfate.none.fine.vswir.so-9a.jpl.perkin.ancillary.txt

 2.5000	78.6638
 2.4990	78.5034
 2.4980	78.5714
 2.4970	78.7032
 2.4960	78.6043
 2.4950	78.9927
 2.4940	78.6495
 2.4930	78.4916
 2.4920	78.6972
 2.4910	78.8283
 2.4900	78.6847
 2.4890	78.9797
 2.4880	78.6856
 2.4870	78.8400
 2.4860	78.9772
 2.4850	78.8171
 2.4840	79.0224
 2.4830	79.0331
 2.4820	78.9246
 2.4810	78.9437
 2.4800	78.9861
 2.4790	78.9913
 2.4780	78.9303
 2.4770	79.1521
 2.4760	79.0627
 2.4750	79.2026
 2.4740	79.2152
 2.4730	79.2460
 2.4720	79.2727
 2.4710	79.1620
 2.4700	79.2695
 2.4690	79.2704
 2.4680	79.4614
 2.4670	79.3485
 2.4660	79.3585
 2.4650	79.3024
 2.4640	79.2879
 2.4630	79.2587
 2.4620	79.3156
 2.4610	79.3502
 2.4600	79.4907
 2.4590	79.3309
 2.4580	79.3724
 2.4570	79.4218
 2.4560	79.3391
 2.4550	79.4511
 2.4540	79.4458
 2.4530	79.4378
 2.4520	79.6444
 2.4510	79.5552
 2.4500	79.6631
 2.4490	79.6494
 2.4480	79.5835
 2.4470	79.6284
 2.4460	79.6648
 2.4450	79.6078
 2.4440	79.7129
 2.4430	79.7591
 2.4420	79.8290
 2.4410	79.7898
 2.4400	79.7788
 2.4390	79.7928
 2.4380	79.9723
 2.4370	79.9623
 2.4360	79.9382
 2.4350	79.9783
 2.4340	79.9870
 2.4330	80.0305
 2.4320	80.0137
 2.4310	80.0157
 2.4300	80.1547
 2.4290	80.1534
 2.4280	80.0910
 2.4270	80.0867
 2.4260	80.1443
 2.4250	80.0788
 2.4240	80.1713
 2.4230	80.1334
 2.4220	80.1771
 2.4210	80.0905
 2.4200	80.1666
 2.4190	80.1565
 2.4180	80.1145
 2.4170	80.1838
 2.4160	80.2394
 2.4150	80.1333
 2.4140	80.1310
 2.4130	80.2029
 2.4120	80.1430
 2.4110	80.1506
 2.4100	80.1421
 2.4090	80.1920
 2.4080	80.2230
 2.4070	80.2335
 2.4060	80.3061
 2.4050	80.3736
 2.4040	80.3600
 2.4030	80.3613
 2.4020	80.4789
 2.4010	80.3418
 2.4000	80.3828
 2.3990	80.5084
 2.3980	80.5580
 2.3970	80.5398
 2.3960	80.5607
 2.3950	80.6624
 2.3940	80.7740
 2.3930	80.8640
 2.3920	80.8968
 2.3910	80.8415
 2.3900	80.8949
 2.3890	80.9353
 2.3880	80.9728
 2.3870	81.0714
 2.3860	81.1804
 2.3850	81.1939
 2.3840	81.2353
 2.3830	81.2312
 2.3820	81.4009
 2.3810	81.5947
 2.3800	81.5311
 2.3790	81.5647
 2.3780	81.6110
 2.3770	81.6360
 2.3760	81.7993
 2.3750	81.7624
 2.3740	81.7221
 2.3730	81.8337
 2.3720	81.8825
 2.3710	81.9153
 2.3700	81.9441
 2.3690	82.0107
 2.3680	82.1097
 2.3670	82.0943
 2.3660	82.1546
 2.3650	82.2341
 2.3640	82.2526
 2.3630	82.2969
 2.3620	82.3880
 2.3610	82.4216
 2.3600	82.4336
 2.3590	82.4768
 2.3580	82.5071
 2.3570	82.5013
 2.3560	82.5685
 2.3550	82.6145
 2.3540	82.5970
 2.3530	82.5906
 2.3520	82.5976
 2.3510	82.6032
 2.3500	82.6981
 2.3490	82.7719
 2.3480	82.7269
 2.3470	82.7189
 2.3460	82.7297
 2.3450	82.7286
 2.3440	82.7974
 2.3430	82.8051
 2.3420	82.8069
 2.3410	82.9054
 2.3400	82.8699
 2.3390	82.8177
 2.3380	82.8445
 2.3370	82.8838
 2.3360	82.8633
 2.3350	82.8451
 2.3340	82.8475
 2.3330	82.8563
 2.3320	82.8770
 2.3310	82.8598
 2.3300	82.8347
 2.3290	82.8903
 2.3280	82.8912
 2.3270	82.8565
 2.3260	82.7894
 2.3250	82.7799
 2.3240	82.8455
 2.3230	82.8631
 2.3220	82.8509
 2.3210	82.8677
 2.3200	82.8605
 2.3190	82.8614
 2.3180	82.8532
 2.3170	82.8206
 2.3160	82.7887
 2.3150	82.8705
 2.3140	82.8666
 2.3130	82.9117
 2.3120	82.8953
 2.3110	82.8813
 2.3100	82.8526
 2.3090	82.8165
 2.3080	82.8616
 2.3070	82.9202
 2.3060	82.9394
 2.3050	82.9499
 2.3040	82.9407
 2.3030	83.0346
 2.3020	83.0182
 2.3010	83.0174
 2.3000	83.0025
 2.2990	83.0098
 2.2980	83.0251
 2.2970	83.0966
 2.2960	83.1042
 2.2950	83.0334
 2.2940	83.0571
 2.2930	83.0255
 2.2920	83.1736
 2.2910	83.0924
 2.2900	83.0547
 2.2890	83.1212
 2.2880	83.1334
 2.2870	83.2127
 2.2860	83.1861
 2.2850	83.2754
 2.2840	83.2347
 2.2830	83.1596
 2.2820	83.1713
 2.2810	83.1534
 2.2800	83.1837
 2.2790	83.2115
 2.2780	83.1707
 2.2770	83.2168
 2.2760	83.2337
 2.2750	83.2164
 2.2740	83.1810
 2.2730	83.3188
 2.2720	83.1882
 2.2710	83.2298
 2.2700	83.1962
 2.2690	83.1755
 2.2680	83.1910
 2.2670	83.1823
 2.2660	83.2438
 2.2650	83.2061
 2.2640	83.2956
 2.2630	83.2764
 2.2620	83.3038
 2.2610	83.3418
 2.2600	83.2828
 2.2590	83.2482
 2.2580	83.2812
 2.2570	83.3471
 2.2560	83.3646
 2.2550	83.3332
 2.2540	83.3765
 2.2530	83.4289
 2.2520	83.3706
 2.2510	83.4381
 2.2500	83.4085
 2.2490	83.4471
 2.2480	83.4286
 2.2470	83.4353
 2.2460	83.5177
 2.2450	83.5102
 2.2440	83.5655
 2.2430	83.5339
 2.2420	83.4971
 2.2410	83.5266
 2.2400	83.6059
 2.2390	83.6572
 2.2380	83.5502
 2.2370	83.6291
 2.2360	83.6033
 2.2350	83.5910
 2.2340	83.5917
 2.2330	83.6664
 2.2320	83.5560
 2.2310	83.5942
 2.2300	83.4752
 2.2290	83.5968
 2.2280	83.5507
 2.2270	83.5190
 2.2260	83.4165
 2.2250	83.5242
 2.2240	83.4410
 2.2230	83.5214
 2.2220	83.6466
 2.2210	83.6860
 2.2200	83.6370
 2.2190	83.6263
 2.2180	83.7162
 2.2170	83.7710
 2.2160	83.7809
 2.2150	83.7830
 2.2140	83.7727
 2.2130	83.7208
 2.2120	83.7270
 2.2110	83.7938
 2.2100	83.8856
 2.2090	83.8896
 2.2080	83.9045
 2.2070	83.9479
 2.2060	84.0556
 2.2050	84.1034
 2.2040	84.0087
 2.2030	84.0605
 2.2020	84.1520
 2.2010	84.2105
 2.2000	84.1947
 2.1990	84.0509
 2.1980	84.1924
 2.1970	84.2020
 2.1960	84.2237
 2.1950	84.2416
 2.1940	84.2108
 2.1930	84.2772
 2.1920	84.1799
 2.1910	84.2640
 2.1900	84.2245
 2.1890	84.3456
 2.1880	84.3323
 2.1870	84.3237
 2.1860	84.2983
 2.1850	84.3962
 2.1840	84.4565
 2.1830	84.3641
 2.1820	84.3522
 2.1810	84.4144
 2.1800	84.5008
 2.1790	84.3879
 2.1780	84.4926
 2.1770	84.5035
 2.1760	84.5131
 2.1750	84.5721
 2.1740	84.4852
 2.1730	84.5483
 2.1720	84.6390
 2.1710	84.4671
 2.1700	84.6322
 2.1690	84.5664
 2.1680	84.5751
 2.1670	84.5620
 2.1660	84.5945
 2.1650	84.5434
 2.1640	84.6133
 2.1630	84.7648
 2.1620	84.7779
 2.1610	84.7515
 2.1600	84.7055
 2.1590	84.7478
 2.1580	84.6921
 2.1570	84.7376
 2.1560	84.7152
 2.1550	84.8170
 2.1540	84.7946
 2.1530	84.8613
 2.1520	84.8759
 2.1510	84.8491
 2.1500	84.8305
 2.1490	84.8603
 2.1480	84.8671
 2.1470	84.9018
 2.1460	84.8952
 2.1450	84.8575
 2.1440	84.9234
 2.1430	84.8853
 2.1420	84.8761
 2.1410	84.8944
 2.1400	84.8857
 2.1390	84.9202
 2.1380	84.9000
 2.1370	84.8748
 2.1360	84.8962
 2.1350	84.8763
 2.1340	84.7982
 2.1330	84.7066
 2.1320	84.7632
 2.1310	84.7606
 2.1300	84.7430
 2.1290	84.7574
 2.1280	84.6825
 2.1270	84.6072
 2.1260	84.5551
 2.1250	84.5499
 2.1240	84.5224
 2.1230	84.4252
 2.1220	84.4406
 2.1210	84.3965
 2.1200	84.3119
 2.1190	84.2906
 2.1180	84.2916
 2.1170	84.1586
 2.1160	84.0034
 2.1150	84.0192
 2.1140	83.9629
 2.1130	83.9167
 2.1120	83.8372
 2.1110	83.7691
 2.1100	83.6764
 2.1090	83.6684
 2.1080	83.6262
 2.1070	83.5549
 2.1060	83.4958
 2.1050	83.4222
 2.1040	83.3401
 2.1030	83.2814
 2.1020	83.2556
 2.1010	83.2487
 2.1000	83.2157
 2.0990	83.1879
 2.0980	83.1068
 2.0970	83.0915
 2.0960	83.0817
 2.0950	83.1582
 2.0940	83.1075
 2.0930	83.0930
 2.0920	83.1026
 2.0910	83.1586
 2.0900	83.2064
 2.0890	83.1454
 2.0880	83.1431
 2.0870	83.1441
 2.0860	83.1170
 2.0850	83.1138
 2.0840	83.0894
 2.0830	83.1137
 2.0820	83.0769
 2.0810	83.0359
 2.0800	83.0367
 2.0790	83.0531
 2.0780	83.0506
 2.0770	83.0432
 2.0760	83.0622
 2.0750	83.1049
 2.0740	83.0852
 2.0730	83.0206
 2.0720	82.9832
 2.0710	83.0150
 2.0700	83.0648
 2.0690	83.0311
 2.0680	83.0221
 2.0670	83.0224
 2.0660	82.9877
 2.0650	82.9976
 2.0640	83.0187
 2.0630	83.0367
 2.0620	82.9929
 2.0610	83.0505
 2.0600	83.0678
 2.0590	82.9816
 2.0580	82.9931
 2.0570	83.0316
 2.0560	83.0308
 2.0550	83.0200
 2.0540	82.9778
 2.0530	82.9661
 2.0520	83.0403
 2.0510	83.0688
 2.0500	83.0161
 2.0490	83.0226
 2.0480	83.0156
 2.0470	82.9641
 2.0460	82.9939
 2.0450	83.0297
 2.0440	82.9594
 2.0430	82.9179
 2.0420	82.9777
 2.0410	82.9605
 2.0400	83.0076
 2.0390	83.0314
 2.0380	83.0686
 2.0370	83.0533
 2.0360	83.0535
 2.0350	82.9947
 2.0340	82.9779
 2.0330	83.0530
 2.0320	83.1164
 2.0310	83.1069
 2.0300	83.1042
 2.0290	83.1648
 2.0280	83.2060
 2.0270	83.2806
 2.0260	83.2487
 2.0250	83.2511
 2.0240	83.1417
 2.0230	83.1556
 2.0220	83.2376
 2.0210	83.2019
 2.0200	83.2678
 2.0190	83.3021
 2.0180	83.2507
 2.0170	83.2959
 2.0160	83.3186
 2.0150	83.3036
 2.0140	83.3624
 2.0130	83.3778
 2.0120	83.3517
 2.0110	83.3428
 2.0100	83.3896
 2.0090	83.3956
 2.0080	83.4331
 2.0070	83.4587
 2.0060	83.3824
 2.0050	83.4432
 2.0040	83.4202
 2.0030	83.4056
 2.0020	83.4019
 2.0010	83.4660
 2.0000	83.4589
 1.9990	83.4361
 1.9980	83.3902
 1.9970	83.3769
 1.9960	83.4291
 1.9950	83.3268
 1.9940	83.2863
 1.9930	83.2729
 1.9920	83.3580
 1.9910	83.2792
 1.9900	83.2485
 1.9890	83.2107
 1.9880	83.2077
 1.9870	83.1970
 1.9860	83.1991
 1.9850	83.1020
 1.9840	83.0680
 1.9830	83.0134
 1.9820	83.2122
 1.9810	83.1026
 1.9800	83.0442
 1.9790	82.9314
 1.9780	82.9586
 1.9770	82.9333
 1.9760	82.8637
 1.9750	82.8448
 1.9740	82.8894
 1.9730	82.8110
 1.9720	82.8236
 1.9710	82.7533
 1.9700	82.8356
 1.9690	82.7023
 1.9680	82.7035
 1.9670	82.6428
 1.9660	82.5642
 1.9650	82.5225
 1.9640	82.4783
 1.9630	82.3833
 1.9620	82.4126
 1.9610	82.2314
 1.9600	82.2530
 1.9590	82.2256
 1.9580	82.1916
 1.9570	82.1093
 1.9560	82.1383
 1.9550	82.1132
 1.9540	81.9756
 1.9530	81.9773
 1.9520	81.7835
 1.9510	81.7991
 1.9500	81.8177
 1.9490	81.8545
 1.9480	81.7614
 1.9470	81.7577
 1.9460	81.6912
 1.9450	81.7469
 1.9440	81.7383
 1.9430	81.7879
 1.9420	81.7792
 1.9410	81.7700
 1.9400	81.7431
 1.9390	81.7262
 1.9380	81.8596
 1.9370	81.8695
 1.9360	81.9654
 1.9350	81.9789
 1.9340	82.0091
 1.9330	81.9935
 1.9320	82.1522
 1.9310	82.1729
 1.9300	82.2722
 1.9290	82.3771
 1.9280	82.3331
 1.9270	82.5534
 1.9260	82.4833
 1.9250	82.6588
 1.9240	82.8135
 1.9230	82.8754
 1.9220	82.9741
 1.9210	83.0580
 1.9200	83.2253
 1.9190	83.3273
 1.9180	83.4190
 1.9170	83.5084
 1.9160	83.5062
 1.9150	83.6868
 1.9140	83.7666
 1.9130	83.9449
 1.9120	83.9878
 1.9110	84.0313
 1.9100	84.2111
 1.9090	84.1767
 1.9080	84.3988
 1.9070	84.4041
 1.9060	84.5836
 1.9050	84.6780
 1.9040	84.8816
 1.9030	84.8870
 1.9020	85.0432
 1.9010	85.1881
 1.9000	85.3409
 1.8990	85.4288
 1.8980	85.4784
 1.8970	85.5770
 1.8960	85.7017
 1.8950	85.8024
 1.8940	85.9745
 1.8930	86.0189
 1.8920	86.0754
 1.8910	86.1420
 1.8900	86.2584
 1.8890	86.2497
 1.8880	86.3360
 1.8870	86.4729
 1.8860	86.5316
 1.8850	86.5412
 1.8840	86.5800
 1.8830	86.7228
 1.8820	86.7737
 1.8810	86.9038
 1.8800	86.8351
 1.8790	86.8689
 1.8780	86.9999
 1.8770	87.0000
 1.8760	87.1141
 1.8750	87.1402
 1.8740	87.1043
 1.8730	87.2024
 1.8720	87.1791
 1.8710	87.1993
 1.8700	87.2011
 1.8690	87.2976
 1.8680	87.3691
 1.8670	87.3988
 1.8660	87.3402
 1.8650	87.3133
 1.8640	87.3393
 1.8630	87.3919
 1.8620	87.5088
 1.8610	87.4583
 1.8600	87.4825
 1.8590	87.5816
 1.8580	87.5203
 1.8570	87.4824
 1.8560	87.5100
 1.8550	87.5352
 1.8540	87.5452
 1.8530	87.6101
 1.8520	87.6664
 1.8510	87.6914
 1.8500	87.5985
 1.8490	87.6048
 1.8480	87.7235
 1.8470	87.6988
 1.8460	87.6891
 1.8450	87.7076
 1.8440	87.7051
 1.8430	87.6710
 1.8420	87.6922
 1.8410	87.6776
 1.8400	87.7458
 1.8390	87.7404
 1.8380	87.6712
 1.8370	87.6930
 1.8360	87.7083
 1.8350	87.7829
 1.8340	87.7886
 1.8330	87.7830
 1.8320	87.7576
 1.8310	87.7482
 1.8300	87.8137
 1.8290	87.7640
 1.8280	87.7717
 1.8270	87.7678
 1.8260	87.7719
 1.8250	87.7489
 1.8240	87.7362
 1.8230	87.8539
 1.8220	87.8183
 1.8210	87.8546
 1.8200	87.8553
 1.8190	87.8259
 1.8180	87.7998
 1.8170	87.8085
 1.8160	87.8411
 1.8150	87.8672
 1.8140	87.8790
 1.8130	87.8817
 1.8120	87.8837
 1.8110	87.9092
 1.8100	87.8544
 1.8090	87.8454
 1.8080	87.8386
 1.8070	87.9101
 1.8060	87.9455
 1.8050	87.9137
 1.8040	87.8839
 1.8030	87.8345
 1.8020	87.9641
 1.8010	88.0613
 1.8000	87.9974
 1.7990	87.9522
 1.7980	87.9354
 1.7970	87.9301
 1.7960	87.8795
 1.7950	87.8815
 1.7940	87.9821
 1.7930	88.0086
 1.7920	87.9883
 1.7910	88.0084
 1.7900	87.9324
 1.7890	87.9006
 1.7880	87.8685
 1.7870	87.8441
 1.7860	87.9123
 1.7850	87.9476
 1.7840	87.9589
 1.7830	87.9546
 1.7820	87.9215
 1.7810	87.9397
 1.7800	87.9154
 1.7790	87.8789
 1.7780	87.9239
 1.7770	87.9352
 1.7760	87.9060
 1.7750	87.9359
 1.7740	87.9806
 1.7730	87.9752
 1.7720	87.9634
 1.7710	88.0051
 1.7700	88.0113
 1.7690	88.0606
 1.7680	87.9916
 1.7670	87.9390
 1.7660	87.9769
 1.7650	88.0270
 1.7640	87.9762
 1.7630	87.9605
 1.7620	87.9733
 1.7610	87.9189
 1.7600	87.9589
 1.7590	88.0150
 1.7580	88.0035
 1.7570	88.0305
 1.7560	88.0331
 1.7550	88.0205
 1.7540	87.9969
 1.7530	88.0175
 1.7520	88.0229
 1.7510	88.0334
 1.7500	88.0147
 1.7490	88.0401
 1.7480	88.0534
 1.7470	88.0563
 1.7460	88.0882
 1.7450	88.0953
 1.7440	87.9769
 1.7430	88.0418
 1.7420	88.1196
 1.7410	88.1256
 1.7400	88.0941
 1.7390	88.0981
 1.7380	88.1412
 1.7370	88.1349
 1.7360	88.1025
 1.7350	88.0933
 1.7340	88.1538
 1.7330	88.2151
 1.7320	88.2053
 1.7310	88.1758
 1.7300	88.1394
 1.7290	88.2036
 1.7280	88.3263
 1.7270	88.3412
 1.7260	88.2599
 1.7250	88.2021
 1.7240	88.2032
 1.7230	88.3357
 1.7220	88.3502
 1.7210	88.3045
 1.7200	88.3529
 1.7190	88.2619
 1.7180	88.2872
 1.7170	88.3145
 1.7160	88.3659
 1.7150	88.3283
 1.7140	88.2105
 1.7130	88.3123
 1.7120	88.3625
 1.7110	88.2883
 1.7100	88.3103
 1.7090	88.3815
 1.7080	88.3247
 1.7070	88.2967
 1.7060	88.3546
 1.7050	88.3862
 1.7040	88.3151
 1.7030	88.3131
 1.7020	88.3824
 1.7010	88.4188
 1.7000	88.4490
 1.6990	88.3906
 1.6980	88.3170
 1.6970	88.3316
 1.6960	88.4328
 1.6950	88.4147
 1.6940	88.3827
 1.6930	88.4087
 1.6920	88.3604
 1.6910	88.4340
 1.6900	88.3312
 1.6890	88.3504
 1.6880	88.4030
 1.6870	88.4319
 1.6860	88.4141
 1.6850	88.4540
 1.6840	88.4390
 1.6830	88.3536
 1.6820	88.4214
 1.6810	88.3564
 1.6800	88.4807
 1.6790	88.5037
 1.6780	88.4868
 1.6770	88.5196
 1.6760	88.4928
 1.6750	88.4444
 1.6740	88.6036
 1.6730	88.4503
 1.6720	88.4919
 1.6710	88.4244
 1.6700	88.5918
 1.6690	88.5531
 1.6680	88.4970
 1.6670	88.4963
 1.6660	88.6770
 1.6650	88.5661
 1.6640	88.5405
 1.6630	88.6026
 1.6620	88.6135
 1.6610	88.6624
 1.6600	88.6786
 1.6590	88.6370
 1.6580	88.6442
 1.6570	88.5794
 1.6560	88.5578
 1.6550	88.6825
 1.6540	88.6994
 1.6530	88.7536
 1.6520	88.7151
 1.6510	88.6775
 1.6500	88.6979
 1.6490	88.7875
 1.6480	88.5987
 1.6470	88.7350
 1.6460	88.7135
 1.6450	88.6326
 1.6440	88.6615
 1.6430	88.6440
 1.6420	88.7455
 1.6410	88.7324
 1.6400	88.7277
 1.6390	88.8621
 1.6380	88.7594
 1.6370	88.8268
 1.6360	88.7749
 1.6350	88.8670
 1.6340	88.7899
 1.6330	88.8371
 1.6320	88.8604
 1.6310	88.8120
 1.6300	88.8435
 1.6290	88.7536
 1.6280	88.8346
 1.6270	88.8241
 1.6260	88.7964
 1.6250	88.8341
 1.6240	88.9004
 1.6230	88.8978
 1.6220	88.8333
 1.6210	88.8620
 1.6200	88.8337
 1.6190	88.9514
 1.6180	88.9814
 1.6170	88.8183
 1.6160	88.9006
 1.6150	88.9404
 1.6140	88.9353
 1.6130	88.8890
 1.6120	88.8851
 1.6110	88.8871
 1.6100	88.9802
 1.6090	88.9372
 1.6080	88.9150
 1.6070	88.9289
 1.6060	88.9227
 1.6050	88.9939
 1.6040	88.9855
 1.6030	89.0226
 1.6020	89.0361
 1.6010	89.0998
 1.6000	89.0211
 1.5990	88.9803
 1.5980	88.9906
 1.5970	88.9413
 1.5960	89.0382
 1.5950	88.9969
 1.5940	88.9799
 1.5930	88.9697
 1.5920	89.0667
 1.5910	89.0287
 1.5900	89.0095
 1.5890	88.9578
 1.5880	88.9908
 1.5870	88.9998
 1.5860	89.0163
 1.5850	88.9805
 1.5840	88.9535
 1.5830	89.0528
 1.5820	88.9897
 1.5810	89.0093
 1.5800	89.0130
 1.5790	89.0130
 1.5780	89.0041
 1.5770	88.9482
 1.5760	88.9822
 1.5750	88.9362
 1.5740	88.9275
 1.5730	88.8745
 1.5720	88.9762
 1.5710	89.0272
 1.5700	88.8913
 1.5690	88.9611
 1.5680	88.9281
 1.5670	88.9381
 1.5660	88.9620
 1.5650	88.9411
 1.5640	88.9551
 1.5630	88.9166
 1.5620	88.9427
 1.5610	88.9474
 1.5600	88.8717
 1.5590	88.8407
 1.5580	88.8698
 1.5570	88.8854
 1.5560	88.9160
 1.5550	88.9412
 1.5540	88.9148
 1.5530	88.9154
 1.5520	88.8835
 1.5510	88.9217
 1.5500	88.8741
 1.5490	88.8108
 1.5480	88.8355
 1.5470	88.8303
 1.5460	88.7556
 1.5450	88.8110
 1.5440	88.7804
 1.5430	88.7570
 1.5420	88.8251
 1.5410	88.8015
 1.5400	88.7586
 1.5390	88.7874
 1.5380	88.7542
 1.5370	88.7965
 1.5360	88.7735
 1.5350	88.7776
 1.5340	88.8622
 1.5330	88.7697
 1.5320	88.7464
 1.5310	88.7270
 1.5300	88.7303
 1.5290	88.7208
 1.5280	88.7277
 1.5270	88.7685
 1.5260	88.7418
 1.5250	88.7557
 1.5240	88.7158
 1.5230	88.7261
 1.5220	88.7675
 1.5210	88.7661
 1.5200	88.7076
 1.5190	88.7041
 1.5180	88.6933
 1.5170	88.7141
 1.5160	88.7203
 1.5150	88.7609
 1.5140	88.7561
 1.5130	88.7454
 1.5120	88.7197
 1.5110	88.7673
 1.5100	88.8039
 1.5090	88.7721
 1.5080	88.7664
 1.5070	88.7641
 1.5060	88.7276
 1.5050	88.7539
 1.5040	88.7468
 1.5030	88.7318
 1.5020	88.7371
 1.5010	88.7061
 1.5000	88.7147
 1.4990	88.7300
 1.4980	88.7063
 1.4970	88.6515
 1.4960	88.6213
 1.4950	88.6823
 1.4940	88.6941
 1.4930	88.6979
 1.4920	88.7738
 1.4910	88.7207
 1.4900	88.6563
 1.4890	88.6772
 1.4880	88.6586
 1.4870	88.6453
 1.4860	88.6449
 1.4850	88.6313
 1.4840	88.7324
 1.4830	88.7189
 1.4820	88.6019
 1.4810	88.6508
 1.4800	88.7288
 1.4790	88.7164
 1.4780	88.7952
 1.4770	88.8086
 1.4760	88.8067
 1.4750	88.8463
 1.4740	88.7997
 1.4730	88.6816
 1.4720	88.7076
 1.4710	88.7750
 1.4700	88.8095
 1.4690	88.7933
 1.4680	88.7886
 1.4670	88.7608
 1.4660	88.8182
 1.4650	88.8773
 1.4640	88.8612
 1.4630	88.9305
 1.4620	88.9454
 1.4610	88.9373
 1.4600	88.9393
 1.4590	88.9476
 1.4580	88.9327
 1.4570	88.9514
 1.4560	88.9582
 1.4550	88.9157
 1.4540	88.9504
 1.4530	88.9465
 1.4520	88.9606
 1.4510	89.0214
 1.4500	89.0255
 1.4490	88.9913
 1.4480	89.0354
 1.4470	89.0913
 1.4460	89.0349
 1.4450	89.0498
 1.4440	89.0613
 1.4430	89.0314
 1.4420	89.0604
 1.4410	89.1839
 1.4400	89.1144
 1.4390	89.1041
 1.4380	89.0774
 1.4370	89.1647
 1.4360	89.1280
 1.4350	89.1314
 1.4340	89.1620
 1.4330	89.1595
 1.4320	89.1066
 1.4310	89.0507
 1.4300	89.0970
 1.4290	89.1499
 1.4280	89.1778
 1.4270	89.0793
 1.4260	89.1079
 1.4250	89.1444
 1.4240	89.1580
 1.4230	89.1865
 1.4220	89.3007
 1.4210	89.2456
 1.4200	89.2547
 1.4190	89.3286
 1.4180	89.3407
 1.4170	89.2895
 1.4160	89.2653
 1.4150	89.3575
 1.4140	89.2387
 1.4130	89.3486
 1.4120	89.4579
 1.4110	89.4688
 1.4100	89.4601
 1.4090	89.4336
 1.4080	89.4363
 1.4070	89.4857
 1.4060	89.5146
 1.4050	89.4917
 1.4040	89.5948
 1.4030	89.5997
 1.4020	89.5967
 1.4010	89.4504
 1.4000	89.5106
 1.3990	89.5424
 1.3980	89.6406
 1.3970	89.7266
 1.3960	89.7049
 1.3950	89.6135
 1.3940	89.6825
 1.3930	89.7109
 1.3920	89.6113
 1.3910	89.7476
 1.3900	89.7606
 1.3890	89.6991
 1.3880	89.7742
 1.3870	89.7017
 1.3860	89.7355
 1.3850	89.8078
 1.3840	89.7656
 1.3830	89.8352
 1.3820	89.8233
 1.3810	89.8214
 1.3800	89.8518
 1.3790	89.7593
 1.3780	89.7595
 1.3770	89.7618
 1.3760	89.8493
 1.3750	89.7681
 1.3740	89.7631
 1.3730	89.7785
 1.3720	89.7883
 1.3710	89.7925
 1.3700	89.8790
 1.3690	89.8871
 1.3680	89.8241
 1.3670	89.7426
 1.3660	89.8554
 1.3650	89.7384
 1.3640	89.7662
 1.3630	89.8236
 1.3620	89.7668
 1.3610	89.8493
 1.3600	89.7313
 1.3590	89.8511
 1.3580	89.7493
 1.3570	89.7591
 1.3560	89.9132
 1.3550	89.8048
 1.3540	89.6415
 1.3530	89.8388
 1.3520	89.8147
 1.3510	89.7134
 1.3500	89.7649
 1.3490	89.8378
 1.3480	89.7465
 1.3470	89.7722
 1.3460	89.9455
 1.3450	89.8849
 1.3440	89.7581
 1.3430	89.7871
 1.3420	89.7632
 1.3410	89.8171
 1.3400	89.7933
 1.3390	89.8033
 1.3380	89.7672
 1.3370	89.8080
 1.3360	89.8215
 1.3350	89.8714
 1.3340	89.7694
 1.3330	89.8707
 1.3320	89.7209
 1.3310	89.8810
 1.3300	89.7941
 1.3290	89.7894
 1.3280	89.8169
 1.3270	89.8148
 1.3260	89.8147
 1.3250	89.8102
 1.3240	89.8014
 1.3230	89.8406
 1.3220	89.8010
 1.3210	89.8338
 1.3200	89.8221
 1.3190	89.8738
 1.3180	89.8098
 1.3170	89.8705
 1.3160	89.7725
 1.3150	89.8094
 1.3140	89.7585
 1.3130	89.6912
 1.3120	89.8269
 1.3110	89.7922
 1.3100	89.7965
 1.3090	89.8872
 1.3080	89.8853
 1.3070	89.7333
 1.3060	89.8185
 1.3050	89.7654
 1.3040	89.8255
 1.3030	89.8139
 1.3020	89.7907
 1.3010	89.7679
 1.3000	89.7715
 1.2990	89.7584
 1.2980	89.7215
 1.2970	89.7961
 1.2960	89.8123
 1.2950	89.8249
 1.2940	89.8339
 1.2930	89.8364
 1.2920	89.7707
 1.2910	89.7442
 1.2900	89.7916
 1.2890	89.7661
 1.2880	89.8505
 1.2870	89.7827
 1.2860	89.7364
 1.2850	89.7198
 1.2840	89.8227
 1.2830	89.7613
 1.2820	89.7918
 1.2810	89.7574
 1.2800	89.7133
 1.2790	89.7635
 1.2780	89.7766
 1.2770	89.7687
 1.2760	89.8074
 1.2750	89.7235
 1.2740	89.7456
 1.2730	89.7503
 1.2720	89.8525
 1.2710	89.7798
 1.2700	89.8365
 1.2690	89.6950
 1.2680	89.7230
 1.2670	89.6745
 1.2660	89.7491
 1.2650	89.7379
 1.2640	89.7338
 1.2630	89.8305
 1.2620	89.7614
 1.2610	89.7138
 1.2600	89.7719
 1.2590	89.7466
 1.2580	89.7256
 1.2570	89.8084
 1.2560	89.8509
 1.2550	89.7916
 1.2540	89.7644
 1.2530	89.8199
 1.2520	89.7913
 1.2510	89.6945
 1.2500	89.6760
 1.2490	89.7518
 1.2480	89.7998
 1.2470	89.7826
 1.2460	89.7698
 1.2450	89.6988
 1.2440	89.6839
 1.2430	89.6684
 1.2420	89.6783
 1.2410	89.7744
 1.2400	89.7125
 1.2390	89.6944
 1.2380	89.6624
 1.2370	89.7437
 1.2360	89.7256
 1.2350	89.7347
 1.2340	89.7726
 1.2330	89.7665
 1.2320	89.7541
 1.2310	89.7653
 1.2300	89.7370
 1.2290	89.6974
 1.2280	89.7937
 1.2270	89.7746
 1.2260	89.6943
 1.2250	89.6829
 1.2240	89.7067
 1.2230	89.7132
 1.2220	89.7047
 1.2210	89.6676
 1.2200	89.6403
 1.2190	89.6665
 1.2180	89.6974
 1.2170	89.6580
 1.2160	89.6848
 1.2150	89.7196
 1.2140	89.6831
 1.2130	89.6882
 1.2120	89.6934
 1.2110	89.6962
 1.2100	89.6981
 1.2090	89.7231
 1.2080	89.7470
 1.2070	89.7053
 1.2060	89.6396
 1.2050	89.6217
 1.2040	89.6678
 1.2030	89.7061
 1.2020	89.6904
 1.2010	89.7251
 1.2000	89.7322
 1.1990	89.6776
 1.1980	89.6884
 1.1970	89.7304
 1.1960	89.7442
 1.1950	89.7796
 1.1940	89.7625
 1.1930	89.6477
 1.1920	89.6553
 1.1910	89.6349
 1.1900	89.6294
 1.1890	89.6100
 1.1880	89.5946
 1.1870	89.6577
 1.1860	89.7796
 1.1850	89.7873
 1.1840	89.7014
 1.1830	89.6218
 1.1820	89.6279
 1.1810	89.6781
 1.1800	89.6910
 1.1790	89.7293
 1.1780	89.7153
 1.1770	89.7426
 1.1760	89.6893
 1.1750	89.6869
 1.1740	89.6885
 1.1730	89.6914
 1.1720	89.6860
 1.1710	89.7172
 1.1700	89.7005
 1.1690	89.6780
 1.1680	89.6781
 1.1670	89.7547
 1.1660	89.7431
 1.1650	89.7226
 1.1640	89.6939
 1.1630	89.6956
 1.1620	89.7668
 1.1610	89.7343
 1.1600	89.6716
 1.1590	89.7010
 1.1580	89.6571
 1.1570	89.6974
 1.1560	89.6979
 1.1550	89.7586
 1.1540	89.7560
 1.1530	89.7297
 1.1520	89.7192
 1.1510	89.7451
 1.1500	89.7723
 1.1490	89.7416
 1.1480	89.7279
 1.1470	89.8251
 1.1460	89.8638
 1.1450	89.8778
 1.1440	89.8243
 1.1430	89.7743
 1.1420	89.7802
 1.1410	89.8047
 1.1400	89.7509
 1.1390	89.7138
 1.1380	89.8041
 1.1370	89.8318
 1.1360	89.7558
 1.1350	89.7317
 1.1340	89.6840
 1.1330	89.7953
 1.1320	89.8432
 1.1310	89.7972
 1.1300	89.8421
 1.1290	89.8151
 1.1280	89.7260
 1.1270	89.8053
 1.1260	89.8415
 1.1250	89.8848
 1.1240	89.8917
 1.1230	89.8314
 1.1220	89.8126
 1.1210	89.8296
 1.1200	89.7873
 1.1190	89.8199
 1.1180	89.8383
 1.1170	89.7844
 1.1160	89.7978
 1.1150	89.8772
 1.1140	89.7456
 1.1130	89.8405
 1.1120	89.8261
 1.1110	89.7639
 1.1100	89.7922
 1.1090	89.7625
 1.1080	89.7613
 1.1070	89.9020
 1.1060	89.8933
 1.1050	89.7678
 1.1040	89.8140
 1.1030	89.9110
 1.1020	89.7716
 1.1010	89.7978
 1.1000	89.7896
 1.0990	89.8889
 1.0980	89.8451
 1.0970	89.8149
 1.0960	89.8108
 1.0950	89.7754
 1.0940	89.8405
 1.0930	89.7895
 1.0920	89.8354
 1.0910	89.7809
 1.0900	89.7847
 1.0890	89.8392
 1.0880	89.8295
 1.0870	89.8393
 1.0860	89.7377
 1.0850	89.8152
 1.0840	89.8492
 1.0830	89.8716
 1.0820	89.8646
 1.0810	89.7201
 1.0800	89.6991
 1.0790	89.8073
 1.0780	89.8224
 1.0770	89.8506
 1.0760	89.8791
 1.0750	89.8312
 1.0740	89.8359
 1.0730	89.9233
 1.0720	89.8138
 1.0710	89.9326
 1.0700	89.7472
 1.0690	89.9138
 1.0680	89.7531
 1.0670	89.8018
 1.0660	89.8702
 1.0650	89.8245
 1.0640	89.8367
 1.0630	89.8445
 1.0620	89.8497
 1.0610	89.8756
 1.0600	89.7631
 1.0590	89.8488
 1.0580	89.7998
 1.0570	89.8947
 1.0560	89.7802
 1.0550	89.8136
 1.0540	89.8225
 1.0530	89.8146
 1.0520	89.8230
 1.0510	89.7436
 1.0500	89.8260
 1.0490	89.8199
 1.0480	89.8277
 1.0470	89.8336
 1.0460	89.8141
 1.0450	89.9039
 1.0440	89.8485
 1.0430	89.8118
 1.0420	89.7940
 1.0410	89.8450
 1.0400	89.7715
 1.0390	89.7899
 1.0380	89.8400
 1.0370	89.8238
 1.0360	89.9094
 1.0350	89.8190
 1.0340	89.7955
 1.0330	89.8079
 1.0320	89.8400
 1.0310	89.8506
 1.0300	89.7916
 1.0290	89.7752
 1.0280	89.8718
 1.0270	89.7709
 1.0260	89.7616
 1.0250	89.8767
 1.0240	89.8652
 1.0230	89.8794
 1.0220	89.9063
 1.0210	89.8660
 1.0200	89.7838
 1.0190	89.7460
 1.0180	89.8006
 1.0170	89.8732
 1.0160	89.8226
 1.0150	89.8781
 1.0140	89.7877
 1.0130	89.7620
 1.0120	89.8822
 1.0110	89.9097
 1.0100	89.8491
 1.0090	89.8112
 1.0080	89.8609
 1.0070	89.8298
 1.0060	89.8572
 1.0050	89.8914
 1.0040	89.9364
 1.0030	89.8799
 1.0020	89.8075
 1.0010	89.9210
 1.0000	89.8649
 0.9990	89.9198
 0.9980	89.8944
 0.9970	89.9066
 0.9960	89.8942
 0.9950	89.8537
 0.9940	89.8561
 0.9930	89.8722
 0.9920	89.8358
 0.9910	89.8473
 0.9900	89.8454
 0.9890	89.9242
 0.9880	89.9362
 0.9870	89.9329
 0.9860	89.8937
 0.9850	89.8284
 0.9840	89.8238
 0.9830	89.8278
 0.9820	89.9572
 0.9810	89.9284
 0.9800	89.8891
 0.9790	89.9323
 0.9780	89.9390
 0.9770	89.9504
 0.9760	89.8753
 0.9750	89.8897
 0.9740	89.8554
 0.9730	89.8739
 0.9720	89.9314
 0.9710	89.9217
 0.9700	89.9352
 0.9690	89.8906
 0.9680	89.8721
 0.9670	89.8701
 0.9660	89.8896
 0.9650	89.9003
 0.9640	89.9359
 0.9630	89.9524
 0.9620	89.9417
 0.9610	89.9465
 0.9600	89.9172
 0.9590	89.9013
 0.9580	89.9294
 0.9570	89.9153
 0.9560	89.8846
 0.9550	89.8582
 0.9540	89.9190
 0.9530	89.9029
 0.9520	89.9004
 0.9510	89.9669
 0.9500	89.9244
 0.9490	89.9129
 0.9480	89.9892
 0.9470	89.9738
 0.9460	89.9108
 0.9450	89.9185
 0.9440	89.8775
 0.9430	89.8601
 0.9420	89.9078
 0.9410	89.9452
 0.9400	89.9422
 0.9390	89.9967
 0.9380	90.0226
 0.9370	90.0033
 0.9360	90.0192
 0.9350	89.9926
 0.9340	89.9782
 0.9330	89.9831
 0.9320	89.9728
 0.9310	90.0120
 0.9300	89.9744
 0.9290	89.9268
 0.9280	89.9577
 0.9270	89.9749
 0.9260	89.9839
 0.9250	90.0231
 0.9240	89.9963
 0.9230	89.9777
 0.9220	90.0118
 0.9210	89.9641
 0.9200	89.9248
 0.9190	89.9570
 0.9180	89.9689
 0.9170	90.0063
 0.9160	90.0866
 0.9150	90.0446
 0.9140	90.0124
 0.9130	89.9545
 0.9120	89.9779
 0.9110	90.0540
 0.9100	90.0044
 0.9090	90.0270
 0.9080	90.0084
 0.9070	89.9668
 0.9060	89.9967
 0.9050	90.0137
 0.9040	89.9909
 0.9030	90.0391
 0.9020	90.1052
 0.9010	90.0561
 0.9000	90.0663
 0.8990	90.0915
 0.8980	90.0693
 0.8970	90.0640
 0.8960	90.0818
 0.8950	90.0033
 0.8940	90.0379
 0.8930	90.0525
 0.8920	90.0530
 0.8910	90.0483
 0.8900	90.1125
 0.8890	90.1176
 0.8880	90.0941
 0.8870	90.0717
 0.8860	90.1142
 0.8850	90.1176
 0.8840	90.0735
 0.8830	90.0338
 0.8820	90.1108
 0.8810	90.0664
 0.8800	90.1419
 0.8790	90.0676
 0.8780	90.0594
 0.8770	90.0413
 0.8760	90.0404
 0.8750	90.0942
 0.8740	90.1316
 0.8730	90.1782
 0.8720	90.1653
 0.8710	90.0982
 0.8700	90.1362
 0.8690	90.0988
 0.8680	90.1604
 0.8670	90.1402
 0.8660	90.1298
 0.8650	90.0914
 0.8640	90.1468
 0.8630	90.1336
 0.8620	90.1014
 0.8610	90.1037
 0.8600	90.1228
 0.8590	90.0604
 0.8580	90.1564
 0.8570	90.0950
 0.8560	90.0686
 0.8550	90.1113
 0.8540	90.0408
 0.8530	90.0592
 0.8520	90.0928
 0.8510	90.1102
 0.8500	90.1347
 0.8490	90.1463
 0.8480	90.1277
 0.8470	90.0643
 0.8460	90.0270
 0.8450	90.1264
 0.8440	90.0909
 0.8430	90.0542
 0.8420	90.0657
 0.8410	90.1783
 0.8400	90.1359
 0.8390	90.1713
 0.8380	90.0672
 0.8370	90.1262
 0.8360	90.1595
 0.8350	90.0934
 0.8340	90.1077
 0.8330	90.1059
 0.8320	90.1336
 0.8310	90.1520
 0.8300	90.1306
 0.8290	90.1320
 0.8280	90.1152
 0.8270	90.1459
 0.8260	90.1206
 0.8250	90.0884
 0.8240	90.1203
 0.8230	90.2088
 0.8220	90.1881
 0.8210	90.1166
 0.8200	90.1090
 0.8190	90.1095
 0.8180	90.1537
 0.8170	90.1770
 0.8160	90.1731
 0.8150	90.1395
 0.8140	90.1511
 0.8130	90.1689
 0.8120	90.1949
 0.8110	90.1455
 0.8100	90.1348
 0.8090	90.1412
 0.8080	90.1846
 0.8070	90.1148
 0.8060	90.1742
 0.8050	90.1602
 0.8040	90.1470
 0.8030	90.1685
 0.8020	90.1418
 0.8010	90.1188
 0.8000	90.1647
 0.7990	90.1328
 0.7980	90.0827
 0.7970	90.0900
 0.7960	90.0620
 0.7950	90.0043
 0.7940	90.0292
 0.7930	90.0149
 0.7920	90.0135
 0.7910	89.9961
 0.7900	90.0149
 0.7890	90.0438
 0.7880	90.0210
 0.7870	90.0211
 0.7860	90.0361
 0.7850	89.9792
 0.7840	90.0304
 0.7830	90.0258
 0.7820	89.9845
 0.7810	90.0035
 0.7800	90.0314
 0.7790	90.0172
 0.7780	90.0300
 0.7770	89.9982
 0.7760	89.9856
 0.7750	89.9659
 0.7740	89.9143
 0.7730	89.9630
 0.7720	89.9764
 0.7710	89.8955
 0.7700	89.9465
 0.7690	89.9603
 0.7680	89.9199
 0.7670	89.8976
 0.7660	89.9117
 0.7650	89.9069
 0.7640	89.9136
 0.7630	89.9428
 0.7620	89.9056
 0.7610	89.9099
 0.7600	89.9193
 0.7590	89.9029
 0.7580	89.9392
 0.7570	89.8758
 0.7560	89.8908
 0.7550	89.8665
 0.7540	89.8550
 0.7530	89.8677
 0.7520	89.8798
 0.7510	89.8837
 0.7500	89.8835
 0.7490	89.8542
 0.7480	89.8473
 0.7470	89.8506
 0.7460	89.8595
 0.7450	89.8524
 0.7440	89.8365
 0.7430	89.8326
 0.7420	89.8332
 0.7410	89.8038
 0.7400	89.8037
 0.7390	89.8191
 0.7380	89.8172
 0.7370	89.7925
 0.7360	89.8212
 0.7350	89.7888
 0.7340	89.7962
 0.7330	89.7987
 0.7320	89.7816
 0.7310	89.7769
 0.7300	89.8096
 0.7290	89.7753
 0.7280	89.7601
 0.7270	89.7744
 0.7260	89.7533
 0.7250	89.7575
 0.7240	89.7492
 0.7230	89.7536
 0.7220	89.7108
 0.7210	89.7337
 0.7200	89.7041
 0.7190	89.7370
 0.7180	89.7282
 0.7170	89.7264
 0.7160	89.7432
 0.7150	89.7008
 0.7140	89.6872
 0.7130	89.6817
 0.7120	89.6935
 0.7110	89.6725
 0.7100	89.6992
 0.7090	89.7061
 0.7080	89.6712
 0.7070	89.6588
 0.7060	89.6282
 0.7050	89.6673
 0.7040	89.6625
 0.7030	89.6540
 0.7020	89.6521
 0.7010	89.6384
 0.7000	89.6401
 0.6990	89.6180
 0.6980	89.6363
 0.6970	89.6375
 0.6960	89.6122
 0.6950	89.6204
 0.6940	89.6396
 0.6930	89.5941
 0.6920	89.5871
 0.6910	89.5930
 0.6900	89.5829
 0.6890	89.5699
 0.6880	89.5698
 0.6870	89.5880
 0.6860	89.5478
 0.6850	89.5381
 0.6840	89.5500
 0.6830	89.5526
 0.6820	89.5321
 0.6810	89.5073
 0.6800	89.5273
 0.6790	89.5420
 0.6780	89.5323
 0.6770	89.5135
 0.6760	89.5015
 0.6750	89.5092
 0.6740	89.5018
 0.6730	89.4981
 0.6720	89.4910
 0.6710	89.4759
 0.6700	89.4727
 0.6690	89.4760
 0.6680	89.4600
 0.6670	89.4354
 0.6660	89.4414
 0.6650	89.4337
 0.6640	89.4364
 0.6630	89.4250
 0.6620	89.4156
 0.6610	89.4195
 0.6600	89.4082
 0.6590	89.4061
 0.6580	89.3999
 0.6570	89.4007
 0.6560	89.3965
 0.6550	89.3810
 0.6540	89.3835
 0.6530	89.3612
 0.6520	89.3406
 0.6510	89.3352
 0.6500	89.3465
 0.6490	89.3268
 0.6480	89.3313
 0.6470	89.3437
 0.6460	89.3197
 0.6450	89.3074
 0.6440	89.3152
 0.6430	89.3130
 0.6420	89.2998
 0.6410	89.2913
 0.6400	89.2743
 0.6390	89.2659
 0.6380	89.2733
 0.6370	89.2661
 0.6360	89.2556
 0.6350	89.2563
 0.6340	89.2350
 0.6330	89.2298
 0.6320	89.2322
 0.6310	89.2309
 0.6300	89.2272
 0.6290	89.2113
 0.6280	89.1817
 0.6270	89.1745
 0.6260	89.1775
 0.6250	89.1682
 0.6240	89.1602
 0.6230	89.1568
 0.6220	89.1577
 0.6210	89.1420
 0.6200	89.1161
 0.6190	89.1084
 0.6180	89.1126
 0.6170	89.0883
 0.6160	89.0696
 0.6150	89.0841
 0.6140	89.0741
 0.6130	89.0581
 0.6120	89.0644
 0.6110	89.0603
 0.6100	89.0322
 0.6090	89.0165
 0.6080	89.0503
 0.6070	89.0693
 0.6060	89.0700
 0.6050	89.0507
 0.6040	89.0406
 0.6030	89.0229
 0.6020	89.0192
 0.6010	89.0094
 0.6000	88.9997
 0.5990	89.0115
 0.5980	89.0143
 0.5970	89.0180
 0.5960	89.0323
 0.5950	89.0431
 0.5940	89.0338
 0.5930	89.0206
 0.5920	88.9910
 0.5910	88.9839
 0.5900	88.9839
 0.5890	88.9646
 0.5880	88.9552
 0.5870	88.9476
 0.5860	88.9217
 0.5850	88.8994
 0.5840	88.8895
 0.5830	88.8772
 0.5820	88.8685
 0.5810	88.8665
 0.5800	88.8475
 0.5790	88.8294
 0.5780	88.8067
 0.5770	88.7990
 0.5760	88.7854
 0.5750	88.7700
 0.5740	88.7525
 0.5730	88.7509
 0.5720	88.7225
 0.5710	88.7014
 0.5700	88.6974
 0.5690	88.6787
 0.5680	88.6564
 0.5670	88.6426
 0.5660	88.6201
 0.5650	88.6094
 0.5640	88.5898
 0.5630	88.5696
 0.5620	88.5407
 0.5610	88.4900
 0.5600	88.4770
 0.5590	88.4775
 0.5580	88.4594
 0.5570	88.4566
 0.5560	88.4120
 0.5550	88.4108
 0.5540	88.3910
 0.5530	88.3769
 0.5520	88.3450
 0.5510	88.3263
 0.5500	88.3089
 0.5490	88.2737
 0.5480	88.2648
 0.5470	88.2297
 0.5460	88.2087
 0.5450	88.1905
 0.5440	88.1424
 0.5430	88.1298
 0.5420	88.0994
 0.5410	88.0922
 0.5400	88.0541
 0.5390	88.0152
 0.5380	88.0083
 0.5370	87.9842
 0.5360	87.9645
 0.5350	87.9422
 0.5340	87.9219
 0.5330	87.8845
 0.5320	87.8679
 0.5310	87.8346
 0.5300	87.7870
 0.5290	87.7605
 0.5280	87.7232
 0.5270	87.7190
 0.5260	87.6849
 0.5250	87.6503
 0.5240	87.6102
 0.5230	87.5784
 0.5220	87.5440
 0.5210	87.5176
 0.5200	87.5017
 0.5190	87.4396
 0.5180	87.4015
 0.5170	87.3677
 0.5160	87.3296
 0.5150	87.2816
 0.5140	87.2615
 0.5130	87.2168
 0.5120	87.1694
 0.5110	87.1517
 0.5100	87.0907
 0.5090	87.0709
 0.5080	86.9735
 0.5070	86.9696
 0.5060	86.9520
 0.5050	86.8902
 0.5040	86.8131
 0.5030	86.7906
 0.5020	86.7502
 0.5010	86.6952
 0.5000	86.6304
 0.4990	86.5899
 0.4980	86.5456
 0.4970	86.4814
 0.4960	86.4165
 0.4950	86.3858
 0.4940	86.3328
 0.4930	86.2851
 0.4920	86.2275
 0.4910	86.1690
 0.4900	86.1136
 0.4890	86.0547
 0.4880	86.0023
 0.4870	85.9263
 0.4860	85.8869
 0.4850	85.8178
 0.4840	85.7427
 0.4830	85.7051
 0.4820	85.6539
 0.4810	85.5874
 0.4800	85.5645
 0.4790	85.5342
 0.4780	85.4868
 0.4770	85.4483
 0.4760	85.3955
 0.4750	85.3512
 0.4740	85.2784
 0.4730	85.2404
 0.4720	85.1679
 0.4710	85.1195
 0.4700	85.0541
 0.4690	85.0227
 0.4680	84.9604
 0.4670	84.9192
 0.4660	84.8636
 0.4650	84.8113
 0.4640	84.7505
 0.4630	84.6711
 0.4620	84.6499
 0.4610	84.6040
 0.4600	84.5545
 0.4590	84.4877
 0.4580	84.4120
 0.4570	84.3600
 0.4560	84.3153
 0.4550	84.2466
 0.4540	84.1914
 0.4530	84.1425
 0.4520	84.0830
 0.4510	84.0096
 0.4500	83.9743
 0.4490	83.9156
 0.4480	83.8672
 0.4470	83.8035
 0.4460	83.7482
 0.4450	83.6826
 0.4440	83.6087
 0.4430	83.5403
 0.4420	83.4904
 0.4410	83.4339
 0.4400	83.3660
 0.4390	83.2959
 0.4380	83.2548
 0.4370	83.1642
 0.4360	83.1069
 0.4350	83.0389
 0.4340	82.9947
 0.4330	82.9348
 0.4320	82.8547
 0.4310	82.8233
 0.4300	82.7406
 0.4290	82.6781
 0.4280	82.6317
 0.4270	82.5675
 0.4260	82.5001
 0.4250	82.4222
 0.4240	82.3682
 0.4230	82.2971
 0.4220	82.2240
 0.4210	82.1684
 0.4200	82.1024
 0.4190	82.0196
 0.4180	81.9700
 0.4170	81.9233
 0.4160	81.8582
 0.4150	81.7916
 0.4140	81.7251
 0.4130	81.6361
 0.4120	81.5924
 0.4110	81.5153
 0.4100	81.4410
 0.4090	81.3806
 0.4080	81.3119
 0.4070	81.2515
 0.4060	81.1571
 0.4050	81.0904
 0.4040	81.0378
 0.4030	80.9552
 0.4020	80.8911
 0.4010	80.8057
 0.4000	80.7049
