Name: Augite (Ca,Na)(Mg,Fe,Al,Ti)(Si,Al)2O6
Type: Mineral
Class: Silicate
Subclass: Inosilicate
Particle Size: Solid
Sample No.: augite_1
Owner: JHU
Wavelength Range: TIR
Origin: Sample from Monteagle Township, Hostings Co., Ontario,Canada via the Smithsonian (sample no. NMNH 117461). 
Collection Date: N/A
Description: Sample consisted of  fragments of well-formed crystal(s), with some surface contamination by calcite.  Small grains were deep, translucent green and generally clear and unaltered.  The powdered sample was washed in dilute HCl to remove residual calcite, but an extremely weak carbonate band is still seen in the spectrum of the 75-250 micrometers size range near 4.0 micrometers. (Pyroxene Group - single chain) Original ASTER Spectral Library name was jhu.nicolet.mineral.silicate.inosilicate.solid.augite1.spectrum.txt
Measurement: Bidirectional reflectance
First Column: X
Second Column: Y
X Units: Wavelength (micrometers)
Y Units:Reflectance (percent)
First X Value: 25.0442
Last X Value:  2.0795
Number of X Values: 2287
Additional Information: mineral.silicate.inosilicate.solid.tir.augite_1.jhu.nicolet.ancillary.txt

25.0442	17.6845
24.9238	17.0117
24.8045	16.1958
24.6864	15.6093
24.5694	15.1196
24.4536	14.6743
24.3388	14.3183
24.2250	13.9746
24.1124	13.7465
24.0007	13.7695
23.8901	13.7011
23.7805	13.4365
23.6719	13.4404
23.5643	13.5752
23.4577	13.6899
23.3520	13.9936
23.2473	14.4912
23.1435	14.9192
23.0407	15.5068
22.9387	16.3310
22.8377	17.1037
22.7375	18.0480
22.6382	19.1386
22.5398	19.9873
22.4422	20.9143
22.3455	21.8840
22.2496	22.4589
22.1545	22.8137
22.0602	23.3537
21.9668	23.8227
21.8741	24.0078
21.7822	24.2695
21.6910	24.6740
21.6007	24.9843
21.5110	25.2050
21.4221	25.4565
21.3340	25.6230
21.2465	25.7070
21.1598	25.8449
21.0738	26.0285
20.9885	26.0053
20.9038	25.8271
20.8199	25.5121
20.7366	25.1376
20.6540	24.8178
20.5720	24.5961
20.4907	24.3578
20.4100	24.2809
20.3300	24.2961
20.2506	24.2194
20.1718	24.2707
20.0936	24.5663
20.0160	24.7839
19.9391	24.9733
19.8627	25.3285
19.7869	25.6452
19.7116	25.8979
19.6370	26.2558
19.5628	26.5932
19.4893	26.8281
19.4163	27.1279
19.3439	27.4858
19.2719	27.7250
19.2006	27.9838
19.1297	28.4052
19.0594	28.6938
18.9896	28.9076
18.9203	29.3075
18.8515	29.6889
18.7832	29.9858
18.7153	30.3363
18.6480	30.7030
18.5812	30.9013
18.5148	31.1235
18.4489	31.3373
18.3835	31.3681
18.3185	31.3398
18.2541	31.3771
18.1900	31.1933
18.1264	30.8280
18.0633	30.4841
18.0005	30.0234
17.9382	29.3508
17.8764	28.6474
17.8150	27.8530
17.7539	26.8193
17.6934	25.6489
17.6332	24.4218
17.5734	22.9260
17.5140	21.2827
17.4551	19.6689
17.3965	17.9880
17.3383	16.2465
17.2805	14.6201
17.2231	13.0222
17.1661	11.4687
17.1094	10.1201
17.0531	 9.0400
16.9972	 8.1338
16.9417	 7.5000
16.8865	 7.1245
16.8317	 6.8513
16.7772	 6.7246
16.7231	 6.7307
16.6693	 6.7329
16.6159	 6.7270
16.5628	 6.8330
16.5100	 6.9426
16.4576	 7.0124
16.4055	 7.1081
16.3538	 7.2280
16.3024	 7.3591
16.2513	 7.5315
16.2005	 7.7822
16.1500	 7.9763
16.0998	 8.1645
16.0500	 8.4428
16.0005	 8.6894
15.9513	 8.8940
15.9023	 9.1301
15.8537	 9.3637
15.8054	 9.4487
15.7573	 9.4409
15.7096	 9.2942
15.6621	 8.8391
15.6149	 8.1745
15.5680	 7.4841
15.5214	 6.8852
15.4751	 6.4648
15.4290	 6.2998
15.3832	 6.3247
15.3377	 6.4651
15.2925	 6.6379
15.2475	 6.8139
15.2028	 7.0185
15.1583	 7.2178
15.1141	 7.4211
15.0702	 7.5976
15.0265	 7.8052
14.9831	 8.0303
14.9399	 8.1728
14.8970	 8.1816
14.8543	 8.0134
14.8119	 7.6162
14.7697	 7.1352
14.7277	 6.7895
14.6860	 6.6128
14.6445	 6.5293
14.6033	 6.5473
14.5622	 6.6201
14.5214	 6.6494
14.4809	 6.6675
14.4405	 6.7256
14.4004	 6.7668
14.3605	 6.7937
14.3209	 6.8706
14.2814	 6.9614
14.2422	 7.0005
14.2032	 7.0586
14.1643	 7.1313
14.1258	 7.1902
14.0874	 7.2400
14.0492	 7.3252
14.0112	 7.4072
13.9734	 7.4223
13.9359	 7.4790
13.8985	 7.5847
13.8614	 7.6289
13.8244	 7.6687
13.7876	 7.7297
13.7511	 7.8042
13.7147	 7.8779
13.6785	 7.9336
13.6425	 7.9809
13.6067	 8.0080
13.5711	 8.0769
13.5356	 8.1518
13.5004	 8.1697
13.4653	 8.2124
13.4304	 8.2973
13.3957	 8.3511
13.3612	 8.4060
13.3269	 8.4787
13.2927	 8.4922
13.2587	 8.5212
13.2249	 8.6145
13.1912	 8.6765
13.1577	 8.6792
13.1244	 8.7368
13.0913	 8.8152
13.0583	 8.8486
13.0255	 8.9001
12.9929	 8.9817
12.9604	 9.0295
12.9281	 9.0344
12.8959	 9.1096
12.8639	 9.1902
12.8321	 9.2177
12.8004	 9.2627
12.7688	 9.3327
12.7375	 9.3796
12.7063	 9.4485
12.6752	 9.5593
12.6443	 9.6052
12.6135	 9.6501
12.5829	 9.7319
12.5524	 9.8149
12.5221	 9.8904
12.4919	 9.9797
12.4619	10.0703
12.4320	10.1394
12.4023	10.2141
12.3727	10.3174
12.3432	10.3796
12.3139	10.4619
12.2847	10.5849
12.2557	10.6811
12.2268	10.7592
12.1980	10.8977
12.1694	11.0288
12.1409	11.1384
12.1125	11.2959
12.0843	11.4900
12.0562	11.6452
12.0282	11.8313
12.0004	12.0952
11.9726	12.3464
11.9450	12.6364
11.9176	13.0144
11.8903	13.4062
11.8631	13.8344
11.8360	14.4226
11.8090	15.1506
11.7822	15.9128
11.7555	16.7873
11.7289	17.7229
11.7024	18.5566
11.6760	19.2822
11.6498	20.0080
11.6237	20.6450
11.5977	21.1486
11.5718	21.6384
11.5460	22.1174
11.5203	22.4680
11.4948	22.7592
11.4694	23.0715
11.4440	23.3310
11.4188	23.4958
11.3937	23.6855
11.3688	23.8422
11.3439	23.9174
11.3191	24.0246
11.2944	24.1406
11.2699	24.1777
11.2455	24.2277
11.2211	24.3188
11.1969	24.4059
11.1727	24.4824
11.1487	24.6276
11.1248	24.7494
11.1010	24.8891
11.0773	25.1201
11.0536	25.3334
11.0301	25.5104
11.0067	25.7770
10.9834	26.0822
10.9602	26.2980
10.9370	26.4965
10.9140	26.6977
10.8911	26.7363
10.8682	26.5822
10.8455	26.3117
10.8229	25.8427
10.8003	25.1452
10.7779	24.4926
10.7555	24.0558
10.7332	23.8239
10.7111	23.8891
10.6890	24.2431
10.6670	24.6315
10.6451	24.9911
10.6233	25.4111
10.6015	25.7558
10.5799	25.9091
10.5584	26.0348
10.5369	26.1352
10.5155	26.1381
10.4942	26.2043
10.4730	26.4199
10.4519	26.6105
10.4309	26.7162
10.4099	26.7512
10.3891	26.5217
10.3683	25.9330
10.3476	25.2097
10.3270	24.3925
10.3065	23.3776
10.2860	22.2714
10.2656	21.1286
10.2454	19.8566
10.2251	18.4958
10.2050	17.1594
10.1850	15.8886
10.1650	14.7766
10.1451	13.9753
10.1253	13.4702
10.1056	13.1782
10.0859	13.0844
10.0663	13.1364
10.0468	13.2092
10.0274	13.3025
10.0080	13.4643
 9.9887	13.6284
 9.9695	13.7736
 9.9504	13.9467
 9.9313	14.1396
 9.9123	14.2859
 9.8934	14.4311
 9.8746	14.5881
 9.8558	14.6589
 9.8371	14.7067
 9.8185	14.8208
 9.7999	14.9177
 9.7814	14.9607
 9.7630	15.0490
 9.7447	15.1433
 9.7264	15.2204
 9.7082	15.3374
 9.6900	15.5107
 9.6719	15.6665
 9.6539	15.8454
 9.6360	16.1030
 9.6181	16.4011
 9.6003	16.7251
 9.5825	17.1648
 9.5649	17.6799
 9.5472	18.2033
 9.5297	18.8127
 9.5122	19.4873
 9.4948	20.1186
 9.4774	20.7331
 9.4601	21.3637
 9.4429	21.8928
 9.4257	22.3088
 9.4086	22.7111
 9.3916	23.0307
 9.3746	23.2294
 9.3577	23.4199
 9.3408	23.6149
 9.3240	23.7277
 9.3073	23.8066
 9.2906	23.9357
 9.2740	24.0507
 9.2574	24.1179
 9.2409	24.2248
 9.2245	24.3305
 9.2081	24.3647
 9.1918	24.4374
 9.1755	24.5275
 9.1593	24.5651
 9.1431	24.6122
 9.1270	24.7341
 9.1110	24.8403
 9.0950	24.9020
 9.0791	25.0551
 9.0632	25.2280
 9.0474	25.3559
 9.0316	25.5544
 9.0159	25.8229
 9.0003	26.0578
 8.9847	26.3124
 8.9691	26.6628
 8.9536	27.0097
 8.9382	27.3544
 8.9228	27.8107
 8.9075	28.3051
 8.8922	28.8073
 8.8770	29.3886
 8.8618	29.8896
 8.8467	30.0932
 8.8316	30.0500
 8.8166	29.8349
 8.8016	29.3754
 8.7867	28.7570
 8.7718	28.1386
 8.7570	27.4220
 8.7422	26.5546
 8.7275	25.6891
 8.7129	24.7761
 8.6982	23.6743
 8.6837	22.4623
 8.6692	21.2009
 8.6547	19.8020
 8.6403	18.3181
 8.6259	16.8671
 8.6116	15.3938
 8.5973	13.8645
 8.5830	12.3835
 8.5688	10.9328
 8.5547	 9.4724
 8.5406	 8.0759
 8.5266	 6.7825
 8.5126	 5.5918
 8.4986	 4.5522
 8.4847	 3.6894
 8.4708	 2.9758
 8.4570	 2.3943
 8.4432	 1.9675
 8.4295	 1.6958
 8.4158	 1.5520
 8.4022	 1.5322
 8.3886	 1.5825
 8.3750	 1.6523
 8.3615	 1.7295
 8.3481	 1.8201
 8.3347	 1.9221
 8.3213	 2.0171
 8.3079	 2.1011
 8.2946	 2.1894
 8.2814	 2.2676
 8.2682	 2.3501
 8.2550	 2.4338
 8.2419	 2.5073
 8.2288	 2.5764
 8.2158	 2.6428
 8.2028	 2.7060
 8.1898	 2.7705
 8.1769	 2.8406
 8.1640	 2.8992
 8.1512	 2.9421
 8.1384	 2.9949
 8.1256	 3.0554
 8.1129	 3.1003
 8.1002	 3.1377
 8.0876	 3.1838
 8.0750	 3.2353
 8.0624	 3.2739
 8.0499	 3.3164
 8.0374	 3.3613
 8.0250	 3.3940
 8.0126	 3.4343
 8.0002	 3.4722
 7.9879	 3.5015
 7.9756	 3.5356
 7.9634	 3.5852
 7.9512	 3.6240
 7.9390	 3.6479
 7.9268	 3.6892
 7.9147	 3.7283
 7.9027	 3.7541
 7.8906	 3.7908
 7.8786	 3.8330
 7.8667	 3.8674
 7.8548	 3.8945
 7.8429	 3.9346
 7.8310	 3.9741
 7.8192	 4.0039
 7.8075	 4.0395
 7.7957	 4.0683
 7.7840	 4.0950
 7.7723	 4.1252
 7.7607	 4.1538
 7.7491	 4.1872
 7.7375	 4.2219
 7.7260	 4.2505
 7.7145	 4.2786
 7.7031	 4.3010
 7.6916	 4.3262
 7.6802	 4.3594
 7.6689	 4.3769
 7.6575	 4.4023
 7.6462	 4.4382
 7.6350	 4.4541
 7.6238	 4.4773
 7.6126	 4.5083
 7.6014	 4.5232
 7.5903	 4.5344
 7.5792	 4.5615
 7.5681	 4.5864
 7.5571	 4.6037
 7.5461	 4.6243
 7.5351	 4.6484
 7.5242	 4.6711
 7.5133	 4.6865
 7.5024	 4.7048
 7.4916	 4.7214
 7.4807	 4.7351
 7.4700	 4.7637
 7.4592	 4.7900
 7.4485	 4.8044
 7.4378	 4.8232
 7.4272	 4.8442
 7.4165	 4.8564
 7.4059	 4.8716
 7.3954	 4.8938
 7.3848	 4.9060
 7.3743	 4.9158
 7.3639	 4.9360
 7.3534	 4.9502
 7.3430	 4.9558
 7.3326	 4.9792
 7.3223	 5.0022
 7.3119	 5.0090
 7.3016	 5.0183
 7.2914	 5.0329
 7.2811	 5.0420
 7.2709	 5.0493
 7.2607	 5.0647
 7.2506	 5.0791
 7.2404	 5.0840
 7.2303	 5.1006
 7.2203	 5.1230
 7.2102	 5.1355
 7.2002	 5.1465
 7.1902	 5.1682
 7.1803	 5.1814
 7.1703	 5.1904
 7.1604	 5.2117
 7.1506	 5.2300
 7.1407	 5.2353
 7.1309	 5.2434
 7.1211	 5.2546
 7.1113	 5.2695
 7.1016	 5.2854
 7.0919	 5.3010
 7.0822	 5.3093
 7.0725	 5.3157
 7.0629	 5.3318
 7.0533	 5.3506
 7.0437	 5.3550
 7.0341	 5.3633
 7.0246	 5.3874
 7.0151	 5.3977
 7.0056	 5.4004
 6.9962	 5.4177
 6.9867	 5.4236
 6.9773	 5.4204
 6.9679	 5.4285
 6.9586	 5.4380
 6.9493	 5.4438
 6.9400	 5.4538
 6.9307	 5.4636
 6.9214	 5.4685
 6.9122	 5.4726
 6.9030	 5.4895
 6.8938	 5.5000
 6.8847	 5.4983
 6.8755	 5.5015
 6.8664	 5.5098
 6.8573	 5.5056
 6.8483	 5.5141
 6.8393	 5.5339
 6.8302	 5.5427
 6.8213	 5.5412
 6.8123	 5.5566
 6.8034	 5.5688
 6.7944	 5.5683
 6.7855	 5.5793
 6.7767	 5.5896
 6.7678	 5.5879
 6.7590	 5.5945
 6.7502	 5.6101
 6.7414	 5.6138
 6.7327	 5.6106
 6.7239	 5.6184
 6.7152	 5.6152
 6.7065	 5.6111
 6.6979	 5.6218
 6.6892	 5.6269
 6.6806	 5.6284
 6.6720	 5.6377
 6.6634	 5.6560
 6.6549	 5.6555
 6.6464	 5.6499
 6.6378	 5.6619
 6.6294	 5.6726
 6.6209	 5.6806
 6.6124	 5.6865
 6.6040	 5.6865
 6.5956	 5.6877
 6.5872	 5.6970
 6.5789	 5.6941
 6.5705	 5.6911
 6.5622	 5.6951
 6.5539	 5.7016
 6.5456	 5.6973
 6.5374	 5.6948
 6.5292	 5.7085
 6.5209	 5.7114
 6.5128	 5.7056
 6.5046	 5.7034
 6.4964	 5.7117
 6.4883	 5.7126
 6.4802	 5.7107
 6.4721	 5.7283
 6.4640	 5.7358
 6.4560	 5.7351
 6.4480	 5.7434
 6.4399	 5.7461
 6.4320	 5.7451
 6.4240	 5.7502
 6.4160	 5.7500
 6.4081	 5.7556
 6.4002	 5.7627
 6.3923	 5.7698
 6.3844	 5.7766
 6.3766	 5.7820
 6.3687	 5.7917
 6.3609	 5.7949
 6.3531	 5.7856
 6.3454	 5.7873
 6.3376	 5.8030
 6.3299	 5.8069
 6.3221	 5.8130
 6.3144	 5.8208
 6.3068	 5.8247
 6.2991	 5.8247
 6.2914	 5.8276
 6.2838	 5.8254
 6.2762	 5.8220
 6.2686	 5.8337
 6.2611	 5.8432
 6.2535	 5.8442
 6.2460	 5.8508
 6.2385	 5.8598
 6.2310	 5.8657
 6.2235	 5.8647
 6.2160	 5.8696
 6.2086	 5.8786
 6.2011	 5.8848
 6.1937	 5.8845
 6.1863	 5.8769
 6.1790	 5.8674
 6.1716	 5.8681
 6.1643	 5.8755
 6.1570	 5.8806
 6.1496	 5.8830
 6.1424	 5.8786
 6.1351	 5.8789
 6.1278	 5.8799
 6.1206	 5.8808
 6.1134	 5.8896
 6.1062	 5.8918
 6.0990	 5.8957
 6.0918	 5.9001
 6.0847	 5.8979
 6.0776	 5.9048
 6.0704	 5.9060
 6.0633	 5.9094
 6.0563	 5.9114
 6.0492	 5.9194
 6.0421	 5.9277
 6.0351	 5.9265
 6.0281	 5.9309
 6.0211	 5.9448
 6.0141	 5.9509
 6.0071	 5.9480
 6.0002	 5.9546
 5.9932	 5.9658
 5.9863	 5.9692
 5.9794	 5.9800
 5.9725	 5.9868
 5.9657	 5.9917
 5.9588	 6.0054
 5.9520	 6.0195
 5.9451	 6.0232
 5.9383	 6.0207
 5.9315	 6.0344
 5.9247	 6.0430
 5.9180	 6.0415
 5.9112	 6.0486
 5.9045	 6.0625
 5.8978	 6.0625
 5.8911	 6.0561
 5.8844	 6.0642
 5.8777	 6.0725
 5.8711	 6.0693
 5.8644	 6.0720
 5.8578	 6.0808
 5.8512	 6.0786
 5.8446	 6.0808
 5.8380	 6.0808
 5.8314	 6.0806
 5.8249	 6.0847
 5.8184	 6.0950
 5.8118	 6.1045
 5.8053	 6.1069
 5.7988	 6.1194
 5.7924	 6.1333
 5.7859	 6.1416
 5.7794	 6.1577
 5.7730	 6.1645
 5.7666	 6.1665
 5.7602	 6.1802
 5.7538	 6.1975
 5.7474	 6.2056
 5.7410	 6.2119
 5.7347	 6.2261
 5.7283	 6.2336
 5.7220	 6.2300
 5.7157	 6.2327
 5.7094	 6.2434
 5.7031	 6.2483
 5.6969	 6.2502
 5.6906	 6.2624
 5.6844	 6.2622
 5.6782	 6.2585
 5.6719	 6.2681
 5.6657	 6.2710
 5.6596	 6.2641
 5.6534	 6.2649
 5.6472	 6.2739
 5.6411	 6.2727
 5.6349	 6.2729
 5.6288	 6.2778
 5.6227	 6.2705
 5.6166	 6.2690
 5.6106	 6.2732
 5.6045	 6.2693
 5.5984	 6.2656
 5.5924	 6.2551
 5.5864	 6.2561
 5.5804	 6.2585
 5.5744	 6.2597
 5.5684	 6.2663
 5.5624	 6.2641
 5.5564	 6.2659
 5.5505	 6.2707
 5.5445	 6.2705
 5.5386	 6.2681
 5.5327	 6.2700
 5.5268	 6.2673
 5.5209	 6.2673
 5.5151	 6.2659
 5.5092	 6.2702
 5.5033	 6.2690
 5.4975	 6.2661
 5.4917	 6.2619
 5.4859	 6.2556
 5.4801	 6.2483
 5.4743	 6.2488
 5.4685	 6.2556
 5.4628	 6.2541
 5.4570	 6.2527
 5.4513	 6.2576
 5.4455	 6.2514
 5.4398	 6.2424
 5.4341	 6.2400
 5.4284	 6.2392
 5.4228	 6.2358
 5.4171	 6.2427
 5.4114	 6.2449
 5.4058	 6.2319
 5.4002	 6.2327
 5.3945	 6.2446
 5.3889	 6.2375
 5.3833	 6.2312
 5.3778	 6.2348
 5.3722	 6.2331
 5.3666	 6.2285
 5.3611	 6.2265
 5.3555	 6.2275
 5.3500	 6.2214
 5.3445	 6.2143
 5.3390	 6.2109
 5.3335	 6.2153
 5.3280	 6.2151
 5.3225	 6.2153
 5.3171	 6.2197
 5.3116	 6.2185
 5.3062	 6.2187
 5.3008	 6.2219
 5.2954	 6.2148
 5.2900	 6.2136
 5.2846	 6.2146
 5.2792	 6.2121
 5.2738	 6.2121
 5.2684	 6.2195
 5.2631	 6.2265
 5.2578	 6.2187
 5.2524	 6.2178
 5.2471	 6.2222
 5.2418	 6.2197
 5.2365	 6.2180
 5.2312	 6.2185
 5.2260	 6.2195
 5.2207	 6.2134
 5.2154	 6.2102
 5.2102	 6.2124
 5.2050	 6.2053
 5.1998	 6.2043
 5.1945	 6.2077
 5.1893	 6.2014
 5.1842	 6.1907
 5.1790	 6.1941
 5.1738	 6.1899
 5.1686	 6.1863
 5.1635	 6.1889
 5.1584	 6.1833
 5.1532	 6.1765
 5.1481	 6.1797
 5.1430	 6.1706
 5.1379	 6.1616
 5.1328	 6.1658
 5.1277	 6.1699
 5.1227	 6.1614
 5.1176	 6.1587
 5.1126	 6.1672
 5.1075	 6.1684
 5.1025	 6.1609
 5.0975	 6.1543
 5.0925	 6.1501
 5.0875	 6.1494
 5.0825	 6.1506
 5.0775	 6.1560
 5.0726	 6.1616
 5.0676	 6.1597
 5.0627	 6.1601
 5.0577	 6.1640
 5.0528	 6.1609
 5.0479	 6.1618
 5.0430	 6.1636
 5.0380	 6.1650
 5.0332	 6.1640
 5.0283	 6.1743
 5.0234	 6.1760
 5.0185	 6.1680
 5.0137	 6.1680
 5.0088	 6.1699
 5.0040	 6.1682
 4.9992	 6.1745
 4.9944	 6.1814
 4.9896	 6.1809
 4.9848	 6.1816
 4.9800	 6.1850
 4.9752	 6.1858
 4.9704	 6.1858
 4.9657	 6.1877
 4.9609	 6.1914
 4.9562	 6.1855
 4.9514	 6.1836
 4.9467	 6.1860
 4.9420	 6.1870
 4.9373	 6.1897
 4.9326	 6.1907
 4.9279	 6.1936
 4.9232	 6.1997
 4.9186	 6.1975
 4.9139	 6.1951
 4.9092	 6.1909
 4.9046	 6.1933
 4.9000	 6.2007
 4.8953	 6.1985
 4.8907	 6.1975
 4.8861	 6.2077
 4.8815	 6.2075
 4.8769	 6.2038
 4.8723	 6.2114
 4.8678	 6.2175
 4.8632	 6.2175
 4.8586	 6.2185
 4.8541	 6.2273
 4.8495	 6.2273
 4.8450	 6.2287
 4.8405	 6.2363
 4.8360	 6.2417
 4.8315	 6.2434
 4.8270	 6.2495
 4.8225	 6.2522
 4.8180	 6.2493
 4.8135	 6.2632
 4.8090	 6.2759
 4.8046	 6.2705
 4.8001	 6.2700
 4.7957	 6.2785
 4.7913	 6.2842
 4.7868	 6.2822
 4.7824	 6.2864
 4.7780	 6.2912
 4.7736	 6.2937
 4.7692	 6.2973
 4.7648	 6.3061
 4.7605	 6.3120
 4.7561	 6.3130
 4.7517	 6.3169
 4.7474	 6.3154
 4.7431	 6.3139
 4.7387	 6.3240
 4.7344	 6.3303
 4.7301	 6.3327
 4.7258	 6.3327
 4.7215	 6.3376
 4.7172	 6.3481
 4.7129	 6.3535
 4.7086	 6.3567
 4.7043	 6.3567
 4.7000	 6.3596
 4.6958	 6.3681
 4.6915	 6.3689
 4.6873	 6.3696
 4.6831	 6.3667
 4.6788	 6.3686
 4.6746	 6.3745
 4.6704	 6.3764
 4.6662	 6.3808
 4.6620	 6.3865
 4.6578	 6.3904
 4.6536	 6.4040
 4.6495	 6.4123
 4.6453	 6.4126
 4.6411	 6.4114
 4.6370	 6.4201
 4.6328	 6.4338
 4.6287	 6.4409
 4.6246	 6.4477
 4.6205	 6.4475
 4.6163	 6.4538
 4.6122	 6.4695
 4.6081	 6.4773
 4.6040	 6.4761
 4.6000	 6.4824
 4.5959	 6.4895
 4.5918	 6.4900
 4.5877	 6.4929
 4.5837	 6.5010
 4.5796	 6.5024
 4.5756	 6.5054
 4.5716	 6.5178
 4.5675	 6.5232
 4.5635	 6.5205
 4.5595	 6.5295
 4.5555	 6.5393
 4.5515	 6.5417
 4.5475	 6.5432
 4.5435	 6.5561
 4.5395	 6.5627
 4.5356	 6.5627
 4.5316	 6.5693
 4.5276	 6.5779
 4.5237	 6.5793
 4.5197	 6.5793
 4.5158	 6.5847
 4.5119	 6.5910
 4.5080	 6.5867
 4.5040	 6.5876
 4.5001	 6.5898
 4.4962	 6.5896
 4.4923	 6.5981
 4.4884	 6.5984
 4.4846	 6.5976
 4.4807	 6.5967
 4.4768	 6.5974
 4.4730	 6.5967
 4.4691	 6.5952
 4.4652	 6.5954
 4.4614	 6.6035
 4.4576	 6.6079
 4.4537	 6.6045
 4.4499	 6.6020
 4.4461	 6.6030
 4.4423	 6.6028
 4.4385	 6.6020
 4.4347	 6.6013
 4.4309	 6.6023
 4.4271	 6.5991
 4.4233	 6.6003
 4.4196	 6.6033
 4.4158	 6.6091
 4.4120	 6.6157
 4.4083	 6.6191
 4.4045	 6.6174
 4.4008	 6.6211
 4.3971	 6.6191
 4.3934	 6.6076
 4.3896	 6.6096
 4.3859	 6.6164
 4.3822	 6.6150
 4.3785	 6.6228
 4.3748	 6.6318
 4.3711	 6.6277
 4.3674	 6.6257
 4.3638	 6.6255
 4.3601	 6.6267
 4.3564	 6.6272
 4.3528	 6.6291
 4.3491	 6.6238
 4.3455	 6.6238
 4.3418	 6.6357
 4.3382	 6.6384
 4.3346	 6.6321
 4.3310	 6.6357
 4.3273	 6.6428
 4.3237	 6.6430
 4.3201	 6.6421
 4.3165	 6.6455
 4.3129	 6.6421
 4.3094	 6.6430
 4.3058	 6.6472
 4.3022	 6.6457
 4.2986	 6.6465
 4.2951	 6.6518
 4.2915	 6.6557
 4.2880	 6.6550
 4.2844	 6.6531
 4.2809	 6.6584
 4.2774	 6.6553
 4.2738	 6.6474
 4.2703	 6.6487
 4.2668	 6.6531
 4.2633	 6.6560
 4.2598	 6.6570
 4.2563	 6.6638
 4.2528	 6.6640
 4.2493	 6.6572
 4.2458	 6.6553
 4.2424	 6.6575
 4.2389	 6.6550
 4.2354	 6.6601
 4.2320	 6.6638
 4.2285	 6.6599
 4.2251	 6.6592
 4.2216	 6.6655
 4.2182	 6.6736
 4.2148	 6.6687
 4.2113	 6.6616
 4.2079	 6.6575
 4.2045	 6.6575
 4.2011	 6.6643
 4.1977	 6.6675
 4.1943	 6.6577
 4.1909	 6.6560
 4.1875	 6.6687
 4.1841	 6.6697
 4.1808	 6.6582
 4.1774	 6.6606
 4.1740	 6.6662
 4.1707	 6.6675
 4.1673	 6.6731
 4.1640	 6.6775
 4.1606	 6.6780
 4.1573	 6.6755
 4.1540	 6.6733
 4.1506	 6.6697
 4.1473	 6.6675
 4.1440	 6.6662
 4.1407	 6.6736
 4.1374	 6.6699
 4.1341	 6.6655
 4.1308	 6.6675
 4.1275	 6.6714
 4.1242	 6.6704
 4.1209	 6.6684
 4.1177	 6.6721
 4.1144	 6.6736
 4.1111	 6.6721
 4.1079	 6.6760
 4.1046	 6.6755
 4.1014	 6.6748
 4.0981	 6.6670
 4.0949	 6.6572
 4.0917	 6.6589
 4.0884	 6.6616
 4.0852	 6.6572
 4.0820	 6.6653
 4.0788	 6.6692
 4.0756	 6.6618
 4.0724	 6.6557
 4.0692	 6.6631
 4.0660	 6.6611
 4.0628	 6.6518
 4.0596	 6.6531
 4.0565	 6.6587
 4.0533	 6.6553
 4.0501	 6.6516
 4.0470	 6.6470
 4.0438	 6.6470
 4.0406	 6.6450
 4.0375	 6.6467
 4.0344	 6.6506
 4.0312	 6.6457
 4.0281	 6.6350
 4.0250	 6.6313
 4.0218	 6.6326
 4.0187	 6.6343
 4.0156	 6.6274
 4.0125	 6.6206
 4.0094	 6.6159
 4.0063	 6.6172
 4.0032	 6.6186
 4.0001	 6.6089
 3.9970	 6.5972
 3.9940	 6.5920
 3.9909	 6.5881
 3.9878	 6.5830
 3.9847	 6.5805
 3.9817	 6.5815
 3.9786	 6.5815
 3.9756	 6.5840
 3.9725	 6.5859
 3.9695	 6.5854
 3.9665	 6.5881
 3.9634	 6.5837
 3.9604	 6.5808
 3.9574	 6.5810
 3.9544	 6.5849
 3.9513	 6.5786
 3.9483	 6.5764
 3.9453	 6.5823
 3.9423	 6.5923
 3.9393	 6.5891
 3.9363	 6.5859
 3.9333	 6.5903
 3.9304	 6.5884
 3.9274	 6.5798
 3.9244	 6.5825
 3.9214	 6.5871
 3.9185	 6.5884
 3.9155	 6.5818
 3.9126	 6.5744
 3.9096	 6.5815
 3.9067	 6.5823
 3.9037	 6.5803
 3.9008	 6.5823
 3.8979	 6.5813
 3.8949	 6.5786
 3.8920	 6.5730
 3.8891	 6.5708
 3.8862	 6.5752
 3.8833	 6.5759
 3.8804	 6.5742
 3.8775	 6.5713
 3.8746	 6.5698
 3.8717	 6.5683
 3.8688	 6.5644
 3.8659	 6.5627
 3.8630	 6.5676
 3.8601	 6.5618
 3.8573	 6.5520
 3.8544	 6.5486
 3.8515	 6.5459
 3.8487	 6.5505
 3.8458	 6.5576
 3.8430	 6.5566
 3.8401	 6.5437
 3.8373	 6.5442
 3.8344	 6.5464
 3.8316	 6.5527
 3.8288	 6.5571
 3.8259	 6.5473
 3.8231	 6.5442
 3.8203	 6.5386
 3.8175	 6.5381
 3.8147	 6.5403
 3.8119	 6.5344
 3.8091	 6.5359
 3.8063	 6.5393
 3.8035	 6.5461
 3.8007	 6.5476
 3.7979	 6.5412
 3.7951	 6.5388
 3.7924	 6.5344
 3.7896	 6.5288
 3.7868	 6.5334
 3.7841	 6.5325
 3.7813	 6.5295
 3.7785	 6.5256
 3.7758	 6.5210
 3.7730	 6.5166
 3.7703	 6.5171
 3.7676	 6.5163
 3.7648	 6.5205
 3.7621	 6.5195
 3.7594	 6.5122
 3.7566	 6.5058
 3.7539	 6.4980
 3.7512	 6.4980
 3.7485	 6.4993
 3.7458	 6.5071
 3.7431	 6.5019
 3.7404	 6.5019
 3.7377	 6.5080
 3.7350	 6.4995
 3.7323	 6.4905
 3.7296	 6.4905
 3.7269	 6.4841
 3.7242	 6.4839
 3.7216	 6.4787
 3.7189	 6.4719
 3.7162	 6.4748
 3.7136	 6.4695
 3.7109	 6.4617
 3.7083	 6.4629
 3.7056	 6.4636
 3.7030	 6.4599
 3.7003	 6.4514
 3.6977	 6.4534
 3.6950	 6.4546
 3.6924	 6.4463
 3.6898	 6.4377
 3.6872	 6.4438
 3.6845	 6.4363
 3.6819	 6.4355
 3.6793	 6.4333
 3.6767	 6.4162
 3.6741	 6.4111
 3.6715	 6.4170
 3.6689	 6.4143
 3.6663	 6.4053
 3.6637	 6.4075
 3.6611	 6.4075
 3.6585	 6.4006
 3.6560	 6.4009
 3.6534	 6.4038
 3.6508	 6.4038
 3.6482	 6.4031
 3.6457	 6.3982
 3.6431	 6.3879
 3.6406	 6.3752
 3.6380	 6.3696
 3.6355	 6.3591
 3.6329	 6.3616
 3.6304	 6.3718
 3.6278	 6.3608
 3.6253	 6.3533
 3.6227	 6.3523
 3.6202	 6.3472
 3.6177	 6.3428
 3.6152	 6.3481
 3.6127	 6.3447
 3.6101	 6.3376
 3.6076	 6.3274
 3.6051	 6.3208
 3.6026	 6.3176
 3.6001	 6.3183
 3.5976	 6.3201
 3.5951	 6.3176
 3.5926	 6.3066
 3.5901	 6.2976
 3.5876	 6.2930
 3.5852	 6.2927
 3.5827	 6.2890
 3.5802	 6.2915
 3.5777	 6.2905
 3.5753	 6.2854
 3.5728	 6.2710
 3.5704	 6.2563
 3.5679	 6.2546
 3.5654	 6.2514
 3.5630	 6.2424
 3.5605	 6.2363
 3.5581	 6.2312
 3.5557	 6.2236
 3.5532	 6.2163
 3.5508	 6.2053
 3.5484	 6.1955
 3.5459	 6.1904
 3.5435	 6.1887
 3.5411	 6.1858
 3.5387	 6.1741
 3.5363	 6.1618
 3.5338	 6.1572
 3.5314	 6.1492
 3.5290	 6.1365
 3.5266	 6.1216
 3.5242	 6.1018
 3.5218	 6.0803
 3.5195	 6.0530
 3.5171	 6.0259
 3.5147	 6.0000
 3.5123	 5.9783
 3.5099	 5.9438
 3.5075	 5.9243
 3.5052	 5.9121
 3.5028	 5.8974
 3.5004	 5.9011
 3.4981	 5.9155
 3.4957	 5.9343
 3.4934	 5.9465
 3.4910	 5.9516
 3.4887	 5.9573
 3.4863	 5.9617
 3.4840	 5.9692
 3.4816	 5.9668
 3.4793	 5.9651
 3.4770	 5.9653
 3.4746	 5.9712
 3.4723	 5.9800
 3.4700	 5.9783
 3.4677	 5.9675
 3.4653	 5.9602
 3.4630	 5.9507
 3.4607	 5.9441
 3.4584	 5.9350
 3.4561	 5.9228
 3.4538	 5.9128
 3.4515	 5.8974
 3.4492	 5.8867
 3.4469	 5.8757
 3.4446	 5.8635
 3.4423	 5.8476
 3.4400	 5.8374
 3.4378	 5.8291
 3.4355	 5.8066
 3.4332	 5.7861
 3.4309	 5.7805
 3.4287	 5.7678
 3.4264	 5.7541
 3.4241	 5.7471
 3.4219	 5.7336
 3.4196	 5.7341
 3.4174	 5.7436
 3.4151	 5.7475
 3.4129	 5.7502
 3.4106	 5.7507
 3.4084	 5.7734
 3.4061	 5.7971
 3.4039	 5.8047
 3.4017	 5.8091
 3.3994	 5.8139
 3.3972	 5.8169
 3.3950	 5.8240
 3.3928	 5.8237
 3.3906	 5.8093
 3.3883	 5.8015
 3.3861	 5.8105
 3.3839	 5.8125
 3.3817	 5.8139
 3.3795	 5.8230
 3.3773	 5.8347
 3.3751	 5.8445
 3.3729	 5.8579
 3.3707	 5.8642
 3.3685	 5.8694
 3.3663	 5.8769
 3.3641	 5.8813
 3.3620	 5.8862
 3.3598	 5.8852
 3.3576	 5.8838
 3.3554	 5.8755
 3.3533	 5.8657
 3.3511	 5.8589
 3.3489	 5.8613
 3.3468	 5.8655
 3.3446	 5.8684
 3.3425	 5.8694
 3.3403	 5.8672
 3.3382	 5.8557
 3.3360	 5.8525
 3.3339	 5.8555
 3.3317	 5.8511
 3.3296	 5.8364
 3.3274	 5.8320
 3.3253	 5.8301
 3.3232	 5.8186
 3.3210	 5.8186
 3.3189	 5.8159
 3.3168	 5.8037
 3.3147	 5.7973
 3.3126	 5.7995
 3.3104	 5.8017
 3.3083	 5.7920
 3.3062	 5.7878
 3.3041	 5.7839
 3.3020	 5.7749
 3.2999	 5.7722
 3.2978	 5.7764
 3.2957	 5.7693
 3.2936	 5.7512
 3.2915	 5.7419
 3.2894	 5.7431
 3.2874	 5.7402
 3.2853	 5.7322
 3.2832	 5.7358
 3.2811	 5.7307
 3.2790	 5.7087
 3.2770	 5.7107
 3.2749	 5.7048
 3.2728	 5.6953
 3.2708	 5.6951
 3.2687	 5.6907
 3.2666	 5.6777
 3.2646	 5.6662
 3.2625	 5.6560
 3.2605	 5.6455
 3.2584	 5.6545
 3.2564	 5.6606
 3.2543	 5.6460
 3.2523	 5.6382
 3.2503	 5.6313
 3.2482	 5.6294
 3.2462	 5.6245
 3.2442	 5.6072
 3.2421	 5.6050
 3.2401	 5.5981
 3.2381	 5.5891
 3.2361	 5.5889
 3.2340	 5.5842
 3.2320	 5.5747
 3.2300	 5.5686
 3.2280	 5.5591
 3.2260	 5.5598
 3.2240	 5.5581
 3.2220	 5.5498
 3.2200	 5.5461
 3.2180	 5.5320
 3.2160	 5.5200
 3.2140	 5.5146
 3.2120	 5.5132
 3.2100	 5.4971
 3.2080	 5.4875
 3.2060	 5.4885
 3.2040	 5.4817
 3.2021	 5.4722
 3.2001	 5.4675
 3.1981	 5.4556
 3.1961	 5.4502
 3.1942	 5.4485
 3.1922	 5.4453
 3.1902	 5.4409
 3.1883	 5.4370
 3.1863	 5.4267
 3.1844	 5.4175
 3.1824	 5.4079
 3.1805	 5.4070
 3.1785	 5.3945
 3.1766	 5.3869
 3.1746	 5.3857
 3.1727	 5.3738
 3.1707	 5.3613
 3.1688	 5.3625
 3.1669	 5.3620
 3.1649	 5.3564
 3.1630	 5.3457
 3.1611	 5.3428
 3.1591	 5.3447
 3.1572	 5.3340
 3.1553	 5.3247
 3.1534	 5.3201
 3.1515	 5.3093
 3.1495	 5.3096
 3.1476	 5.3022
 3.1457	 5.2981
 3.1438	 5.2890
 3.1419	 5.2807
 3.1400	 5.2681
 3.1381	 5.2615
 3.1362	 5.2453
 3.1343	 5.2417
 3.1324	 5.2446
 3.1305	 5.2363
 3.1286	 5.2265
 3.1268	 5.2212
 3.1249	 5.2085
 3.1230	 5.2029
 3.1211	 5.2053
 3.1192	 5.1926
 3.1174	 5.1765
 3.1155	 5.1850
 3.1136	 5.1826
 3.1117	 5.1780
 3.1099	 5.1758
 3.1080	 5.1738
 3.1061	 5.1755
 3.1043	 5.1567
 3.1024	 5.1377
 3.1006	 5.1428
 3.0987	 5.1313
 3.0969	 5.1182
 3.0950	 5.1025
 3.0932	 5.0942
 3.0913	 5.0923
 3.0895	 5.0886
 3.0876	 5.0864
 3.0858	 5.0854
 3.0840	 5.0835
 3.0821	 5.0779
 3.0803	 5.0769
 3.0785	 5.0725
 3.0766	 5.0561
 3.0748	 5.0412
 3.0730	 5.0447
 3.0712	 5.0461
 3.0694	 5.0444
 3.0675	 5.0393
 3.0657	 5.0390
 3.0639	 5.0327
 3.0621	 5.0264
 3.0603	 5.0041
 3.0585	 4.9946
 3.0567	 5.0024
 3.0549	 5.0049
 3.0531	 5.0078
 3.0513	 4.9993
 3.0495	 4.9971
 3.0477	 4.9980
 3.0459	 4.9802
 3.0441	 4.9770
 3.0423	 4.9768
 3.0406	 4.9692
 3.0388	 4.9568
 3.0370	 4.9590
 3.0352	 4.9578
 3.0334	 4.9399
 3.0317	 4.9280
 3.0299	 4.9233
 3.0281	 4.9233
 3.0264	 4.9194
 3.0246	 4.9057
 3.0228	 4.9055
 3.0211	 4.9018
 3.0193	 4.8891
 3.0176	 4.8811
 3.0158	 4.8706
 3.0140	 4.8579
 3.0123	 4.8584
 3.0105	 4.8623
 3.0088	 4.8520
 3.0070	 4.8437
 3.0053	 4.8452
 3.0036	 4.8501
 3.0018	 4.8476
 3.0001	 4.8379
 2.9984	 4.8266
 2.9966	 4.8257
 2.9949	 4.8142
 2.9932	 4.8076
 2.9914	 4.8135
 2.9897	 4.8027
 2.9880	 4.7925
 2.9863	 4.7932
 2.9845	 4.7920
 2.9828	 4.7854
 2.9811	 4.7795
 2.9794	 4.7773
 2.9777	 4.7864
 2.9760	 4.7842
 2.9743	 4.7617
 2.9726	 4.7524
 2.9709	 4.7541
 2.9692	 4.7471
 2.9675	 4.7349
 2.9658	 4.7251
 2.9641	 4.7280
 2.9624	 4.7251
 2.9607	 4.7217
 2.9590	 4.7212
 2.9573	 4.7031
 2.9556	 4.6877
 2.9539	 4.7058
 2.9523	 4.7058
 2.9506	 4.6926
 2.9489	 4.6841
 2.9472	 4.6880
 2.9455	 4.6885
 2.9439	 4.6899
 2.9422	 4.6821
 2.9405	 4.6655
 2.9389	 4.6499
 2.9372	 4.6584
 2.9355	 4.6616
 2.9339	 4.6509
 2.9322	 4.6521
 2.9306	 4.6377
 2.9289	 4.6374
 2.9272	 4.6333
 2.9256	 4.6186
 2.9239	 4.6191
 2.9223	 4.6057
 2.9207	 4.5937
 2.9190	 4.5918
 2.9174	 4.5893
 2.9157	 4.5874
 2.9141	 4.5820
 2.9124	 4.5747
 2.9108	 4.5625
 2.9092	 4.5522
 2.9075	 4.5586
 2.9059	 4.5600
 2.9043	 4.5452
 2.9027	 4.5371
 2.9010	 4.5349
 2.8994	 4.5361
 2.8978	 4.5332
 2.8962	 4.5251
 2.8946	 4.5303
 2.8929	 4.5337
 2.8913	 4.5234
 2.8897	 4.5178
 2.8881	 4.5107
 2.8865	 4.5176
 2.8849	 4.5171
 2.8833	 4.5146
 2.8817	 4.5088
 2.8801	 4.5015
 2.8785	 4.4968
 2.8769	 4.4883
 2.8753	 4.4809
 2.8737	 4.4797
 2.8721	 4.4783
 2.8705	 4.4824
 2.8689	 4.4902
 2.8673	 4.4761
 2.8658	 4.4541
 2.8642	 4.4482
 2.8626	 4.4473
 2.8610	 4.4453
 2.8594	 4.4468
 2.8579	 4.4468
 2.8563	 4.4272
 2.8547	 4.4058
 2.8531	 4.4067
 2.8516	 4.4101
 2.8500	 4.4092
 2.8484	 4.4048
 2.8469	 4.4016
 2.8453	 4.3965
 2.8437	 4.4033
 2.8422	 4.3979
 2.8406	 4.3879
 2.8391	 4.3799
 2.8375	 4.3894
 2.8360	 4.3843
 2.8344	 4.3684
 2.8329	 4.3730
 2.8313	 4.3784
 2.8298	 4.3760
 2.8282	 4.3721
 2.8267	 4.3638
 2.8252	 4.3623
 2.8236	 4.3657
 2.8221	 4.3657
 2.8205	 4.3550
 2.8190	 4.3491
 2.8175	 4.3530
 2.8159	 4.3491
 2.8144	 4.3462
 2.8129	 4.3501
 2.8114	 4.3547
 2.8098	 4.3425
 2.8083	 4.3301
 2.8068	 4.3389
 2.8053	 4.3496
 2.8038	 4.3467
 2.8022	 4.3232
 2.8007	 4.3003
 2.7992	 4.3105
 2.7977	 4.3174
 2.7962	 4.3208
 2.7947	 4.3208
 2.7932	 4.3071
 2.7917	 4.2969
 2.7902	 4.2905
 2.7887	 4.2778
 2.7872	 4.2915
 2.7857	 4.3022
 2.7842	 4.2930
 2.7827	 4.2842
 2.7812	 4.2891
 2.7797	 4.2974
 2.7782	 4.2993
 2.7767	 4.2881
 2.7752	 4.2905
 2.7738	 4.2920
 2.7723	 4.2886
 2.7708	 4.2871
 2.7693	 4.2764
 2.7678	 4.2632
 2.7664	 4.2715
 2.7649	 4.2788
 2.7634	 4.2817
 2.7619	 4.2734
 2.7605	 4.2661
 2.7590	 4.2632
 2.7575	 4.2602
 2.7561	 4.2632
 2.7546	 4.2778
 2.7531	 4.2876
 2.7517	 4.2773
 2.7502	 4.2607
 2.7488	 4.2495
 2.7473	 4.2358
 2.7458	 4.2173
 2.7444	 4.1816
 2.7429	 4.1826
 2.7415	 4.2324
 2.7400	 4.2651
 2.7386	 4.2690
 2.7371	 4.2656
 2.7357	 4.2471
 2.7343	 4.1963
 2.7328	 4.1445
 2.7314	 4.1108
 2.7299	 4.1235
 2.7285	 4.1977
 2.7271	 4.2705
 2.7256	 4.2793
 2.7242	 4.2436
 2.7228	 4.1870
 2.7213	 4.1299
 2.7199	 4.1142
 2.7185	 4.1650
 2.7171	 4.2739
 2.7156	 4.3784
 2.7142	 4.4348
 2.7128	 4.4646
 2.7114	 4.4900
 2.7100	 4.4995
 2.7085	 4.4892
 2.7071	 4.4700
 2.7057	 4.4719
 2.7043	 4.4924
 2.7029	 4.4814
 2.7015	 4.4766
 2.7001	 4.4839
 2.6987	 4.4907
 2.6973	 4.4883
 2.6959	 4.4790
 2.6945	 4.4836
 2.6931	 4.4868
 2.6917	 4.4829
 2.6903	 4.4668
 2.6889	 4.4631
 2.6875	 4.4695
 2.6861	 4.4639
 2.6847	 4.4614
 2.6833	 4.4477
 2.6819	 4.4455
 2.6805	 4.4377
 2.6791	 4.4292
 2.6778	 4.4199
 2.6764	 4.4136
 2.6750	 4.4253
 2.6736	 4.4172
 2.6722	 4.4048
 2.6709	 4.3935
 2.6695	 4.3955
 2.6681	 4.4072
 2.6667	 4.4006
 2.6654	 4.3935
 2.6640	 4.3855
 2.6626	 4.3845
 2.6613	 4.3987
 2.6599	 4.3818
 2.6585	 4.3579
 2.6572	 4.3603
 2.6558	 4.3481
 2.6545	 4.3489
 2.6531	 4.3428
 2.6517	 4.3120
 2.6504	 4.3088
 2.6490	 4.3120
 2.6477	 4.3020
 2.6463	 4.2974
 2.6450	 4.2995
 2.6436	 4.2737
 2.6423	 4.2561
 2.6409	 4.2661
 2.6396	 4.2729
 2.6382	 4.2507
 2.6369	 4.2356
 2.6356	 4.2361
 2.6342	 4.2436
 2.6329	 4.2222
 2.6315	 4.1995
 2.6302	 4.1826
 2.6289	 4.1650
 2.6275	 4.1672
 2.6262	 4.1853
 2.6249	 4.1907
 2.6236	 4.1799
 2.6222	 4.1665
 2.6209	 4.1438
 2.6196	 4.1487
 2.6183	 4.1606
 2.6169	 4.1487
 2.6156	 4.1352
 2.6143	 4.1411
 2.6130	 4.1238
 2.6117	 4.1011
 2.6103	 4.1155
 2.6090	 4.1116
 2.6077	 4.1037
 2.6064	 4.0974
 2.6051	 4.0801
 2.6038	 4.0857
 2.6025	 4.0801
 2.6012	 4.0632
 2.5999	 4.0447
 2.5986	 4.0410
 2.5973	 4.0547
 2.5960	 4.0469
 2.5947	 4.0283
 2.5934	 4.0286
 2.5921	 4.0268
 2.5908	 4.0127
 2.5895	 4.0061
 2.5882	 3.9990
 2.5869	 3.9934
 2.5856	 3.9883
 2.5843	 3.9775
 2.5830	 3.9809
 2.5817	 3.9809
 2.5805	 3.9741
 2.5792	 3.9614
 2.5779	 3.9600
 2.5766	 3.9514
 2.5753	 3.9414
 2.5741	 3.9287
 2.5728	 3.9316
 2.5715	 3.9419
 2.5702	 3.9319
 2.5690	 3.9331
 2.5677	 3.9221
 2.5664	 3.8896
 2.5651	 3.8813
 2.5639	 3.8892
 2.5626	 3.8808
 2.5613	 3.8721
 2.5601	 3.8833
 2.5588	 3.8791
 2.5575	 3.8721
 2.5563	 3.8716
 2.5550	 3.8696
 2.5538	 3.8706
 2.5525	 3.8516
 2.5513	 3.8384
 2.5500	 3.8362
 2.5487	 3.8262
 2.5475	 3.8310
 2.5462	 3.8267
 2.5450	 3.8115
 2.5437	 3.8079
 2.5425	 3.7964
 2.5413	 3.7866
 2.5400	 3.7949
 2.5388	 3.7895
 2.5375	 3.7659
 2.5363	 3.7639
 2.5350	 3.7739
 2.5338	 3.7620
 2.5326	 3.7510
 2.5313	 3.7495
 2.5301	 3.7358
 2.5289	 3.7353
 2.5276	 3.7485
 2.5264	 3.7427
 2.5252	 3.7112
 2.5239	 3.6977
 2.5227	 3.7158
 2.5215	 3.6946
 2.5202	 3.6728
 2.5190	 3.6767
 2.5178	 3.6821
 2.5166	 3.6760
 2.5154	 3.6699
 2.5141	 3.6592
 2.5129	 3.6536
 2.5117	 3.6584
 2.5105	 3.6594
 2.5093	 3.6565
 2.5081	 3.6428
 2.5068	 3.6575
 2.5056	 3.6506
 2.5044	 3.6272
 2.5032	 3.6282
 2.5020	 3.6323
 2.5008	 3.6223
 2.4996	 3.6223
 2.4984	 3.6196
 2.4972	 3.6216
 2.4960	 3.6164
 2.4948	 3.6074
 2.4936	 3.5898
 2.4924	 3.5862
 2.4912	 3.5830
 2.4900	 3.5793
 2.4888	 3.5674
 2.4876	 3.5537
 2.4864	 3.5520
 2.4852	 3.5532
 2.4840	 3.5491
 2.4828	 3.5464
 2.4816	 3.5432
 2.4805	 3.5547
 2.4793	 3.5537
 2.4781	 3.5439
 2.4769	 3.5168
 2.4757	 3.5188
 2.4745	 3.5305
 2.4734	 3.5342
 2.4722	 3.5276
 2.4710	 3.5151
 2.4698	 3.5000
 2.4686	 3.4905
 2.4675	 3.4790
 2.4663	 3.4824
 2.4651	 3.4849
 2.4640	 3.4707
 2.4628	 3.4602
 2.4616	 3.4680
 2.4604	 3.4778
 2.4593	 3.4592
 2.4581	 3.4497
 2.4569	 3.4407
 2.4558	 3.4348
 2.4546	 3.4602
 2.4535	 3.4526
 2.4523	 3.4331
 2.4511	 3.4280
 2.4500	 3.4094
 2.4488	 3.4170
 2.4477	 3.4297
 2.4465	 3.4267
 2.4454	 3.4199
 2.4442	 3.3950
 2.4431	 3.3852
 2.4419	 3.3860
 2.4408	 3.3584
 2.4396	 3.3674
 2.4385	 3.3655
 2.4373	 3.3486
 2.4362	 3.3586
 2.4350	 3.3525
 2.4339	 3.3508
 2.4327	 3.3418
 2.4316	 3.3433
 2.4305	 3.3518
 2.4293	 3.3596
 2.4282	 3.3486
 2.4270	 3.3147
 2.4259	 3.3252
 2.4248	 3.3227
 2.4236	 3.2971
 2.4225	 3.2964
 2.4214	 3.3135
 2.4202	 3.3127
 2.4191	 3.3049
 2.4180	 3.2978
 2.4169	 3.2695
 2.4157	 3.2534
 2.4146	 3.2698
 2.4135	 3.2659
 2.4124	 3.2612
 2.4112	 3.2756
 2.4101	 3.2705
 2.4090	 3.2510
 2.4079	 3.2561
 2.4068	 3.2451
 2.4056	 3.2383
 2.4045	 3.2571
 2.4034	 3.2746
 2.4023	 3.2629
 2.4012	 3.2236
 2.4001	 3.2095
 2.3990	 3.2251
 2.3979	 3.2226
 2.3967	 3.2395
 2.3956	 3.2461
 2.3945	 3.2226
 2.3934	 3.2034
 2.3923	 3.2031
 2.3912	 3.1887
 2.3901	 3.1767
 2.3890	 3.1963
 2.3879	 3.2151
 2.3868	 3.2141
 2.3857	 3.1936
 2.3846	 3.1699
 2.3835	 3.1623
 2.3824	 3.1582
 2.3813	 3.1584
 2.3802	 3.1523
 2.3791	 3.1409
 2.3781	 3.1533
 2.3770	 3.1777
 2.3759	 3.1487
 2.3748	 3.1445
 2.3737	 3.1894
 2.3726	 3.1653
 2.3715	 3.1523
 2.3704	 3.1523
 2.3694	 3.1604
 2.3683	 3.1479
 2.3672	 3.1435
 2.3661	 3.1506
 2.3650	 3.1401
 2.3640	 3.1487
 2.3629	 3.1321
 2.3618	 3.1243
 2.3607	 3.1106
 2.3597	 3.1006
 2.3586	 3.1223
 2.3575	 3.1367
 2.3564	 3.1418
 2.3554	 3.1475
 2.3543	 3.1123
 2.3532	 3.1077
 2.3522	 3.0889
 2.3511	 3.0771
 2.3500	 3.0967
 2.3490	 3.0898
 2.3479	 3.0810
 2.3468	 3.0588
 2.3458	 3.0791
 2.3447	 3.1164
 2.3436	 3.0891
 2.3426	 3.0637
 2.3415	 3.0713
 2.3405	 3.0881
 2.3394	 3.0864
 2.3384	 3.0840
 2.3373	 3.0872
 2.3363	 3.0832
 2.3352	 3.0752
 2.3342	 3.0664
 2.3331	 3.0618
 2.3321	 3.0674
 2.3310	 3.0537
 2.3300	 3.0498
 2.3289	 3.0791
 2.3279	 3.0713
 2.3268	 3.0500
 2.3258	 3.0735
 2.3247	 3.0872
 2.3237	 3.0581
 2.3226	 3.0303
 2.3216	 3.0415
 2.3206	 3.0527
 2.3195	 3.0215
 2.3185	 3.0132
 2.3175	 3.0210
 2.3164	 3.0137
 2.3154	 3.0093
 2.3144	 3.0229
 2.3133	 3.0386
 2.3123	 3.0469
 2.3113	 3.0635
 2.3102	 3.0547
 2.3092	 3.0293
 2.3082	 3.0268
 2.3071	 3.0474
 2.3061	 3.0640
 2.3051	 3.0767
 2.3041	 3.0415
 2.3030	 3.0029
 2.3020	 3.0220
 2.3010	 3.0234
 2.3000	 3.0220
 2.2990	 3.0278
 2.2979	 3.0293
 2.2969	 3.0122
 2.2959	 2.9995
 2.2949	 3.0176
 2.2939	 3.0342
 2.2929	 3.0469
 2.2918	 3.0469
 2.2908	 3.0459
 2.2898	 3.0190
 2.2888	 3.0063
 2.2878	 3.0215
 2.2868	 3.0205
 2.2858	 3.0044
 2.2848	 3.0000
 2.2838	 2.9980
 2.2828	 2.9990
 2.2818	 3.0063
 2.2808	 2.9893
 2.2798	 2.9888
 2.2787	 3.0088
 2.2777	 3.0102
 2.2767	 3.0142
 2.2757	 3.0249
 2.2747	 3.0102
 2.2738	 3.0098
 2.2728	 3.0200
 2.2718	 3.0093
 2.2708	 2.9775
 2.2698	 2.9756
 2.2688	 2.9873
 2.2678	 2.9888
 2.2668	 2.9873
 2.2658	 2.9663
 2.2648	 2.9770
 2.2638	 2.9932
 2.2628	 2.9932
 2.2618	 2.9907
 2.2609	 3.0127
 2.2599	 3.0234
 2.2589	 3.0244
 2.2579	 3.0205
 2.2569	 2.9966
 2.2559	 3.0005
 2.2550	 2.9858
 2.2540	 2.9785
 2.2530	 2.9761
 2.2520	 2.9756
 2.2510	 2.9673
 2.2501	 2.9678
 2.2491	 2.9731
 2.2481	 2.9726
 2.2471	 2.9551
 2.2462	 2.9619
 2.2452	 2.9946
 2.2442	 2.9824
 2.2433	 2.9448
 2.2423	 2.9536
 2.2413	 2.9458
 2.2403	 2.9536
 2.2394	 2.9678
 2.2384	 2.9609
 2.2374	 2.9639
 2.2365	 2.9560
 2.2355	 2.9541
 2.2345	 2.9639
 2.2336	 2.9722
 2.2326	 2.9629
 2.2317	 2.9834
 2.2307	 2.9853
 2.2297	 2.9868
 2.2288	 2.9956
 2.2278	 2.9888
 2.2269	 2.9775
 2.2259	 2.9692
 2.2250	 2.9512
 2.2240	 2.9419
 2.2231	 2.9883
 2.2221	 3.0049
 2.2211	 2.9629
 2.2202	 2.9331
 2.2192	 2.9424
 2.2183	 2.9629
 2.2173	 2.9726
 2.2164	 2.9692
 2.2155	 2.9726
 2.2145	 2.9639
 2.2136	 2.9521
 2.2126	 2.9668
 2.2117	 2.9868
 2.2107	 2.9932
 2.2098	 2.9853
 2.2088	 2.9966
 2.2079	 3.0107
 2.2070	 2.9971
 2.2060	 2.9853
 2.2051	 2.9922
 2.2041	 2.9853
 2.2032	 2.9795
 2.2023	 2.9912
 2.2013	 2.9951
 2.2004	 2.9687
 2.1995	 2.9634
 2.1985	 2.9766
 2.1976	 2.9517
 2.1967	 2.9766
 2.1957	 2.9985
 2.1948	 2.9736
 2.1939	 2.9541
 2.1930	 2.9673
 2.1920	 2.9961
 2.1911	 2.9809
 2.1902	 2.9575
 2.1893	 2.9692
 2.1883	 2.9619
 2.1874	 2.9316
 2.1865	 2.9399
 2.1856	 2.9634
 2.1846	 2.9692
 2.1837	 2.9775
 2.1828	 2.9687
 2.1819	 2.9751
 2.1810	 2.9726
 2.1800	 2.9653
 2.1791	 2.9809
 2.1782	 2.9775
 2.1773	 2.9687
 2.1764	 2.9805
 2.1755	 2.9692
 2.1746	 2.9560
 2.1736	 2.9600
 2.1727	 2.9531
 2.1718	 2.9707
 2.1709	 2.9863
 2.1700	 2.9853
 2.1691	 2.9907
 2.1682	 2.9883
 2.1673	 2.9775
 2.1664	 2.9775
 2.1655	 2.9922
 2.1646	 2.9966
 2.1637	 3.0044
 2.1628	 3.0117
 2.1619	 2.9785
 2.1610	 2.9829
 2.1601	 2.9756
 2.1592	 2.9590
 2.1583	 2.9629
 2.1574	 2.9453
 2.1565	 2.9482
 2.1556	 2.9844
 2.1547	 2.9946
 2.1538	 3.0098
 2.1529	 3.0166
 2.1520	 3.0142
 2.1511	 3.0044
 2.1502	 2.9985
 2.1493	 2.9907
 2.1484	 2.9600
 2.1475	 2.9463
 2.1466	 2.9751
 2.1458	 2.9932
 2.1449	 3.0059
 2.1440	 3.0264
 2.1431	 2.9922
 2.1422	 2.9692
 2.1413	 3.0176
 2.1404	 3.0225
 2.1396	 2.9805
 2.1387	 2.9844
 2.1378	 2.9985
 2.1369	 2.9824
 2.1360	 2.9614
 2.1352	 2.9809
 2.1343	 2.9946
 2.1334	 3.0005
 2.1325	 3.0220
 2.1316	 3.0098
 2.1308	 2.9717
 2.1299	 2.9687
 2.1290	 3.0044
 2.1281	 3.0176
 2.1273	 3.0225
 2.1264	 3.0063
 2.1255	 3.0063
 2.1247	 2.9790
 2.1238	 2.9966
 2.1229	 3.0137
 2.1220	 2.9853
 2.1212	 2.9961
 2.1203	 3.0088
 2.1194	 3.0137
 2.1186	 3.0068
 2.1177	 3.0312
 2.1168	 3.0142
 2.1160	 2.9990
 2.1151	 2.9980
 2.1143	 3.0044
 2.1134	 3.0102
 2.1125	 3.0185
 2.1117	 3.0434
 2.1108	 3.0200
 2.1100	 2.9912
 2.1091	 2.9775
 2.1082	 2.9932
 2.1074	 3.0181
 2.1065	 3.0161
 2.1057	 3.0176
 2.1048	 3.0273
 2.1040	 3.0395
 2.1031	 3.0117
 2.1023	 2.9888
 2.1014	 3.0181
 2.1005	 3.0376
 2.0997	 3.0278
 2.0988	 3.0283
 2.0980	 3.0049
 2.0971	 3.0332
 2.0963	 3.0434
 2.0955	 3.0185
 2.0946	 3.0337
 2.0938	 3.0488
 2.0929	 3.0342
 2.0921	 3.0332
 2.0912	 3.0864
 2.0904	 3.0962
 2.0895	 3.0571
 2.0887	 3.0298
 2.0879	 3.0312
 2.0870	 3.0371
 2.0862	 3.0317
 2.0853	 3.0332
 2.0845	 3.0337
 2.0837	 3.0351
 2.0828	 3.0146
 2.0820	 3.0225
 2.0812	 3.0337
 2.0803	 3.0264
 2.0795	 3.0395
