Name: Arsenopyrite FeAsS
Type: Mineral
Class: Sulfide
Subclass: None
Particle Size: Coarse
Sample No.: S-5A
Owner: JPL
Wavelength Range: VSWIR
Origin: USA, Nevada, Lander County, Austin.
Collection Date: N/A
Description: Particle size was 125-500um. Collected by:  Burminco Original ASTER Spectral Library name was jpl.perkin.mineral.sulfide.none.coarse.s05a.spectrum.txt
Measurement: Hemispherical reflectance
First Column: X
Second Column: Y
X Units: Wavelength (micrometers)
Y Units:Reflectance (percent)
First X Value:  2.5000
Last X Value:  0.4000
Number of X Values: 2101
Additional Information: mineral.sulfide.none.coarse.vswir.s-5a.jpl.perkin.ancillary.txt

 2.5000	 7.5583
 2.4990	 7.5740
 2.4980	 7.6624
 2.4970	 7.9059
 2.4960	 7.1883
 2.4950	 7.8980
 2.4940	 7.5985
 2.4930	 7.6374
 2.4920	 7.4189
 2.4910	 7.6312
 2.4900	 7.4490
 2.4890	 7.5549
 2.4880	 7.5093
 2.4870	 7.6788
 2.4860	 7.4507
 2.4850	 7.7730
 2.4840	 7.4275
 2.4830	 7.7702
 2.4820	 7.4815
 2.4810	 7.6531
 2.4800	 7.4797
 2.4790	 7.7487
 2.4780	 7.5568
 2.4770	 7.6585
 2.4760	 7.4048
 2.4750	 7.6704
 2.4740	 7.4268
 2.4730	 7.7159
 2.4720	 7.5826
 2.4710	 7.6777
 2.4700	 7.5515
 2.4690	 7.6120
 2.4680	 7.5528
 2.4670	 7.5877
 2.4660	 7.6287
 2.4650	 7.6891
 2.4640	 7.4929
 2.4630	 7.5987
 2.4620	 7.5222
 2.4610	 7.6509
 2.4600	 7.5878
 2.4590	 7.6707
 2.4580	 7.5198
 2.4570	 7.5380
 2.4560	 7.6442
 2.4550	 7.6139
 2.4540	 7.5268
 2.4530	 7.6892
 2.4520	 7.4836
 2.4510	 7.6908
 2.4500	 7.5562
 2.4490	 7.6553
 2.4480	 7.5663
 2.4470	 7.6426
 2.4460	 7.4662
 2.4450	 7.6145
 2.4440	 7.5851
 2.4430	 7.6683
 2.4420	 7.4865
 2.4410	 7.5965
 2.4400	 7.5586
 2.4390	 7.6159
 2.4380	 7.5691
 2.4370	 7.6750
 2.4360	 7.5462
 2.4350	 7.7125
 2.4340	 7.5439
 2.4330	 7.6316
 2.4320	 7.5335
 2.4310	 7.6204
 2.4300	 7.5621
 2.4290	 7.6198
 2.4280	 7.5891
 2.4270	 7.6896
 2.4260	 7.5843
 2.4250	 7.6438
 2.4240	 7.5575
 2.4230	 7.6854
 2.4220	 7.5436
 2.4210	 7.6034
 2.4200	 7.5775
 2.4190	 7.6449
 2.4180	 7.5946
 2.4170	 7.6819
 2.4160	 7.6033
 2.4150	 7.6818
 2.4140	 7.5611
 2.4130	 7.7101
 2.4120	 7.6039
 2.4110	 7.6289
 2.4100	 7.5601
 2.4090	 7.6225
 2.4080	 7.6570
 2.4070	 7.6341
 2.4060	 7.6458
 2.4050	 7.6309
 2.4040	 7.5783
 2.4030	 7.6314
 2.4020	 7.6618
 2.4010	 7.6758
 2.4000	 7.5760
 2.3990	 7.6183
 2.3980	 7.6623
 2.3970	 7.6969
 2.3960	 7.5823
 2.3950	 7.6473
 2.3940	 7.5228
 2.3930	 7.5695
 2.3920	 7.6516
 2.3910	 7.6381
 2.3900	 7.6239
 2.3890	 7.6726
 2.3880	 7.6491
 2.3870	 7.6329
 2.3860	 7.6181
 2.3850	 7.6672
 2.3840	 7.6190
 2.3830	 7.5780
 2.3820	 7.6088
 2.3810	 7.6831
 2.3800	 7.6302
 2.3790	 7.5923
 2.3780	 7.5466
 2.3770	 7.6279
 2.3760	 7.6388
 2.3750	 7.5978
 2.3740	 7.5455
 2.3730	 7.6231
 2.3720	 7.6661
 2.3710	 7.6862
 2.3700	 7.6390
 2.3690	 7.6375
 2.3680	 7.6142
 2.3670	 7.5912
 2.3660	 7.5513
 2.3650	 7.5778
 2.3640	 7.5928
 2.3630	 7.5943
 2.3620	 7.5879
 2.3610	 7.6421
 2.3600	 7.6234
 2.3590	 7.6240
 2.3580	 7.6657
 2.3570	 7.6288
 2.3560	 7.5698
 2.3550	 7.6247
 2.3540	 7.6707
 2.3530	 7.6324
 2.3520	 7.6193
 2.3510	 7.6353
 2.3500	 7.6594
 2.3490	 7.5948
 2.3480	 7.5860
 2.3470	 7.6101
 2.3460	 7.6053
 2.3450	 7.6068
 2.3440	 7.6368
 2.3430	 7.5949
 2.3420	 7.6182
 2.3410	 7.5809
 2.3400	 7.5561
 2.3390	 7.5744
 2.3380	 7.6187
 2.3370	 7.6240
 2.3360	 7.5822
 2.3350	 7.5511
 2.3340	 7.5778
 2.3330	 7.5557
 2.3320	 7.5853
 2.3310	 7.5788
 2.3300	 7.6064
 2.3290	 7.5827
 2.3280	 7.6414
 2.3270	 7.5748
 2.3260	 7.6299
 2.3250	 7.6210
 2.3240	 7.5951
 2.3230	 7.5980
 2.3220	 7.6406
 2.3210	 7.5476
 2.3200	 7.5707
 2.3190	 7.5285
 2.3180	 7.5532
 2.3170	 7.5425
 2.3160	 7.5975
 2.3150	 7.5663
 2.3140	 7.6084
 2.3130	 7.5742
 2.3120	 7.5790
 2.3110	 7.5256
 2.3100	 7.5723
 2.3090	 7.5551
 2.3080	 7.5840
 2.3070	 7.5289
 2.3060	 7.5529
 2.3050	 7.5346
 2.3040	 7.6256
 2.3030	 7.5941
 2.3020	 7.5800
 2.3010	 7.5148
 2.3000	 7.5592
 2.2990	 7.5949
 2.2980	 7.6610
 2.2970	 7.5104
 2.2960	 7.5475
 2.2950	 7.5640
 2.2940	 7.5451
 2.2930	 7.5779
 2.2920	 7.5652
 2.2910	 7.5125
 2.2900	 7.6211
 2.2890	 7.4763
 2.2880	 7.6139
 2.2870	 7.5125
 2.2860	 7.5742
 2.2850	 7.5359
 2.2840	 7.5444
 2.2830	 7.5398
 2.2820	 7.5483
 2.2810	 7.5230
 2.2800	 7.5869
 2.2790	 7.4557
 2.2780	 7.5906
 2.2770	 7.5433
 2.2760	 7.5260
 2.2750	 7.5067
 2.2740	 7.5134
 2.2730	 7.4071
 2.2720	 7.5639
 2.2710	 7.4800
 2.2700	 7.5423
 2.2690	 7.5198
 2.2680	 7.5451
 2.2670	 7.4764
 2.2660	 7.5328
 2.2650	 7.4417
 2.2640	 7.5251
 2.2630	 7.4776
 2.2620	 7.5123
 2.2610	 7.4734
 2.2600	 7.4970
 2.2590	 7.5048
 2.2580	 7.6047
 2.2570	 7.4790
 2.2560	 7.5367
 2.2550	 7.4715
 2.2540	 7.5218
 2.2530	 7.4820
 2.2520	 7.5001
 2.2510	 7.5216
 2.2500	 7.5113
 2.2490	 7.4560
 2.2480	 7.6263
 2.2470	 7.4764
 2.2460	 7.6268
 2.2450	 7.4438
 2.2440	 7.4614
 2.2430	 7.4703
 2.2420	 7.5968
 2.2410	 7.3994
 2.2400	 7.5054
 2.2390	 7.4377
 2.2380	 7.5487
 2.2370	 7.4159
 2.2360	 7.5237
 2.2350	 7.4515
 2.2340	 7.4985
 2.2330	 7.4452
 2.2320	 7.5159
 2.2310	 7.4213
 2.2300	 7.5501
 2.2290	 7.4669
 2.2280	 7.5927
 2.2270	 7.4070
 2.2260	 7.4351
 2.2250	 7.4521
 2.2240	 7.4988
 2.2230	 7.4761
 2.2220	 7.5395
 2.2210	 7.4857
 2.2200	 7.5780
 2.2190	 7.4778
 2.2180	 7.5857
 2.2170	 7.3911
 2.2160	 7.5266
 2.2150	 7.4851
 2.2140	 7.5728
 2.2130	 7.4354
 2.2120	 7.6517
 2.2110	 7.3112
 2.2100	 7.5671
 2.2090	 7.4318
 2.2080	 7.5083
 2.2070	 7.5746
 2.2060	 7.5895
 2.2050	 7.4486
 2.2040	 7.5267
 2.2030	 7.4335
 2.2020	 7.5765
 2.2010	 7.3588
 2.2000	 7.5879
 2.1990	 7.4512
 2.1980	 7.5664
 2.1970	 7.4371
 2.1960	 7.5466
 2.1950	 7.3979
 2.1940	 7.5415
 2.1930	 7.4576
 2.1920	 7.5337
 2.1910	 7.4510
 2.1900	 7.5620
 2.1890	 7.4528
 2.1880	 7.5220
 2.1870	 7.4239
 2.1860	 7.5349
 2.1850	 7.4978
 2.1840	 7.5670
 2.1830	 7.4969
 2.1820	 7.5492
 2.1810	 7.4777
 2.1800	 7.5947
 2.1790	 7.5788
 2.1780	 7.5595
 2.1770	 7.4997
 2.1760	 7.5799
 2.1750	 7.4422
 2.1740	 7.6231
 2.1730	 7.4751
 2.1720	 7.5347
 2.1710	 7.5537
 2.1700	 7.6091
 2.1690	 7.5108
 2.1680	 7.5693
 2.1670	 7.5266
 2.1660	 7.5280
 2.1650	 7.4429
 2.1640	 7.5881
 2.1630	 7.5552
 2.1620	 7.6413
 2.1610	 7.5055
 2.1600	 7.6188
 2.1590	 7.5028
 2.1580	 7.5796
 2.1570	 7.5534
 2.1560	 7.5768
 2.1550	 7.4883
 2.1540	 7.5997
 2.1530	 7.5296
 2.1520	 7.6628
 2.1510	 7.5141
 2.1500	 7.5937
 2.1490	 7.5733
 2.1480	 7.5816
 2.1470	 7.5353
 2.1460	 7.6042
 2.1450	 7.5474
 2.1440	 7.6363
 2.1430	 7.5297
 2.1420	 7.6421
 2.1410	 7.5954
 2.1400	 7.6624
 2.1390	 7.5469
 2.1380	 7.6748
 2.1370	 7.6281
 2.1360	 7.6263
 2.1350	 7.5726
 2.1340	 7.5533
 2.1330	 7.5582
 2.1320	 7.5882
 2.1310	 7.5163
 2.1300	 7.6464
 2.1290	 7.5689
 2.1280	 7.5543
 2.1270	 7.5559
 2.1260	 7.5889
 2.1250	 7.5693
 2.1240	 7.5494
 2.1230	 7.4946
 2.1220	 7.5636
 2.1210	 7.5507
 2.1200	 7.5871
 2.1190	 7.4900
 2.1180	 7.5291
 2.1170	 7.4982
 2.1160	 7.5342
 2.1150	 7.4570
 2.1140	 7.4901
 2.1130	 7.4599
 2.1120	 7.5329
 2.1110	 7.5036
 2.1100	 7.4920
 2.1090	 7.4394
 2.1080	 7.4785
 2.1070	 7.4400
 2.1060	 7.4403
 2.1050	 7.4451
 2.1040	 7.4501
 2.1030	 7.4654
 2.1020	 7.4255
 2.1010	 7.4062
 2.1000	 7.4213
 2.0990	 7.3405
 2.0980	 7.3807
 2.0970	 7.3721
 2.0960	 7.3998
 2.0950	 7.3999
 2.0940	 7.4358
 2.0930	 7.4693
 2.0920	 7.4507
 2.0910	 7.4277
 2.0900	 7.4350
 2.0890	 7.4276
 2.0880	 7.4463
 2.0870	 7.3921
 2.0860	 7.4061
 2.0850	 7.4150
 2.0840	 7.4369
 2.0830	 7.4470
 2.0820	 7.4182
 2.0810	 7.4664
 2.0800	 7.4957
 2.0790	 7.4530
 2.0780	 7.3977
 2.0770	 7.4144
 2.0760	 7.4940
 2.0750	 7.4671
 2.0740	 7.4580
 2.0730	 7.4650
 2.0720	 7.4968
 2.0710	 7.4803
 2.0700	 7.4152
 2.0690	 7.4266
 2.0680	 7.4216
 2.0670	 7.4056
 2.0660	 7.4393
 2.0650	 7.4852
 2.0640	 7.4669
 2.0630	 7.4107
 2.0620	 7.4041
 2.0610	 7.4615
 2.0600	 7.4585
 2.0590	 7.4392
 2.0580	 7.4701
 2.0570	 7.4618
 2.0560	 7.4549
 2.0550	 7.5141
 2.0540	 7.4445
 2.0530	 7.4417
 2.0520	 7.4683
 2.0510	 7.4745
 2.0500	 7.4736
 2.0490	 7.5110
 2.0480	 7.4638
 2.0470	 7.4561
 2.0460	 7.4457
 2.0450	 7.4304
 2.0440	 7.4448
 2.0430	 7.4700
 2.0420	 7.4323
 2.0410	 7.4538
 2.0400	 7.4606
 2.0390	 7.4504
 2.0380	 7.4440
 2.0370	 7.4487
 2.0360	 7.4409
 2.0350	 7.4277
 2.0340	 7.3806
 2.0330	 7.4581
 2.0320	 7.4445
 2.0310	 7.5196
 2.0300	 7.4958
 2.0290	 7.4291
 2.0280	 7.3784
 2.0270	 7.4621
 2.0260	 7.4495
 2.0250	 7.4554
 2.0240	 7.3944
 2.0230	 7.4396
 2.0220	 7.3812
 2.0210	 7.4127
 2.0200	 7.4056
 2.0190	 7.4427
 2.0180	 7.4685
 2.0170	 7.4525
 2.0160	 7.3981
 2.0150	 7.4370
 2.0140	 7.3995
 2.0130	 7.4655
 2.0120	 7.3547
 2.0110	 7.4315
 2.0100	 7.4013
 2.0090	 7.4315
 2.0080	 7.4139
 2.0070	 7.4168
 2.0060	 7.3595
 2.0050	 7.4676
 2.0040	 7.3906
 2.0030	 7.4586
 2.0020	 7.4266
 2.0010	 7.4591
 2.0000	 7.3859
 1.9990	 7.4412
 1.9980	 7.3533
 1.9970	 7.4137
 1.9960	 7.3919
 1.9950	 7.4661
 1.9940	 7.3319
 1.9930	 7.3577
 1.9920	 7.3750
 1.9910	 7.3779
 1.9900	 7.3674
 1.9890	 7.4251
 1.9880	 7.3894
 1.9870	 7.4136
 1.9860	 7.3271
 1.9850	 7.4306
 1.9840	 7.3842
 1.9830	 7.4125
 1.9820	 7.3279
 1.9810	 7.4159
 1.9800	 7.3557
 1.9790	 7.4112
 1.9780	 7.3743
 1.9770	 7.4235
 1.9760	 7.2704
 1.9750	 7.3514
 1.9740	 7.3147
 1.9730	 7.4018
 1.9720	 7.3179
 1.9710	 7.3529
 1.9700	 7.2135
 1.9690	 7.3317
 1.9680	 7.2937
 1.9670	 7.4280
 1.9660	 7.2987
 1.9650	 7.3383
 1.9640	 7.3162
 1.9630	 7.3835
 1.9620	 7.2776
 1.9610	 7.3573
 1.9600	 7.3415
 1.9590	 7.3599
 1.9580	 7.3188
 1.9570	 7.3729
 1.9560	 7.3580
 1.9550	 7.3109
 1.9540	 7.2538
 1.9530	 7.3544
 1.9520	 7.2223
 1.9510	 7.3705
 1.9500	 7.2095
 1.9490	 7.3565
 1.9480	 7.3312
 1.9470	 7.3178
 1.9460	 7.2544
 1.9450	 7.3878
 1.9440	 7.1988
 1.9430	 7.3543
 1.9420	 7.2984
 1.9410	 7.3801
 1.9400	 7.1633
 1.9390	 7.4922
 1.9380	 7.2127
 1.9370	 7.4055
 1.9360	 7.2653
 1.9350	 7.3814
 1.9340	 7.2754
 1.9330	 7.3553
 1.9320	 7.3144
 1.9310	 7.3153
 1.9300	 7.2226
 1.9290	 7.3361
 1.9280	 7.2545
 1.9270	 7.4532
 1.9260	 7.1013
 1.9250	 7.4563
 1.9240	 7.2287
 1.9230	 7.3905
 1.9220	 7.2373
 1.9210	 7.3423
 1.9200	 7.2485
 1.9190	 7.2886
 1.9180	 7.2705
 1.9170	 7.3642
 1.9160	 7.2976
 1.9150	 7.4220
 1.9140	 7.2850
 1.9130	 7.4167
 1.9120	 7.3271
 1.9110	 7.3454
 1.9100	 7.3542
 1.9090	 7.4023
 1.9080	 7.2823
 1.9070	 7.3598
 1.9060	 7.2653
 1.9050	 7.3543
 1.9040	 7.3351
 1.9030	 7.3662
 1.9020	 7.2713
 1.9010	 7.4103
 1.9000	 7.3668
 1.8990	 7.4593
 1.8980	 7.3314
 1.8970	 7.4240
 1.8960	 7.4005
 1.8950	 7.4180
 1.8940	 7.3551
 1.8930	 7.3891
 1.8920	 7.3598
 1.8910	 7.4681
 1.8900	 7.2734
 1.8890	 7.4659
 1.8880	 7.3659
 1.8870	 7.4101
 1.8860	 7.3190
 1.8850	 7.5079
 1.8840	 7.3250
 1.8830	 7.4765
 1.8820	 7.4159
 1.8810	 7.4967
 1.8800	 7.4478
 1.8790	 7.4974
 1.8780	 7.3669
 1.8770	 7.3961
 1.8760	 7.3492
 1.8750	 7.4627
 1.8740	 7.3138
 1.8730	 7.4086
 1.8720	 7.3245
 1.8710	 7.3702
 1.8700	 7.3921
 1.8690	 7.4408
 1.8680	 7.4152
 1.8670	 7.4596
 1.8660	 7.3849
 1.8650	 7.5161
 1.8640	 7.3983
 1.8630	 7.5116
 1.8620	 7.3347
 1.8610	 7.4653
 1.8600	 7.3941
 1.8590	 7.4381
 1.8580	 7.4543
 1.8570	 7.4670
 1.8560	 7.4655
 1.8550	 7.4604
 1.8540	 7.4059
 1.8530	 7.4394
 1.8520	 7.4322
 1.8510	 7.4614
 1.8500	 7.4118
 1.8490	 7.4581
 1.8480	 7.4049
 1.8470	 7.4153
 1.8460	 7.5153
 1.8450	 7.4614
 1.8440	 7.4734
 1.8430	 7.4650
 1.8420	 7.3751
 1.8410	 7.4222
 1.8400	 7.4002
 1.8390	 7.4469
 1.8380	 7.4170
 1.8370	 7.4303
 1.8360	 7.3931
 1.8350	 7.4512
 1.8340	 7.4090
 1.8330	 7.4520
 1.8320	 7.3892
 1.8310	 7.4677
 1.8300	 7.4281
 1.8290	 7.4534
 1.8280	 7.4747
 1.8270	 7.4749
 1.8260	 7.4016
 1.8250	 7.4588
 1.8240	 7.4438
 1.8230	 7.4432
 1.8220	 7.4119
 1.8210	 7.4851
 1.8200	 7.3367
 1.8190	 7.3726
 1.8180	 7.3990
 1.8170	 7.4385
 1.8160	 7.4149
 1.8150	 7.4366
 1.8140	 7.4084
 1.8130	 7.4540
 1.8120	 7.4590
 1.8110	 7.4571
 1.8100	 7.4042
 1.8090	 7.4669
 1.8080	 7.4200
 1.8070	 7.4283
 1.8060	 7.4335
 1.8050	 7.4360
 1.8040	 7.4401
 1.8030	 7.4393
 1.8020	 7.4248
 1.8010	 7.4319
 1.8000	 7.4103
 1.7990	 7.4657
 1.7980	 7.4441
 1.7970	 7.3977
 1.7960	 7.4171
 1.7950	 7.4282
 1.7940	 7.4908
 1.7930	 7.4733
 1.7920	 7.4052
 1.7910	 7.4474
 1.7900	 7.4149
 1.7890	 7.3771
 1.7880	 7.3867
 1.7870	 7.3954
 1.7860	 7.4220
 1.7850	 7.3739
 1.7840	 7.4061
 1.7830	 7.3981
 1.7820	 7.3981
 1.7810	 7.4280
 1.7800	 7.3707
 1.7790	 7.3902
 1.7780	 7.4303
 1.7770	 7.4255
 1.7760	 7.4411
 1.7750	 7.4089
 1.7740	 7.4105
 1.7730	 7.3752
 1.7720	 7.3773
 1.7710	 7.4036
 1.7700	 7.4256
 1.7690	 7.4204
 1.7680	 7.4122
 1.7670	 7.3841
 1.7660	 7.4087
 1.7650	 7.3632
 1.7640	 7.4099
 1.7630	 7.4334
 1.7620	 7.4477
 1.7610	 7.4184
 1.7600	 7.4123
 1.7590	 7.3836
 1.7580	 7.4298
 1.7570	 7.4175
 1.7560	 7.4677
 1.7550	 7.4562
 1.7540	 7.4491
 1.7530	 7.4189
 1.7520	 7.4013
 1.7510	 7.3440
 1.7500	 7.4269
 1.7490	 7.3555
 1.7480	 7.4084
 1.7470	 7.3928
 1.7460	 7.4257
 1.7450	 7.4137
 1.7440	 7.3873
 1.7430	 7.3953
 1.7420	 7.4022
 1.7410	 7.3289
 1.7400	 7.4036
 1.7390	 7.3870
 1.7380	 7.4475
 1.7370	 7.3727
 1.7360	 7.3471
 1.7350	 7.4055
 1.7340	 7.4693
 1.7330	 7.4034
 1.7320	 7.4447
 1.7310	 7.3989
 1.7300	 7.4133
 1.7290	 7.4020
 1.7280	 7.3965
 1.7270	 7.3765
 1.7260	 7.4086
 1.7250	 7.3811
 1.7240	 7.4506
 1.7230	 7.3653
 1.7220	 7.4570
 1.7210	 7.4084
 1.7200	 7.4606
 1.7190	 7.4393
 1.7180	 7.3889
 1.7170	 7.4134
 1.7160	 7.4861
 1.7150	 7.4122
 1.7140	 7.4666
 1.7130	 7.4033
 1.7120	 7.3972
 1.7110	 7.3800
 1.7100	 7.4532
 1.7090	 7.4087
 1.7080	 7.3929
 1.7070	 7.3525
 1.7060	 7.4250
 1.7050	 7.3453
 1.7040	 7.4193
 1.7030	 7.3441
 1.7020	 7.5208
 1.7010	 7.4318
 1.7000	 7.4250
 1.6990	 7.4133
 1.6980	 7.4880
 1.6970	 7.3910
 1.6960	 7.4646
 1.6950	 7.3733
 1.6940	 7.4570
 1.6930	 7.4149
 1.6920	 7.3841
 1.6910	 7.3527
 1.6900	 7.5468
 1.6890	 7.4585
 1.6880	 7.4510
 1.6870	 7.3260
 1.6860	 7.4673
 1.6850	 7.4035
 1.6840	 7.4708
 1.6830	 7.3294
 1.6820	 7.4977
 1.6810	 7.3733
 1.6800	 7.4234
 1.6790	 7.3825
 1.6780	 7.5538
 1.6770	 7.3188
 1.6760	 7.5030
 1.6750	 7.3638
 1.6740	 7.4252
 1.6730	 7.3790
 1.6720	 7.4543
 1.6710	 7.3855
 1.6700	 7.4550
 1.6690	 7.5951
 1.6680	 7.2484
 1.6670	 7.4217
 1.6660	 7.4153
 1.6650	 7.3788
 1.6640	 7.4929
 1.6630	 7.3104
 1.6620	 7.4630
 1.6610	 7.3686
 1.6600	 7.4475
 1.6590	 7.3455
 1.6580	 7.4249
 1.6570	 7.4051
 1.6560	 7.4695
 1.6550	 7.3769
 1.6540	 7.5089
 1.6530	 7.3925
 1.6520	 7.4752
 1.6510	 7.3254
 1.6500	 7.5120
 1.6490	 7.4254
 1.6480	 7.4236
 1.6470	 7.3840
 1.6460	 7.4310
 1.6450	 7.4247
 1.6440	 7.3534
 1.6430	 7.3821
 1.6420	 7.5594
 1.6410	 7.2059
 1.6400	 7.4869
 1.6390	 7.3793
 1.6380	 7.4551
 1.6370	 7.3139
 1.6360	 7.5380
 1.6350	 7.3953
 1.6340	 7.4686
 1.6330	 7.2754
 1.6320	 7.4940
 1.6310	 7.3249
 1.6300	 7.4782
 1.6290	 7.2861
 1.6280	 7.5239
 1.6270	 7.3929
 1.6260	 7.4962
 1.6250	 7.4121
 1.6240	 7.4349
 1.6230	 7.4160
 1.6220	 7.4487
 1.6210	 7.3739
 1.6200	 7.4288
 1.6190	 7.4556
 1.6180	 7.5018
 1.6170	 7.3641
 1.6160	 7.4316
 1.6150	 7.3809
 1.6140	 7.4653
 1.6130	 7.3697
 1.6120	 7.4559
 1.6110	 7.3358
 1.6100	 7.4344
 1.6090	 7.4478
 1.6080	 7.4535
 1.6070	 7.4149
 1.6060	 7.5108
 1.6050	 7.4738
 1.6040	 7.5109
 1.6030	 7.3431
 1.6020	 7.4498
 1.6010	 7.4233
 1.6000	 7.4757
 1.5990	 7.3453
 1.5980	 7.4349
 1.5970	 7.4005
 1.5960	 7.4772
 1.5950	 7.3709
 1.5940	 7.4307
 1.5930	 7.3496
 1.5920	 7.5008
 1.5910	 7.3664
 1.5900	 7.4314
 1.5890	 7.4130
 1.5880	 7.4771
 1.5870	 7.4338
 1.5860	 7.4684
 1.5850	 7.4087
 1.5840	 7.4944
 1.5830	 7.3908
 1.5820	 7.4719
 1.5810	 7.3724
 1.5800	 7.4519
 1.5790	 7.4168
 1.5780	 7.4764
 1.5770	 7.4286
 1.5760	 7.4169
 1.5750	 7.4013
 1.5740	 7.4465
 1.5730	 7.4509
 1.5720	 7.4844
 1.5710	 7.3853
 1.5700	 7.4824
 1.5690	 7.3743
 1.5680	 7.4124
 1.5670	 7.4018
 1.5660	 7.4376
 1.5650	 7.4796
 1.5640	 7.4748
 1.5630	 7.4277
 1.5620	 7.4647
 1.5610	 7.4185
 1.5600	 7.4336
 1.5590	 7.4194
 1.5580	 7.4825
 1.5570	 7.4045
 1.5560	 7.5018
 1.5550	 7.4668
 1.5540	 7.5135
 1.5530	 7.4141
 1.5520	 7.4879
 1.5510	 7.4602
 1.5500	 7.4695
 1.5490	 7.4118
 1.5480	 7.4675
 1.5470	 7.4230
 1.5460	 7.4916
 1.5450	 7.4418
 1.5440	 7.3854
 1.5430	 7.4248
 1.5420	 7.4873
 1.5410	 7.4097
 1.5400	 7.4357
 1.5390	 7.4166
 1.5380	 7.4433
 1.5370	 7.4150
 1.5360	 7.4620
 1.5350	 7.4123
 1.5340	 7.4235
 1.5330	 7.4423
 1.5320	 7.4709
 1.5310	 7.4407
 1.5300	 7.4574
 1.5290	 7.4603
 1.5280	 7.4792
 1.5270	 7.4499
 1.5260	 7.4519
 1.5250	 7.4121
 1.5240	 7.4276
 1.5230	 7.4222
 1.5220	 7.4331
 1.5210	 7.4145
 1.5200	 7.4592
 1.5190	 7.4670
 1.5180	 7.4399
 1.5170	 7.4243
 1.5160	 7.4570
 1.5150	 7.4452
 1.5140	 7.4529
 1.5130	 7.4411
 1.5120	 7.4649
 1.5110	 7.4949
 1.5100	 7.5038
 1.5090	 7.4311
 1.5080	 7.3967
 1.5070	 7.4156
 1.5060	 7.4479
 1.5050	 7.4131
 1.5040	 7.4327
 1.5030	 7.4593
 1.5020	 7.3850
 1.5010	 7.4069
 1.5000	 7.4466
 1.4990	 7.4415
 1.4980	 7.4102
 1.4970	 7.4224
 1.4960	 7.4524
 1.4950	 7.3944
 1.4940	 7.4167
 1.4930	 7.4358
 1.4920	 7.4118
 1.4910	 7.4516
 1.4900	 7.4797
 1.4890	 7.4904
 1.4880	 7.4320
 1.4870	 7.4305
 1.4860	 7.4233
 1.4850	 7.4460
 1.4840	 7.4276
 1.4830	 7.4271
 1.4820	 7.4308
 1.4810	 7.4295
 1.4800	 7.4601
 1.4790	 7.4942
 1.4780	 7.4359
 1.4770	 7.4069
 1.4760	 7.4048
 1.4750	 7.4881
 1.4740	 7.4207
 1.4730	 7.3945
 1.4720	 7.3730
 1.4710	 7.4383
 1.4700	 7.4315
 1.4690	 7.4545
 1.4680	 7.4311
 1.4670	 7.4233
 1.4660	 7.4258
 1.4650	 7.4911
 1.4640	 7.3909
 1.4630	 7.3756
 1.4620	 7.3780
 1.4610	 7.4541
 1.4600	 7.3853
 1.4590	 7.3986
 1.4580	 7.3737
 1.4570	 7.4771
 1.4560	 7.4561
 1.4550	 7.4583
 1.4540	 7.4224
 1.4530	 7.4630
 1.4520	 7.4337
 1.4510	 7.4452
 1.4500	 7.4085
 1.4490	 7.4252
 1.4480	 7.4075
 1.4470	 7.4591
 1.4460	 7.4365
 1.4450	 7.4332
 1.4440	 7.4252
 1.4430	 7.5098
 1.4420	 7.4454
 1.4410	 7.4963
 1.4400	 7.4710
 1.4390	 7.4645
 1.4380	 7.4565
 1.4370	 7.5122
 1.4360	 7.4028
 1.4350	 7.5037
 1.4340	 7.4430
 1.4330	 7.4891
 1.4320	 7.3835
 1.4310	 7.4320
 1.4300	 7.3954
 1.4290	 7.4907
 1.4280	 7.4055
 1.4270	 7.5264
 1.4260	 7.4607
 1.4250	 7.4859
 1.4240	 7.4209
 1.4230	 7.4873
 1.4220	 7.4212
 1.4210	 7.4750
 1.4200	 7.4750
 1.4190	 7.4688
 1.4180	 7.4464
 1.4170	 7.4993
 1.4160	 7.4583
 1.4150	 7.4966
 1.4140	 7.3829
 1.4130	 7.4881
 1.4120	 7.4746
 1.4110	 7.5339
 1.4100	 7.4554
 1.4090	 7.4396
 1.4080	 7.4476
 1.4070	 7.4657
 1.4060	 7.4214
 1.4050	 7.5721
 1.4040	 7.4089
 1.4030	 7.5487
 1.4020	 7.4389
 1.4010	 7.5569
 1.4000	 7.4793
 1.3990	 7.5378
 1.3980	 7.5428
 1.3970	 7.4974
 1.3960	 7.4854
 1.3950	 7.5864
 1.3940	 7.3241
 1.3930	 7.4674
 1.3920	 7.4973
 1.3910	 7.6327
 1.3900	 7.5264
 1.3890	 7.5825
 1.3880	 7.3972
 1.3870	 7.5411
 1.3860	 7.5186
 1.3850	 7.5435
 1.3840	 7.4631
 1.3830	 7.5702
 1.3820	 7.4482
 1.3810	 7.5234
 1.3800	 7.4839
 1.3790	 7.6124
 1.3780	 7.4569
 1.3770	 7.6212
 1.3760	 7.5105
 1.3750	 7.5343
 1.3740	 7.5648
 1.3730	 7.5316
 1.3720	 7.4778
 1.3710	 7.5246
 1.3700	 7.4731
 1.3690	 7.6188
 1.3680	 7.5083
 1.3670	 7.5050
 1.3660	 7.5682
 1.3650	 7.5554
 1.3640	 7.4792
 1.3630	 7.5948
 1.3620	 7.4504
 1.3610	 7.5620
 1.3600	 7.4530
 1.3590	 7.5021
 1.3580	 7.6134
 1.3570	 7.6223
 1.3560	 7.5891
 1.3550	 7.4356
 1.3540	 7.5130
 1.3530	 7.6142
 1.3520	 7.4777
 1.3510	 7.6098
 1.3500	 7.4662
 1.3490	 7.6912
 1.3480	 7.5311
 1.3470	 7.5870
 1.3460	 7.5084
 1.3450	 7.5109
 1.3440	 7.4594
 1.3430	 7.6245
 1.3420	 7.4836
 1.3410	 7.5769
 1.3400	 7.5347
 1.3390	 7.5333
 1.3380	 7.5168
 1.3370	 7.5223
 1.3360	 7.5130
 1.3350	 7.6358
 1.3340	 7.5291
 1.3330	 7.6199
 1.3320	 7.5156
 1.3310	 7.6425
 1.3300	 7.5261
 1.3290	 7.6220
 1.3280	 7.4957
 1.3270	 7.6001
 1.3260	 7.5468
 1.3250	 7.6164
 1.3240	 7.4838
 1.3230	 7.6119
 1.3220	 7.5329
 1.3210	 7.5957
 1.3200	 7.5734
 1.3190	 7.6539
 1.3180	 7.5224
 1.3170	 7.6649
 1.3160	 7.4961
 1.3150	 7.5963
 1.3140	 7.5297
 1.3130	 7.5894
 1.3120	 7.4691
 1.3110	 7.5315
 1.3100	 7.5333
 1.3090	 7.5965
 1.3080	 7.5113
 1.3070	 7.5590
 1.3060	 7.5409
 1.3050	 7.6322
 1.3040	 7.5644
 1.3030	 7.6377
 1.3020	 7.5601
 1.3010	 7.6119
 1.3000	 7.5155
 1.2990	 7.6138
 1.2980	 7.5709
 1.2970	 7.5977
 1.2960	 7.5507
 1.2950	 7.6636
 1.2940	 7.5373
 1.2930	 7.6168
 1.2920	 7.5464
 1.2910	 7.6165
 1.2900	 7.5844
 1.2890	 7.6000
 1.2880	 7.5377
 1.2870	 7.6450
 1.2860	 7.5530
 1.2850	 7.5825
 1.2840	 7.5991
 1.2830	 7.6701
 1.2820	 7.6021
 1.2810	 7.6084
 1.2800	 7.5533
 1.2790	 7.6018
 1.2780	 7.5586
 1.2770	 7.6898
 1.2760	 7.6691
 1.2750	 7.6446
 1.2740	 7.5920
 1.2730	 7.6287
 1.2720	 7.5856
 1.2710	 7.6620
 1.2700	 7.6159
 1.2690	 7.6524
 1.2680	 7.6218
 1.2670	 7.7089
 1.2660	 7.6188
 1.2650	 7.6361
 1.2640	 7.5540
 1.2630	 7.6374
 1.2620	 7.5452
 1.2610	 7.6382
 1.2600	 7.6213
 1.2590	 7.6285
 1.2580	 7.5864
 1.2570	 7.6249
 1.2560	 7.6492
 1.2550	 7.6204
 1.2540	 7.6090
 1.2530	 7.6557
 1.2520	 7.5957
 1.2510	 7.6501
 1.2500	 7.6250
 1.2490	 7.6920
 1.2480	 7.6752
 1.2470	 7.7080
 1.2460	 7.6617
 1.2450	 7.6572
 1.2440	 7.6892
 1.2430	 7.6927
 1.2420	 7.6012
 1.2410	 7.6749
 1.2400	 7.6810
 1.2390	 7.6453
 1.2380	 7.6239
 1.2370	 7.6674
 1.2360	 7.7019
 1.2350	 7.6956
 1.2340	 7.7009
 1.2330	 7.6725
 1.2320	 7.6224
 1.2310	 7.6670
 1.2300	 7.6744
 1.2290	 7.7047
 1.2280	 7.6500
 1.2270	 7.6828
 1.2260	 7.6788
 1.2250	 7.6583
 1.2240	 7.6697
 1.2230	 7.6904
 1.2220	 7.7151
 1.2210	 7.7057
 1.2200	 7.6639
 1.2190	 7.6798
 1.2180	 7.7410
 1.2170	 7.7550
 1.2160	 7.7228
 1.2150	 7.7117
 1.2140	 7.7259
 1.2130	 7.6914
 1.2120	 7.6884
 1.2110	 7.6996
 1.2100	 7.7041
 1.2090	 7.7178
 1.2080	 7.6831
 1.2070	 7.6656
 1.2060	 7.7339
 1.2050	 7.7369
 1.2040	 7.7449
 1.2030	 7.7297
 1.2020	 7.7412
 1.2010	 7.7279
 1.2000	 7.7145
 1.1990	 7.7258
 1.1980	 7.7410
 1.1970	 7.7224
 1.1960	 7.7322
 1.1950	 7.7062
 1.1940	 7.7437
 1.1930	 7.7394
 1.1920	 7.7884
 1.1910	 7.7672
 1.1900	 7.7293
 1.1890	 7.8406
 1.1880	 7.7485
 1.1870	 7.7359
 1.1860	 7.8503
 1.1850	 7.7301
 1.1840	 7.7628
 1.1830	 7.7877
 1.1820	 7.8405
 1.1810	 7.7835
 1.1800	 7.8160
 1.1790	 7.8107
 1.1780	 7.8194
 1.1770	 7.7881
 1.1760	 7.8097
 1.1750	 7.7494
 1.1740	 7.8120
 1.1730	 7.7677
 1.1720	 7.8096
 1.1710	 7.8235
 1.1700	 7.8251
 1.1690	 7.7493
 1.1680	 7.8383
 1.1670	 7.8245
 1.1660	 7.8098
 1.1650	 7.7947
 1.1640	 7.8974
 1.1630	 7.8444
 1.1620	 7.8606
 1.1610	 7.8192
 1.1600	 7.8409
 1.1590	 7.7826
 1.1580	 7.8722
 1.1570	 7.8191
 1.1560	 7.8371
 1.1550	 7.7634
 1.1540	 7.8576
 1.1530	 7.8140
 1.1520	 7.8963
 1.1510	 7.8118
 1.1500	 7.8721
 1.1490	 7.7934
 1.1480	 7.8266
 1.1470	 7.8026
 1.1460	 7.9685
 1.1450	 7.8368
 1.1440	 7.8842
 1.1430	 7.8059
 1.1420	 7.9467
 1.1410	 7.9274
 1.1400	 7.9499
 1.1390	 7.8966
 1.1380	 7.9416
 1.1370	 7.8456
 1.1360	 7.8952
 1.1350	 7.8173
 1.1340	 7.9104
 1.1330	 7.7769
 1.1320	 8.0077
 1.1310	 7.9448
 1.1300	 7.9508
 1.1290	 7.8948
 1.1280	 7.9534
 1.1270	 7.9129
 1.1260	 7.9576
 1.1250	 7.8484
 1.1240	 7.9958
 1.1230	 7.8721
 1.1220	 7.9658
 1.1210	 7.9348
 1.1200	 7.9592
 1.1190	 7.9610
 1.1180	 7.9871
 1.1170	 7.9756
 1.1160	 7.9985
 1.1150	 7.8798
 1.1140	 8.0292
 1.1130	 7.8853
 1.1120	 7.9606
 1.1110	 7.9012
 1.1100	 7.9779
 1.1090	 7.9668
 1.1080	 8.0091
 1.1070	 7.9505
 1.1060	 8.0197
 1.1050	 7.9569
 1.1040	 8.0947
 1.1030	 7.9029
 1.1020	 8.0489
 1.1010	 7.9855
 1.1000	 8.0523
 1.0990	 7.9407
 1.0980	 8.0775
 1.0970	 7.9527
 1.0960	 8.0488
 1.0950	 7.9163
 1.0940	 8.0698
 1.0930	 8.0125
 1.0920	 7.9878
 1.0910	 7.9774
 1.0900	 8.0573
 1.0890	 7.9728
 1.0880	 8.0904
 1.0870	 8.0280
 1.0860	 8.0456
 1.0850	 7.9676
 1.0840	 8.1047
 1.0830	 7.9473
 1.0820	 8.0843
 1.0810	 7.9762
 1.0800	 8.0575
 1.0790	 8.0560
 1.0780	 8.1482
 1.0770	 8.0158
 1.0760	 8.0806
 1.0750	 8.0330
 1.0740	 8.1293
 1.0730	 8.0372
 1.0720	 8.1097
 1.0710	 8.1835
 1.0700	 7.9968
 1.0690	 8.0467
 1.0680	 8.1222
 1.0670	 8.0868
 1.0660	 8.1509
 1.0650	 8.0296
 1.0640	 8.1406
 1.0630	 8.0865
 1.0620	 8.1463
 1.0610	 8.0862
 1.0600	 8.2013
 1.0590	 8.0726
 1.0580	 8.1764
 1.0570	 8.1266
 1.0560	 8.1761
 1.0550	 8.1786
 1.0540	 8.1441
 1.0530	 8.0469
 1.0520	 8.2432
 1.0510	 8.1310
 1.0500	 8.1749
 1.0490	 8.0754
 1.0480	 8.2024
 1.0470	 8.0215
 1.0460	 8.2409
 1.0450	 8.1674
 1.0440	 8.2171
 1.0430	 8.1563
 1.0420	 8.1944
 1.0410	 8.1213
 1.0400	 8.1647
 1.0390	 8.1641
 1.0380	 8.2069
 1.0370	 8.1190
 1.0360	 8.1923
 1.0350	 8.1906
 1.0340	 8.1946
 1.0330	 8.1071
 1.0320	 8.1822
 1.0310	 8.1420
 1.0300	 8.2271
 1.0290	 8.1266
 1.0280	 8.2891
 1.0270	 8.1178
 1.0260	 8.2886
 1.0250	 8.1214
 1.0240	 8.2770
 1.0230	 8.1860
 1.0220	 8.2849
 1.0210	 8.2045
 1.0200	 8.3308
 1.0190	 8.1728
 1.0180	 8.3312
 1.0170	 8.1904
 1.0160	 8.2933
 1.0150	 8.2362
 1.0140	 8.3117
 1.0130	 8.2133
 1.0120	 8.3651
 1.0110	 8.1973
 1.0100	 8.2424
 1.0090	 8.2299
 1.0080	 8.3131
 1.0070	 8.2864
 1.0060	 8.3128
 1.0050	 8.3034
 1.0040	 8.3947
 1.0030	 8.2749
 1.0020	 8.2490
 1.0010	 8.2071
 1.0000	 8.3243
 0.9990	 8.2584
 0.9980	 8.2856
 0.9970	 8.2762
 0.9960	 8.3108
 0.9950	 8.2724
 0.9940	 8.3352
 0.9930	 8.3193
 0.9920	 8.3946
 0.9910	 8.2955
 0.9900	 8.3239
 0.9890	 8.3483
 0.9880	 8.4157
 0.9870	 8.3041
 0.9860	 8.3368
 0.9850	 8.3252
 0.9840	 8.4193
 0.9830	 8.3378
 0.9820	 8.3427
 0.9810	 8.3163
 0.9800	 8.3910
 0.9790	 8.3144
 0.9780	 8.3726
 0.9770	 8.3414
 0.9760	 8.3692
 0.9750	 8.3425
 0.9740	 8.3771
 0.9730	 8.3247
 0.9720	 8.4092
 0.9710	 8.3801
 0.9700	 8.4601
 0.9690	 8.3424
 0.9680	 8.3854
 0.9670	 8.4121
 0.9660	 8.3714
 0.9650	 8.3361
 0.9640	 8.3855
 0.9630	 8.3573
 0.9620	 8.4185
 0.9610	 8.3879
 0.9600	 8.3975
 0.9590	 8.3763
 0.9580	 8.4274
 0.9570	 8.3902
 0.9560	 8.4311
 0.9550	 8.4360
 0.9540	 8.4080
 0.9530	 8.3598
 0.9520	 8.3940
 0.9510	 8.3789
 0.9500	 8.4493
 0.9490	 8.4078
 0.9480	 8.3992
 0.9470	 8.3800
 0.9460	 8.4727
 0.9450	 8.4766
 0.9440	 8.4548
 0.9430	 8.4385
 0.9420	 8.4708
 0.9410	 8.4470
 0.9400	 8.4269
 0.9390	 8.4605
 0.9380	 8.4626
 0.9370	 8.4737
 0.9360	 8.5561
 0.9350	 8.5231
 0.9340	 8.4619
 0.9330	 8.4895
 0.9320	 8.5696
 0.9310	 8.5261
 0.9300	 8.5199
 0.9290	 8.5380
 0.9280	 8.4919
 0.9270	 8.4630
 0.9260	 8.5152
 0.9250	 8.5311
 0.9240	 8.4760
 0.9230	 8.5252
 0.9220	 8.5057
 0.9210	 8.5185
 0.9200	 8.5511
 0.9190	 8.5588
 0.9180	 8.5550
 0.9170	 8.5180
 0.9160	 8.5119
 0.9150	 8.5772
 0.9140	 8.5605
 0.9130	 8.5759
 0.9120	 8.5269
 0.9110	 8.5367
 0.9100	 8.5318
 0.9090	 8.5397
 0.9080	 8.5055
 0.9070	 8.5486
 0.9060	 8.5593
 0.9050	 8.5832
 0.9040	 8.5593
 0.9030	 8.6183
 0.9020	 8.6335
 0.9010	 8.6020
 0.9000	 8.5467
 0.8990	 8.5741
 0.8980	 8.5649
 0.8970	 8.6365
 0.8960	 8.5592
 0.8950	 8.5550
 0.8940	 8.5532
 0.8930	 8.5785
 0.8920	 8.5558
 0.8910	 8.5911
 0.8900	 8.5574
 0.8890	 8.5842
 0.8880	 8.5250
 0.8870	 8.5839
 0.8860	 8.5807
 0.8850	 8.6216
 0.8840	 8.5747
 0.8830	 8.5966
 0.8820	 8.6039
 0.8810	 8.6333
 0.8800	 8.5946
 0.8790	 8.5996
 0.8780	 8.5882
 0.8770	 8.6633
 0.8760	 8.5997
 0.8750	 8.6217
 0.8740	 8.5759
 0.8730	 8.6220
 0.8720	 8.6562
 0.8710	 8.6498
 0.8700	 8.5969
 0.8690	 8.6961
 0.8680	 8.5992
 0.8670	 8.7231
 0.8660	 8.6382
 0.8650	 8.6889
 0.8640	 8.5661
 0.8630	 8.6912
 0.8620	 8.6118
 0.8610	 8.7143
 0.8600	 8.8946
 0.8590	 8.8883
 0.8580	 8.8946
 0.8570	 8.9285
 0.8560	 8.8875
 0.8550	 8.9072
 0.8540	 8.9356
 0.8530	 8.9357
 0.8520	 8.9225
 0.8510	 8.9312
 0.8500	 8.9294
 0.8490	 8.9200
 0.8480	 8.9439
 0.8470	 8.9209
 0.8460	 8.9431
 0.8450	 8.9450
 0.8440	 8.9481
 0.8430	 8.9574
 0.8420	 8.9628
 0.8410	 8.9540
 0.8400	 8.9695
 0.8390	 8.9689
 0.8380	 8.9725
 0.8370	 8.9712
 0.8360	 8.9729
 0.8350	 8.9690
 0.8340	 8.9904
 0.8330	 8.9921
 0.8320	 8.9858
 0.8310	 8.9793
 0.8300	 8.9948
 0.8290	 8.9902
 0.8280	 8.9949
 0.8270	 9.0029
 0.8260	 8.9932
 0.8250	 8.9939
 0.8240	 9.0088
 0.8230	 9.0010
 0.8220	 8.9944
 0.8210	 9.0091
 0.8200	 9.0096
 0.8190	 9.0110
 0.8180	 9.0286
 0.8170	 9.0187
 0.8160	 9.0181
 0.8150	 9.0266
 0.8140	 9.0205
 0.8130	 9.0160
 0.8120	 9.0340
 0.8110	 9.0382
 0.8100	 9.0319
 0.8090	 9.0452
 0.8080	 9.0442
 0.8070	 9.0392
 0.8060	 9.0456
 0.8050	 9.0562
 0.8040	 9.0554
 0.8030	 9.0647
 0.8020	 9.0633
 0.8010	 9.0592
 0.8000	 9.0672
 0.7990	 9.0597
 0.7980	 9.0594
 0.7970	 9.0627
 0.7960	 9.0673
 0.7950	 9.0620
 0.7940	 9.0639
 0.7930	 9.0776
 0.7920	 9.0749
 0.7910	 9.0704
 0.7900	 9.0842
 0.7890	 9.0691
 0.7880	 9.0713
 0.7870	 9.0828
 0.7860	 9.0770
 0.7850	 9.0893
 0.7840	 9.0883
 0.7830	 9.0897
 0.7820	 9.0877
 0.7810	 9.0965
 0.7800	 9.0961
 0.7790	 9.0975
 0.7780	 9.1010
 0.7770	 9.0999
 0.7760	 9.1049
 0.7750	 9.1059
 0.7740	 9.1083
 0.7730	 9.1007
 0.7720	 9.0986
 0.7710	 9.1124
 0.7700	 9.1065
 0.7690	 9.1163
 0.7680	 9.1160
 0.7670	 9.1144
 0.7660	 9.1159
 0.7650	 9.1201
 0.7640	 9.1225
 0.7630	 9.1214
 0.7620	 9.1218
 0.7610	 9.1272
 0.7600	 9.1335
 0.7590	 9.1344
 0.7580	 9.1308
 0.7570	 9.1265
 0.7560	 9.1365
 0.7550	 9.1384
 0.7540	 9.1349
 0.7530	 9.1436
 0.7520	 9.1399
 0.7510	 9.1455
 0.7500	 9.1480
 0.7490	 9.1495
 0.7480	 9.1503
 0.7470	 9.1553
 0.7460	 9.1546
 0.7450	 9.1519
 0.7440	 9.1558
 0.7430	 9.1547
 0.7420	 9.1542
 0.7410	 9.1621
 0.7400	 9.1643
 0.7390	 9.1655
 0.7380	 9.1641
 0.7370	 9.1796
 0.7360	 9.1697
 0.7350	 9.1786
 0.7340	 9.1774
 0.7330	 9.1783
 0.7320	 9.1838
 0.7310	 9.1822
 0.7300	 9.1756
 0.7290	 9.1810
 0.7280	 9.1798
 0.7270	 9.1781
 0.7260	 9.1814
 0.7250	 9.1850
 0.7240	 9.1894
 0.7230	 9.1901
 0.7220	 9.1856
 0.7210	 9.1874
 0.7200	 9.1927
 0.7190	 9.1916
 0.7180	 9.1963
 0.7170	 9.1974
 0.7160	 9.1944
 0.7150	 9.1888
 0.7140	 9.1839
 0.7130	 9.1812
 0.7120	 9.1780
 0.7110	 9.1775
 0.7100	 9.1797
 0.7090	 9.1814
 0.7080	 9.1847
 0.7070	 9.1853
 0.7060	 9.1903
 0.7050	 9.1868
 0.7040	 9.1854
 0.7030	 9.1936
 0.7020	 9.1935
 0.7010	 9.1921
 0.7000	 9.1910
 0.6990	 9.1929
 0.6980	 9.1946
 0.6970	 9.1936
 0.6960	 9.1967
 0.6950	 9.1971
 0.6940	 9.2003
 0.6930	 9.2074
 0.6920	 9.2070
 0.6910	 9.2030
 0.6900	 9.2064
 0.6890	 9.2030
 0.6880	 9.2055
 0.6870	 9.2066
 0.6860	 9.2057
 0.6850	 9.2069
 0.6840	 9.2060
 0.6830	 9.2064
 0.6820	 9.2095
 0.6810	 9.2136
 0.6800	 9.2120
 0.6790	 9.2159
 0.6780	 9.2170
 0.6770	 9.2121
 0.6760	 9.2154
 0.6750	 9.2162
 0.6740	 9.2145
 0.6730	 9.2145
 0.6720	 9.2176
 0.6710	 9.2169
 0.6700	 9.2190
 0.6690	 9.2210
 0.6680	 9.2207
 0.6670	 9.2233
 0.6660	 9.2227
 0.6650	 9.2223
 0.6640	 9.2221
 0.6630	 9.2208
 0.6620	 9.2218
 0.6610	 9.2226
 0.6600	 9.2263
 0.6590	 9.2266
 0.6580	 9.2246
 0.6570	 9.2272
 0.6560	 9.2292
 0.6550	 9.2283
 0.6540	 9.2272
 0.6530	 9.2261
 0.6520	 9.2264
 0.6510	 9.2288
 0.6500	 9.2269
 0.6490	 9.2256
 0.6480	 9.2292
 0.6470	 9.2302
 0.6460	 9.2290
 0.6450	 9.2298
 0.6440	 9.2265
 0.6430	 9.2251
 0.6420	 9.2283
 0.6410	 9.2276
 0.6400	 9.2263
 0.6390	 9.2259
 0.6380	 9.2274
 0.6370	 9.2285
 0.6360	 9.2276
 0.6350	 9.2288
 0.6340	 9.2274
 0.6330	 9.2265
 0.6320	 9.2290
 0.6310	 9.2297
 0.6300	 9.2274
 0.6290	 9.2267
 0.6280	 9.2282
 0.6270	 9.2260
 0.6260	 9.2242
 0.6250	 9.2238
 0.6240	 9.2236
 0.6230	 9.2273
 0.6220	 9.2280
 0.6210	 9.2260
 0.6200	 9.2252
 0.6190	 9.2221
 0.6180	 9.2212
 0.6170	 9.2226
 0.6160	 9.2229
 0.6150	 9.2227
 0.6140	 9.2203
 0.6130	 9.2218
 0.6120	 9.2217
 0.6110	 9.2207
 0.6100	 9.2210
 0.6090	 9.2196
 0.6080	 9.2186
 0.6070	 9.2198
 0.6060	 9.2187
 0.6050	 9.2182
 0.6040	 9.2151
 0.6030	 9.2134
 0.6020	 9.2151
 0.6010	 9.2132
 0.6000	 9.2113
 0.5990	 9.2129
 0.5980	 9.2169
 0.5970	 9.2162
 0.5960	 9.2168
 0.5950	 9.2175
 0.5940	 9.2201
 0.5930	 9.2183
 0.5920	 9.2164
 0.5910	 9.2127
 0.5900	 9.2130
 0.5890	 9.2130
 0.5880	 9.2110
 0.5870	 9.2083
 0.5860	 9.2066
 0.5850	 9.2060
 0.5840	 9.2050
 0.5830	 9.2052
 0.5820	 9.2070
 0.5810	 9.2039
 0.5800	 9.2002
 0.5790	 9.1980
 0.5780	 9.1968
 0.5770	 9.1959
 0.5760	 9.1943
 0.5750	 9.1917
 0.5740	 9.1907
 0.5730	 9.1890
 0.5720	 9.1898
 0.5710	 9.1856
 0.5700	 9.1841
 0.5690	 9.1811
 0.5680	 9.1825
 0.5670	 9.1807
 0.5660	 9.1752
 0.5650	 9.1759
 0.5640	 9.1751
 0.5630	 9.1707
 0.5620	 9.1703
 0.5610	 9.1685
 0.5600	 9.1678
 0.5590	 9.1638
 0.5580	 9.1603
 0.5570	 9.1597
 0.5560	 9.1590
 0.5550	 9.1582
 0.5540	 9.1560
 0.5530	 9.1530
 0.5520	 9.1496
 0.5510	 9.1478
 0.5500	 9.1440
 0.5490	 9.1408
 0.5480	 9.1377
 0.5470	 9.1354
 0.5460	 9.1337
 0.5450	 9.1337
 0.5440	 9.1304
 0.5430	 9.1284
 0.5420	 9.1248
 0.5410	 9.1233
 0.5400	 9.1222
 0.5390	 9.1164
 0.5380	 9.1162
 0.5370	 9.1111
 0.5360	 9.1115
 0.5350	 9.1079
 0.5340	 9.1033
 0.5330	 9.0994
 0.5320	 9.0958
 0.5310	 9.0922
 0.5300	 9.0905
 0.5290	 9.0870
 0.5280	 9.0826
 0.5270	 9.0804
 0.5260	 9.0762
 0.5250	 9.0747
 0.5240	 9.0706
 0.5230	 9.0691
 0.5220	 9.0676
 0.5210	 9.0660
 0.5200	 9.0596
 0.5190	 9.0533
 0.5180	 9.0509
 0.5170	 9.0476
 0.5160	 9.0463
 0.5150	 9.0366
 0.5140	 9.0354
 0.5130	 9.0328
 0.5120	 9.0272
 0.5110	 9.0234
 0.5100	 9.0179
 0.5090	 9.0178
 0.5080	 9.0180
 0.5070	 9.0174
 0.5060	 9.0102
 0.5050	 9.0057
 0.5040	 8.9968
 0.5030	 8.9967
 0.5020	 8.9969
 0.5010	 8.9886
 0.5000	 8.9842
 0.4990	 8.9801
 0.4980	 8.9783
 0.4970	 8.9737
 0.4960	 8.9729
 0.4950	 8.9634
 0.4940	 8.9565
 0.4930	 8.9544
 0.4920	 8.9468
 0.4910	 8.9452
 0.4900	 8.9367
 0.4890	 8.9290
 0.4880	 8.9246
 0.4870	 8.9177
 0.4860	 8.9114
 0.4850	 8.9093
 0.4840	 8.8985
 0.4830	 8.8924
 0.4820	 8.8896
 0.4810	 8.8817
 0.4800	 8.8723
 0.4790	 8.8636
 0.4780	 8.8598
 0.4770	 8.8502
 0.4760	 8.8423
 0.4750	 8.8326
 0.4740	 8.8290
 0.4730	 8.8251
 0.4720	 8.8165
 0.4710	 8.8071
 0.4700	 8.7988
 0.4690	 8.7982
 0.4680	 8.7995
 0.4670	 8.8010
 0.4660	 8.7980
 0.4650	 8.7879
 0.4640	 8.7739
 0.4630	 8.7682
 0.4620	 8.7640
 0.4610	 8.7547
 0.4600	 8.7509
 0.4590	 8.7405
 0.4580	 8.7334
 0.4570	 8.7238
 0.4560	 8.7182
 0.4550	 8.7088
 0.4540	 8.7001
 0.4530	 8.6902
 0.4520	 8.6783
 0.4510	 8.6761
 0.4500	 8.6654
 0.4490	 8.6527
 0.4480	 8.6461
 0.4470	 8.6390
 0.4460	 8.6280
 0.4450	 8.6235
 0.4440	 8.6091
 0.4430	 8.6007
 0.4420	 8.5931
 0.4410	 8.5845
 0.4400	 8.5691
 0.4390	 8.5665
 0.4380	 8.5568
 0.4370	 8.5482
 0.4360	 8.5367
 0.4350	 8.5287
 0.4340	 8.5218
 0.4330	 8.5146
 0.4320	 8.5065
 0.4310	 8.4991
 0.4300	 8.4902
 0.4290	 8.4797
 0.4280	 8.4705
 0.4270	 8.4664
 0.4260	 8.4536
 0.4250	 8.4472
 0.4240	 8.4356
 0.4230	 8.4273
 0.4220	 8.4147
 0.4210	 8.4037
 0.4200	 8.3927
 0.4190	 8.3811
 0.4180	 8.3714
 0.4170	 8.3586
 0.4160	 8.3467
 0.4150	 8.3291
 0.4140	 8.3157
 0.4130	 8.3023
 0.4120	 8.2904
 0.4110	 8.2734
 0.4100	 8.2578
 0.4090	 8.2440
 0.4080	 8.2276
 0.4070	 8.2106
 0.4060	 8.1944
 0.4050	 8.1788
 0.4040	 8.1683
 0.4030	 8.1481
 0.4020	 8.1316
 0.4010	 8.1128
 0.4000	 8.0967
