Name: Rhodonite (Mn,Ca)SiO_3
Type: Mineral
Class: Silicate
Subclass: Inosilicate
Particle Size: Coarse
Sample No.: IN-1A
Owner: JPL
Wavelength Range: TIR
Origin: USA, California, Fresno County
Collection Date: N/A
Description: Particle size was 125-500um.Collected by Burminco Original ASTER Spectral Library name was jpl.nicolet.mineral.silicate.inosilicate.coarse.in01a.spectrum.txt
Measurement: Hemispherical reflectance
First Column: X
Second Column: Y
X Units: Wavelength (micrometers)
Y Units:Reflectance (percent)
First X Value: 15.3853
Last X Value:  2.0003
Number of X Values: 2256
Additional Information: mineral.silicate.inosilicate.coarse.tir.in-1a.jpl.nicolet.ancillary.txt

15.3853	 2.5080
15.3397	 2.4883
15.2945	 2.5799
15.2495	 2.7647
15.2048	 3.0707
15.1603	 3.4212
15.1161	 3.5851
15.0722	 3.4592
15.0285	 3.3604
14.9851	 3.3869
14.9419	 3.0704
14.8989	 2.5044
14.8563	 2.1191
14.8138	 1.9440
14.7716	 2.0107
14.7296	 2.0712
14.6879	 2.1107
14.6464	 2.1186
14.6052	 2.0819
14.5641	 2.3425
14.5233	 2.6233
14.4828	 2.6107
14.4424	 2.4573
14.4023	 2.2908
14.3624	 2.2989
14.3227	 2.2494
14.2833	 2.3922
14.2440	 2.5773
14.2050	 2.7814
14.1662	 2.8477
14.1276	 2.8634
14.0892	 3.0311
14.0510	 3.2326
14.0131	 3.2603
13.9753	 3.3689
13.9377	 3.5311
13.9004	 3.5134
13.8632	 3.1584
13.8262	 2.7292
13.7895	 2.4539
13.7529	 2.4564
13.7165	 2.5890
13.6803	 2.5875
13.6443	 2.6416
13.6085	 2.6655
13.5729	 2.7732
13.5374	 2.8308
13.5022	 2.8125
13.4671	 3.0510
13.4322	 3.0671
13.3975	 2.9959
13.3630	 3.1397
13.3286	 3.2564
13.2944	 3.1613
13.2604	 3.1973
13.2266	 3.4827
13.1930	 3.5976
13.1595	 3.4587
13.1262	 3.4958
13.0930	 3.6536
13.0600	 3.6937
13.0272	 3.6959
12.9946	 3.8346
12.9621	 3.8883
12.9298	 3.8084
12.8976	 3.7752
12.8656	 3.8965
12.8337	 4.1458
12.8021	 4.3763
12.7705	 4.3892
12.7391	 4.3209
12.7079	 4.3416
12.6769	 4.3356
12.6459	 4.3126
12.6152	 4.4162
12.5845	 4.4977
12.5541	 4.5001
12.5238	 4.5116
12.4936	 4.5972
12.4635	 4.6081
12.4337	 4.5540
12.4039	 4.5589
12.3743	 4.6433
12.3448	 4.9188
12.3155	 5.0378
12.2863	 4.9672
12.2573	 5.0282
12.2284	 5.1623
12.1996	 5.1932
12.1710	 5.3169
12.1425	 5.6548
12.1141	 5.7881
12.0859	 5.6678
12.0578	 5.7509
12.0298	 5.8716
12.0019	 6.0167
11.9742	 6.0743
11.9466	 6.0994
11.9192	 6.3094
11.8918	 6.4800
11.8646	 6.7106
11.8375	 6.9188
11.8106	 7.0322
11.7837	 7.1512
11.7570	 7.3864
11.7304	 7.5702
11.7039	 7.8460
11.6776	 8.1012
11.6513	 8.3445
11.6252	 8.7924
11.5992	 9.0671
11.5733	 9.1154
11.5475	 9.2402
11.5219	 9.4704
11.4963	 9.6398
11.4709	 9.7001
11.4455	 9.7619
11.4203	 9.9315
11.3952	10.0438
11.3702	10.3643
11.3454	10.8235
11.3206	11.2809
11.2959	11.8761
11.2714	12.4164
11.2469	12.8403
11.2226	13.1868
11.1983	13.5133
11.1742	13.6875
11.1502	13.7919
11.1263	13.6613
11.1024	13.3459
11.0787	12.9350
11.0551	12.6058
11.0316	12.4437
11.0081	12.3648
10.9848	12.0986
10.9616	11.5710
10.9385	10.8474
10.9154	10.2394
10.8925	 9.9038
10.8697	 9.6447
10.8469	 9.7308
10.8243	 9.9815
10.8017	10.1723
10.7793	10.3034
10.7569	10.3410
10.7346	10.4824
10.7125	10.5353
10.6904	10.4629
10.6684	10.5621
10.6465	10.7632
10.6247	11.2027
10.6029	11.9363
10.5813	13.0082
10.5597	14.1059
10.5383	15.0122
10.5169	15.7558
10.4956	16.2644
10.4744	16.6257
10.4533	16.8594
10.4323	16.9279
10.4113	16.4854
10.3904	15.4666
10.3697	13.9804
10.3490	12.4029
10.3284	11.3153
10.3078	11.1264
10.2874	11.7006
10.2670	12.4449
10.2467	13.0892
10.2265	13.5032
10.2064	13.8370
10.1863	14.2115
10.1663	14.4692
10.1464	14.6344
10.1266	15.0454
10.1069	15.4512
10.0872	15.6778
10.0676	15.8618
10.0481	16.0687
10.0287	16.1055
10.0093	15.9938
 9.9901	15.8527
 9.9708	15.8556
 9.9517	15.9228
 9.9326	15.9461
 9.9136	15.8191
 9.8947	15.7133
 9.8759	15.6769
 9.8571	15.4875
 9.8384	15.2055
 9.8198	14.7555
 9.8012	14.1280
 9.7827	13.5871
 9.7643	13.2665
 9.7459	12.9032
 9.7276	12.4035
 9.7094	11.6979
 9.6913	10.8253
 9.6732	10.0737
 9.6552	 9.5129
 9.6372	 8.9029
 9.6194	 8.2835
 9.6015	 7.8823
 9.5838	 7.6130
 9.5661	 7.4786
 9.5485	 7.7954
 9.5309	 8.5220
 9.5135	 9.2846
 9.4960	10.1601
 9.4787	10.7820
 9.4614	11.1232
 9.4441	11.4973
 9.4270	11.7234
 9.4099	11.8989
 9.3928	11.9472
 9.3758	11.8973
 9.3589	11.9843
 9.3420	12.2273
 9.3252	12.3248
 9.3085	12.4855
 9.2918	12.6268
 9.2752	12.5721
 9.2586	12.4236
 9.2421	12.0855
 9.2257	11.8406
 9.2093	11.6997
 9.1930	11.3362
 9.1767	10.8894
 9.1605	10.4877
 9.1443	10.2898
 9.1282	10.0823
 9.1122	 9.7520
 9.0962	 9.4971
 9.0803	 9.1737
 9.0644	 8.9176
 9.0486	 8.8427
 9.0328	 8.9223
 9.0171	 9.0392
 9.0015	 8.9355
 8.9858	 8.7889
 8.9703	 8.6242
 8.9548	 8.5122
 8.9394	 8.5077
 8.9240	 8.3528
 8.9086	 8.0184
 8.8934	 7.5158
 8.8781	 6.7751
 8.8630	 6.0570
 8.8478	 5.3945
 8.8328	 4.5185
 8.8177	 3.8279
 8.8028	 3.4945
 8.7879	 2.9435
 8.7730	 2.3034
 8.7582	 1.8069
 8.7434	 1.4928
 8.7287	 1.3919
 8.7140	 1.2277
 8.6994	 1.0247
 8.6848	 0.8920
 8.6703	 0.8029
 8.6558	 0.8321
 8.6414	 0.8695
 8.6270	 0.8104
 8.6127	 0.7198
 8.5984	 0.7114
 8.5842	 0.6769
 8.5700	 0.5950
 8.5558	 0.6826
 8.5417	 0.7795
 8.5277	 0.7788
 8.5137	 0.7352
 8.4997	 0.7479
 8.4858	 0.7831
 8.4719	 0.8006
 8.4581	 0.8831
 8.4444	 0.9775
 8.4306	 0.9658
 8.4169	 0.8676
 8.4033	 0.8841
 8.3897	 0.9466
 8.3761	 0.9953
 8.3626	 0.9935
 8.3492	 0.9423
 8.3357	 0.8140
 8.3224	 0.8675
 8.3090	 1.0506
 8.2957	 1.1459
 8.2825	 1.1382
 8.2693	 1.0868
 8.2561	 1.1011
 8.2430	 1.1825
 8.2299	 1.1724
 8.2169	 1.1684
 8.2038	 1.1852
 8.1909	 1.2306
 8.1780	 1.2021
 8.1651	 1.1694
 8.1523	 1.1571
 8.1395	 1.2359
 8.1267	 1.2848
 8.1140	 1.2851
 8.1013	 1.2801
 8.0887	 1.3113
 8.0761	 1.3365
 8.0635	 1.3448
 8.0510	 1.2818
 8.0385	 1.2633
 8.0261	 1.2911
 8.0137	 1.2688
 8.0013	 1.3237
 7.9890	 1.3208
 7.9767	 1.3868
 7.9644	 1.5481
 7.9522	 1.5732
 7.9400	 1.5548
 7.9279	 1.5778
 7.9158	 1.5219
 7.9037	 1.5110
 7.8917	 1.5024
 7.8797	 1.5101
 7.8677	 1.4997
 7.8558	 1.4427
 7.8439	 1.4749
 7.8321	 1.5701
 7.8203	 1.7052
 7.8085	 1.6893
 7.7967	 1.6428
 7.7850	 1.7087
 7.7734	 1.7032
 7.7617	 1.7042
 7.7501	 1.8231
 7.7386	 1.7917
 7.7270	 1.7658
 7.7155	 1.7984
 7.7041	 1.7963
 7.6926	 1.8394
 7.6812	 1.9392
 7.6699	 1.9317
 7.6585	 1.9672
 7.6472	 2.0144
 7.6360	 2.0319
 7.6247	 2.0676
 7.6136	 2.1270
 7.6024	 2.1646
 7.5913	 2.1508
 7.5802	 2.1335
 7.5691	 2.1902
 7.5581	 2.2760
 7.5471	 2.3303
 7.5361	 2.3263
 7.5252	 2.3242
 7.5142	 2.3973
 7.5034	 2.4493
 7.4925	 2.4425
 7.4817	 2.4610
 7.4709	 2.5230
 7.4602	 2.5780
 7.4495	 2.5715
 7.4388	 2.5995
 7.4281	 2.6313
 7.4175	 2.6394
 7.4069	 2.6843
 7.3963	 2.7800
 7.3858	 2.8707
 7.3753	 2.8762
 7.3648	 2.8885
 7.3544	 2.9445
 7.3440	 3.0181
 7.3336	 3.0610
 7.3232	 3.0336
 7.3129	 3.0524
 7.3026	 3.0956
 7.2923	 3.2060
 7.2821	 3.3140
 7.2718	 3.2580
 7.2617	 3.2361
 7.2515	 3.3300
 7.2414	 3.4012
 7.2313	 3.3871
 7.2212	 3.5116
 7.2112	 3.5884
 7.2012	 3.5126
 7.1912	 3.5802
 7.1812	 3.6462
 7.1713	 3.7041
 7.1614	 3.8989
 7.1515	 3.9351
 7.1416	 3.9786
 7.1318	 4.0597
 7.1220	 4.1291
 7.1123	 4.2029
 7.1025	 4.2607
 7.0928	 4.2424
 7.0831	 4.2549
 7.0734	 4.3103
 7.0638	 4.4021
 7.0542	 4.4250
 7.0446	 4.3321
 7.0351	 4.2747
 7.0255	 4.3148
 7.0160	 4.3774
 7.0065	 4.3558
 6.9971	 4.3251
 6.9877	 4.3873
 6.9782	 4.4918
 6.9689	 4.5143
 6.9595	 4.5403
 6.9502	 4.4930
 6.9409	 4.4469
 6.9316	 4.4501
 6.9223	 4.5015
 6.9131	 4.5686
 6.9039	 4.5979
 6.8947	 4.5918
 6.8856	 4.5836
 6.8764	 4.6276
 6.8673	 4.7678
 6.8582	 4.8399
 6.8492	 4.7873
 6.8402	 4.8323
 6.8311	 4.9571
 6.8221	 5.0457
 6.8132	 5.1238
 6.8042	 5.2614
 6.7953	 5.3266
 6.7864	 5.3278
 6.7776	 5.3365
 6.7687	 5.4337
 6.7599	 5.4885
 6.7511	 5.4859
 6.7423	 5.5299
 6.7336	 5.6374
 6.7248	 5.8002
 6.7161	 5.8681
 6.7074	 5.8558
 6.6988	 5.8575
 6.6901	 5.9447
 6.6815	 6.1596
 6.6729	 6.2394
 6.6643	 6.2482
 6.6558	 6.2293
 6.6472	 6.3092
 6.6387	 6.4357
 6.6302	 6.4000
 6.6217	 6.3668
 6.6133	 6.4219
 6.6049	 6.4704
 6.5965	 6.5198
 6.5881	 6.5219
 6.5797	 6.5971
 6.5714	 6.6343
 6.5631	 6.5370
 6.5548	 6.4476
 6.5465	 6.4201
 6.5382	 6.4411
 6.5300	 6.4548
 6.5218	 6.3824
 6.5136	 6.2839
 6.5054	 6.3432
 6.4973	 6.5259
 6.4892	 6.4341
 6.4810	 6.2484
 6.4729	 6.1542
 6.4649	 6.0804
 6.4568	 6.1469
 6.4488	 6.0697
 6.4408	 5.9529
 6.4328	 5.8727
 6.4248	 5.8015
 6.4169	 5.8431
 6.4089	 5.7824
 6.4010	 5.5014
 6.3931	 5.3084
 6.3853	 5.2039
 6.3774	 5.1527
 6.3696	 5.1458
 6.3618	 5.0317
 6.3540	 4.9294
 6.3462	 4.8928
 6.3384	 4.7120
 6.3307	 4.5921
 6.3230	 4.5565
 6.3153	 4.5344
 6.3076	 4.5530
 6.2999	 4.5656
 6.2923	 4.5047
 6.2847	 4.4908
 6.2770	 4.4826
 6.2694	 4.4146
 6.2619	 4.4201
 6.2543	 4.4364
 6.2468	 4.3658
 6.2393	 4.3277
 6.2318	 4.2746
 6.2243	 4.2450
 6.2168	 4.3198
 6.2094	 4.3496
 6.2020	 4.3167
 6.1945	 4.3138
 6.1871	 4.4018
 6.1798	 4.3622
 6.1724	 4.3052
 6.1651	 4.3412
 6.1578	 4.2790
 6.1505	 4.2466
 6.1432	 4.2976
 6.1359	 4.2707
 6.1286	 4.1513
 6.1214	 4.1635
 6.1142	 4.3353
 6.1070	 4.3532
 6.0998	 4.2152
 6.0926	 4.2612
 6.0855	 4.2928
 6.0784	 4.3012
 6.0712	 4.3049
 6.0641	 4.2316
 6.0571	 4.2276
 6.0500	 4.3541
 6.0429	 4.2236
 6.0359	 4.1979
 6.0289	 4.2372
 6.0219	 4.1001
 6.0149	 4.1004
 6.0079	 4.1437
 6.0010	 4.1462
 5.9940	 4.1110
 5.9871	 4.0395
 5.9802	 4.0408
 5.9733	 4.1080
 5.9664	 4.1037
 5.9596	 4.0148
 5.9527	 3.9518
 5.9459	 3.8759
 5.9391	 3.8893
 5.9323	 3.9332
 5.9255	 3.8299
 5.9188	 3.7453
 5.9120	 3.7026
 5.9053	 3.6434
 5.8986	 3.7222
 5.8919	 3.7685
 5.8852	 3.7912
 5.8785	 3.7903
 5.8718	 3.7713
 5.8652	 3.8518
 5.8586	 3.8905
 5.8520	 3.8711
 5.8454	 3.8981
 5.8388	 3.9534
 5.8322	 3.9879
 5.8257	 4.0405
 5.8191	 4.0903
 5.8126	 4.0457
 5.8061	 4.0551
 5.7996	 4.0702
 5.7931	 4.1426
 5.7866	 4.1276
 5.7802	 4.0984
 5.7738	 4.2009
 5.7673	 4.3238
 5.7609	 4.2646
 5.7545	 4.1448
 5.7481	 4.1331
 5.7418	 4.0959
 5.7354	 3.9829
 5.7291	 3.9216
 5.7228	 3.9799
 5.7165	 3.9721
 5.7102	 3.9302
 5.7039	 3.9060
 5.6976	 3.8630
 5.6914	 3.8625
 5.6851	 3.8480
 5.6789	 3.9128
 5.6727	 3.9346
 5.6665	 3.8473
 5.6603	 3.8661
 5.6541	 4.0168
 5.6480	 4.0420
 5.6418	 4.0712
 5.6357	 4.0884
 5.6296	 4.1063
 5.6235	 4.0963
 5.6174	 4.0940
 5.6113	 4.1154
 5.6052	 4.0781
 5.5992	 4.0664
 5.5931	 4.1371
 5.5871	 4.2232
 5.5811	 4.3369
 5.5751	 4.3762
 5.5691	 4.2862
 5.5631	 4.3180
 5.5572	 4.3181
 5.5512	 4.4300
 5.5453	 4.6007
 5.5393	 4.7017
 5.5334	 4.8109
 5.5275	 4.8682
 5.5217	 5.0126
 5.5158	 5.2002
 5.5099	 5.2965
 5.5041	 5.3596
 5.4982	 5.4970
 5.4924	 5.6348
 5.4866	 5.7704
 5.4808	 5.8980
 5.4750	 5.9751
 5.4692	 6.0744
 5.4635	 6.1668
 5.4577	 6.2225
 5.4520	 6.2972
 5.4463	 6.4127
 5.4405	 6.4576
 5.4348	 6.3987
 5.4291	 6.3515
 5.4235	 6.3875
 5.4178	 6.3797
 5.4121	 6.3274
 5.4065	 6.2205
 5.4009	 6.0780
 5.3952	 6.0375
 5.3896	 6.0177
 5.3840	 5.9125
 5.3785	 5.8560
 5.3729	 5.7836
 5.3673	 5.6533
 5.3618	 5.6352
 5.3562	 5.6483
 5.3507	 5.6924
 5.3452	 5.6816
 5.3397	 5.5653
 5.3342	 5.4657
 5.3287	 5.4218
 5.3232	 5.4046
 5.3178	 5.3773
 5.3123	 5.3864
 5.3069	 5.4300
 5.3015	 5.3991
 5.2961	 5.3393
 5.2907	 5.3064
 5.2852	 5.3621
 5.2799	 5.4540
 5.2745	 5.5204
 5.2691	 5.5831
 5.2638	 5.5340
 5.2584	 5.5023
 5.2531	 5.5240
 5.2478	 5.6246
 5.2425	 5.6625
 5.2372	 5.6319
 5.2319	 5.6048
 5.2267	 5.6940
 5.2214	 5.7976
 5.2161	 5.8624
 5.2109	 5.8463
 5.2057	 5.8355
 5.2004	 5.9070
 5.1952	 6.0029
 5.1900	 6.1115
 5.1848	 6.1375
 5.1796	 6.1989
 5.1745	 6.3548
 5.1693	 6.3360
 5.1642	 6.2824
 5.1590	 6.3780
 5.1539	 6.4954
 5.1488	 6.5393
 5.1437	 6.6044
 5.1386	 6.6997
 5.1335	 6.6490
 5.1284	 6.6588
 5.1234	 6.7244
 5.1183	 6.7818
 5.1132	 6.8550
 5.1082	 6.9189
 5.1032	 7.0193
 5.0982	 7.0411
 5.0932	 7.0062
 5.0882	 7.1225
 5.0832	 7.3046
 5.0782	 7.3564
 5.0732	 7.4229
 5.0683	 7.4874
 5.0633	 7.5113
 5.0584	 7.5089
 5.0534	 7.5882
 5.0485	 7.7193
 5.0436	 7.7436
 5.0387	 7.7392
 5.0338	 7.8463
 5.0289	 7.9637
 5.0241	 8.0955
 5.0192	 8.1354
 5.0144	 8.1300
 5.0095	 8.1896
 5.0047	 8.3872
 4.9998	 8.5882
 4.9950	 8.6857
 4.9902	 8.8161
 4.9854	 9.0124
 4.9806	 9.1749
 4.9759	 9.2394
 4.9711	 9.3737
 4.9663	 9.5549
 4.9616	 9.6824
 4.9568	 9.7759
 4.9521	 9.9418
 4.9474	10.1629
 4.9426	10.3723
 4.9379	10.4862
 4.9332	10.6403
 4.9286	10.7488
 4.9239	10.8186
 4.9192	11.0159
 4.9145	11.1758
 4.9099	11.2398
 4.9052	11.3234
 4.9006	11.4604
 4.8960	11.6130
 4.8914	11.7053
 4.8867	11.7083
 4.8821	11.8026
 4.8776	11.9512
 4.8730	12.0700
 4.8684	12.2212
 4.8638	12.4248
 4.8593	12.4926
 4.8547	12.6057
 4.8502	12.8393
 4.8456	12.9180
 4.8411	13.0048
 4.8366	13.2422
 4.8321	13.4351
 4.8276	13.5321
 4.8231	13.6366
 4.8186	13.8212
 4.8141	14.0167
 4.8097	14.0991
 4.8052	14.1559
 4.8008	14.2538
 4.7963	14.3652
 4.7919	14.5547
 4.7875	14.8043
 4.7831	14.9699
 4.7786	15.1190
 4.7743	15.2879
 4.7699	15.4952
 4.7655	15.7615
 4.7611	15.9351
 4.7567	16.1526
 4.7524	16.4710
 4.7480	16.7357
 4.7437	16.9488
 4.7393	17.2389
 4.7350	17.5786
 4.7307	17.9195
 4.7264	18.2598
 4.7221	18.5354
 4.7178	18.8426
 4.7135	19.2372
 4.7092	19.5130
 4.7049	19.8541
 4.7007	20.2344
 4.6964	20.5752
 4.6922	20.8761
 4.6879	21.1589
 4.6837	21.4871
 4.6795	21.8382
 4.6752	22.1689
 4.6710	22.4617
 4.6668	22.7877
 4.6626	23.1925
 4.6584	23.6279
 4.6543	23.9774
 4.6501	24.3875
 4.6459	24.7700
 4.6418	25.0914
 4.6376	25.4741
 4.6334	25.8926
 4.6293	26.2611
 4.6252	26.5438
 4.6211	26.7569
 4.6170	27.0819
 4.6128	27.4748
 4.6087	27.8008
 4.6047	28.1585
 4.6006	28.5234
 4.5965	28.8261
 4.5924	29.1842
 4.5884	29.5117
 4.5843	29.8537
 4.5802	30.1917
 4.5762	30.4603
 4.5722	30.7661
 4.5681	31.0442
 4.5641	31.3079
 4.5601	31.5660
 4.5561	31.8543
 4.5521	32.1775
 4.5481	32.5028
 4.5441	32.8054
 4.5401	33.1515
 4.5362	33.4418
 4.5322	33.6515
 4.5282	33.8614
 4.5243	34.1043
 4.5203	34.2894
 4.5164	34.3956
 4.5125	34.5779
 4.5085	34.7840
 4.5046	34.9382
 4.5007	35.0665
 4.4968	35.1740
 4.4929	35.3714
 4.4890	35.5376
 4.4851	35.6629
 4.4813	35.8160
 4.4774	35.9547
 4.4735	36.0341
 4.4697	36.2233
 4.4658	36.3900
 4.4620	36.5081
 4.4581	36.5840
 4.4543	36.6996
 4.4505	36.8201
 4.4467	36.9551
 4.4429	37.0127
 4.4391	37.0962
 4.4353	37.1772
 4.4315	37.2679
 4.4277	37.3874
 4.4239	37.4348
 4.4201	37.4940
 4.4164	37.5519
 4.4126	37.6353
 4.4089	37.7502
 4.4051	37.7798
 4.4014	37.8195
 4.3976	37.8224
 4.3939	37.8040
 4.3902	37.8376
 4.3865	37.9266
 4.3828	37.9825
 4.3791	38.0231
 4.3754	38.0860
 4.3717	38.0994
 4.3680	38.1081
 4.3643	38.2267
 4.3607	38.2513
 4.3570	38.2348
 4.3533	38.2686
 4.3497	38.3615
 4.3460	38.4288
 4.3424	38.4708
 4.3388	38.5095
 4.3351	38.5738
 4.3315	38.6213
 4.3279	38.6354
 4.3243	38.6670
 4.3207	38.7465
 4.3171	38.7628
 4.3135	38.8311
 4.3099	38.9534
 4.3063	39.1317
 4.3028	39.2945
 4.2992	39.3833
 4.2956	39.3784
 4.2921	39.4188
 4.2885	39.5082
 4.2850	39.5903
 4.2815	39.6968
 4.2779	39.7263
 4.2744	39.7059
 4.2709	39.7429
 4.2674	39.8280
 4.2638	39.8680
 4.2603	39.8415
 4.2568	39.8629
 4.2534	39.9887
 4.2499	40.1821
 4.2464	40.2704
 4.2429	40.3462
 4.2394	40.4768
 4.2360	40.5489
 4.2325	40.5574
 4.2291	40.5874
 4.2256	40.7166
 4.2222	40.6700
 4.2187	40.5620
 4.2153	40.5268
 4.2119	40.5162
 4.2085	40.5018
 4.2051	40.4458
 4.2016	40.4886
 4.1982	40.5270
 4.1948	40.5695
 4.1915	40.5972
 4.1881	40.6571
 4.1847	40.6994
 4.1813	40.7458
 4.1780	40.7824
 4.1746	40.8005
 4.1712	40.8405
 4.1679	40.8908
 4.1645	40.9191
 4.1612	40.9977
 4.1578	41.0075
 4.1545	41.0224
 4.1512	41.0635
 4.1479	41.0535
 4.1445	41.1231
 4.1412	41.1619
 4.1379	41.0655
 4.1346	41.1433
 4.1313	41.2082
 4.1280	41.1618
 4.1248	41.1540
 4.1215	41.1939
 4.1182	41.2078
 4.1150	41.2348
 4.1117	41.2231
 4.1084	41.2092
 4.1052	41.1869
 4.1019	41.1017
 4.0987	41.0358
 4.0954	41.0259
 4.0922	41.0126
 4.0890	40.9044
 4.0858	40.7912
 4.0826	40.7048
 4.0793	40.4981
 4.0761	40.2984
 4.0729	40.1623
 4.0697	39.9099
 4.0665	39.4574
 4.0633	39.0348
 4.0602	38.7499
 4.0570	38.4506
 4.0538	38.0467
 4.0507	37.6904
 4.0475	37.3677
 4.0443	36.9741
 4.0412	36.5598
 4.0380	36.1383
 4.0349	35.6939
 4.0317	35.2287
 4.0286	34.9096
 4.0255	34.7074
 4.0224	34.4446
 4.0193	34.2099
 4.0161	34.0338
 4.0130	33.8952
 4.0099	33.7919
 4.0068	33.7625
 4.0037	33.6813
 4.0006	33.4953
 3.9976	33.3036
 3.9945	33.1302
 3.9914	32.9089
 3.9883	32.7288
 3.9853	32.6383
 3.9822	32.4990
 3.9792	32.2783
 3.9761	32.2112
 3.9731	32.2308
 3.9700	32.1898
 3.9670	32.3425
 3.9639	32.6092
 3.9609	32.7561
 3.9579	32.9191
 3.9549	33.2412
 3.9519	33.6132
 3.9489	34.0642
 3.9458	34.4841
 3.9428	34.8888
 3.9398	35.3059
 3.9369	35.6828
 3.9339	36.0356
 3.9309	36.2714
 3.9279	36.4440
 3.9249	36.6511
 3.9220	36.8087
 3.9190	36.9002
 3.9160	36.9686
 3.9131	37.1055
 3.9101	37.2202
 3.9072	37.2461
 3.9042	37.3127
 3.9013	37.4328
 3.8984	37.5162
 3.8954	37.4641
 3.8925	37.4505
 3.8896	37.5157
 3.8867	37.5416
 3.8838	37.5531
 3.8809	37.5592
 3.8780	37.5727
 3.8751	37.6674
 3.8722	37.7564
 3.8693	37.7667
 3.8664	37.7395
 3.8635	37.8122
 3.8606	37.8658
 3.8578	37.8447
 3.8549	37.9351
 3.8520	38.0272
 3.8492	38.0540
 3.8463	38.2085
 3.8435	38.4853
 3.8406	38.5976
 3.8378	38.6488
 3.8349	38.8171
 3.8321	38.9760
 3.8293	39.1871
 3.8264	39.4051
 3.8236	39.6414
 3.8208	39.8748
 3.8180	40.0598
 3.8152	40.2948
 3.8124	40.5714
 3.8096	40.7873
 3.8068	41.0300
 3.8040	41.3210
 3.8012	41.5792
 3.7984	41.8015
 3.7956	42.0583
 3.7929	42.3269
 3.7901	42.5710
 3.7873	42.7391
 3.7845	42.9060
 3.7818	43.0355
 3.7790	43.1331
 3.7763	43.2125
 3.7735	43.2840
 3.7708	43.3140
 3.7681	43.2932
 3.7653	43.2625
 3.7626	43.2593
 3.7599	43.2926
 3.7571	43.2720
 3.7544	43.2397
 3.7517	43.2502
 3.7490	43.2530
 3.7463	43.2813
 3.7436	43.2377
 3.7409	43.1586
 3.7382	43.1342
 3.7355	43.1281
 3.7328	43.1316
 3.7301	43.1294
 3.7274	43.0381
 3.7247	42.9931
 3.7221	43.0196
 3.7194	43.0704
 3.7167	43.1432
 3.7141	43.0420
 3.7114	42.9788
 3.7088	43.0383
 3.7061	43.0082
 3.7035	42.9465
 3.7008	42.8605
 3.6982	42.8214
 3.6955	42.7990
 3.6929	42.7376
 3.6903	42.7102
 3.6877	42.7232
 3.6850	42.7287
 3.6824	42.6656
 3.6798	42.5114
 3.6772	42.4819
 3.6746	42.4984
 3.6720	42.4937
 3.6694	42.4487
 3.6668	42.3937
 3.6642	42.3467
 3.6616	42.2518
 3.6590	42.1579
 3.6564	42.2295
 3.6539	42.2124
 3.6513	42.0572
 3.6487	41.9295
 3.6462	41.9482
 3.6436	41.8931
 3.6410	41.7632
 3.6385	41.7255
 3.6359	41.7091
 3.6334	41.6847
 3.6308	41.6160
 3.6283	41.4849
 3.6258	41.4131
 3.6232	41.2902
 3.6207	41.1615
 3.6182	41.0636
 3.6156	40.9668
 3.6131	40.9757
 3.6106	40.9334
 3.6081	40.7905
 3.6056	40.6029
 3.6031	40.4490
 3.6006	40.3908
 3.5981	40.2761
 3.5956	40.1799
 3.5931	40.1179
 3.5906	39.9882
 3.5881	39.7690
 3.5856	39.6274
 3.5832	39.5434
 3.5807	39.3752
 3.5782	39.2875
 3.5758	39.1949
 3.5733	39.0383
 3.5708	38.8200
 3.5684	38.6437
 3.5659	38.4382
 3.5635	38.3331
 3.5610	38.2145
 3.5586	38.0254
 3.5561	37.7539
 3.5537	37.4916
 3.5513	37.3289
 3.5488	37.1351
 3.5464	36.9506
 3.5440	36.8168
 3.5415	36.5942
 3.5391	36.3874
 3.5367	36.1378
 3.5343	35.8186
 3.5319	35.7555
 3.5295	35.6044
 3.5271	35.3447
 3.5247	35.1359
 3.5223	34.8877
 3.5199	34.6536
 3.5175	34.4644
 3.5151	34.2837
 3.5128	34.0611
 3.5104	33.9661
 3.5080	33.7210
 3.5056	33.3954
 3.5033	33.1829
 3.5009	32.9930
 3.4985	32.9075
 3.4962	32.8332
 3.4938	32.6387
 3.4915	32.4549
 3.4891	32.4377
 3.4868	32.4321
 3.4844	32.2376
 3.4821	32.0850
 3.4798	32.0318
 3.4774	31.9912
 3.4751	31.9556
 3.4728	31.9760
 3.4704	32.0886
 3.4681	32.0905
 3.4658	32.1457
 3.4635	32.2985
 3.4612	32.4074
 3.4589	32.5176
 3.4566	32.6228
 3.4543	32.6876
 3.4520	32.7059
 3.4497	32.6095
 3.4474	32.6186
 3.4451	32.6487
 3.4428	32.5303
 3.4405	32.4517
 3.4382	32.4814
 3.4359	32.4225
 3.4337	32.3233
 3.4314	32.2980
 3.4291	32.2632
 3.4269	32.1576
 3.4246	32.0278
 3.4223	31.9739
 3.4201	31.8583
 3.4178	31.6865
 3.4156	31.5725
 3.4133	31.4287
 3.4111	31.3879
 3.4088	31.3885
 3.4066	31.3246
 3.4043	31.2769
 3.4021	31.2491
 3.3999	31.2405
 3.3977	31.1860
 3.3954	31.1923
 3.3932	31.1296
 3.3910	30.9489
 3.3888	30.8458
 3.3866	30.8281
 3.3844	30.7251
 3.3822	30.7020
 3.3799	30.7374
 3.3777	30.5837
 3.3755	30.4780
 3.3733	30.4232
 3.3712	30.3003
 3.3690	30.1807
 3.3668	30.1909
 3.3646	30.1080
 3.3624	30.0482
 3.3602	29.9668
 3.3580	29.8461
 3.3559	29.7272
 3.3537	29.6359
 3.3515	29.5639
 3.3494	29.5110
 3.3472	29.4699
 3.3451	29.4792
 3.3429	29.6952
 3.3407	29.9392
 3.3386	30.0822
 3.3364	30.2160
 3.3343	30.3910
 3.3321	30.5969
 3.3300	30.6086
 3.3279	30.6276
 3.3257	30.7602
 3.3236	30.8053
 3.3215	30.8426
 3.3194	30.8090
 3.3172	30.7511
 3.3151	30.7375
 3.3130	30.7045
 3.3109	30.5380
 3.3088	30.4039
 3.3066	30.4277
 3.3045	30.4139
 3.3024	30.4018
 3.3003	30.3088
 3.2982	30.1437
 3.2961	30.0401
 3.2940	30.0136
 3.2920	29.8590
 3.2899	29.7004
 3.2878	29.6622
 3.2857	29.6360
 3.2836	29.5570
 3.2815	29.4329
 3.2795	29.3531
 3.2774	29.2594
 3.2753	29.1074
 3.2732	28.9353
 3.2712	28.7798
 3.2691	28.7764
 3.2671	28.7135
 3.2650	28.5834
 3.2630	28.4594
 3.2609	28.3594
 3.2588	28.2662
 3.2568	28.1642
 3.2548	28.0619
 3.2527	27.9072
 3.2507	27.7906
 3.2486	27.6968
 3.2466	27.5324
 3.2446	27.3889
 3.2426	27.3686
 3.2405	27.2471
 3.2385	27.0827
 3.2365	26.9845
 3.2345	26.8618
 3.2324	26.8088
 3.2304	26.6437
 3.2284	26.5484
 3.2264	26.4153
 3.2244	26.2072
 3.2224	26.1034
 3.2204	26.1532
 3.2184	26.0315
 3.2164	25.8507
 3.2144	25.6776
 3.2124	25.5428
 3.2104	25.4659
 3.2084	25.3242
 3.2064	25.1821
 3.2045	25.1158
 3.2025	25.0311
 3.2005	24.8361
 3.1985	24.6857
 3.1966	24.5947
 3.1946	24.5349
 3.1926	24.4028
 3.1907	24.2996
 3.1887	24.1810
 3.1867	24.0568
 3.1848	23.8925
 3.1828	23.6841
 3.1809	23.5987
 3.1789	23.5638
 3.1770	23.4576
 3.1750	23.2115
 3.1731	23.0361
 3.1711	23.0287
 3.1692	22.9315
 3.1673	22.8318
 3.1653	22.7086
 3.1634	22.5367
 3.1615	22.4409
 3.1596	22.3373
 3.1576	22.2373
 3.1557	22.1057
 3.1538	22.0324
 3.1519	21.8823
 3.1500	21.7565
 3.1481	21.7015
 3.1461	21.5984
 3.1442	21.4350
 3.1423	21.2764
 3.1404	21.0958
 3.1385	20.9682
 3.1366	20.8462
 3.1347	20.8265
 3.1328	20.8785
 3.1309	20.6463
 3.1290	20.4761
 3.1272	20.4660
 3.1253	20.4128
 3.1234	20.2616
 3.1215	20.1940
 3.1196	20.0846
 3.1178	19.9806
 3.1159	19.8861
 3.1140	19.7848
 3.1121	19.7240
 3.1103	19.6963
 3.1084	19.7621
 3.1065	19.6706
 3.1047	19.4944
 3.1028	19.3510
 3.1010	19.2689
 3.0991	19.2913
 3.0973	19.2107
 3.0954	19.0615
 3.0936	19.0430
 3.0917	19.0432
 3.0899	18.9664
 3.0880	18.7541
 3.0862	18.6859
 3.0844	18.7570
 3.0825	18.7410
 3.0807	18.6615
 3.0789	18.5838
 3.0770	18.4695
 3.0752	18.5007
 3.0734	18.4993
 3.0716	18.4231
 3.0698	18.3777
 3.0680	18.3531
 3.0661	18.2612
 3.0643	18.1736
 3.0625	18.1924
 3.0607	18.0924
 3.0589	18.0043
 3.0571	18.0175
 3.0553	18.0040
 3.0535	17.8950
 3.0517	17.8528
 3.0499	17.8153
 3.0481	17.8058
 3.0463	17.7528
 3.0445	17.7644
 3.0427	17.8472
 3.0410	17.7750
 3.0392	17.6045
 3.0374	17.6809
 3.0356	17.6469
 3.0338	17.4952
 3.0321	17.5011
 3.0303	17.5171
 3.0285	17.3966
 3.0268	17.3149
 3.0250	17.2131
 3.0232	17.1451
 3.0215	17.2586
 3.0197	17.2498
 3.0179	17.2540
 3.0162	17.2213
 3.0144	17.1475
 3.0127	17.0608
 3.0109	16.7968
 3.0092	16.7370
 3.0074	16.7851
 3.0057	16.7644
 3.0040	16.6933
 3.0022	16.5934
 3.0005	16.6242
 2.9987	16.6736
 2.9970	16.6065
 2.9953	16.5608
 2.9935	16.5215
 2.9918	16.4864
 2.9901	16.4367
 2.9884	16.4354
 2.9867	16.3853
 2.9849	16.2323
 2.9832	16.1217
 2.9815	16.1342
 2.9798	16.0858
 2.9781	16.0552
 2.9764	16.0525
 2.9747	15.9221
 2.9729	15.8678
 2.9712	15.9209
 2.9695	15.8514
 2.9678	15.7911
 2.9661	15.8783
 2.9645	15.7789
 2.9628	15.6964
 2.9611	15.7247
 2.9594	15.7079
 2.9577	15.6839
 2.9560	15.5640
 2.9543	15.5194
 2.9526	15.5681
 2.9510	15.5444
 2.9493	15.5084
 2.9476	15.5061
 2.9459	15.4415
 2.9442	15.4265
 2.9426	15.3207
 2.9409	15.3734
 2.9392	15.5033
 2.9376	15.5788
 2.9359	15.4699
 2.9343	15.2979
 2.9326	15.2907
 2.9309	15.3452
 2.9293	15.3201
 2.9276	15.4532
 2.9260	15.5461
 2.9243	15.4788
 2.9227	15.3920
 2.9210	15.4109
 2.9194	15.5804
 2.9177	15.5785
 2.9161	15.4512
 2.9145	15.4123
 2.9128	15.4032
 2.9112	15.4198
 2.9096	15.3251
 2.9079	15.2529
 2.9063	15.3541
 2.9047	15.3669
 2.9030	15.3846
 2.9014	15.5215
 2.8998	15.4671
 2.8982	15.4413
 2.8966	15.4861
 2.8949	15.4042
 2.8933	15.3178
 2.8917	15.3087
 2.8901	15.4696
 2.8885	15.5327
 2.8869	15.3493
 2.8853	15.3498
 2.8837	15.4297
 2.8821	15.4691
 2.8805	15.4556
 2.8789	15.4608
 2.8773	15.4211
 2.8757	15.4136
 2.8741	15.4988
 2.8725	15.5314
 2.8709	15.6027
 2.8693	15.6672
 2.8677	15.7420
 2.8661	15.7569
 2.8645	15.7015
 2.8630	15.6567
 2.8614	15.6584
 2.8598	15.6906
 2.8582	15.6453
 2.8567	15.8629
 2.8551	16.0470
 2.8535	15.9969
 2.8519	15.9646
 2.8504	16.0849
 2.8488	16.2511
 2.8472	16.3918
 2.8457	16.5120
 2.8441	16.4514
 2.8426	16.2652
 2.8410	16.2270
 2.8394	16.4120
 2.8379	16.5136
 2.8363	16.5102
 2.8348	16.5885
 2.8332	16.5621
 2.8317	16.5150
 2.8302	16.6836
 2.8286	16.7212
 2.8271	16.7391
 2.8255	16.8430
 2.8240	16.9096
 2.8224	16.7877
 2.8209	16.8675
 2.8194	17.0942
 2.8178	17.2574
 2.8163	17.2710
 2.8148	17.0752
 2.8133	16.7946
 2.8117	16.8152
 2.8102	16.7973
 2.8087	16.7284
 2.8072	16.8545
 2.8056	16.9776
 2.8041	17.2026
 2.8026	17.4720
 2.8011	17.4484
 2.7996	17.3836
 2.7981	17.4566
 2.7966	17.5494
 2.7951	17.5639
 2.7936	17.6107
 2.7921	17.5427
 2.7906	17.6574
 2.7890	17.7518
 2.7875	17.8379
 2.7860	17.9802
 2.7845	18.1072
 2.7831	18.0437
 2.7816	17.8981
 2.7801	18.0104
 2.7786	18.1873
 2.7771	18.3035
 2.7756	18.2805
 2.7741	18.2533
 2.7726	18.3318
 2.7712	18.5561
 2.7697	18.7294
 2.7682	18.7316
 2.7667	18.5800
 2.7652	18.5939
 2.7638	18.8193
 2.7623	18.8337
 2.7608	18.7138
 2.7594	18.6741
 2.7579	18.7911
 2.7564	19.1651
 2.7550	19.3207
 2.7535	19.0259
 2.7520	19.1033
 2.7506	19.4704
 2.7491	19.8628
 2.7477	20.4765
 2.7462	21.2534
 2.7447	21.9387
 2.7433	22.7006
 2.7418	23.7563
 2.7404	25.0675
 2.7389	26.0246
 2.7375	26.7167
 2.7361	27.6964
 2.7346	28.8053
 2.7332	29.4167
 2.7317	30.0690
 2.7303	30.9839
 2.7289	31.9468
 2.7274	32.8930
 2.7260	33.9283
 2.7246	35.0732
 2.7231	35.6546
 2.7217	36.2906
 2.7203	37.0413
 2.7188	37.3437
 2.7174	37.8536
 2.7160	38.2434
 2.7146	38.8515
 2.7132	39.6401
 2.7117	40.5522
 2.7103	41.0983
 2.7089	41.2306
 2.7075	41.4903
 2.7061	41.7639
 2.7047	42.0687
 2.7033	42.3975
 2.7018	42.8556
 2.7004	43.1979
 2.6990	43.2744
 2.6976	43.5310
 2.6962	44.0392
 2.6948	44.6287
 2.6934	44.9103
 2.6920	44.6597
 2.6906	44.5486
 2.6892	44.7250
 2.6878	45.0254
 2.6864	45.3709
 2.6850	45.5681
 2.6837	45.6964
 2.6823	45.5959
 2.6809	45.7405
 2.6795	46.2892
 2.6781	46.6985
 2.6767	47.0072
 2.6753	46.7462
 2.6740	46.3721
 2.6726	46.5492
 2.6712	47.5684
 2.6698	48.1434
 2.6685	48.1982
 2.6671	49.0697
 2.6657	49.4812
 2.6644	49.2100
 2.6630	48.6920
 2.6616	48.6380
 2.6603	48.6476
 2.6589	48.7278
 2.6575	48.6961
 2.6562	48.8318
 2.6548	48.8788
 2.6534	48.9788
 2.6521	48.9281
 2.6507	48.6716
 2.6494	48.6132
 2.6480	48.7070
 2.6467	48.7060
 2.6453	48.6658
 2.6440	48.6588
 2.6426	48.7498
 2.6413	48.6741
 2.6399	48.6493
 2.6386	48.6365
 2.6372	48.6011
 2.6359	48.6281
 2.6346	48.7435
 2.6332	48.7246
 2.6319	48.9623
 2.6306	49.2564
 2.6292	48.7755
 2.6279	48.6525
 2.6266	49.0415
 2.6252	48.7112
 2.6239	48.4627
 2.6226	48.4268
 2.6212	48.7470
 2.6199	48.8974
 2.6186	48.7398
 2.6173	48.8962
 2.6160	48.5796
 2.6146	48.2413
 2.6133	48.3465
 2.6120	48.1134
 2.6107	48.0404
 2.6094	48.1744
 2.6081	48.2817
 2.6067	48.4089
 2.6054	48.5473
 2.6041	48.2378
 2.6028	47.9313
 2.6015	47.9444
 2.6002	47.7761
 2.5989	47.5594
 2.5976	47.8166
 2.5963	48.5389
 2.5950	49.1744
 2.5937	48.4671
 2.5924	47.6975
 2.5911	47.4371
 2.5898	47.4712
 2.5885	47.5857
 2.5872	47.6028
 2.5859	47.5074
 2.5847	47.7666
 2.5834	47.7249
 2.5821	47.2913
 2.5808	47.1602
 2.5795	47.0217
 2.5782	47.1114
 2.5770	47.1297
 2.5757	46.9604
 2.5744	47.0521
 2.5731	47.1208
 2.5718	46.7981
 2.5706	46.9371
 2.5693	46.9121
 2.5680	46.5286
 2.5667	46.4497
 2.5655	46.6279
 2.5642	46.7899
 2.5629	46.7833
 2.5617	46.6738
 2.5604	46.4193
 2.5591	46.1666
 2.5579	46.1482
 2.5566	46.0717
 2.5554	46.0159
 2.5541	45.9747
 2.5528	45.9418
 2.5516	45.8379
 2.5503	45.8061
 2.5491	45.6723
 2.5478	45.6940
 2.5466	45.6990
 2.5453	45.6876
 2.5441	45.6603
 2.5428	45.5769
 2.5416	45.4365
 2.5403	45.3907
 2.5391	45.3173
 2.5379	45.1638
 2.5366	45.2174
 2.5354	45.2441
 2.5341	45.2003
 2.5329	45.1774
 2.5317	45.2150
 2.5304	45.0612
 2.5292	44.9094
 2.5280	44.9887
 2.5267	45.0706
 2.5255	45.0550
 2.5243	44.9899
 2.5230	44.9405
 2.5218	44.8077
 2.5206	44.8330
 2.5194	44.8479
 2.5181	44.6861
 2.5169	44.5464
 2.5157	44.5286
 2.5145	44.5080
 2.5133	44.5825
 2.5120	44.7018
 2.5108	44.7046
 2.5096	44.5120
 2.5084	44.3738
 2.5072	44.4047
 2.5060	44.4799
 2.5048	44.4936
 2.5035	44.3834
 2.5023	44.2554
 2.5011	44.2577
 2.4999	44.2851
 2.4987	44.3595
 2.4975	44.4373
 2.4963	44.4794
 2.4951	44.4192
 2.4939	44.3538
 2.4927	44.4036
 2.4915	44.3714
 2.4903	44.2403
 2.4891	44.0713
 2.4879	44.0559
 2.4867	44.1239
 2.4855	44.1967
 2.4844	44.2043
 2.4832	44.0839
 2.4820	44.0239
 2.4808	44.1820
 2.4796	44.1619
 2.4784	44.1279
 2.4772	44.1008
 2.4760	44.0225
 2.4749	43.9938
 2.4737	43.9797
 2.4725	43.9936
 2.4713	43.9938
 2.4701	44.0010
 2.4690	44.0111
 2.4678	43.9360
 2.4666	43.8907
 2.4655	44.0659
 2.4643	44.0518
 2.4631	43.9114
 2.4619	43.9702
 2.4608	43.9827
 2.4596	43.9156
 2.4584	44.0159
 2.4573	44.0886
 2.4561	43.8855
 2.4549	43.7809
 2.4538	43.7162
 2.4526	43.6678
 2.4515	43.6147
 2.4503	43.6706
 2.4491	43.7011
 2.4480	43.6473
 2.4468	43.5971
 2.4457	43.6120
 2.4445	43.7631
 2.4434	43.8056
 2.4422	43.7613
 2.4411	43.7510
 2.4399	43.7073
 2.4388	43.5875
 2.4376	43.4479
 2.4365	43.3619
 2.4353	43.4143
 2.4342	43.5479
 2.4331	43.6165
 2.4319	43.4658
 2.4308	43.3510
 2.4296	43.2507
 2.4285	43.2440
 2.4274	43.2900
 2.4262	43.3521
 2.4251	43.3798
 2.4240	43.4131
 2.4228	43.2796
 2.4217	43.2930
 2.4206	43.3946
 2.4194	43.4238
 2.4183	43.4588
 2.4172	43.4055
 2.4160	43.2749
 2.4149	43.1977
 2.4138	43.1995
 2.4127	43.1395
 2.4116	43.1689
 2.4104	43.1433
 2.4093	43.0916
 2.4082	43.1893
 2.4071	43.1010
 2.4059	43.0042
 2.4048	43.1285
 2.4037	43.1249
 2.4026	43.0958
 2.4015	43.2133
 2.4004	43.1276
 2.3993	43.0912
 2.3982	43.0540
 2.3971	42.9995
 2.3960	42.9323
 2.3948	42.9187
 2.3937	42.9873
 2.3926	42.9891
 2.3915	42.9074
 2.3904	42.9146
 2.3893	42.8295
 2.3882	42.7162
 2.3871	42.6657
 2.3860	42.6538
 2.3849	42.7532
 2.3838	42.7489
 2.3827	42.6104
 2.3816	42.5963
 2.3805	42.4682
 2.3795	42.4631
 2.3784	42.5974
 2.3773	42.6982
 2.3762	42.6200
 2.3751	42.5369
 2.3740	42.5396
 2.3729	42.5605
 2.3718	42.5357
 2.3708	42.3769
 2.3697	42.2719
 2.3686	42.2782
 2.3675	42.2446
 2.3664	42.2515
 2.3653	42.2765
 2.3643	42.3564
 2.3632	42.2973
 2.3621	42.0990
 2.3610	42.0973
 2.3600	42.1662
 2.3589	42.1618
 2.3578	42.1874
 2.3567	42.1927
 2.3557	42.1395
 2.3546	42.1006
 2.3535	42.0447
 2.3525	41.9415
 2.3514	41.9732
 2.3503	42.0666
 2.3493	42.1119
 2.3482	42.1027
 2.3471	41.9914
 2.3461	41.8990
 2.3450	41.9744
 2.3440	42.1526
 2.3429	42.1084
 2.3418	41.8692
 2.3408	41.8622
 2.3397	41.9953
 2.3387	42.0166
 2.3376	41.9980
 2.3366	41.8952
 2.3355	41.8739
 2.3345	41.9672
 2.3334	41.9656
 2.3324	42.0680
 2.3313	42.2752
 2.3303	42.2015
 2.3292	41.9990
 2.3282	42.0092
 2.3271	42.0452
 2.3261	41.9863
 2.3250	42.0585
 2.3240	42.0433
 2.3230	41.9104
 2.3219	41.9837
 2.3209	42.0436
 2.3198	41.9345
 2.3188	41.9134
 2.3178	41.9576
 2.3167	41.8735
 2.3157	41.7738
 2.3147	41.7748
 2.3136	41.9568
 2.3126	42.1184
 2.3116	42.2258
 2.3105	42.1428
 2.3095	41.9783
 2.3085	41.9550
 2.3074	41.7546
 2.3064	41.7123
 2.3054	41.9208
 2.3044	42.0635
 2.3034	42.0824
 2.3023	41.9482
 2.3013	41.9501
 2.3003	42.0554
 2.2993	42.0605
 2.2982	42.0896
 2.2972	41.9668
 2.2962	41.9351
 2.2952	41.9423
 2.2942	41.9117
 2.2932	41.9001
 2.2921	41.9211
 2.2911	41.8878
 2.2901	41.8295
 2.2891	41.8751
 2.2881	41.8362
 2.2871	41.8723
 2.2861	41.9368
 2.2851	42.0034
 2.2841	41.9730
 2.2831	41.9926
 2.2821	41.9766
 2.2811	41.8787
 2.2801	41.8032
 2.2790	41.9249
 2.2780	42.0433
 2.2771	42.0507
 2.2761	41.9891
 2.2750	41.9323
 2.2740	41.8084
 2.2731	41.8210
 2.2721	41.8800
 2.2711	41.9340
 2.2701	41.9266
 2.2691	41.8195
 2.2681	41.8697
 2.2671	41.8613
 2.2661	41.8388
 2.2651	41.9653
 2.2641	41.9877
 2.2631	41.9495
 2.2621	41.9392
 2.2612	41.9491
 2.2602	41.9519
 2.2592	42.0941
 2.2582	42.0197
 2.2572	41.7922
 2.2562	41.7885
 2.2553	41.8665
 2.2543	42.0083
 2.2533	42.0549
 2.2523	41.8776
 2.2513	41.9362
 2.2504	42.0643
 2.2494	41.8983
 2.2484	41.7364
 2.2474	41.7574
 2.2465	41.8909
 2.2455	41.9876
 2.2445	42.1098
 2.2435	41.9779
 2.2426	41.8254
 2.2416	41.8325
 2.2406	41.9878
 2.2397	42.1473
 2.2387	42.1790
 2.2377	42.1141
 2.2368	41.9716
 2.2358	42.0583
 2.2348	42.1913
 2.2339	42.0601
 2.2329	42.0375
 2.2320	42.1562
 2.2310	42.1796
 2.2300	42.1048
 2.2291	42.0616
 2.2281	42.0089
 2.2272	42.0477
 2.2262	42.2146
 2.2252	42.2134
 2.2243	42.1162
 2.2233	42.1827
 2.2224	42.2785
 2.2214	42.1535
 2.2205	42.0776
 2.2195	42.1763
 2.2186	42.1535
 2.2176	42.1287
 2.2167	42.1543
 2.2157	42.0836
 2.2148	42.0713
 2.2138	42.0648
 2.2129	42.0378
 2.2120	42.0573
 2.2110	42.2131
 2.2101	42.2319
 2.2091	42.0853
 2.2082	42.0722
 2.2073	42.1005
 2.2063	42.1689
 2.2054	42.3141
 2.2044	42.3300
 2.2035	42.1830
 2.2026	42.0708
 2.2016	42.1558
 2.2007	42.2879
 2.1998	42.3703
 2.1988	42.3002
 2.1979	42.1941
 2.1970	42.1865
 2.1960	42.3070
 2.1951	42.4447
 2.1942	42.4224
 2.1932	42.1770
 2.1923	42.2763
 2.1914	42.4005
 2.1905	42.3840
 2.1895	42.4814
 2.1886	42.4616
 2.1877	42.4219
 2.1868	42.3399
 2.1858	42.2334
 2.1849	42.3307
 2.1840	42.4326
 2.1831	42.3205
 2.1822	42.2468
 2.1812	42.3547
 2.1803	42.4848
 2.1794	42.4627
 2.1785	42.4020
 2.1776	42.3380
 2.1767	42.4688
 2.1758	42.5796
 2.1749	42.7022
 2.1739	42.7169
 2.1730	42.4133
 2.1721	42.2750
 2.1712	42.4050
 2.1703	42.5541
 2.1694	42.6228
 2.1685	42.6567
 2.1676	42.6250
 2.1667	42.6548
 2.1658	42.7346
 2.1649	42.7668
 2.1639	42.7055
 2.1631	42.6966
 2.1622	42.6273
 2.1612	42.5009
 2.1604	42.5046
 2.1595	42.5584
 2.1585	42.6635
 2.1576	42.7413
 2.1568	42.7382
 2.1559	42.6603
 2.1550	42.8052
 2.1541	42.9360
 2.1532	43.0065
 2.1523	43.0145
 2.1514	42.8773
 2.1505	42.9356
 2.1496	42.9012
 2.1487	42.7500
 2.1478	42.6545
 2.1469	42.7728
 2.1460	42.7838
 2.1452	42.7819
 2.1443	42.9231
 2.1434	42.9733
 2.1425	42.8651
 2.1416	42.9929
 2.1407	43.1985
 2.1398	43.0324
 2.1390	42.8923
 2.1381	43.0058
 2.1372	43.1759
 2.1363	43.0478
 2.1354	42.9420
 2.1345	43.0472
 2.1337	43.0848
 2.1328	43.2147
 2.1319	43.3241
 2.1311	43.2230
 2.1302	43.2036
 2.1293	43.1739
 2.1284	43.2709
 2.1275	43.3813
 2.1267	43.1130
 2.1258	43.0323
 2.1249	43.0879
 2.1241	43.0618
 2.1232	43.0863
 2.1223	43.3808
 2.1214	43.4092
 2.1206	43.2960
 2.1197	43.3669
 2.1189	43.4390
 2.1180	43.3744
 2.1171	43.3218
 2.1163	43.4853
 2.1154	43.5455
 2.1145	43.4197
 2.1137	43.2994
 2.1128	43.4357
 2.1120	43.4626
 2.1111	43.3366
 2.1102	43.3537
 2.1094	43.3790
 2.1085	43.3827
 2.1077	43.5289
 2.1068	43.5836
 2.1059	43.5281
 2.1051	43.4368
 2.1042	43.4137
 2.1034	43.5050
 2.1025	43.7559
 2.1017	43.8867
 2.1008	43.8838
 2.1000	43.7668
 2.0991	43.7714
 2.0983	43.7816
 2.0974	43.7393
 2.0966	43.7425
 2.0957	43.7983
 2.0949	43.9966
 2.0940	43.9758
 2.0932	43.7812
 2.0924	43.7008
 2.0915	43.8754
 2.0907	43.9815
 2.0898	44.1312
 2.0890	44.2304
 2.0881	44.2659
 2.0873	44.1453
 2.0865	44.0186
 2.0856	43.9910
 2.0848	44.0481
 2.0839	44.0567
 2.0831	43.9797
 2.0823	44.0217
 2.0814	44.2572
 2.0806	44.3843
 2.0798	44.3214
 2.0789	44.1485
 2.0781	44.0766
 2.0773	44.2193
 2.0764	44.2996
 2.0756	44.3211
 2.0748	44.4139
 2.0739	44.5569
 2.0731	44.3738
 2.0723	44.1270
 2.0715	44.4353
 2.0706	44.6113
 2.0698	44.3901
 2.0690	44.2725
 2.0681	44.1914
 2.0673	44.1192
 2.0665	44.1801
 2.0657	44.5580
 2.0648	44.6615
 2.0640	44.5987
 2.0632	44.6022
 2.0624	44.4649
 2.0616	44.6008
 2.0607	44.6264
 2.0599	44.6691
 2.0591	44.6899
 2.0583	44.6734
 2.0575	44.5313
 2.0567	44.2091
 2.0558	44.3367
 2.0550	44.9824
 2.0542	45.1364
 2.0534	44.9153
 2.0526	44.7410
 2.0518	44.6281
 2.0510	44.5662
 2.0501	44.4673
 2.0493	44.4965
 2.0485	44.8279
 2.0477	44.9236
 2.0469	45.0616
 2.0461	45.2327
 2.0453	45.0516
 2.0445	44.9770
 2.0437	45.0195
 2.0429	44.9671
 2.0421	44.8707
 2.0413	45.0217
 2.0405	45.1939
 2.0397	45.1541
 2.0389	44.9572
 2.0381	44.9096
 2.0373	45.1107
 2.0365	45.3177
 2.0357	45.3976
 2.0349	45.4817
 2.0341	45.3324
 2.0333	45.1780
 2.0325	45.4480
 2.0317	45.4298
 2.0309	45.2334
 2.0301	45.3530
 2.0293	45.4521
 2.0285	45.3285
 2.0277	45.3175
 2.0269	45.3637
 2.0261	45.4543
 2.0253	45.4655
 2.0245	45.3569
 2.0237	45.3832
 2.0229	45.6771
 2.0222	45.9352
 2.0214	45.9563
 2.0206	45.8273
 2.0198	45.6992
 2.0190	45.7923
 2.0182	45.8589
 2.0174	45.7365
 2.0167	45.7253
 2.0159	45.7338
 2.0151	45.8198
 2.0143	45.8751
 2.0135	45.7522
 2.0128	45.8076
 2.0120	45.8246
 2.0112	45.9064
 2.0104	45.8588
 2.0096	45.6345
 2.0088	45.5108
 2.0081	45.6012
 2.0073	45.9528
 2.0065	46.1839
 2.0057	46.1461
 2.0050	45.9878
 2.0042	45.8866
 2.0034	46.0177
 2.0026	46.0827
 2.0019	46.1249
 2.0011	45.9680
 2.0003	45.8951
