Name: Misc Grass Litter - Mostly decomposed
Type: non photosynthetic vegetation
Class: leaves
Genus: none
Species: none
Sample No.: VH358
Owner: UCSB
Wavelength Range: VSWIR
Origin: 34.413836; -119.880173; WGS84
Collection Date: 3/18/2015
Description: Samples were collected as part of the HyspIRI Airborne Campaign proposal titled: HyspIRI discrimination of plant species and functional types along a strong environmental temperature gradient. The same materials were processed in the Nicolet and then measured using the ASD. Samples were previous year's litter; mostly decomposed grasses.
Measurement: Bidirectional reflectance
First Column: X
Second Column: Y
X Units: Wavelength (micrometers)
Y Units: Reflectance (percentage)
First X Value: 0.35
Last X Value: 2.5
Number of X Values: 2151
Additional Information: 

 0.3500	 4.2410
 0.3510	 4.7620
 0.3520	 4.7140
 0.3530	 4.5360
 0.3540	 4.6430
 0.3550	 4.4580
 0.3560	 4.2530
 0.3570	 4.2100
 0.3580	 4.4060
 0.3590	 4.5350
 0.3600	 4.6550
 0.3610	 4.7410
 0.3620	 4.5950
 0.3630	 4.4250
 0.3640	 4.4640
 0.3650	 4.7760
 0.3660	 4.8390
 0.3670	 4.8010
 0.3680	 4.7580
 0.3690	 4.7500
 0.3700	 4.6710
 0.3710	 4.7390
 0.3720	 4.9520
 0.3730	 4.8260
 0.3740	 4.9090
 0.3750	 5.0110
 0.3760	 4.8580
 0.3770	 4.9300
 0.3780	 5.0760
 0.3790	 5.1820
 0.3800	 5.2000
 0.3810	 5.2400
 0.3820	 5.2360
 0.3830	 5.1740
 0.3840	 5.2040
 0.3850	 5.2660
 0.3860	 5.3230
 0.3870	 5.3540
 0.3880	 5.3380
 0.3890	 5.4020
 0.3900	 5.5220
 0.3910	 5.5240
 0.3920	 5.5630
 0.3930	 5.6120
 0.3940	 5.6310
 0.3950	 5.6410
 0.3960	 5.7240
 0.3970	 5.8190
 0.3980	 5.8260
 0.3990	 5.9240
 0.4000	 5.9890
 0.4010	 5.9720
 0.4020	 5.9480
 0.4030	 5.9770
 0.4040	 6.0380
 0.4050	 6.0990
 0.4060	 6.1770
 0.4070	 6.2380
 0.4080	 6.2770
 0.4090	 6.3090
 0.4100	 6.3580
 0.4110	 6.4040
 0.4120	 6.4440
 0.4130	 6.5230
 0.4140	 6.5740
 0.4150	 6.5960
 0.4160	 6.6180
 0.4170	 6.7030
 0.4180	 6.7700
 0.4190	 6.8050
 0.4200	 6.8620
 0.4210	 6.9180
 0.4220	 6.9590
 0.4230	 6.9920
 0.4240	 7.0780
 0.4250	 7.1400
 0.4260	 7.1690
 0.4270	 7.1910
 0.4280	 7.2280
 0.4290	 7.2810
 0.4300	 7.3460
 0.4310	 7.4210
 0.4320	 7.4530
 0.4330	 7.4860
 0.4340	 7.5640
 0.4350	 7.6010
 0.4360	 7.6210
 0.4370	 7.6500
 0.4380	 7.7080
 0.4390	 7.7540
 0.4400	 7.8090
 0.4410	 7.8780
 0.4420	 7.9060
 0.4430	 7.9290
 0.4440	 7.9650
 0.4450	 8.0200
 0.4460	 8.0710
 0.4470	 8.1220
 0.4480	 8.1680
 0.4490	 8.1900
 0.4500	 8.2200
 0.4510	 8.2740
 0.4520	 8.3440
 0.4530	 8.3610
 0.4540	 8.3810
 0.4550	 8.4270
 0.4560	 8.5010
 0.4570	 8.5440
 0.4580	 8.5680
 0.4590	 8.5940
 0.4600	 8.6450
 0.4610	 8.6950
 0.4620	 8.7360
 0.4630	 8.7700
 0.4640	 8.8100
 0.4650	 8.8540
 0.4660	 8.8990
 0.4670	 8.9380
 0.4680	 8.9670
 0.4690	 9.0050
 0.4700	 9.0580
 0.4710	 9.1000
 0.4720	 9.1260
 0.4730	 9.1580
 0.4740	 9.2230
 0.4750	 9.2450
 0.4760	 9.2730
 0.4770	 9.3270
 0.4780	 9.3640
 0.4790	 9.3830
 0.4800	 9.4090
 0.4810	 9.4590
 0.4820	 9.4970
 0.4830	 9.5350
 0.4840	 9.5800
 0.4850	 9.6310
 0.4860	 9.6670
 0.4870	 9.6950
 0.4880	 9.7270
 0.4890	 9.7640
 0.4900	 9.8020
 0.4910	 9.8380
 0.4920	 9.8700
 0.4930	 9.8880
 0.4940	 9.9210
 0.4950	 9.9710
 0.4960	10.0030
 0.4970	10.0330
 0.4980	10.0700
 0.4990	10.1150
 0.5000	10.1500
 0.5010	10.1910
 0.5020	10.2310
 0.5030	10.2510
 0.5040	10.2840
 0.5050	10.3290
 0.5060	10.3770
 0.5070	10.4100
 0.5080	10.4450
 0.5090	10.4840
 0.5100	10.5230
 0.5110	10.5660
 0.5120	10.6100
 0.5130	10.6520
 0.5140	10.6840
 0.5150	10.7230
 0.5160	10.7660
 0.5170	10.8040
 0.5180	10.8430
 0.5190	10.8760
 0.5200	10.9060
 0.5210	10.9420
 0.5220	10.9850
 0.5230	11.0280
 0.5240	11.0660
 0.5250	11.1060
 0.5260	11.1420
 0.5270	11.1780
 0.5280	11.2200
 0.5290	11.2580
 0.5300	11.2950
 0.5310	11.3310
 0.5320	11.3690
 0.5330	11.4030
 0.5340	11.4380
 0.5350	11.4760
 0.5360	11.5090
 0.5370	11.5530
 0.5380	11.6020
 0.5390	11.6360
 0.5400	11.6800
 0.5410	11.7320
 0.5420	11.7860
 0.5430	11.8270
 0.5440	11.8670
 0.5450	11.9070
 0.5460	11.9420
 0.5470	11.9760
 0.5480	12.0100
 0.5490	12.0450
 0.5500	12.0820
 0.5510	12.1230
 0.5520	12.1620
 0.5530	12.1950
 0.5540	12.2370
 0.5550	12.2800
 0.5560	12.3230
 0.5570	12.3690
 0.5580	12.4200
 0.5590	12.4680
 0.5600	12.5140
 0.5610	12.5700
 0.5620	12.6110
 0.5630	12.6460
 0.5640	12.6910
 0.5650	12.7350
 0.5660	12.7750
 0.5670	12.8140
 0.5680	12.8620
 0.5690	12.9120
 0.5700	12.9590
 0.5710	13.0030
 0.5720	13.0430
 0.5730	13.0820
 0.5740	13.1200
 0.5750	13.1490
 0.5760	13.1850
 0.5770	13.2230
 0.5780	13.2580
 0.5790	13.2920
 0.5800	13.3300
 0.5810	13.3650
 0.5820	13.3880
 0.5830	13.4270
 0.5840	13.4710
 0.5850	13.5140
 0.5860	13.5580
 0.5870	13.5970
 0.5880	13.6340
 0.5890	13.6700
 0.5900	13.7040
 0.5910	13.7410
 0.5920	13.7790
 0.5930	13.8150
 0.5940	13.8580
 0.5950	13.9020
 0.5960	13.9430
 0.5970	13.9880
 0.5980	14.0330
 0.5990	14.0730
 0.6000	14.1080
 0.6010	14.1420
 0.6020	14.1810
 0.6030	14.2260
 0.6040	14.2730
 0.6050	14.3190
 0.6060	14.3640
 0.6070	14.4120
 0.6080	14.4630
 0.6090	14.5170
 0.6100	14.5740
 0.6110	14.6360
 0.6120	14.6820
 0.6130	14.7160
 0.6140	14.7490
 0.6150	14.7960
 0.6160	14.8340
 0.6170	14.8750
 0.6180	14.9290
 0.6190	14.9840
 0.6200	15.0290
 0.6210	15.0710
 0.6220	15.1260
 0.6230	15.1710
 0.6240	15.2190
 0.6250	15.2730
 0.6260	15.3210
 0.6270	15.3680
 0.6280	15.4190
 0.6290	15.4730
 0.6300	15.5300
 0.6310	15.5790
 0.6320	15.6220
 0.6330	15.6770
 0.6340	15.7290
 0.6350	15.7790
 0.6360	15.8320
 0.6370	15.8830
 0.6380	15.9340
 0.6390	15.9890
 0.6400	16.0460
 0.6410	16.0870
 0.6420	16.1340
 0.6430	16.1930
 0.6440	16.2410
 0.6450	16.2880
 0.6460	16.3380
 0.6470	16.3930
 0.6480	16.4440
 0.6490	16.4900
 0.6500	16.5380
 0.6510	16.5940
 0.6520	16.6430
 0.6530	16.6930
 0.6540	16.7440
 0.6550	16.7900
 0.6560	16.8360
 0.6570	16.8830
 0.6580	16.9310
 0.6590	16.9760
 0.6600	17.0240
 0.6610	17.0730
 0.6620	17.1150
 0.6630	17.1590
 0.6640	17.2090
 0.6650	17.2640
 0.6660	17.2960
 0.6670	17.3390
 0.6680	17.3920
 0.6690	17.4350
 0.6700	17.4760
 0.6710	17.5190
 0.6720	17.5650
 0.6730	17.6110
 0.6740	17.6590
 0.6750	17.7060
 0.6760	17.7480
 0.6770	17.7970
 0.6780	17.8460
 0.6790	17.8920
 0.6800	17.9360
 0.6810	17.9840
 0.6820	18.0350
 0.6830	18.0830
 0.6840	18.1200
 0.6850	18.1660
 0.6860	18.2210
 0.6870	18.2780
 0.6880	18.3310
 0.6890	18.3830
 0.6900	18.4340
 0.6910	18.4840
 0.6920	18.5370
 0.6930	18.5890
 0.6940	18.6410
 0.6950	18.6980
 0.6960	18.7520
 0.6970	18.8040
 0.6980	18.8590
 0.6990	18.9120
 0.7000	18.9640
 0.7010	19.0180
 0.7020	19.0730
 0.7030	19.1240
 0.7040	19.1770
 0.7050	19.2360
 0.7060	19.2890
 0.7070	19.3420
 0.7080	19.3940
 0.7090	19.4460
 0.7100	19.5040
 0.7110	19.5630
 0.7120	19.6170
 0.7130	19.6620
 0.7140	19.7160
 0.7150	19.7760
 0.7160	19.8330
 0.7170	19.8800
 0.7180	19.9330
 0.7190	19.9920
 0.7200	20.0460
 0.7210	20.1000
 0.7220	20.1550
 0.7230	20.2120
 0.7240	20.2660
 0.7250	20.3170
 0.7260	20.3680
 0.7270	20.4210
 0.7280	20.4760
 0.7290	20.5280
 0.7300	20.5810
 0.7310	20.6360
 0.7320	20.6900
 0.7330	20.7460
 0.7340	20.8000
 0.7350	20.8450
 0.7360	20.9020
 0.7370	20.9610
 0.7380	21.0110
 0.7390	21.0550
 0.7400	21.1110
 0.7410	21.1680
 0.7420	21.2100
 0.7430	21.2610
 0.7440	21.3110
 0.7450	21.3580
 0.7460	21.4140
 0.7470	21.4570
 0.7480	21.5010
 0.7490	21.5550
 0.7500	21.6090
 0.7510	21.6560
 0.7520	21.7010
 0.7530	21.7500
 0.7540	21.7910
 0.7550	21.8400
 0.7560	21.8930
 0.7570	21.9330
 0.7580	21.9750
 0.7590	22.0250
 0.7600	22.0770
 0.7610	22.1220
 0.7620	22.1670
 0.7630	22.2070
 0.7640	22.2410
 0.7650	22.2810
 0.7660	22.3270
 0.7670	22.3750
 0.7680	22.4200
 0.7690	22.4560
 0.7700	22.4990
 0.7710	22.5500
 0.7720	22.5880
 0.7730	22.6310
 0.7740	22.6780
 0.7750	22.7220
 0.7760	22.7590
 0.7770	22.7960
 0.7780	22.8370
 0.7790	22.8820
 0.7800	22.9190
 0.7810	22.9600
 0.7820	23.0060
 0.7830	23.0450
 0.7840	23.0910
 0.7850	23.1320
 0.7860	23.1630
 0.7870	23.2040
 0.7880	23.2490
 0.7890	23.2990
 0.7900	23.3500
 0.7910	23.3840
 0.7920	23.4190
 0.7930	23.4600
 0.7940	23.4990
 0.7950	23.5460
 0.7960	23.5880
 0.7970	23.6270
 0.7980	23.6780
 0.7990	23.7230
 0.8000	23.7650
 0.8010	23.8100
 0.8020	23.8580
 0.8030	23.9080
 0.8040	23.9500
 0.8050	23.9760
 0.8060	24.0280
 0.8070	24.0760
 0.8080	24.1150
 0.8090	24.1670
 0.8100	24.2140
 0.8110	24.2580
 0.8120	24.3020
 0.8130	24.3480
 0.8140	24.3950
 0.8150	24.4430
 0.8160	24.4910
 0.8170	24.5390
 0.8180	24.5900
 0.8190	24.6360
 0.8200	24.6700
 0.8210	24.7200
 0.8220	24.7710
 0.8230	24.8200
 0.8240	24.8700
 0.8250	24.9250
 0.8260	24.9710
 0.8270	25.0080
 0.8280	25.0560
 0.8290	25.0940
 0.8300	25.1380
 0.8310	25.2000
 0.8320	25.2500
 0.8330	25.2800
 0.8340	25.3160
 0.8350	25.3810
 0.8360	25.4190
 0.8370	25.4620
 0.8380	25.5150
 0.8390	25.5630
 0.8400	25.6140
 0.8410	25.6550
 0.8420	25.6910
 0.8430	25.7400
 0.8440	25.7880
 0.8450	25.8320
 0.8460	25.8740
 0.8470	25.9250
 0.8480	25.9630
 0.8490	26.0000
 0.8500	26.0500
 0.8510	26.0920
 0.8520	26.1340
 0.8530	26.1770
 0.8540	26.2180
 0.8550	26.2570
 0.8560	26.2970
 0.8570	26.3390
 0.8580	26.3800
 0.8590	26.4150
 0.8600	26.4530
 0.8610	26.4980
 0.8620	26.5430
 0.8630	26.5790
 0.8640	26.6120
 0.8650	26.6490
 0.8660	26.6850
 0.8670	26.7120
 0.8680	26.7460
 0.8690	26.7980
 0.8700	26.8310
 0.8710	26.8710
 0.8720	26.9150
 0.8730	26.9400
 0.8740	26.9630
 0.8750	27.0000
 0.8760	27.0420
 0.8770	27.0630
 0.8780	27.0900
 0.8790	27.1230
 0.8800	27.1610
 0.8810	27.2010
 0.8820	27.2300
 0.8830	27.2600
 0.8840	27.2990
 0.8850	27.3180
 0.8860	27.3510
 0.8870	27.3930
 0.8880	27.4280
 0.8890	27.4470
 0.8900	27.4760
 0.8910	27.5110
 0.8920	27.5370
 0.8930	27.5630
 0.8940	27.6000
 0.8950	27.6390
 0.8960	27.6640
 0.8970	27.6920
 0.8980	27.7160
 0.8990	27.7360
 0.9000	27.7600
 0.9010	27.7980
 0.9020	27.8240
 0.9030	27.8370
 0.9040	27.8780
 0.9050	27.9020
 0.9060	27.9290
 0.9070	27.9680
 0.9080	27.9880
 0.9090	28.0180
 0.9100	28.0450
 0.9110	28.0590
 0.9120	28.0900
 0.9130	28.1170
 0.9140	28.1380
 0.9150	28.1590
 0.9160	28.1990
 0.9170	28.2340
 0.9180	28.2610
 0.9190	28.2900
 0.9200	28.3250
 0.9210	28.3530
 0.9220	28.3700
 0.9230	28.3830
 0.9240	28.4380
 0.9250	28.4800
 0.9260	28.5000
 0.9270	28.5250
 0.9280	28.5410
 0.9290	28.5760
 0.9300	28.6200
 0.9310	28.6380
 0.9320	28.6740
 0.9330	28.7010
 0.9340	28.7180
 0.9350	28.7630
 0.9360	28.8000
 0.9370	28.8270
 0.9380	28.8530
 0.9390	28.8910
 0.9400	28.9110
 0.9410	28.9240
 0.9420	28.9500
 0.9430	29.0090
 0.9440	29.0370
 0.9450	29.0620
 0.9460	29.1030
 0.9470	29.1220
 0.9480	29.1520
 0.9490	29.1810
 0.9500	29.2010
 0.9510	29.2420
 0.9520	29.3000
 0.9530	29.3270
 0.9540	29.3110
 0.9550	29.3640
 0.9560	29.4160
 0.9570	29.4510
 0.9580	29.4750
 0.9590	29.4890
 0.9600	29.5160
 0.9610	29.5500
 0.9620	29.5790
 0.9630	29.6210
 0.9640	29.6480
 0.9650	29.6690
 0.9660	29.7000
 0.9670	29.7320
 0.9680	29.7680
 0.9690	29.8070
 0.9700	29.8450
 0.9710	29.8620
 0.9720	29.8810
 0.9730	29.9140
 0.9740	29.9600
 0.9750	30.0010
 0.9760	30.0300
 0.9770	30.0550
 0.9780	30.0870
 0.9790	30.1040
 0.9800	30.1280
 0.9810	30.1710
 0.9820	30.2280
 0.9830	30.2580
 0.9840	30.2750
 0.9850	30.3040
 0.9860	30.3630
 0.9870	30.4240
 0.9880	30.4430
 0.9890	30.4570
 0.9900	30.5120
 0.9910	30.5230
 0.9920	30.5260
 0.9930	30.5530
 0.9940	30.6200
 0.9950	30.6890
 0.9960	30.7210
 0.9970	30.7290
 0.9980	30.7490
 0.9990	30.8040
 1.0000	30.7140
 1.0010	30.4490
 1.0020	30.3510
 1.0030	30.3900
 1.0040	30.4360
 1.0050	30.4780
 1.0060	30.5140
 1.0070	30.5520
 1.0080	30.5870
 1.0090	30.6170
 1.0100	30.6480
 1.0110	30.6840
 1.0120	30.7190
 1.0130	30.7510
 1.0140	30.7880
 1.0150	30.8340
 1.0160	30.8680
 1.0170	30.9030
 1.0180	30.9340
 1.0190	30.9730
 1.0200	31.0090
 1.0210	31.0420
 1.0220	31.0860
 1.0230	31.1220
 1.0240	31.1470
 1.0250	31.1830
 1.0260	31.2230
 1.0270	31.2590
 1.0280	31.3000
 1.0290	31.3330
 1.0300	31.3550
 1.0310	31.3870
 1.0320	31.4220
 1.0330	31.4530
 1.0340	31.4960
 1.0350	31.5390
 1.0360	31.5710
 1.0370	31.6060
 1.0380	31.6400
 1.0390	31.6700
 1.0400	31.7030
 1.0410	31.7410
 1.0420	31.7710
 1.0430	31.7950
 1.0440	31.8240
 1.0450	31.8530
 1.0460	31.8860
 1.0470	31.9240
 1.0480	31.9590
 1.0490	31.9930
 1.0500	32.0300
 1.0510	32.0690
 1.0520	32.1060
 1.0530	32.1430
 1.0540	32.1830
 1.0550	32.2170
 1.0560	32.2460
 1.0570	32.2760
 1.0580	32.3000
 1.0590	32.3340
 1.0600	32.3730
 1.0610	32.4090
 1.0620	32.4510
 1.0630	32.4890
 1.0640	32.5180
 1.0650	32.5530
 1.0660	32.5930
 1.0670	32.6300
 1.0680	32.6670
 1.0690	32.7070
 1.0700	32.7410
 1.0710	32.7700
 1.0720	32.8020
 1.0730	32.8320
 1.0740	32.8660
 1.0750	32.9060
 1.0760	32.9400
 1.0770	32.9760
 1.0780	33.0090
 1.0790	33.0330
 1.0800	33.0650
 1.0810	33.0990
 1.0820	33.1340
 1.0830	33.1770
 1.0840	33.2150
 1.0850	33.2530
 1.0860	33.2900
 1.0870	33.3230
 1.0880	33.3530
 1.0890	33.3870
 1.0900	33.4240
 1.0910	33.4560
 1.0920	33.4880
 1.0930	33.5210
 1.0940	33.5500
 1.0950	33.5830
 1.0960	33.6200
 1.0970	33.6580
 1.0980	33.6970
 1.0990	33.7340
 1.1000	33.7740
 1.1010	33.8100
 1.1020	33.8400
 1.1030	33.8730
 1.1040	33.9030
 1.1050	33.9320
 1.1060	33.9630
 1.1070	33.9930
 1.1080	34.0230
 1.1090	34.0530
 1.1100	34.0820
 1.1110	34.1100
 1.1120	34.1380
 1.1130	34.1640
 1.1140	34.1930
 1.1150	34.2250
 1.1160	34.2540
 1.1170	34.2850
 1.1180	34.3150
 1.1190	34.3410
 1.1200	34.3700
 1.1210	34.4020
 1.1220	34.4340
 1.1230	34.4650
 1.1240	34.4950
 1.1250	34.5230
 1.1260	34.5500
 1.1270	34.5770
 1.1280	34.6030
 1.1290	34.6290
 1.1300	34.6540
 1.1310	34.6810
 1.1320	34.7070
 1.1330	34.7330
 1.1340	34.7590
 1.1350	34.7850
 1.1360	34.8110
 1.1370	34.8380
 1.1380	34.8640
 1.1390	34.8940
 1.1400	34.9220
 1.1410	34.9480
 1.1420	34.9750
 1.1430	34.9990
 1.1440	35.0240
 1.1450	35.0470
 1.1460	35.0720
 1.1470	35.0970
 1.1480	35.1230
 1.1490	35.1520
 1.1500	35.1770
 1.1510	35.2020
 1.1520	35.2270
 1.1530	35.2510
 1.1540	35.2750
 1.1550	35.2990
 1.1560	35.3250
 1.1570	35.3480
 1.1580	35.3710
 1.1590	35.3950
 1.1600	35.4170
 1.1610	35.4390
 1.1620	35.4610
 1.1630	35.4880
 1.1640	35.5170
 1.1650	35.5460
 1.1660	35.5790
 1.1670	35.6090
 1.1680	35.6350
 1.1690	35.6640
 1.1700	35.6910
 1.1710	35.7190
 1.1720	35.7510
 1.1730	35.7790
 1.1740	35.8050
 1.1750	35.8340
 1.1760	35.8650
 1.1770	35.8940
 1.1780	35.9250
 1.1790	35.9530
 1.1800	35.9730
 1.1810	35.9940
 1.1820	36.0180
 1.1830	36.0440
 1.1840	36.0740
 1.1850	36.1020
 1.1860	36.1250
 1.1870	36.1470
 1.1880	36.1730
 1.1890	36.1990
 1.1900	36.2250
 1.1910	36.2570
 1.1920	36.2850
 1.1930	36.3100
 1.1940	36.3380
 1.1950	36.3680
 1.1960	36.3970
 1.1970	36.4240
 1.1980	36.4540
 1.1990	36.4840
 1.2000	36.5120
 1.2010	36.5420
 1.2020	36.5720
 1.2030	36.6030
 1.2040	36.6340
 1.2050	36.6630
 1.2060	36.6930
 1.2070	36.7220
 1.2080	36.7510
 1.2090	36.7830
 1.2100	36.8140
 1.2110	36.8470
 1.2120	36.8800
 1.2130	36.9160
 1.2140	36.9530
 1.2150	36.9930
 1.2160	37.0350
 1.2170	37.0730
 1.2180	37.1140
 1.2190	37.1550
 1.2200	37.1910
 1.2210	37.2350
 1.2220	37.2790
 1.2230	37.3180
 1.2240	37.3620
 1.2250	37.4030
 1.2260	37.4430
 1.2270	37.4850
 1.2280	37.5240
 1.2290	37.5640
 1.2300	37.6050
 1.2310	37.6460
 1.2320	37.6920
 1.2330	37.7360
 1.2340	37.7790
 1.2350	37.8230
 1.2360	37.8680
 1.2370	37.9130
 1.2380	37.9580
 1.2390	38.0070
 1.2400	38.0530
 1.2410	38.0940
 1.2420	38.1360
 1.2430	38.1760
 1.2440	38.2130
 1.2450	38.2520
 1.2460	38.2940
 1.2470	38.3350
 1.2480	38.3780
 1.2490	38.4250
 1.2500	38.4730
 1.2510	38.5130
 1.2520	38.5530
 1.2530	38.5920
 1.2540	38.6290
 1.2550	38.6730
 1.2560	38.7140
 1.2570	38.7520
 1.2580	38.7920
 1.2590	38.8310
 1.2600	38.8660
 1.2610	38.9050
 1.2620	38.9470
 1.2630	38.9860
 1.2640	39.0250
 1.2650	39.0700
 1.2660	39.1120
 1.2670	39.1480
 1.2680	39.1860
 1.2690	39.2210
 1.2700	39.2540
 1.2710	39.2910
 1.2720	39.3300
 1.2730	39.3660
 1.2740	39.4070
 1.2750	39.4460
 1.2760	39.4850
 1.2770	39.5270
 1.2780	39.5670
 1.2790	39.6070
 1.2800	39.6490
 1.2810	39.6900
 1.2820	39.7310
 1.2830	39.7730
 1.2840	39.8120
 1.2850	39.8500
 1.2860	39.8880
 1.2870	39.9270
 1.2880	39.9640
 1.2890	40.0060
 1.2900	40.0490
 1.2910	40.0930
 1.2920	40.1410
 1.2930	40.1890
 1.2940	40.2350
 1.2950	40.2760
 1.2960	40.3180
 1.2970	40.3610
 1.2980	40.4020
 1.2990	40.4470
 1.3000	40.4930
 1.3010	40.5380
 1.3020	40.5820
 1.3030	40.6180
 1.3040	40.6530
 1.3050	40.6890
 1.3060	40.7230
 1.3070	40.7590
 1.3080	40.7970
 1.3090	40.8330
 1.3100	40.8660
 1.3110	40.9010
 1.3120	40.9330
 1.3130	40.9620
 1.3140	40.9950
 1.3150	41.0330
 1.3160	41.0620
 1.3170	41.0910
 1.3180	41.1180
 1.3190	41.1370
 1.3200	41.1550
 1.3210	41.1760
 1.3220	41.1990
 1.3230	41.2210
 1.3240	41.2430
 1.3250	41.2660
 1.3260	41.2880
 1.3270	41.3080
 1.3280	41.3250
 1.3290	41.3410
 1.3300	41.3560
 1.3310	41.3660
 1.3320	41.3790
 1.3330	41.3880
 1.3340	41.3950
 1.3350	41.4020
 1.3360	41.4060
 1.3370	41.4100
 1.3380	41.4120
 1.3390	41.4090
 1.3400	41.4050
 1.3410	41.4030
 1.3420	41.3990
 1.3430	41.3970
 1.3440	41.3950
 1.3450	41.3910
 1.3460	41.3870
 1.3470	41.3800
 1.3480	41.3720
 1.3490	41.3620
 1.3500	41.3480
 1.3510	41.3350
 1.3520	41.3210
 1.3530	41.3050
 1.3540	41.2910
 1.3550	41.2730
 1.3560	41.2580
 1.3570	41.2450
 1.3580	41.2330
 1.3590	41.2280
 1.3600	41.2250
 1.3610	41.2220
 1.3620	41.2170
 1.3630	41.2120
 1.3640	41.2060
 1.3650	41.2020
 1.3660	41.2000
 1.3670	41.2030
 1.3680	41.2040
 1.3690	41.2030
 1.3700	41.2050
 1.3710	41.2050
 1.3720	41.2060
 1.3730	41.2100
 1.3740	41.2130
 1.3750	41.2140
 1.3760	41.2140
 1.3770	41.2150
 1.3780	41.2110
 1.3790	41.2030
 1.3800	41.1950
 1.3810	41.1850
 1.3820	41.1730
 1.3830	41.1630
 1.3840	41.1460
 1.3850	41.1250
 1.3860	41.1010
 1.3870	41.0750
 1.3880	41.0420
 1.3890	41.0030
 1.3900	40.9590
 1.3910	40.9100
 1.3920	40.8560
 1.3930	40.7990
 1.3940	40.7370
 1.3950	40.6670
 1.3960	40.5940
 1.3970	40.5150
 1.3980	40.4340
 1.3990	40.3490
 1.4000	40.2530
 1.4010	40.1500
 1.4020	40.0410
 1.4030	39.9230
 1.4040	39.8000
 1.4050	39.6720
 1.4060	39.5360
 1.4070	39.3970
 1.4080	39.2570
 1.4090	39.1110
 1.4100	38.9610
 1.4110	38.8090
 1.4120	38.6550
 1.4130	38.5000
 1.4140	38.3440
 1.4150	38.1880
 1.4160	38.0310
 1.4170	37.8740
 1.4180	37.7190
 1.4190	37.5670
 1.4200	37.4190
 1.4210	37.2760
 1.4220	37.1380
 1.4230	37.0050
 1.4240	36.8780
 1.4250	36.7600
 1.4260	36.6470
 1.4270	36.5450
 1.4280	36.4540
 1.4290	36.3700
 1.4300	36.2950
 1.4310	36.2270
 1.4320	36.1660
 1.4330	36.1140
 1.4340	36.0710
 1.4350	36.0320
 1.4360	36.0000
 1.4370	35.9730
 1.4380	35.9490
 1.4390	35.9300
 1.4400	35.9170
 1.4410	35.9080
 1.4420	35.9030
 1.4430	35.9040
 1.4440	35.9080
 1.4450	35.9130
 1.4460	35.9190
 1.4470	35.9250
 1.4480	35.9340
 1.4490	35.9470
 1.4500	35.9600
 1.4510	35.9750
 1.4520	35.9880
 1.4530	35.9990
 1.4540	36.0110
 1.4550	36.0220
 1.4560	36.0350
 1.4570	36.0480
 1.4580	36.0620
 1.4590	36.0750
 1.4600	36.0890
 1.4610	36.1040
 1.4620	36.1210
 1.4630	36.1390
 1.4640	36.1600
 1.4650	36.1830
 1.4660	36.2070
 1.4670	36.2310
 1.4680	36.2560
 1.4690	36.2790
 1.4700	36.3020
 1.4710	36.3300
 1.4720	36.3600
 1.4730	36.3900
 1.4740	36.4230
 1.4750	36.4520
 1.4760	36.4830
 1.4770	36.5190
 1.4780	36.5560
 1.4790	36.5950
 1.4800	36.6330
 1.4810	36.6700
 1.4820	36.7110
 1.4830	36.7530
 1.4840	36.7950
 1.4850	36.8380
 1.4860	36.8810
 1.4870	36.9240
 1.4880	36.9680
 1.4890	37.0120
 1.4900	37.0570
 1.4910	37.1010
 1.4920	37.1470
 1.4930	37.1980
 1.4940	37.2450
 1.4950	37.2920
 1.4960	37.3420
 1.4970	37.3890
 1.4980	37.4400
 1.4990	37.4960
 1.5000	37.5490
 1.5010	37.6020
 1.5020	37.6570
 1.5030	37.7110
 1.5040	37.7700
 1.5050	37.8340
 1.5060	37.8940
 1.5070	37.9530
 1.5080	38.0160
 1.5090	38.0800
 1.5100	38.1410
 1.5110	38.2040
 1.5120	38.2670
 1.5130	38.3260
 1.5140	38.3830
 1.5150	38.4420
 1.5160	38.5030
 1.5170	38.5620
 1.5180	38.6190
 1.5190	38.6760
 1.5200	38.7280
 1.5210	38.7790
 1.5220	38.8340
 1.5230	38.8840
 1.5240	38.9350
 1.5250	38.9850
 1.5260	39.0300
 1.5270	39.0750
 1.5280	39.1200
 1.5290	39.1590
 1.5300	39.2000
 1.5310	39.2420
 1.5320	39.2800
 1.5330	39.3180
 1.5340	39.3550
 1.5350	39.3890
 1.5360	39.4240
 1.5370	39.4600
 1.5380	39.4980
 1.5390	39.5360
 1.5400	39.5730
 1.5410	39.6110
 1.5420	39.6480
 1.5430	39.6800
 1.5440	39.7120
 1.5450	39.7440
 1.5460	39.7710
 1.5470	39.8030
 1.5480	39.8370
 1.5490	39.8720
 1.5500	39.9100
 1.5510	39.9430
 1.5520	39.9780
 1.5530	40.0150
 1.5540	40.0490
 1.5550	40.0840
 1.5560	40.1180
 1.5570	40.1460
 1.5580	40.1730
 1.5590	40.2030
 1.5600	40.2330
 1.5610	40.2630
 1.5620	40.2960
 1.5630	40.3310
 1.5640	40.3650
 1.5650	40.3970
 1.5660	40.4290
 1.5670	40.4580
 1.5680	40.4880
 1.5690	40.5190
 1.5700	40.5490
 1.5710	40.5780
 1.5720	40.6060
 1.5730	40.6380
 1.5740	40.6690
 1.5750	40.7000
 1.5760	40.7330
 1.5770	40.7680
 1.5780	40.8010
 1.5790	40.8340
 1.5800	40.8670
 1.5810	40.9010
 1.5820	40.9410
 1.5830	40.9860
 1.5840	41.0300
 1.5850	41.0730
 1.5860	41.1140
 1.5870	41.1540
 1.5880	41.1990
 1.5890	41.2500
 1.5900	41.3000
 1.5910	41.3520
 1.5920	41.4040
 1.5930	41.4580
 1.5940	41.5180
 1.5950	41.5810
 1.5960	41.6510
 1.5970	41.7200
 1.5980	41.7820
 1.5990	41.8480
 1.6000	41.9130
 1.6010	41.9740
 1.6020	42.0390
 1.6030	42.1050
 1.6040	42.1660
 1.6050	42.2250
 1.6060	42.2820
 1.6070	42.3380
 1.6080	42.3990
 1.6090	42.4620
 1.6100	42.5270
 1.6110	42.5910
 1.6120	42.6510
 1.6130	42.7120
 1.6140	42.7730
 1.6150	42.8340
 1.6160	42.8910
 1.6170	42.9470
 1.6180	43.0000
 1.6190	43.0500
 1.6200	43.1020
 1.6210	43.1510
 1.6220	43.1990
 1.6230	43.2480
 1.6240	43.2970
 1.6250	43.3470
 1.6260	43.3970
 1.6270	43.4470
 1.6280	43.4880
 1.6290	43.5290
 1.6300	43.5650
 1.6310	43.6030
 1.6320	43.6430
 1.6330	43.6810
 1.6340	43.7200
 1.6350	43.7540
 1.6360	43.7850
 1.6370	43.8160
 1.6380	43.8440
 1.6390	43.8700
 1.6400	43.8920
 1.6410	43.9180
 1.6420	43.9440
 1.6430	43.9680
 1.6440	43.9970
 1.6450	44.0100
 1.6460	44.0220
 1.6470	44.0310
 1.6480	44.0380
 1.6490	44.0430
 1.6500	44.0490
 1.6510	44.0570
 1.6520	44.0630
 1.6530	44.0690
 1.6540	44.0740
 1.6550	44.0810
 1.6560	44.0860
 1.6570	44.0870
 1.6580	44.0870
 1.6590	44.0830
 1.6600	44.0730
 1.6610	44.0650
 1.6620	44.0550
 1.6630	44.0420
 1.6640	44.0300
 1.6650	44.0180
 1.6660	44.0090
 1.6670	43.9970
 1.6680	43.9820
 1.6690	43.9680
 1.6700	43.9490
 1.6710	43.9310
 1.6720	43.9160
 1.6730	43.8960
 1.6740	43.8790
 1.6750	43.8620
 1.6760	43.8410
 1.6770	43.8240
 1.6780	43.8060
 1.6790	43.7850
 1.6800	43.7690
 1.6810	43.7510
 1.6820	43.7290
 1.6830	43.7070
 1.6840	43.6790
 1.6850	43.6480
 1.6860	43.6230
 1.6870	43.5970
 1.6880	43.5710
 1.6890	43.5510
 1.6900	43.5300
 1.6910	43.5130
 1.6920	43.4930
 1.6930	43.4720
 1.6940	43.4510
 1.6950	43.4300
 1.6960	43.4080
 1.6970	43.3880
 1.6980	43.3640
 1.6990	43.3370
 1.7000	43.3150
 1.7010	43.2910
 1.7020	43.2730
 1.7030	43.2630
 1.7040	43.2470
 1.7050	43.2300
 1.7060	43.2160
 1.7070	43.2010
 1.7080	43.1850
 1.7090	43.1740
 1.7100	43.1550
 1.7110	43.1300
 1.7120	43.1050
 1.7130	43.0810
 1.7140	43.0560
 1.7150	43.0320
 1.7160	43.0050
 1.7170	42.9690
 1.7180	42.9360
 1.7190	42.9080
 1.7200	42.8800
 1.7210	42.8560
 1.7220	42.8390
 1.7230	42.8190
 1.7240	42.8110
 1.7250	42.8130
 1.7260	42.8110
 1.7270	42.8240
 1.7280	42.8400
 1.7290	42.8540
 1.7300	42.8800
 1.7310	42.9060
 1.7320	42.9370
 1.7330	42.9670
 1.7340	43.0020
 1.7350	43.0320
 1.7360	43.0580
 1.7370	43.0850
 1.7380	43.1120
 1.7390	43.1360
 1.7400	43.1590
 1.7410	43.1790
 1.7420	43.1960
 1.7430	43.2080
 1.7440	43.2140
 1.7450	43.2250
 1.7460	43.2340
 1.7470	43.2400
 1.7480	43.2500
 1.7490	43.2520
 1.7500	43.2450
 1.7510	43.2450
 1.7520	43.2490
 1.7530	43.2480
 1.7540	43.2500
 1.7550	43.2420
 1.7560	43.2250
 1.7570	43.2060
 1.7580	43.1870
 1.7590	43.1730
 1.7600	43.1650
 1.7610	43.1620
 1.7620	43.1610
 1.7630	43.1620
 1.7640	43.1660
 1.7650	43.1760
 1.7660	43.1820
 1.7670	43.1880
 1.7680	43.1920
 1.7690	43.1890
 1.7700	43.1940
 1.7710	43.2020
 1.7720	43.2110
 1.7730	43.2290
 1.7740	43.2380
 1.7750	43.2410
 1.7760	43.2490
 1.7770	43.2560
 1.7780	43.2640
 1.7790	43.2780
 1.7800	43.2870
 1.7810	43.2930
 1.7820	43.2980
 1.7830	43.3000
 1.7840	43.3080
 1.7850	43.3170
 1.7860	43.3280
 1.7870	43.3460
 1.7880	43.3540
 1.7890	43.3690
 1.7900	43.3880
 1.7910	43.4070
 1.7920	43.4290
 1.7930	43.4510
 1.7940	43.4710
 1.7950	43.4940
 1.7960	43.5240
 1.7970	43.5480
 1.7980	43.5690
 1.7990	43.5920
 1.8000	43.6140
 1.8010	43.6330
 1.8020	43.6520
 1.8030	43.6700
 1.8040	43.6850
 1.8050	43.6980
 1.8060	43.7090
 1.8070	43.7240
 1.8080	43.7390
 1.8090	43.7530
 1.8100	43.7680
 1.8110	43.7880
 1.8120	43.8060
 1.8130	43.8360
 1.8140	43.8620
 1.8150	43.8770
 1.8160	43.8880
 1.8170	43.8950
 1.8180	43.9050
 1.8190	43.9220
 1.8200	43.9350
 1.8210	43.9450
 1.8220	43.9580
 1.8230	43.9720
 1.8240	43.9850
 1.8250	43.9940
 1.8260	44.0100
 1.8270	44.0290
 1.8280	44.0490
 1.8290	44.0780
 1.8300	44.0210
 1.8310	43.8680
 1.8320	43.8270
 1.8330	43.8640
 1.8340	43.9050
 1.8350	43.9480
 1.8360	43.9910
 1.8370	44.0290
 1.8380	44.0700
 1.8390	44.1120
 1.8400	44.1550
 1.8410	44.1960
 1.8420	44.2350
 1.8430	44.2800
 1.8440	44.3290
 1.8450	44.3720
 1.8460	44.4080
 1.8470	44.4410
 1.8480	44.4710
 1.8490	44.4950
 1.8500	44.5190
 1.8510	44.5470
 1.8520	44.5710
 1.8530	44.5730
 1.8540	44.5730
 1.8550	44.5810
 1.8560	44.5840
 1.8570	44.5860
 1.8580	44.5920
 1.8590	44.5930
 1.8600	44.5900
 1.8610	44.5830
 1.8620	44.5750
 1.8630	44.5690
 1.8640	44.5640
 1.8650	44.5520
 1.8660	44.5370
 1.8670	44.5040
 1.8680	44.4570
 1.8690	44.4000
 1.8700	44.3330
 1.8710	44.2550
 1.8720	44.1790
 1.8730	44.0920
 1.8740	43.9860
 1.8750	43.8770
 1.8760	43.7570
 1.8770	43.6280
 1.8780	43.4880
 1.8790	43.3340
 1.8800	43.1690
 1.8810	42.9920
 1.8820	42.7900
 1.8830	42.5750
 1.8840	42.3520
 1.8850	42.1010
 1.8860	41.8310
 1.8870	41.5450
 1.8880	41.2330
 1.8890	40.9090
 1.8900	40.5710
 1.8910	40.2250
 1.8920	39.8670
 1.8930	39.5070
 1.8940	39.1340
 1.8950	38.7650
 1.8960	38.3920
 1.8970	38.0100
 1.8980	37.6330
 1.8990	37.2560
 1.9000	36.8970
 1.9010	36.5470
 1.9020	36.2140
 1.9030	35.8930
 1.9040	35.5930
 1.9050	35.3120
 1.9060	35.0400
 1.9070	34.8020
 1.9080	34.5900
 1.9090	34.3910
 1.9100	34.2130
 1.9110	34.0510
 1.9120	33.9070
 1.9130	33.7760
 1.9140	33.6600
 1.9150	33.5620
 1.9160	33.4740
 1.9170	33.3990
 1.9180	33.3420
 1.9190	33.2970
 1.9200	33.2640
 1.9210	33.2400
 1.9220	33.2330
 1.9230	33.2430
 1.9240	33.2560
 1.9250	33.2800
 1.9260	33.3130
 1.9270	33.3510
 1.9280	33.3850
 1.9290	33.4340
 1.9300	33.5010
 1.9310	33.5730
 1.9320	33.6520
 1.9330	33.7370
 1.9340	33.8350
 1.9350	33.9250
 1.9360	34.0160
 1.9370	34.1110
 1.9380	34.2100
 1.9390	34.3050
 1.9400	34.4090
 1.9410	34.5070
 1.9420	34.6030
 1.9430	34.7100
 1.9440	34.8170
 1.9450	34.9300
 1.9460	35.0380
 1.9470	35.1430
 1.9480	35.2500
 1.9490	35.3540
 1.9500	35.4640
 1.9510	35.5740
 1.9520	35.6890
 1.9530	35.8020
 1.9540	35.9020
 1.9550	36.0100
 1.9560	36.1220
 1.9570	36.2290
 1.9580	36.3380
 1.9590	36.4440
 1.9600	36.5400
 1.9610	36.6430
 1.9620	36.7490
 1.9630	36.8520
 1.9640	36.9630
 1.9650	37.0700
 1.9660	37.1740
 1.9670	37.2780
 1.9680	37.3800
 1.9690	37.4820
 1.9700	37.5820
 1.9710	37.6810
 1.9720	37.7790
 1.9730	37.8790
 1.9740	37.9700
 1.9750	38.0590
 1.9760	38.1550
 1.9770	38.2470
 1.9780	38.3330
 1.9790	38.4150
 1.9800	38.4920
 1.9810	38.5660
 1.9820	38.6320
 1.9830	38.7020
 1.9840	38.7710
 1.9850	38.8390
 1.9860	38.9090
 1.9870	38.9720
 1.9880	39.0360
 1.9890	39.0980
 1.9900	39.1550
 1.9910	39.2140
 1.9920	39.2650
 1.9930	39.3130
 1.9940	39.3520
 1.9950	39.3800
 1.9960	39.4100
 1.9970	39.4370
 1.9980	39.4580
 1.9990	39.4750
 2.0000	39.4920
 2.0010	39.4980
 2.0020	39.5000
 2.0030	39.4970
 2.0040	39.4900
 2.0050	39.4740
 2.0060	39.4460
 2.0070	39.4210
 2.0080	39.3930
 2.0090	39.3550
 2.0100	39.3130
 2.0110	39.2650
 2.0120	39.2070
 2.0130	39.1450
 2.0140	39.0810
 2.0150	39.0140
 2.0160	38.9350
 2.0170	38.8500
 2.0180	38.7590
 2.0190	38.6590
 2.0200	38.5580
 2.0210	38.4540
 2.0220	38.3400
 2.0230	38.2170
 2.0240	38.0930
 2.0250	37.9620
 2.0260	37.8290
 2.0270	37.6970
 2.0280	37.5550
 2.0290	37.4100
 2.0300	37.2650
 2.0310	37.1220
 2.0320	36.9820
 2.0330	36.8340
 2.0340	36.6800
 2.0350	36.5300
 2.0360	36.3750
 2.0370	36.2240
 2.0380	36.0800
 2.0390	35.9300
 2.0400	35.7740
 2.0410	35.6220
 2.0420	35.4700
 2.0430	35.3180
 2.0440	35.1670
 2.0450	35.0150
 2.0460	34.8720
 2.0470	34.7330
 2.0480	34.5960
 2.0490	34.4660
 2.0500	34.3350
 2.0510	34.2020
 2.0520	34.0770
 2.0530	33.9610
 2.0540	33.8420
 2.0550	33.7200
 2.0560	33.6080
 2.0570	33.5050
 2.0580	33.4030
 2.0590	33.3060
 2.0600	33.2250
 2.0610	33.1330
 2.0620	33.0320
 2.0630	32.9420
 2.0640	32.8590
 2.0650	32.7710
 2.0660	32.6840
 2.0670	32.6030
 2.0680	32.5210
 2.0690	32.4440
 2.0700	32.3790
 2.0710	32.3120
 2.0720	32.2410
 2.0730	32.1790
 2.0740	32.1150
 2.0750	32.0470
 2.0760	31.9890
 2.0770	31.9330
 2.0780	31.8830
 2.0790	31.8410
 2.0800	31.8030
 2.0810	31.7670
 2.0820	31.7360
 2.0830	31.7130
 2.0840	31.6890
 2.0850	31.6670
 2.0860	31.6470
 2.0870	31.6240
 2.0880	31.6120
 2.0890	31.5980
 2.0900	31.5860
 2.0910	31.5760
 2.0920	31.5680
 2.0930	31.5610
 2.0940	31.5550
 2.0950	31.5480
 2.0960	31.5360
 2.0970	31.5360
 2.0980	31.5440
 2.0990	31.5510
 2.1000	31.5660
 2.1010	31.5800
 2.1020	31.5920
 2.1030	31.6080
 2.1040	31.6280
 2.1050	31.6540
 2.1060	31.6750
 2.1070	31.6960
 2.1080	31.7210
 2.1090	31.7430
 2.1100	31.7780
 2.1110	31.8240
 2.1120	31.8680
 2.1130	31.9190
 2.1140	31.9660
 2.1150	32.0100
 2.1160	32.0560
 2.1170	32.1040
 2.1180	32.1510
 2.1190	32.2000
 2.1200	32.2490
 2.1210	32.2960
 2.1220	32.3510
 2.1230	32.3980
 2.1240	32.4430
 2.1250	32.4900
 2.1260	32.5320
 2.1270	32.5810
 2.1280	32.6350
 2.1290	32.6840
 2.1300	32.7310
 2.1310	32.7810
 2.1320	32.8310
 2.1330	32.8800
 2.1340	32.9320
 2.1350	32.9810
 2.1360	33.0220
 2.1370	33.0690
 2.1380	33.1180
 2.1390	33.1670
 2.1400	33.2160
 2.1410	33.2720
 2.1420	33.3260
 2.1430	33.3830
 2.1440	33.4360
 2.1450	33.4890
 2.1460	33.5410
 2.1470	33.5890
 2.1480	33.6380
 2.1490	33.6930
 2.1500	33.7370
 2.1510	33.7700
 2.1520	33.8130
 2.1530	33.8530
 2.1540	33.8960
 2.1550	33.9520
 2.1560	33.9970
 2.1570	34.0360
 2.1580	34.0760
 2.1590	34.1160
 2.1600	34.1480
 2.1610	34.1750
 2.1620	34.1990
 2.1630	34.2310
 2.1640	34.2610
 2.1650	34.2960
 2.1660	34.3410
 2.1670	34.3800
 2.1680	34.4160
 2.1690	34.4540
 2.1700	34.4970
 2.1710	34.5310
 2.1720	34.5590
 2.1730	34.5850
 2.1740	34.6040
 2.1750	34.6260
 2.1760	34.6450
 2.1770	34.6700
 2.1780	34.7030
 2.1790	34.7280
 2.1800	34.7580
 2.1810	34.7800
 2.1820	34.7860
 2.1830	34.7960
 2.1840	34.8150
 2.1850	34.8350
 2.1860	34.8560
 2.1870	34.8870
 2.1880	34.9070
 2.1890	34.9140
 2.1900	34.9370
 2.1910	34.9680
 2.1920	34.9930
 2.1930	35.0260
 2.1940	35.0490
 2.1950	35.0590
 2.1960	35.0790
 2.1970	35.1050
 2.1980	35.1240
 2.1990	35.1450
 2.2000	35.1590
 2.2010	35.1530
 2.2020	35.1640
 2.2030	35.1800
 2.2040	35.1950
 2.2050	35.2200
 2.2060	35.2440
 2.2070	35.2640
 2.2080	35.2800
 2.2090	35.2950
 2.2100	35.3100
 2.2110	35.3150
 2.2120	35.3090
 2.2130	35.3060
 2.2140	35.2980
 2.2150	35.2890
 2.2160	35.2810
 2.2170	35.2690
 2.2180	35.2550
 2.2190	35.2350
 2.2200	35.2130
 2.2210	35.1850
 2.2220	35.1510
 2.2230	35.1110
 2.2240	35.0650
 2.2250	35.0160
 2.2260	34.9650
 2.2270	34.9020
 2.2280	34.8370
 2.2290	34.7560
 2.2300	34.6560
 2.2310	34.5510
 2.2320	34.4470
 2.2330	34.3330
 2.2340	34.2180
 2.2350	34.1030
 2.2360	33.9800
 2.2370	33.8510
 2.2380	33.7100
 2.2390	33.5590
 2.2400	33.4120
 2.2410	33.2540
 2.2420	33.1050
 2.2430	32.9670
 2.2440	32.8150
 2.2450	32.6510
 2.2460	32.4970
 2.2470	32.3400
 2.2480	32.1850
 2.2490	32.0380
 2.2500	31.8890
 2.2510	31.7360
 2.2520	31.5890
 2.2530	31.4440
 2.2540	31.3040
 2.2550	31.1680
 2.2560	31.0370
 2.2570	30.9150
 2.2580	30.7920
 2.2590	30.6710
 2.2600	30.5520
 2.2610	30.4390
 2.2620	30.3140
 2.2630	30.2040
 2.2640	30.0930
 2.2650	29.9850
 2.2660	29.8970
 2.2670	29.8040
 2.2680	29.7090
 2.2690	29.6370
 2.2700	29.5760
 2.2710	29.5200
 2.2720	29.4830
 2.2730	29.4450
 2.2740	29.4060
 2.2750	29.3750
 2.2760	29.3510
 2.2770	29.3380
 2.2780	29.3270
 2.2790	29.3350
 2.2800	29.3650
 2.2810	29.3890
 2.2820	29.4270
 2.2830	29.4540
 2.2840	29.4780
 2.2850	29.5010
 2.2860	29.5210
 2.2870	29.5360
 2.2880	29.5480
 2.2890	29.5540
 2.2900	29.5520
 2.2910	29.5480
 2.2920	29.5400
 2.2930	29.5260
 2.2940	29.5040
 2.2950	29.4850
 2.2960	29.4740
 2.2970	29.4440
 2.2980	29.4060
 2.2990	29.3640
 2.3000	29.3140
 2.3010	29.2530
 2.3020	29.2030
 2.3030	29.1690
 2.3040	29.1180
 2.3050	29.0640
 2.3060	29.0130
 2.3070	28.9490
 2.3080	28.8840
 2.3090	28.8210
 2.3100	28.7620
 2.3110	28.6970
 2.3120	28.6430
 2.3130	28.6000
 2.3140	28.5560
 2.3150	28.5150
 2.3160	28.4790
 2.3170	28.4380
 2.3180	28.4170
 2.3190	28.4150
 2.3200	28.3990
 2.3210	28.3880
 2.3220	28.3790
 2.3230	28.3640
 2.3240	28.3470
 2.3250	28.3370
 2.3260	28.3230
 2.3270	28.3000
 2.3280	28.2750
 2.3290	28.2480
 2.3300	28.2260
 2.3310	28.1940
 2.3320	28.1770
 2.3330	28.1710
 2.3340	28.1640
 2.3350	28.1580
 2.3360	28.1560
 2.3370	28.1540
 2.3380	28.1640
 2.3390	28.1940
 2.3400	28.2050
 2.3410	28.2060
 2.3420	28.2220
 2.3430	28.2320
 2.3440	28.2470
 2.3450	28.2920
 2.3460	28.3070
 2.3470	28.2920
 2.3480	28.2930
 2.3490	28.2890
 2.3500	28.2930
 2.3510	28.3130
 2.3520	28.3280
 2.3530	28.3380
 2.3540	28.3550
 2.3550	28.3790
 2.3560	28.4210
 2.3570	28.4780
 2.3580	28.5260
 2.3590	28.5720
 2.3600	28.6140
 2.3610	28.6350
 2.3620	28.6560
 2.3630	28.6740
 2.3640	28.6700
 2.3650	28.6550
 2.3660	28.6660
 2.3670	28.6910
 2.3680	28.7010
 2.3690	28.7430
 2.3700	28.7850
 2.3710	28.7980
 2.3720	28.8240
 2.3730	28.8430
 2.3740	28.8460
 2.3750	28.8530
 2.3760	28.8520
 2.3770	28.8670
 2.3780	28.8700
 2.3790	28.8460
 2.3800	28.8470
 2.3810	28.8530
 2.3820	28.8410
 2.3830	28.8470
 2.3840	28.8680
 2.3850	28.8700
 2.3860	28.8930
 2.3870	28.9220
 2.3880	28.9320
 2.3890	28.9670
 2.3900	28.9740
 2.3910	28.9750
 2.3920	28.9940
 2.3930	28.9810
 2.3940	28.9800
 2.3950	28.9780
 2.3960	28.9580
 2.3970	28.9490
 2.3980	28.9440
 2.3990	28.9510
 2.4000	28.9620
 2.4010	28.9640
 2.4020	28.9500
 2.4030	28.9270
 2.4040	28.9070
 2.4050	28.8840
 2.4060	28.8700
 2.4070	28.8610
 2.4080	28.8300
 2.4090	28.7760
 2.4100	28.7140
 2.4110	28.6510
 2.4120	28.5890
 2.4130	28.5550
 2.4140	28.5110
 2.4150	28.4290
 2.4160	28.3780
 2.4170	28.3530
 2.4180	28.3110
 2.4190	28.2800
 2.4200	28.2560
 2.4210	28.1800
 2.4220	28.1000
 2.4230	28.0440
 2.4240	27.9560
 2.4250	27.8610
 2.4260	27.7700
 2.4270	27.6820
 2.4280	27.6000
 2.4290	27.4920
 2.4300	27.4140
 2.4310	27.3420
 2.4320	27.2570
 2.4330	27.2080
 2.4340	27.1210
 2.4350	26.9970
 2.4360	26.8790
 2.4370	26.7740
 2.4380	26.6620
 2.4390	26.5460
 2.4400	26.4250
 2.4410	26.2670
 2.4420	26.1490
 2.4430	26.0840
 2.4440	26.0050
 2.4450	25.9180
 2.4460	25.8140
 2.4470	25.6460
 2.4480	25.4560
 2.4490	25.2880
 2.4500	25.1580
 2.4510	25.0650
 2.4520	24.9900
 2.4530	24.9450
 2.4540	24.8660
 2.4550	24.7640
 2.4560	24.6610
 2.4570	24.5280
 2.4580	24.3840
 2.4590	24.2620
 2.4600	24.1640
 2.4610	24.0540
 2.4620	23.9630
 2.4630	23.9030
 2.4640	23.7730
 2.4650	23.6250
 2.4660	23.5290
 2.4670	23.3960
 2.4680	23.3160
 2.4690	23.3080
 2.4700	23.2020
 2.4710	23.0260
 2.4720	22.9100
 2.4730	22.7680
 2.4740	22.6700
 2.4750	22.6580
 2.4760	22.5830
 2.4770	22.4860
 2.4780	22.3910
 2.4790	22.2480
 2.4800	22.1940
 2.4810	22.1650
 2.4820	22.2010
 2.4830	22.2500
 2.4840	22.1590
 2.4850	22.1360
 2.4860	22.0630
 2.4870	21.9380
 2.4880	21.9390
 2.4890	21.8980
 2.4900	21.8510
 2.4910	21.8400
 2.4920	21.8160
 2.4930	21.7890
 2.4940	21.7830
 2.4950	21.8670
 2.4960	21.8910
 2.4970	21.9580
 2.4980	22.0490
 2.4990	22.0990
 2.5000	22.1970
