Name: Pinus coulteri dry needles
Type: non photosynthetic vegetation
Class: needles
Genus: Pinus
Species: coulteri
Sample No.: VH341
Owner: UCSB
Wavelength Range: VSWIR
Origin: 34.51457; -119.79877; WGS84
Collection Date: 3/18/2015
Description: Samples were collected as part of the HyspIRI Airborne Campaign proposal titled: HyspIRI discrimination of plant species and functional types along a strong environmental temperature gradient. The same materials were processed in the Nicolet and then measured using the ASD.
Measurement: Bidirectional reflectance
First Column: X
Second Column: Y
X Units: Wavelength (micrometers)
Y Units: Reflectance (percentage)
First X Value: 0.35
Last X Value: 2.5
Number of X Values: 2151
Additional Information: 

 0.3500	 3.3210
 0.3510	 3.1590
 0.3520	 3.2530
 0.3530	 3.4580
 0.3540	 3.5760
 0.3550	 3.5620
 0.3560	 3.3450
 0.3570	 3.2130
 0.3580	 3.4940
 0.3590	 3.2460
 0.3600	 3.1020
 0.3610	 3.2980
 0.3620	 3.2880
 0.3630	 3.2370
 0.3640	 3.2040
 0.3650	 3.2020
 0.3660	 3.1390
 0.3670	 3.2410
 0.3680	 3.4110
 0.3690	 3.3540
 0.3700	 3.2990
 0.3710	 3.2400
 0.3720	 3.1920
 0.3730	 3.2680
 0.3740	 3.2300
 0.3750	 3.1670
 0.3760	 3.2260
 0.3770	 3.3180
 0.3780	 3.1970
 0.3790	 3.0170
 0.3800	 3.2240
 0.3810	 3.2630
 0.3820	 3.1960
 0.3830	 3.1500
 0.3840	 3.1620
 0.3850	 3.2360
 0.3860	 3.2560
 0.3870	 3.1430
 0.3880	 3.2810
 0.3890	 3.3530
 0.3900	 3.2600
 0.3910	 3.1640
 0.3920	 3.1980
 0.3930	 3.2470
 0.3940	 3.2200
 0.3950	 3.2150
 0.3960	 3.2520
 0.3970	 3.2760
 0.3980	 3.2190
 0.3990	 3.2360
 0.4000	 3.3100
 0.4010	 3.3850
 0.4020	 3.3730
 0.4030	 3.3960
 0.4040	 3.4340
 0.4050	 3.4470
 0.4060	 3.4590
 0.4070	 3.5220
 0.4080	 3.6000
 0.4090	 3.6100
 0.4100	 3.6560
 0.4110	 3.7290
 0.4120	 3.7980
 0.4130	 3.7980
 0.4140	 3.8710
 0.4150	 3.9680
 0.4160	 4.0050
 0.4170	 4.0620
 0.4180	 4.1720
 0.4190	 4.3090
 0.4200	 4.3990
 0.4210	 4.4560
 0.4220	 4.5150
 0.4230	 4.5950
 0.4240	 4.6740
 0.4250	 4.7550
 0.4260	 4.8410
 0.4270	 4.9290
 0.4280	 5.0180
 0.4290	 5.1020
 0.4300	 5.1780
 0.4310	 5.2500
 0.4320	 5.3230
 0.4330	 5.3870
 0.4340	 5.4370
 0.4350	 5.5130
 0.4360	 5.5770
 0.4370	 5.6280
 0.4380	 5.6880
 0.4390	 5.7470
 0.4400	 5.7990
 0.4410	 5.8470
 0.4420	 5.9000
 0.4430	 5.9470
 0.4440	 5.9980
 0.4450	 6.0640
 0.4460	 6.1220
 0.4470	 6.1640
 0.4480	 6.1950
 0.4490	 6.2270
 0.4500	 6.2740
 0.4510	 6.3280
 0.4520	 6.3710
 0.4530	 6.3960
 0.4540	 6.4380
 0.4550	 6.4930
 0.4560	 6.5300
 0.4570	 6.5570
 0.4580	 6.5840
 0.4590	 6.6220
 0.4600	 6.6780
 0.4610	 6.7200
 0.4620	 6.7450
 0.4630	 6.7630
 0.4640	 6.7910
 0.4650	 6.8200
 0.4660	 6.8500
 0.4670	 6.8920
 0.4680	 6.9410
 0.4690	 6.9760
 0.4700	 6.9910
 0.4710	 7.0260
 0.4720	 7.0560
 0.4730	 7.0860
 0.4740	 7.1330
 0.4750	 7.1550
 0.4760	 7.1700
 0.4770	 7.1980
 0.4780	 7.2520
 0.4790	 7.2860
 0.4800	 7.2990
 0.4810	 7.3120
 0.4820	 7.3720
 0.4830	 7.4180
 0.4840	 7.4360
 0.4850	 7.4630
 0.4860	 7.4870
 0.4870	 7.5180
 0.4880	 7.5550
 0.4890	 7.5770
 0.4900	 7.5970
 0.4910	 7.6260
 0.4920	 7.6710
 0.4930	 7.7070
 0.4940	 7.7330
 0.4950	 7.7560
 0.4960	 7.7890
 0.4970	 7.8200
 0.4980	 7.8490
 0.4990	 7.8790
 0.5000	 7.9070
 0.5010	 7.9470
 0.5020	 7.9930
 0.5030	 8.0260
 0.5040	 8.0510
 0.5050	 8.0740
 0.5060	 8.1020
 0.5070	 8.1400
 0.5080	 8.1790
 0.5090	 8.2140
 0.5100	 8.2480
 0.5110	 8.2880
 0.5120	 8.3250
 0.5130	 8.3580
 0.5140	 8.3990
 0.5150	 8.4410
 0.5160	 8.4790
 0.5170	 8.5160
 0.5180	 8.5600
 0.5190	 8.5960
 0.5200	 8.6280
 0.5210	 8.6700
 0.5220	 8.7170
 0.5230	 8.7650
 0.5240	 8.8080
 0.5250	 8.8510
 0.5260	 8.8960
 0.5270	 8.9430
 0.5280	 8.9830
 0.5290	 9.0220
 0.5300	 9.0650
 0.5310	 9.1150
 0.5320	 9.1700
 0.5330	 9.2110
 0.5340	 9.2510
 0.5350	 9.3060
 0.5360	 9.3610
 0.5370	 9.4130
 0.5380	 9.4620
 0.5390	 9.5090
 0.5400	 9.5630
 0.5410	 9.6210
 0.5420	 9.6790
 0.5430	 9.7400
 0.5440	 9.7940
 0.5450	 9.8410
 0.5460	 9.8880
 0.5470	 9.9290
 0.5480	 9.9700
 0.5490	10.0160
 0.5500	10.0690
 0.5510	10.1140
 0.5520	10.1550
 0.5530	10.2010
 0.5540	10.2470
 0.5550	10.2920
 0.5560	10.3390
 0.5570	10.3880
 0.5580	10.4340
 0.5590	10.4780
 0.5600	10.5230
 0.5610	10.5740
 0.5620	10.6250
 0.5630	10.6750
 0.5640	10.7250
 0.5650	10.7790
 0.5660	10.8270
 0.5670	10.8690
 0.5680	10.9190
 0.5690	10.9690
 0.5700	11.0160
 0.5710	11.0560
 0.5720	11.0910
 0.5730	11.1240
 0.5740	11.1590
 0.5750	11.2010
 0.5760	11.2420
 0.5770	11.2850
 0.5780	11.3290
 0.5790	11.3700
 0.5800	11.4160
 0.5810	11.4620
 0.5820	11.5020
 0.5830	11.5510
 0.5840	11.6110
 0.5850	11.6790
 0.5860	11.7500
 0.5870	11.8040
 0.5880	11.8490
 0.5890	11.8970
 0.5900	11.9410
 0.5910	11.9900
 0.5920	12.0410
 0.5930	12.0890
 0.5940	12.1410
 0.5950	12.1830
 0.5960	12.2180
 0.5970	12.2760
 0.5980	12.3390
 0.5990	12.3960
 0.6000	12.4470
 0.6010	12.5070
 0.6020	12.5680
 0.6030	12.6280
 0.6040	12.6860
 0.6050	12.7440
 0.6060	12.8040
 0.6070	12.8650
 0.6080	12.9200
 0.6090	12.9840
 0.6100	13.0610
 0.6110	13.1420
 0.6120	13.2100
 0.6130	13.2620
 0.6140	13.3080
 0.6150	13.3670
 0.6160	13.4270
 0.6170	13.4860
 0.6180	13.5440
 0.6190	13.6030
 0.6200	13.6670
 0.6210	13.7350
 0.6220	13.8000
 0.6230	13.8590
 0.6240	13.9170
 0.6250	13.9770
 0.6260	14.0340
 0.6270	14.0980
 0.6280	14.1630
 0.6290	14.2220
 0.6300	14.2810
 0.6310	14.3420
 0.6320	14.4050
 0.6330	14.4690
 0.6340	14.5320
 0.6350	14.5940
 0.6360	14.6530
 0.6370	14.7120
 0.6380	14.7700
 0.6390	14.8280
 0.6400	14.8890
 0.6410	14.9530
 0.6420	15.0160
 0.6430	15.0770
 0.6440	15.1380
 0.6450	15.1990
 0.6460	15.2590
 0.6470	15.3170
 0.6480	15.3810
 0.6490	15.4460
 0.6500	15.5040
 0.6510	15.5510
 0.6520	15.6130
 0.6530	15.6770
 0.6540	15.7340
 0.6550	15.7960
 0.6560	15.8550
 0.6570	15.9110
 0.6580	15.9690
 0.6590	16.0320
 0.6600	16.0940
 0.6610	16.1520
 0.6620	16.2130
 0.6630	16.2710
 0.6640	16.3280
 0.6650	16.3870
 0.6660	16.4410
 0.6670	16.4990
 0.6680	16.5580
 0.6690	16.6150
 0.6700	16.6760
 0.6710	16.7360
 0.6720	16.7930
 0.6730	16.8460
 0.6740	16.9020
 0.6750	16.9620
 0.6760	17.0260
 0.6770	17.0840
 0.6780	17.1380
 0.6790	17.1940
 0.6800	17.2560
 0.6810	17.3160
 0.6820	17.3730
 0.6830	17.4280
 0.6840	17.4860
 0.6850	17.5440
 0.6860	17.5990
 0.6870	17.6540
 0.6880	17.7150
 0.6890	17.7730
 0.6900	17.8280
 0.6910	17.8850
 0.6920	17.9420
 0.6930	18.0000
 0.6940	18.0580
 0.6950	18.1090
 0.6960	18.1680
 0.6970	18.2260
 0.6980	18.2770
 0.6990	18.3290
 0.7000	18.3830
 0.7010	18.4380
 0.7020	18.4960
 0.7030	18.5510
 0.7040	18.6020
 0.7050	18.6510
 0.7060	18.7080
 0.7070	18.7620
 0.7080	18.8140
 0.7090	18.8670
 0.7100	18.9190
 0.7110	18.9710
 0.7120	19.0220
 0.7130	19.0700
 0.7140	19.1220
 0.7150	19.1740
 0.7160	19.2220
 0.7170	19.2700
 0.7180	19.3220
 0.7190	19.3750
 0.7200	19.4250
 0.7210	19.4760
 0.7220	19.5230
 0.7230	19.5670
 0.7240	19.6180
 0.7250	19.6690
 0.7260	19.7190
 0.7270	19.7670
 0.7280	19.8180
 0.7290	19.8700
 0.7300	19.9220
 0.7310	19.9750
 0.7320	20.0200
 0.7330	20.0650
 0.7340	20.1130
 0.7350	20.1660
 0.7360	20.2180
 0.7370	20.2670
 0.7380	20.3140
 0.7390	20.3600
 0.7400	20.4130
 0.7410	20.4670
 0.7420	20.5170
 0.7430	20.5620
 0.7440	20.6070
 0.7450	20.6540
 0.7460	20.7020
 0.7470	20.7510
 0.7480	20.8020
 0.7490	20.8540
 0.7500	20.8990
 0.7510	20.9450
 0.7520	20.9930
 0.7530	21.0440
 0.7540	21.0910
 0.7550	21.1400
 0.7560	21.1900
 0.7570	21.2380
 0.7580	21.2800
 0.7590	21.3250
 0.7600	21.3770
 0.7610	21.4260
 0.7620	21.4720
 0.7630	21.5180
 0.7640	21.5680
 0.7650	21.6160
 0.7660	21.6620
 0.7670	21.7060
 0.7680	21.7510
 0.7690	21.7980
 0.7700	21.8480
 0.7710	21.8970
 0.7720	21.9370
 0.7730	21.9800
 0.7740	22.0280
 0.7750	22.0790
 0.7760	22.1180
 0.7770	22.1600
 0.7780	22.2090
 0.7790	22.2630
 0.7800	22.3120
 0.7810	22.3530
 0.7820	22.3900
 0.7830	22.4320
 0.7840	22.4740
 0.7850	22.5180
 0.7860	22.5640
 0.7870	22.6040
 0.7880	22.6430
 0.7890	22.6860
 0.7900	22.7330
 0.7910	22.7750
 0.7920	22.8100
 0.7930	22.8470
 0.7940	22.8960
 0.7950	22.9380
 0.7960	22.9770
 0.7970	23.0180
 0.7980	23.0610
 0.7990	23.1030
 0.8000	23.1410
 0.8010	23.1750
 0.8020	23.2100
 0.8030	23.2530
 0.8040	23.2960
 0.8050	23.3280
 0.8060	23.3590
 0.8070	23.3970
 0.8080	23.4380
 0.8090	23.4710
 0.8100	23.5110
 0.8110	23.5490
 0.8120	23.5810
 0.8130	23.6110
 0.8140	23.6470
 0.8150	23.6880
 0.8160	23.7250
 0.8170	23.7520
 0.8180	23.7860
 0.8190	23.8260
 0.8200	23.8600
 0.8210	23.8950
 0.8220	23.9280
 0.8230	23.9570
 0.8240	23.9840
 0.8250	24.0160
 0.8260	24.0450
 0.8270	24.0730
 0.8280	24.1130
 0.8290	24.1490
 0.8300	24.1800
 0.8310	24.2110
 0.8320	24.2450
 0.8330	24.2720
 0.8340	24.2990
 0.8350	24.3350
 0.8360	24.3660
 0.8370	24.3950
 0.8380	24.4230
 0.8390	24.4520
 0.8400	24.4860
 0.8410	24.5140
 0.8420	24.5380
 0.8430	24.5720
 0.8440	24.6070
 0.8450	24.6360
 0.8460	24.6610
 0.8470	24.6910
 0.8480	24.7190
 0.8490	24.7490
 0.8500	24.7850
 0.8510	24.8040
 0.8520	24.8310
 0.8530	24.8680
 0.8540	24.8980
 0.8550	24.9200
 0.8560	24.9440
 0.8570	24.9750
 0.8580	25.0120
 0.8590	25.0230
 0.8600	25.0460
 0.8610	25.0970
 0.8620	25.1370
 0.8630	25.1630
 0.8640	25.1790
 0.8650	25.1960
 0.8660	25.2260
 0.8670	25.2590
 0.8680	25.2880
 0.8690	25.3100
 0.8700	25.3400
 0.8710	25.3690
 0.8720	25.3940
 0.8730	25.4200
 0.8740	25.4530
 0.8750	25.4780
 0.8760	25.4970
 0.8770	25.5350
 0.8780	25.5680
 0.8790	25.5920
 0.8800	25.6110
 0.8810	25.6340
 0.8820	25.6550
 0.8830	25.6820
 0.8840	25.7150
 0.8850	25.7390
 0.8860	25.7640
 0.8870	25.7890
 0.8880	25.8110
 0.8890	25.8380
 0.8900	25.8670
 0.8910	25.8950
 0.8920	25.9190
 0.8930	25.9390
 0.8940	25.9640
 0.8950	25.9930
 0.8960	26.0200
 0.8970	26.0500
 0.8980	26.0770
 0.8990	26.0960
 0.9000	26.1130
 0.9010	26.1310
 0.9020	26.1550
 0.9030	26.1810
 0.9040	26.1940
 0.9050	26.2260
 0.9060	26.2570
 0.9070	26.2740
 0.9080	26.2840
 0.9090	26.3090
 0.9100	26.3380
 0.9110	26.3590
 0.9120	26.3790
 0.9130	26.4090
 0.9140	26.4370
 0.9150	26.4540
 0.9160	26.4830
 0.9170	26.5040
 0.9180	26.5190
 0.9190	26.5370
 0.9200	26.5670
 0.9210	26.5980
 0.9220	26.6230
 0.9230	26.6380
 0.9240	26.6600
 0.9250	26.6830
 0.9260	26.7040
 0.9270	26.7210
 0.9280	26.7400
 0.9290	26.7590
 0.9300	26.7820
 0.9310	26.8070
 0.9320	26.8400
 0.9330	26.8640
 0.9340	26.8750
 0.9350	26.8950
 0.9360	26.9120
 0.9370	26.9360
 0.9380	26.9680
 0.9390	26.9850
 0.9400	27.0040
 0.9410	27.0270
 0.9420	27.0540
 0.9430	27.0900
 0.9440	27.1120
 0.9450	27.1280
 0.9460	27.1480
 0.9470	27.1650
 0.9480	27.1800
 0.9490	27.1970
 0.9500	27.2190
 0.9510	27.2350
 0.9520	27.2420
 0.9530	27.2510
 0.9540	27.2690
 0.9550	27.2900
 0.9560	27.3130
 0.9570	27.3290
 0.9580	27.3350
 0.9590	27.3440
 0.9600	27.3650
 0.9610	27.3870
 0.9620	27.3940
 0.9630	27.3860
 0.9640	27.3870
 0.9650	27.4060
 0.9660	27.4350
 0.9670	27.4510
 0.9680	27.4470
 0.9690	27.4450
 0.9700	27.4710
 0.9710	27.4920
 0.9720	27.5010
 0.9730	27.5020
 0.9740	27.5020
 0.9750	27.5210
 0.9760	27.5430
 0.9770	27.5520
 0.9780	27.5480
 0.9790	27.5830
 0.9800	27.6130
 0.9810	27.6270
 0.9820	27.6350
 0.9830	27.6410
 0.9840	27.6420
 0.9850	27.6510
 0.9860	27.6840
 0.9870	27.7330
 0.9880	27.7640
 0.9890	27.7680
 0.9900	27.7580
 0.9910	27.7810
 0.9920	27.8050
 0.9930	27.8140
 0.9940	27.8090
 0.9950	27.8640
 0.9960	27.8940
 0.9970	27.8860
 0.9980	27.8710
 0.9990	27.8720
 1.0000	27.8750
 1.0010	27.8170
 1.0020	27.8020
 1.0030	27.8240
 1.0040	27.8470
 1.0050	27.8660
 1.0060	27.8890
 1.0070	27.9160
 1.0080	27.9420
 1.0090	27.9690
 1.0100	27.9930
 1.0110	28.0150
 1.0120	28.0380
 1.0130	28.0610
 1.0140	28.0860
 1.0150	28.1160
 1.0160	28.1380
 1.0170	28.1630
 1.0180	28.1870
 1.0190	28.2120
 1.0200	28.2400
 1.0210	28.2620
 1.0220	28.2860
 1.0230	28.3110
 1.0240	28.3350
 1.0250	28.3600
 1.0260	28.3890
 1.0270	28.4130
 1.0280	28.4300
 1.0290	28.4550
 1.0300	28.4870
 1.0310	28.5150
 1.0320	28.5460
 1.0330	28.5750
 1.0340	28.5970
 1.0350	28.6160
 1.0360	28.6400
 1.0370	28.6580
 1.0380	28.6790
 1.0390	28.7000
 1.0400	28.7270
 1.0410	28.7570
 1.0420	28.7850
 1.0430	28.8160
 1.0440	28.8430
 1.0450	28.8680
 1.0460	28.8930
 1.0470	28.9210
 1.0480	28.9450
 1.0490	28.9650
 1.0500	28.9890
 1.0510	29.0110
 1.0520	29.0370
 1.0530	29.0620
 1.0540	29.0880
 1.0550	29.1170
 1.0560	29.1500
 1.0570	29.1780
 1.0580	29.2070
 1.0590	29.2350
 1.0600	29.2580
 1.0610	29.2840
 1.0620	29.3130
 1.0630	29.3420
 1.0640	29.3690
 1.0650	29.3970
 1.0660	29.4290
 1.0670	29.4570
 1.0680	29.4840
 1.0690	29.5080
 1.0700	29.5370
 1.0710	29.5650
 1.0720	29.5940
 1.0730	29.6290
 1.0740	29.6590
 1.0750	29.6860
 1.0760	29.7160
 1.0770	29.7480
 1.0780	29.7760
 1.0790	29.8010
 1.0800	29.8280
 1.0810	29.8480
 1.0820	29.8770
 1.0830	29.9160
 1.0840	29.9470
 1.0850	29.9770
 1.0860	30.0070
 1.0870	30.0370
 1.0880	30.0580
 1.0890	30.0900
 1.0900	30.1320
 1.0910	30.1610
 1.0920	30.1870
 1.0930	30.2160
 1.0940	30.2410
 1.0950	30.2680
 1.0960	30.3000
 1.0970	30.3270
 1.0980	30.3490
 1.0990	30.3740
 1.1000	30.4030
 1.1010	30.4280
 1.1020	30.4530
 1.1030	30.4800
 1.1040	30.5010
 1.1050	30.5170
 1.1060	30.5390
 1.1070	30.5580
 1.1080	30.5820
 1.1090	30.6110
 1.1100	30.6350
 1.1110	30.6580
 1.1120	30.6800
 1.1130	30.6970
 1.1140	30.7160
 1.1150	30.7370
 1.1160	30.7560
 1.1170	30.7740
 1.1180	30.7930
 1.1190	30.8160
 1.1200	30.8340
 1.1210	30.8480
 1.1220	30.8590
 1.1230	30.8720
 1.1240	30.8810
 1.1250	30.8910
 1.1260	30.9030
 1.1270	30.9130
 1.1280	30.9170
 1.1290	30.9240
 1.1300	30.9320
 1.1310	30.9400
 1.1320	30.9460
 1.1330	30.9540
 1.1340	30.9650
 1.1350	30.9720
 1.1360	30.9790
 1.1370	30.9860
 1.1380	30.9910
 1.1390	30.9950
 1.1400	30.9970
 1.1410	30.9990
 1.1420	31.0040
 1.1430	31.0070
 1.1440	31.0090
 1.1450	31.0100
 1.1460	31.0110
 1.1470	31.0100
 1.1480	31.0110
 1.1490	31.0140
 1.1500	31.0130
 1.1510	31.0080
 1.1520	31.0060
 1.1530	31.0050
 1.1540	31.0040
 1.1550	31.0050
 1.1560	31.0040
 1.1570	31.0000
 1.1580	30.9980
 1.1590	30.9950
 1.1600	30.9930
 1.1610	30.9950
 1.1620	30.9950
 1.1630	30.9920
 1.1640	30.9920
 1.1650	30.9940
 1.1660	30.9990
 1.1670	31.0000
 1.1680	31.0030
 1.1690	31.0040
 1.1700	30.9970
 1.1710	30.9980
 1.1720	31.0060
 1.1730	31.0090
 1.1740	31.0120
 1.1750	31.0130
 1.1760	31.0110
 1.1770	31.0080
 1.1780	31.0070
 1.1790	31.0050
 1.1800	31.0000
 1.1810	30.9990
 1.1820	30.9970
 1.1830	30.9970
 1.1840	30.9970
 1.1850	30.9930
 1.1860	30.9930
 1.1870	30.9920
 1.1880	30.9900
 1.1890	30.9890
 1.1900	30.9910
 1.1910	30.9930
 1.1920	30.9990
 1.1930	31.0130
 1.1940	31.0230
 1.1950	31.0330
 1.1960	31.0460
 1.1970	31.0590
 1.1980	31.0720
 1.1990	31.0890
 1.2000	31.1050
 1.2010	31.1220
 1.2020	31.1440
 1.2030	31.1620
 1.2040	31.1830
 1.2050	31.2080
 1.2060	31.2300
 1.2070	31.2590
 1.2080	31.2870
 1.2090	31.3130
 1.2100	31.3440
 1.2110	31.3780
 1.2120	31.4110
 1.2130	31.4500
 1.2140	31.4940
 1.2150	31.5390
 1.2160	31.5870
 1.2170	31.6340
 1.2180	31.6840
 1.2190	31.7360
 1.2200	31.7870
 1.2210	31.8410
 1.2220	31.8950
 1.2230	31.9490
 1.2240	32.0060
 1.2250	32.0660
 1.2260	32.1290
 1.2270	32.1880
 1.2280	32.2460
 1.2290	32.3020
 1.2300	32.3530
 1.2310	32.4070
 1.2320	32.4630
 1.2330	32.5160
 1.2340	32.5690
 1.2350	32.6240
 1.2360	32.6770
 1.2370	32.7260
 1.2380	32.7760
 1.2390	32.8250
 1.2400	32.8710
 1.2410	32.9190
 1.2420	32.9640
 1.2430	33.0070
 1.2440	33.0500
 1.2450	33.0940
 1.2460	33.1370
 1.2470	33.1800
 1.2480	33.2240
 1.2490	33.2660
 1.2500	33.3050
 1.2510	33.3450
 1.2520	33.3820
 1.2530	33.4210
 1.2540	33.4610
 1.2550	33.4990
 1.2560	33.5410
 1.2570	33.5810
 1.2580	33.6180
 1.2590	33.6560
 1.2600	33.6960
 1.2610	33.7330
 1.2620	33.7660
 1.2630	33.8050
 1.2640	33.8420
 1.2650	33.8780
 1.2660	33.9200
 1.2670	33.9570
 1.2680	33.9900
 1.2690	34.0230
 1.2700	34.0530
 1.2710	34.0840
 1.2720	34.1190
 1.2730	34.1570
 1.2740	34.1970
 1.2750	34.2330
 1.2760	34.2660
 1.2770	34.2990
 1.2780	34.3300
 1.2790	34.3660
 1.2800	34.4060
 1.2810	34.4440
 1.2820	34.4830
 1.2830	34.5230
 1.2840	34.5630
 1.2850	34.6040
 1.2860	34.6450
 1.2870	34.6810
 1.2880	34.7130
 1.2890	34.7430
 1.2900	34.7760
 1.2910	34.8120
 1.2920	34.8530
 1.2930	34.8910
 1.2940	34.9270
 1.2950	34.9640
 1.2960	34.9980
 1.2970	35.0360
 1.2980	35.0740
 1.2990	35.1070
 1.3000	35.1400
 1.3010	35.1730
 1.3020	35.2080
 1.3030	35.2430
 1.3040	35.2740
 1.3050	35.3000
 1.3060	35.3240
 1.3070	35.3480
 1.3080	35.3710
 1.3090	35.3960
 1.3100	35.4230
 1.3110	35.4460
 1.3120	35.4650
 1.3130	35.4870
 1.3140	35.5050
 1.3150	35.5220
 1.3160	35.5360
 1.3170	35.5490
 1.3180	35.5590
 1.3190	35.5700
 1.3200	35.5820
 1.3210	35.5940
 1.3220	35.6040
 1.3230	35.6060
 1.3240	35.6050
 1.3250	35.6050
 1.3260	35.6030
 1.3270	35.5980
 1.3280	35.5950
 1.3290	35.5880
 1.3300	35.5770
 1.3310	35.5640
 1.3320	35.5480
 1.3330	35.5280
 1.3340	35.5100
 1.3350	35.4900
 1.3360	35.4690
 1.3370	35.4420
 1.3380	35.4120
 1.3390	35.3810
 1.3400	35.3460
 1.3410	35.3100
 1.3420	35.2720
 1.3430	35.2290
 1.3440	35.1840
 1.3450	35.1380
 1.3460	35.0910
 1.3470	35.0450
 1.3480	34.9990
 1.3490	34.9520
 1.3500	34.9040
 1.3510	34.8570
 1.3520	34.8110
 1.3530	34.7650
 1.3540	34.7210
 1.3550	34.6770
 1.3560	34.6330
 1.3570	34.5890
 1.3580	34.5460
 1.3590	34.5020
 1.3600	34.4570
 1.3610	34.4140
 1.3620	34.3710
 1.3630	34.3320
 1.3640	34.2960
 1.3650	34.2590
 1.3660	34.2230
 1.3670	34.1860
 1.3680	34.1480
 1.3690	34.1130
 1.3700	34.0770
 1.3710	34.0410
 1.3720	34.0040
 1.3730	33.9630
 1.3740	33.9220
 1.3750	33.8780
 1.3760	33.8300
 1.3770	33.7790
 1.3780	33.7210
 1.3790	33.6600
 1.3800	33.5970
 1.3810	33.5310
 1.3820	33.4610
 1.3830	33.3920
 1.3840	33.3100
 1.3850	33.2220
 1.3860	33.1260
 1.3870	33.0210
 1.3880	32.9120
 1.3890	32.7970
 1.3900	32.6750
 1.3910	32.5470
 1.3920	32.4110
 1.3930	32.2700
 1.3940	32.1220
 1.3950	31.9650
 1.3960	31.8010
 1.3970	31.6310
 1.3980	31.4520
 1.3990	31.2700
 1.4000	31.0820
 1.4010	30.8890
 1.4020	30.6870
 1.4030	30.4780
 1.4040	30.2630
 1.4050	30.0410
 1.4060	29.8170
 1.4070	29.5910
 1.4080	29.3650
 1.4090	29.1390
 1.4100	28.9140
 1.4110	28.6920
 1.4120	28.4710
 1.4130	28.2540
 1.4140	28.0400
 1.4150	27.8340
 1.4160	27.6340
 1.4170	27.4410
 1.4180	27.2540
 1.4190	27.0730
 1.4200	26.9000
 1.4210	26.7330
 1.4220	26.5750
 1.4230	26.4280
 1.4240	26.2880
 1.4250	26.1580
 1.4260	26.0390
 1.4270	25.9250
 1.4280	25.8180
 1.4290	25.7210
 1.4300	25.6310
 1.4310	25.5510
 1.4320	25.4800
 1.4330	25.4160
 1.4340	25.3610
 1.4350	25.3110
 1.4360	25.2670
 1.4370	25.2310
 1.4380	25.1990
 1.4390	25.1700
 1.4400	25.1460
 1.4410	25.1260
 1.4420	25.1090
 1.4430	25.0990
 1.4440	25.0930
 1.4450	25.0890
 1.4460	25.0910
 1.4470	25.0990
 1.4480	25.1080
 1.4490	25.1180
 1.4500	25.1300
 1.4510	25.1400
 1.4520	25.1520
 1.4530	25.1660
 1.4540	25.1800
 1.4550	25.1960
 1.4560	25.2100
 1.4570	25.2240
 1.4580	25.2430
 1.4590	25.2600
 1.4600	25.2780
 1.4610	25.2990
 1.4620	25.3180
 1.4630	25.3410
 1.4640	25.3620
 1.4650	25.3860
 1.4660	25.4130
 1.4670	25.4380
 1.4680	25.4680
 1.4690	25.5030
 1.4700	25.5390
 1.4710	25.5770
 1.4720	25.6160
 1.4730	25.6560
 1.4740	25.6950
 1.4750	25.7380
 1.4760	25.7830
 1.4770	25.8290
 1.4780	25.8790
 1.4790	25.9270
 1.4800	25.9770
 1.4810	26.0280
 1.4820	26.0780
 1.4830	26.1260
 1.4840	26.1720
 1.4850	26.2190
 1.4860	26.2660
 1.4870	26.3160
 1.4880	26.3700
 1.4890	26.4230
 1.4900	26.4770
 1.4910	26.5320
 1.4920	26.5860
 1.4930	26.6380
 1.4940	26.6930
 1.4950	26.7490
 1.4960	26.8060
 1.4970	26.8650
 1.4980	26.9230
 1.4990	26.9830
 1.5000	27.0400
 1.5010	27.0940
 1.5020	27.1500
 1.5030	27.2040
 1.5040	27.2600
 1.5050	27.3180
 1.5060	27.3740
 1.5070	27.4280
 1.5080	27.4810
 1.5090	27.5320
 1.5100	27.5840
 1.5110	27.6370
 1.5120	27.6900
 1.5130	27.7430
 1.5140	27.7960
 1.5150	27.8520
 1.5160	27.9070
 1.5170	27.9620
 1.5180	28.0150
 1.5190	28.0630
 1.5200	28.1110
 1.5210	28.1570
 1.5220	28.2060
 1.5230	28.2520
 1.5240	28.2980
 1.5250	28.3430
 1.5260	28.3860
 1.5270	28.4320
 1.5280	28.4770
 1.5290	28.5200
 1.5300	28.5620
 1.5310	28.5980
 1.5320	28.6340
 1.5330	28.6700
 1.5340	28.7060
 1.5350	28.7460
 1.5360	28.7830
 1.5370	28.8210
 1.5380	28.8570
 1.5390	28.8900
 1.5400	28.9230
 1.5410	28.9550
 1.5420	28.9880
 1.5430	29.0260
 1.5440	29.0620
 1.5450	29.0960
 1.5460	29.1330
 1.5470	29.1650
 1.5480	29.1970
 1.5490	29.2350
 1.5500	29.2680
 1.5510	29.3030
 1.5520	29.3410
 1.5530	29.3720
 1.5540	29.4070
 1.5550	29.4450
 1.5560	29.4770
 1.5570	29.5120
 1.5580	29.5470
 1.5590	29.5800
 1.5600	29.6140
 1.5610	29.6490
 1.5620	29.6820
 1.5630	29.7160
 1.5640	29.7500
 1.5650	29.7810
 1.5660	29.8140
 1.5670	29.8490
 1.5680	29.8810
 1.5690	29.9180
 1.5700	29.9520
 1.5710	29.9840
 1.5720	30.0210
 1.5730	30.0580
 1.5740	30.0960
 1.5750	30.1350
 1.5760	30.1730
 1.5770	30.2110
 1.5780	30.2490
 1.5790	30.2880
 1.5800	30.3280
 1.5810	30.3660
 1.5820	30.4050
 1.5830	30.4450
 1.5840	30.4870
 1.5850	30.5290
 1.5860	30.5740
 1.5870	30.6190
 1.5880	30.6630
 1.5890	30.7130
 1.5900	30.7640
 1.5910	30.8150
 1.5920	30.8700
 1.5930	30.9230
 1.5940	30.9770
 1.5950	31.0340
 1.5960	31.0910
 1.5970	31.1530
 1.5980	31.2160
 1.5990	31.2830
 1.6000	31.3520
 1.6010	31.4150
 1.6020	31.4780
 1.6030	31.5450
 1.6040	31.6080
 1.6050	31.6730
 1.6060	31.7420
 1.6070	31.8070
 1.6080	31.8720
 1.6090	31.9370
 1.6100	31.9960
 1.6110	32.0540
 1.6120	32.1070
 1.6130	32.1600
 1.6140	32.2130
 1.6150	32.2650
 1.6160	32.3170
 1.6170	32.3680
 1.6180	32.4180
 1.6190	32.4690
 1.6200	32.5160
 1.6210	32.5630
 1.6220	32.6080
 1.6230	32.6490
 1.6240	32.6930
 1.6250	32.7350
 1.6260	32.7690
 1.6270	32.8050
 1.6280	32.8340
 1.6290	32.8680
 1.6300	32.9060
 1.6310	32.9430
 1.6320	32.9840
 1.6330	33.0220
 1.6340	33.0600
 1.6350	33.0950
 1.6360	33.1260
 1.6370	33.1570
 1.6380	33.1860
 1.6390	33.2130
 1.6400	33.2380
 1.6410	33.2600
 1.6420	33.2810
 1.6430	33.2970
 1.6440	33.3110
 1.6450	33.3170
 1.6460	33.3180
 1.6470	33.3160
 1.6480	33.3090
 1.6490	33.3030
 1.6500	33.2930
 1.6510	33.2790
 1.6520	33.2590
 1.6530	33.2350
 1.6540	33.2100
 1.6550	33.1840
 1.6560	33.1590
 1.6570	33.1310
 1.6580	33.0960
 1.6590	33.0580
 1.6600	33.0150
 1.6610	32.9730
 1.6620	32.9310
 1.6630	32.8870
 1.6640	32.8430
 1.6650	32.7960
 1.6660	32.7500
 1.6670	32.7070
 1.6680	32.6660
 1.6690	32.6320
 1.6700	32.6010
 1.6710	32.5730
 1.6720	32.5410
 1.6730	32.5070
 1.6740	32.4720
 1.6750	32.4350
 1.6760	32.4040
 1.6770	32.3780
 1.6780	32.3480
 1.6790	32.3210
 1.6800	32.2920
 1.6810	32.2550
 1.6820	32.2170
 1.6830	32.1750
 1.6840	32.1270
 1.6850	32.0820
 1.6860	32.0340
 1.6870	31.9830
 1.6880	31.9310
 1.6890	31.8690
 1.6900	31.8080
 1.6910	31.7440
 1.6920	31.6790
 1.6930	31.6120
 1.6940	31.5450
 1.6950	31.4770
 1.6960	31.4080
 1.6970	31.3410
 1.6980	31.2700
 1.6990	31.1960
 1.7000	31.1230
 1.7010	31.0470
 1.7020	30.9740
 1.7030	30.9030
 1.7040	30.8290
 1.7050	30.7550
 1.7060	30.6790
 1.7070	30.5960
 1.7080	30.5250
 1.7090	30.4550
 1.7100	30.3900
 1.7110	30.3330
 1.7120	30.2690
 1.7130	30.2070
 1.7140	30.1430
 1.7150	30.0790
 1.7160	30.0190
 1.7170	29.9580
 1.7180	29.9020
 1.7190	29.8470
 1.7200	29.7920
 1.7210	29.7440
 1.7220	29.6950
 1.7230	29.6540
 1.7240	29.6220
 1.7250	29.5950
 1.7260	29.5780
 1.7270	29.5690
 1.7280	29.5720
 1.7290	29.5840
 1.7300	29.6140
 1.7310	29.6500
 1.7320	29.6950
 1.7330	29.7450
 1.7340	29.8060
 1.7350	29.8660
 1.7360	29.9360
 1.7370	29.9960
 1.7380	30.0560
 1.7390	30.1070
 1.7400	30.1490
 1.7410	30.1850
 1.7420	30.2160
 1.7430	30.2380
 1.7440	30.2490
 1.7450	30.2580
 1.7460	30.2550
 1.7470	30.2580
 1.7480	30.2610
 1.7490	30.2590
 1.7500	30.2560
 1.7510	30.2520
 1.7520	30.2390
 1.7530	30.2370
 1.7540	30.2400
 1.7550	30.2380
 1.7560	30.2390
 1.7570	30.2440
 1.7580	30.2510
 1.7590	30.2660
 1.7600	30.2860
 1.7610	30.3010
 1.7620	30.3240
 1.7630	30.3520
 1.7640	30.3860
 1.7650	30.4330
 1.7660	30.4770
 1.7670	30.5240
 1.7680	30.5690
 1.7690	30.6130
 1.7700	30.6570
 1.7710	30.7010
 1.7720	30.7450
 1.7730	30.7910
 1.7740	30.8320
 1.7750	30.8720
 1.7760	30.9070
 1.7770	30.9350
 1.7780	30.9670
 1.7790	30.9990
 1.7800	31.0280
 1.7810	31.0600
 1.7820	31.0840
 1.7830	31.1030
 1.7840	31.1210
 1.7850	31.1350
 1.7860	31.1530
 1.7870	31.1700
 1.7880	31.1940
 1.7890	31.2130
 1.7900	31.2330
 1.7910	31.2530
 1.7920	31.2690
 1.7930	31.2880
 1.7940	31.3090
 1.7950	31.3290
 1.7960	31.3480
 1.7970	31.3710
 1.7980	31.3940
 1.7990	31.4190
 1.8000	31.4490
 1.8010	31.4740
 1.8020	31.4970
 1.8030	31.5210
 1.8040	31.5440
 1.8050	31.5670
 1.8060	31.5930
 1.8070	31.6150
 1.8080	31.6340
 1.8090	31.6580
 1.8100	31.6850
 1.8110	31.7100
 1.8120	31.7370
 1.8130	31.7540
 1.8140	31.7710
 1.8150	31.7910
 1.8160	31.8100
 1.8170	31.8360
 1.8180	31.8610
 1.8190	31.8860
 1.8200	31.9090
 1.8210	31.9220
 1.8220	31.9450
 1.8230	31.9720
 1.8240	31.9970
 1.8250	32.0280
 1.8260	32.0560
 1.8270	32.0780
 1.8280	32.1030
 1.8290	32.1320
 1.8300	32.0980
 1.8310	31.9810
 1.8320	31.9590
 1.8330	31.9940
 1.8340	32.0270
 1.8350	32.0670
 1.8360	32.1060
 1.8370	32.1420
 1.8380	32.1800
 1.8390	32.2120
 1.8400	32.2290
 1.8410	32.2610
 1.8420	32.3000
 1.8430	32.3380
 1.8440	32.3790
 1.8450	32.4200
 1.8460	32.4450
 1.8470	32.4630
 1.8480	32.4820
 1.8490	32.4990
 1.8500	32.5130
 1.8510	32.5270
 1.8520	32.5390
 1.8530	32.5440
 1.8540	32.5380
 1.8550	32.5310
 1.8560	32.5290
 1.8570	32.5190
 1.8580	32.5030
 1.8590	32.4780
 1.8600	32.4490
 1.8610	32.4050
 1.8620	32.3570
 1.8630	32.3050
 1.8640	32.2430
 1.8650	32.1750
 1.8660	32.0980
 1.8670	32.0110
 1.8680	31.9160
 1.8690	31.8140
 1.8700	31.6970
 1.8710	31.5700
 1.8720	31.4280
 1.8730	31.2770
 1.8740	31.1080
 1.8750	30.9270
 1.8760	30.7380
 1.8770	30.5340
 1.8780	30.3230
 1.8790	30.1000
 1.8800	29.8570
 1.8810	29.6000
 1.8820	29.3250
 1.8830	29.0200
 1.8840	28.6950
 1.8850	28.3470
 1.8860	27.9820
 1.8870	27.6090
 1.8880	27.2260
 1.8890	26.8360
 1.8900	26.4410
 1.8910	26.0370
 1.8920	25.6240
 1.8930	25.2010
 1.8940	24.7740
 1.8950	24.3520
 1.8960	23.9320
 1.8970	23.5180
 1.8980	23.1150
 1.8990	22.7180
 1.9000	22.3330
 1.9010	21.9530
 1.9020	21.5930
 1.9030	21.2460
 1.9040	20.9150
 1.9050	20.6040
 1.9060	20.3180
 1.9070	20.0540
 1.9080	19.8100
 1.9090	19.5880
 1.9100	19.3850
 1.9110	19.1990
 1.9120	19.0370
 1.9130	18.8830
 1.9140	18.7440
 1.9150	18.6190
 1.9160	18.5080
 1.9170	18.4110
 1.9180	18.3320
 1.9190	18.2650
 1.9200	18.2110
 1.9210	18.1710
 1.9220	18.1390
 1.9230	18.1210
 1.9240	18.1090
 1.9250	18.1030
 1.9260	18.1050
 1.9270	18.1170
 1.9280	18.1410
 1.9290	18.1760
 1.9300	18.2170
 1.9310	18.2590
 1.9320	18.3060
 1.9330	18.3590
 1.9340	18.4130
 1.9350	18.4760
 1.9360	18.5510
 1.9370	18.6240
 1.9380	18.6990
 1.9390	18.7800
 1.9400	18.8610
 1.9410	18.9440
 1.9420	19.0310
 1.9430	19.1220
 1.9440	19.2140
 1.9450	19.3070
 1.9460	19.4020
 1.9470	19.5030
 1.9480	19.5980
 1.9490	19.6900
 1.9500	19.7870
 1.9510	19.8810
 1.9520	19.9730
 1.9530	20.0720
 1.9540	20.1680
 1.9550	20.2620
 1.9560	20.3520
 1.9570	20.4460
 1.9580	20.5380
 1.9590	20.6310
 1.9600	20.7280
 1.9610	20.8200
 1.9620	20.9080
 1.9630	20.9960
 1.9640	21.0870
 1.9650	21.1780
 1.9660	21.2630
 1.9670	21.3520
 1.9680	21.4430
 1.9690	21.5310
 1.9700	21.6240
 1.9710	21.7270
 1.9720	21.8210
 1.9730	21.9120
 1.9740	22.0000
 1.9750	22.0870
 1.9760	22.1760
 1.9770	22.2670
 1.9780	22.3530
 1.9790	22.4370
 1.9800	22.5180
 1.9810	22.6000
 1.9820	22.6820
 1.9830	22.7640
 1.9840	22.8480
 1.9850	22.9290
 1.9860	23.0090
 1.9870	23.0860
 1.9880	23.1640
 1.9890	23.2410
 1.9900	23.3210
 1.9910	23.4000
 1.9920	23.4750
 1.9930	23.5500
 1.9940	23.6160
 1.9950	23.6760
 1.9960	23.7340
 1.9970	23.7860
 1.9980	23.8380
 1.9990	23.8900
 2.0000	23.9360
 2.0010	23.9760
 2.0020	24.0140
 2.0030	24.0490
 2.0040	24.0760
 2.0050	24.1030
 2.0060	24.1310
 2.0070	24.1510
 2.0080	24.1640
 2.0090	24.1750
 2.0100	24.1790
 2.0110	24.1830
 2.0120	24.1830
 2.0130	24.1820
 2.0140	24.1760
 2.0150	24.1660
 2.0160	24.1580
 2.0170	24.1410
 2.0180	24.1170
 2.0190	24.0860
 2.0200	24.0530
 2.0210	24.0120
 2.0220	23.9670
 2.0230	23.9190
 2.0240	23.8670
 2.0250	23.8060
 2.0260	23.7430
 2.0270	23.6770
 2.0280	23.6130
 2.0290	23.5410
 2.0300	23.4670
 2.0310	23.3970
 2.0320	23.3300
 2.0330	23.2530
 2.0340	23.1730
 2.0350	23.0950
 2.0360	23.0100
 2.0370	22.9260
 2.0380	22.8450
 2.0390	22.7630
 2.0400	22.6770
 2.0410	22.5900
 2.0420	22.5040
 2.0430	22.4170
 2.0440	22.3280
 2.0450	22.2320
 2.0460	22.1420
 2.0470	22.0540
 2.0480	21.9660
 2.0490	21.8750
 2.0500	21.7930
 2.0510	21.7120
 2.0520	21.6360
 2.0530	21.5700
 2.0540	21.5020
 2.0550	21.4320
 2.0560	21.3680
 2.0570	21.3070
 2.0580	21.2450
 2.0590	21.1840
 2.0600	21.1230
 2.0610	21.0650
 2.0620	21.0060
 2.0630	20.9500
 2.0640	20.8990
 2.0650	20.8470
 2.0660	20.7960
 2.0670	20.7450
 2.0680	20.6940
 2.0690	20.6440
 2.0700	20.5930
 2.0710	20.5440
 2.0720	20.4920
 2.0730	20.4460
 2.0740	20.4030
 2.0750	20.3630
 2.0760	20.3270
 2.0770	20.2990
 2.0780	20.2680
 2.0790	20.2400
 2.0800	20.2130
 2.0810	20.1890
 2.0820	20.1630
 2.0830	20.1370
 2.0840	20.1120
 2.0850	20.0830
 2.0860	20.0600
 2.0870	20.0420
 2.0880	20.0250
 2.0890	20.0090
 2.0900	19.9970
 2.0910	19.9790
 2.0920	19.9560
 2.0930	19.9400
 2.0940	19.9220
 2.0950	19.9080
 2.0960	19.8990
 2.0970	19.8880
 2.0980	19.8790
 2.0990	19.8690
 2.1000	19.8600
 2.1010	19.8510
 2.1020	19.8390
 2.1030	19.8310
 2.1040	19.8240
 2.1050	19.8220
 2.1060	19.8210
 2.1070	19.8230
 2.1080	19.8260
 2.1090	19.8300
 2.1100	19.8370
 2.1110	19.8460
 2.1120	19.8550
 2.1130	19.8650
 2.1140	19.8770
 2.1150	19.8910
 2.1160	19.9040
 2.1170	19.9200
 2.1180	19.9330
 2.1190	19.9440
 2.1200	19.9560
 2.1210	19.9670
 2.1220	19.9840
 2.1230	19.9960
 2.1240	20.0090
 2.1250	20.0210
 2.1260	20.0300
 2.1270	20.0430
 2.1280	20.0600
 2.1290	20.0730
 2.1300	20.0820
 2.1310	20.0970
 2.1320	20.1150
 2.1330	20.1300
 2.1340	20.1540
 2.1350	20.1670
 2.1360	20.1650
 2.1370	20.1760
 2.1380	20.1890
 2.1390	20.2040
 2.1400	20.2240
 2.1410	20.2530
 2.1420	20.2780
 2.1430	20.3010
 2.1440	20.3240
 2.1450	20.3460
 2.1460	20.3710
 2.1470	20.3930
 2.1480	20.4220
 2.1490	20.4600
 2.1500	20.4910
 2.1510	20.5180
 2.1520	20.5490
 2.1530	20.5770
 2.1540	20.6100
 2.1550	20.6480
 2.1560	20.6860
 2.1570	20.7250
 2.1580	20.7630
 2.1590	20.8050
 2.1600	20.8440
 2.1610	20.8820
 2.1620	20.9190
 2.1630	20.9550
 2.1640	20.9870
 2.1650	21.0220
 2.1660	21.0540
 2.1670	21.0890
 2.1680	21.1260
 2.1690	21.1640
 2.1700	21.2030
 2.1710	21.2450
 2.1720	21.2940
 2.1730	21.3340
 2.1740	21.3740
 2.1750	21.4090
 2.1760	21.4350
 2.1770	21.4650
 2.1780	21.4970
 2.1790	21.5270
 2.1800	21.5540
 2.1810	21.5860
 2.1820	21.6210
 2.1830	21.6570
 2.1840	21.6930
 2.1850	21.7340
 2.1860	21.7680
 2.1870	21.7950
 2.1880	21.8270
 2.1890	21.8560
 2.1900	21.8910
 2.1910	21.9350
 2.1920	21.9680
 2.1930	22.0000
 2.1940	22.0280
 2.1950	22.0420
 2.1960	22.0670
 2.1970	22.1020
 2.1980	22.1280
 2.1990	22.1520
 2.2000	22.1770
 2.2010	22.1970
 2.2020	22.2160
 2.2030	22.2380
 2.2040	22.2570
 2.2050	22.2710
 2.2060	22.2830
 2.2070	22.2970
 2.2080	22.3100
 2.2090	22.3280
 2.2100	22.3490
 2.2110	22.3660
 2.2120	22.3860
 2.2130	22.3990
 2.2140	22.4080
 2.2150	22.4090
 2.2160	22.4000
 2.2170	22.3970
 2.2180	22.3930
 2.2190	22.3840
 2.2200	22.3820
 2.2210	22.3660
 2.2220	22.3350
 2.2230	22.3100
 2.2240	22.2870
 2.2250	22.2510
 2.2260	22.2110
 2.2270	22.1640
 2.2280	22.1000
 2.2290	22.0420
 2.2300	21.9890
 2.2310	21.9300
 2.2320	21.8670
 2.2330	21.7910
 2.2340	21.7060
 2.2350	21.6040
 2.2360	21.5070
 2.2370	21.4040
 2.2380	21.3010
 2.2390	21.1990
 2.2400	21.0890
 2.2410	20.9740
 2.2420	20.8580
 2.2430	20.7400
 2.2440	20.6110
 2.2450	20.4680
 2.2460	20.3370
 2.2470	20.1960
 2.2480	20.0650
 2.2490	19.9500
 2.2500	19.8240
 2.2510	19.6960
 2.2520	19.5680
 2.2530	19.4400
 2.2540	19.3070
 2.2550	19.1640
 2.2560	19.0290
 2.2570	18.8980
 2.2580	18.7630
 2.2590	18.6310
 2.2600	18.5000
 2.2610	18.3680
 2.2620	18.2280
 2.2630	18.1150
 2.2640	18.0030
 2.2650	17.8850
 2.2660	17.7770
 2.2670	17.6680
 2.2680	17.5500
 2.2690	17.4520
 2.2700	17.3670
 2.2710	17.2900
 2.2720	17.2240
 2.2730	17.1590
 2.2740	17.1040
 2.2750	17.0490
 2.2760	16.9960
 2.2770	16.9550
 2.2780	16.9260
 2.2790	16.8950
 2.2800	16.8760
 2.2810	16.8470
 2.2820	16.8150
 2.2830	16.7820
 2.2840	16.7400
 2.2850	16.7060
 2.2860	16.6780
 2.2870	16.6420
 2.2880	16.6120
 2.2890	16.5690
 2.2900	16.5130
 2.2910	16.4580
 2.2920	16.3950
 2.2930	16.3340
 2.2940	16.2750
 2.2950	16.2080
 2.2960	16.1400
 2.2970	16.0650
 2.2980	15.9770
 2.2990	15.8870
 2.3000	15.8110
 2.3010	15.7360
 2.3020	15.6720
 2.3030	15.6220
 2.3040	15.5560
 2.3050	15.4940
 2.3060	15.4600
 2.3070	15.4330
 2.3080	15.4290
 2.3090	15.4330
 2.3100	15.4350
 2.3110	15.4520
 2.3120	15.4810
 2.3130	15.5260
 2.3140	15.5750
 2.3150	15.6380
 2.3160	15.6890
 2.3170	15.7410
 2.3180	15.7960
 2.3190	15.8520
 2.3200	15.9030
 2.3210	15.9630
 2.3220	16.0040
 2.3230	16.0310
 2.3240	16.0530
 2.3250	16.0720
 2.3260	16.0720
 2.3270	16.0580
 2.3280	16.0400
 2.3290	16.0030
 2.3300	15.9730
 2.3310	15.9370
 2.3320	15.9070
 2.3330	15.8800
 2.3340	15.8500
 2.3350	15.8280
 2.3360	15.7960
 2.3370	15.7570
 2.3380	15.7170
 2.3390	15.6730
 2.3400	15.6270
 2.3410	15.5700
 2.3420	15.5270
 2.3430	15.4860
 2.3440	15.4510
 2.3450	15.4280
 2.3460	15.4080
 2.3470	15.3860
 2.3480	15.3770
 2.3490	15.3800
 2.3500	15.3820
 2.3510	15.3890
 2.3520	15.4090
 2.3530	15.4320
 2.3540	15.4700
 2.3550	15.5180
 2.3560	15.5660
 2.3570	15.6130
 2.3580	15.6560
 2.3590	15.7030
 2.3600	15.7270
 2.3610	15.7380
 2.3620	15.7540
 2.3630	15.7600
 2.3640	15.7710
 2.3650	15.7950
 2.3660	15.7930
 2.3670	15.7810
 2.3680	15.7830
 2.3690	15.7620
 2.3700	15.7570
 2.3710	15.7540
 2.3720	15.7210
 2.3730	15.7060
 2.3740	15.6890
 2.3750	15.6790
 2.3760	15.6740
 2.3770	15.6580
 2.3780	15.6500
 2.3790	15.6360
 2.3800	15.6380
 2.3810	15.6540
 2.3820	15.6510
 2.3830	15.6430
 2.3840	15.6320
 2.3850	15.6240
 2.3860	15.6270
 2.3870	15.6220
 2.3880	15.6310
 2.3890	15.6560
 2.3900	15.6650
 2.3910	15.6770
 2.3920	15.6780
 2.3930	15.6640
 2.3940	15.6590
 2.3950	15.6690
 2.3960	15.6820
 2.3970	15.6830
 2.3980	15.6780
 2.3990	15.6760
 2.4000	15.6690
 2.4010	15.6490
 2.4020	15.6420
 2.4030	15.6440
 2.4040	15.6360
 2.4050	15.6380
 2.4060	15.6350
 2.4070	15.6130
 2.4080	15.5970
 2.4090	15.5810
 2.4100	15.5660
 2.4110	15.5500
 2.4120	15.5270
 2.4130	15.5110
 2.4140	15.4900
 2.4150	15.4780
 2.4160	15.4560
 2.4170	15.4310
 2.4180	15.4310
 2.4190	15.3960
 2.4200	15.3580
 2.4210	15.3260
 2.4220	15.2590
 2.4230	15.1970
 2.4240	15.1360
 2.4250	15.0740
 2.4260	15.0280
 2.4270	14.9870
 2.4280	14.9470
 2.4290	14.9100
 2.4300	14.8550
 2.4310	14.7970
 2.4320	14.7790
 2.4330	14.7490
 2.4340	14.6980
 2.4350	14.6600
 2.4360	14.5950
 2.4370	14.5200
 2.4380	14.4570
 2.4390	14.3760
 2.4400	14.2790
 2.4410	14.1890
 2.4420	14.1410
 2.4430	14.1230
 2.4440	14.1100
 2.4450	14.0690
 2.4460	14.0090
 2.4470	13.9540
 2.4480	13.8870
 2.4490	13.8450
 2.4500	13.7970
 2.4510	13.7030
 2.4520	13.6090
 2.4530	13.5220
 2.4540	13.4370
 2.4550	13.3830
 2.4560	13.3370
 2.4570	13.2850
 2.4580	13.2280
 2.4590	13.1300
 2.4600	13.0340
 2.4610	12.9750
 2.4620	12.8980
 2.4630	12.8470
 2.4640	12.7960
 2.4650	12.7010
 2.4660	12.6710
 2.4670	12.6610
 2.4680	12.6360
 2.4690	12.6210
 2.4700	12.5750
 2.4710	12.4980
 2.4720	12.4240
 2.4730	12.3320
 2.4740	12.2710
 2.4750	12.2080
 2.4760	12.1660
 2.4770	12.1520
 2.4780	12.1550
 2.4790	12.1980
 2.4800	12.1980
 2.4810	12.1970
 2.4820	12.1720
 2.4830	12.1400
 2.4840	12.0460
 2.4850	12.0170
 2.4860	12.0000
 2.4870	11.9660
 2.4880	12.0090
 2.4890	12.0400
 2.4900	12.1030
 2.4910	12.1230
 2.4920	12.0710
 2.4930	12.0140
 2.4940	11.8620
 2.4950	11.8030
 2.4960	11.9350
 2.4970	12.0210
 2.4980	12.0550
 2.4990	12.0550
 2.5000	11.9610
