Name: Adenostoma fasciculatum branch
Type: non photosynthetic vegetation
Class: branches
Genus: Adenostoma
Species: fasciculatum
Sample No.: VH333
Owner: UCSB
Wavelength Range: VSWIR
Origin: 34.4925; -119.7904; WGS84
Collection Date: 3/18/2015
Description: Samples were collected as part of the HyspIRI Airborne Campaign proposal titled: HyspIRI discrimination of plant species and functional types along a strong environmental temperature gradient. The same materials were processed in the Nicolet and then measured using the ASD. Sample was taken from an alive plant.
Measurement: Bidirectional reflectance
First Column: X
Second Column: Y
X Units: Wavelength (micrometers)
Y Units: Reflectance (percentage)
First X Value: 0.35
Last X Value: 2.5
Number of X Values: 2151
Additional Information: 

 0.3500	 7.9430
 0.3510	 8.0410
 0.3520	 8.0630
 0.3530	 8.0480
 0.3540	 8.1000
 0.3550	 8.4320
 0.3560	 8.2670
 0.3570	 7.9620
 0.3580	 8.3070
 0.3590	 8.3850
 0.3600	 8.2950
 0.3610	 8.2080
 0.3620	 8.2470
 0.3630	 8.2450
 0.3640	 8.2920
 0.3650	 8.4480
 0.3660	 8.4290
 0.3670	 8.4490
 0.3680	 8.4900
 0.3690	 8.3990
 0.3700	 8.4700
 0.3710	 8.5980
 0.3720	 8.6800
 0.3730	 8.7150
 0.3740	 8.7050
 0.3750	 8.6900
 0.3760	 8.7110
 0.3770	 8.7580
 0.3780	 8.8390
 0.3790	 8.9290
 0.3800	 8.9790
 0.3810	 8.9720
 0.3820	 8.9640
 0.3830	 8.9840
 0.3840	 8.9860
 0.3850	 9.0730
 0.3860	 9.1650
 0.3870	 9.1490
 0.3880	 9.1120
 0.3890	 9.1580
 0.3900	 9.2590
 0.3910	 9.2640
 0.3920	 9.2220
 0.3930	 9.2230
 0.3940	 9.3050
 0.3950	 9.3600
 0.3960	 9.3780
 0.3970	 9.3990
 0.3980	 9.4710
 0.3990	 9.4990
 0.4000	 9.5190
 0.4010	 9.5560
 0.4020	 9.6030
 0.4030	 9.5770
 0.4040	 9.5760
 0.4050	 9.6740
 0.4060	 9.7130
 0.4070	 9.7540
 0.4080	 9.7740
 0.4090	 9.7150
 0.4100	 9.7560
 0.4110	 9.8270
 0.4120	 9.8610
 0.4130	 9.8340
 0.4140	 9.8760
 0.4150	 9.9220
 0.4160	 9.8880
 0.4170	 9.9500
 0.4180	 9.9830
 0.4190	 9.9710
 0.4200	10.0050
 0.4210	10.0580
 0.4220	10.0930
 0.4230	10.0960
 0.4240	10.1020
 0.4250	10.1140
 0.4260	10.1460
 0.4270	10.2070
 0.4280	10.2440
 0.4290	10.2700
 0.4300	10.3010
 0.4310	10.3460
 0.4320	10.3740
 0.4330	10.3880
 0.4340	10.4020
 0.4350	10.4490
 0.4360	10.4820
 0.4370	10.4940
 0.4380	10.5120
 0.4390	10.5630
 0.4400	10.6020
 0.4410	10.6060
 0.4420	10.6270
 0.4430	10.6480
 0.4440	10.6740
 0.4450	10.7140
 0.4460	10.7380
 0.4470	10.7510
 0.4480	10.7680
 0.4490	10.8210
 0.4500	10.8490
 0.4510	10.8640
 0.4520	10.8900
 0.4530	10.9150
 0.4540	10.9370
 0.4550	10.9600
 0.4560	10.9940
 0.4570	11.0240
 0.4580	11.0620
 0.4590	11.1040
 0.4600	11.1000
 0.4610	11.1220
 0.4620	11.1630
 0.4630	11.1930
 0.4640	11.2050
 0.4650	11.2330
 0.4660	11.2710
 0.4670	11.2790
 0.4680	11.2910
 0.4690	11.3190
 0.4700	11.3630
 0.4710	11.3900
 0.4720	11.4160
 0.4730	11.4400
 0.4740	11.4560
 0.4750	11.4800
 0.4760	11.5100
 0.4770	11.5360
 0.4780	11.5390
 0.4790	11.5780
 0.4800	11.6230
 0.4810	11.6300
 0.4820	11.6470
 0.4830	11.6640
 0.4840	11.6850
 0.4850	11.7290
 0.4860	11.7500
 0.4870	11.7740
 0.4880	11.8160
 0.4890	11.8400
 0.4900	11.8600
 0.4910	11.8820
 0.4920	11.9030
 0.4930	11.9400
 0.4940	11.9820
 0.4950	12.0140
 0.4960	12.0200
 0.4970	12.0460
 0.4980	12.0800
 0.4990	12.1030
 0.5000	12.1410
 0.5010	12.1770
 0.5020	12.2050
 0.5030	12.2360
 0.5040	12.2690
 0.5050	12.3020
 0.5060	12.3370
 0.5070	12.3710
 0.5080	12.4050
 0.5090	12.4380
 0.5100	12.4700
 0.5110	12.5060
 0.5120	12.5420
 0.5130	12.5750
 0.5140	12.6070
 0.5150	12.6490
 0.5160	12.6890
 0.5170	12.7160
 0.5180	12.7540
 0.5190	12.7950
 0.5200	12.8330
 0.5210	12.8620
 0.5220	12.8940
 0.5230	12.9360
 0.5240	12.9840
 0.5250	13.0140
 0.5260	13.0450
 0.5270	13.0820
 0.5280	13.1230
 0.5290	13.1570
 0.5300	13.1860
 0.5310	13.2170
 0.5320	13.2580
 0.5330	13.2940
 0.5340	13.3270
 0.5350	13.3600
 0.5360	13.4020
 0.5370	13.4390
 0.5380	13.4720
 0.5390	13.5140
 0.5400	13.5600
 0.5410	13.6060
 0.5420	13.6520
 0.5430	13.7000
 0.5440	13.7450
 0.5450	13.7830
 0.5460	13.8150
 0.5470	13.8420
 0.5480	13.8710
 0.5490	13.9040
 0.5500	13.9390
 0.5510	13.9770
 0.5520	14.0110
 0.5530	14.0390
 0.5540	14.0790
 0.5550	14.1120
 0.5560	14.1420
 0.5570	14.1800
 0.5580	14.2160
 0.5590	14.2460
 0.5600	14.2730
 0.5610	14.3140
 0.5620	14.3570
 0.5630	14.3950
 0.5640	14.4310
 0.5650	14.4650
 0.5660	14.5010
 0.5670	14.5410
 0.5680	14.5810
 0.5690	14.6120
 0.5700	14.6410
 0.5710	14.6760
 0.5720	14.7140
 0.5730	14.7570
 0.5740	14.8020
 0.5750	14.8400
 0.5760	14.8780
 0.5770	14.9190
 0.5780	14.9620
 0.5790	14.9990
 0.5800	15.0400
 0.5810	15.0820
 0.5820	15.1180
 0.5830	15.1520
 0.5840	15.1860
 0.5850	15.2200
 0.5860	15.2550
 0.5870	15.3040
 0.5880	15.3580
 0.5890	15.4030
 0.5900	15.4360
 0.5910	15.4770
 0.5920	15.5220
 0.5930	15.5600
 0.5940	15.6070
 0.5950	15.6540
 0.5960	15.6980
 0.5970	15.7440
 0.5980	15.7860
 0.5990	15.8280
 0.6000	15.8760
 0.6010	15.9210
 0.6020	15.9680
 0.6030	16.0180
 0.6040	16.0660
 0.6050	16.1160
 0.6060	16.1690
 0.6070	16.2220
 0.6080	16.2760
 0.6090	16.3360
 0.6100	16.4020
 0.6110	16.4670
 0.6120	16.5230
 0.6130	16.5690
 0.6140	16.6110
 0.6150	16.6580
 0.6160	16.7130
 0.6170	16.7690
 0.6180	16.8210
 0.6190	16.8730
 0.6200	16.9300
 0.6210	16.9900
 0.6220	17.0470
 0.6230	17.1000
 0.6240	17.1560
 0.6250	17.2190
 0.6260	17.2770
 0.6270	17.3350
 0.6280	17.3960
 0.6290	17.4600
 0.6300	17.5200
 0.6310	17.5800
 0.6320	17.6400
 0.6330	17.7020
 0.6340	17.7620
 0.6350	17.8220
 0.6360	17.8840
 0.6370	17.9410
 0.6380	17.9970
 0.6390	18.0540
 0.6400	18.1140
 0.6410	18.1690
 0.6420	18.2220
 0.6430	18.2770
 0.6440	18.3380
 0.6450	18.3950
 0.6460	18.4490
 0.6470	18.5040
 0.6480	18.5570
 0.6490	18.6180
 0.6500	18.6840
 0.6510	18.7460
 0.6520	18.8070
 0.6530	18.8700
 0.6540	18.9340
 0.6550	18.9950
 0.6560	19.0580
 0.6570	19.1220
 0.6580	19.1810
 0.6590	19.2370
 0.6600	19.2990
 0.6610	19.3620
 0.6620	19.4130
 0.6630	19.4680
 0.6640	19.5270
 0.6650	19.5860
 0.6660	19.6450
 0.6670	19.7040
 0.6680	19.7640
 0.6690	19.8280
 0.6700	19.8850
 0.6710	19.9430
 0.6720	20.0070
 0.6730	20.0770
 0.6740	20.1440
 0.6750	20.2120
 0.6760	20.2830
 0.6770	20.3600
 0.6780	20.4360
 0.6790	20.5090
 0.6800	20.5820
 0.6810	20.6600
 0.6820	20.7410
 0.6830	20.8220
 0.6840	20.9080
 0.6850	21.0010
 0.6860	21.0960
 0.6870	21.1920
 0.6880	21.2980
 0.6890	21.4060
 0.6900	21.5160
 0.6910	21.6310
 0.6920	21.7450
 0.6930	21.8550
 0.6940	21.9620
 0.6950	22.0730
 0.6960	22.1850
 0.6970	22.2920
 0.6980	22.3940
 0.6990	22.5040
 0.7000	22.6110
 0.7010	22.7120
 0.7020	22.8090
 0.7030	22.9050
 0.7040	23.0020
 0.7050	23.1000
 0.7060	23.1900
 0.7070	23.2850
 0.7080	23.3830
 0.7090	23.4730
 0.7100	23.5610
 0.7110	23.6510
 0.7120	23.7430
 0.7130	23.8350
 0.7140	23.9210
 0.7150	24.0070
 0.7160	24.0950
 0.7170	24.1830
 0.7180	24.2750
 0.7190	24.3670
 0.7200	24.4510
 0.7210	24.5380
 0.7220	24.6230
 0.7230	24.7080
 0.7240	24.8020
 0.7250	24.8910
 0.7260	24.9770
 0.7270	25.0620
 0.7280	25.1520
 0.7290	25.2440
 0.7300	25.3310
 0.7310	25.4110
 0.7320	25.4960
 0.7330	25.5870
 0.7340	25.6780
 0.7350	25.7620
 0.7360	25.8430
 0.7370	25.9310
 0.7380	26.0260
 0.7390	26.1080
 0.7400	26.1920
 0.7410	26.2790
 0.7420	26.3670
 0.7430	26.4510
 0.7440	26.5360
 0.7450	26.6230
 0.7460	26.7120
 0.7470	26.7940
 0.7480	26.8740
 0.7490	26.9570
 0.7500	27.0410
 0.7510	27.1320
 0.7520	27.2210
 0.7530	27.2990
 0.7540	27.3880
 0.7550	27.4730
 0.7560	27.5540
 0.7570	27.6450
 0.7580	27.7290
 0.7590	27.8090
 0.7600	27.8910
 0.7610	27.9810
 0.7620	28.0610
 0.7630	28.1410
 0.7640	28.2310
 0.7650	28.3090
 0.7660	28.3850
 0.7670	28.4680
 0.7680	28.5590
 0.7690	28.6390
 0.7700	28.7200
 0.7710	28.8060
 0.7720	28.8880
 0.7730	28.9670
 0.7740	29.0490
 0.7750	29.1340
 0.7760	29.2180
 0.7770	29.3030
 0.7780	29.3870
 0.7790	29.4690
 0.7800	29.5490
 0.7810	29.6350
 0.7820	29.7210
 0.7830	29.7940
 0.7840	29.8730
 0.7850	29.9550
 0.7860	30.0370
 0.7870	30.1260
 0.7880	30.2110
 0.7890	30.2930
 0.7900	30.3740
 0.7910	30.4530
 0.7920	30.5350
 0.7930	30.6200
 0.7940	30.6980
 0.7950	30.7840
 0.7960	30.8710
 0.7970	30.9530
 0.7980	31.0220
 0.7990	31.1150
 0.8000	31.2080
 0.8010	31.2780
 0.8020	31.3620
 0.8030	31.4450
 0.8040	31.5280
 0.8050	31.6170
 0.8060	31.6990
 0.8070	31.7810
 0.8080	31.8650
 0.8090	31.9510
 0.8100	32.0290
 0.8110	32.1100
 0.8120	32.1990
 0.8130	32.2830
 0.8140	32.3670
 0.8150	32.4490
 0.8160	32.5310
 0.8170	32.6180
 0.8180	32.6970
 0.8190	32.7750
 0.8200	32.8630
 0.8210	32.9540
 0.8220	33.0390
 0.8230	33.1180
 0.8240	33.1980
 0.8250	33.2820
 0.8260	33.3700
 0.8270	33.4590
 0.8280	33.5490
 0.8290	33.6210
 0.8300	33.6900
 0.8310	33.7730
 0.8320	33.8580
 0.8330	33.9410
 0.8340	34.0220
 0.8350	34.1090
 0.8360	34.1970
 0.8370	34.2710
 0.8380	34.3420
 0.8390	34.4380
 0.8400	34.5120
 0.8410	34.5870
 0.8420	34.6730
 0.8430	34.7440
 0.8440	34.8250
 0.8450	34.9110
 0.8460	34.9920
 0.8470	35.0640
 0.8480	35.1470
 0.8490	35.2320
 0.8500	35.3060
 0.8510	35.3800
 0.8520	35.4570
 0.8530	35.5360
 0.8540	35.6150
 0.8550	35.6910
 0.8560	35.7650
 0.8570	35.8420
 0.8580	35.9220
 0.8590	35.9870
 0.8600	36.0630
 0.8610	36.1530
 0.8620	36.2140
 0.8630	36.2830
 0.8640	36.3610
 0.8650	36.4430
 0.8660	36.5210
 0.8670	36.5960
 0.8680	36.6630
 0.8690	36.7190
 0.8700	36.8030
 0.8710	36.8810
 0.8720	36.9480
 0.8730	37.0170
 0.8740	37.0820
 0.8750	37.1560
 0.8760	37.2360
 0.8770	37.3040
 0.8780	37.3710
 0.8790	37.4440
 0.8800	37.5190
 0.8810	37.5790
 0.8820	37.6450
 0.8830	37.7130
 0.8840	37.7770
 0.8850	37.8410
 0.8860	37.9140
 0.8870	37.9890
 0.8880	38.0550
 0.8890	38.1050
 0.8900	38.1670
 0.8910	38.2400
 0.8920	38.3100
 0.8930	38.3740
 0.8940	38.4370
 0.8950	38.5020
 0.8960	38.5640
 0.8970	38.6330
 0.8980	38.7050
 0.8990	38.7720
 0.9000	38.8230
 0.9010	38.8940
 0.9020	38.9640
 0.9030	39.0230
 0.9040	39.0840
 0.9050	39.1450
 0.9060	39.2040
 0.9070	39.2600
 0.9080	39.3150
 0.9090	39.3820
 0.9100	39.4550
 0.9110	39.5220
 0.9120	39.5720
 0.9130	39.6360
 0.9140	39.7050
 0.9150	39.7580
 0.9160	39.8060
 0.9170	39.8660
 0.9180	39.9380
 0.9190	40.0080
 0.9200	40.0640
 0.9210	40.1060
 0.9220	40.1490
 0.9230	40.2090
 0.9240	40.2780
 0.9250	40.3500
 0.9260	40.4180
 0.9270	40.4760
 0.9280	40.5240
 0.9290	40.5850
 0.9300	40.6530
 0.9310	40.7000
 0.9320	40.7580
 0.9330	40.8180
 0.9340	40.8760
 0.9350	40.9330
 0.9360	40.9870
 0.9370	41.0450
 0.9380	41.1070
 0.9390	41.1510
 0.9400	41.2030
 0.9410	41.2710
 0.9420	41.3420
 0.9430	41.3930
 0.9440	41.4380
 0.9450	41.4870
 0.9460	41.5400
 0.9470	41.5850
 0.9480	41.6450
 0.9490	41.7040
 0.9500	41.7500
 0.9510	41.8240
 0.9520	41.8810
 0.9530	41.9190
 0.9540	41.9540
 0.9550	42.0150
 0.9560	42.0780
 0.9570	42.1250
 0.9580	42.1550
 0.9590	42.2040
 0.9600	42.2700
 0.9610	42.3310
 0.9620	42.3650
 0.9630	42.3890
 0.9640	42.4420
 0.9650	42.5060
 0.9660	42.5570
 0.9670	42.6150
 0.9680	42.6710
 0.9690	42.7210
 0.9700	42.7680
 0.9710	42.8240
 0.9720	42.8790
 0.9730	42.9250
 0.9740	42.9690
 0.9750	43.0460
 0.9760	43.0940
 0.9770	43.1150
 0.9780	43.1450
 0.9790	43.2190
 0.9800	43.2780
 0.9810	43.3150
 0.9820	43.3540
 0.9830	43.4130
 0.9840	43.4910
 0.9850	43.5580
 0.9860	43.5890
 0.9870	43.6500
 0.9880	43.7080
 0.9890	43.7490
 0.9900	43.7840
 0.9910	43.8700
 0.9920	43.9130
 0.9930	43.9370
 0.9940	44.0080
 0.9950	44.0810
 0.9960	44.1230
 0.9970	44.1540
 0.9980	44.2050
 0.9990	44.2610
 1.0000	44.3650
 1.0010	44.4690
 1.0020	44.5830
 1.0030	44.6370
 1.0040	44.6880
 1.0050	44.7530
 1.0060	44.8100
 1.0070	44.8620
 1.0080	44.9200
 1.0090	44.9750
 1.0100	45.0320
 1.0110	45.0950
 1.0120	45.1580
 1.0130	45.2250
 1.0140	45.2840
 1.0150	45.3400
 1.0160	45.3940
 1.0170	45.4540
 1.0180	45.5090
 1.0190	45.5700
 1.0200	45.6310
 1.0210	45.6860
 1.0220	45.7430
 1.0230	45.7990
 1.0240	45.8620
 1.0250	45.9180
 1.0260	45.9680
 1.0270	46.0220
 1.0280	46.0770
 1.0290	46.1310
 1.0300	46.1860
 1.0310	46.2420
 1.0320	46.2960
 1.0330	46.3570
 1.0340	46.4180
 1.0350	46.4760
 1.0360	46.5290
 1.0370	46.5830
 1.0380	46.6360
 1.0390	46.6880
 1.0400	46.7390
 1.0410	46.7880
 1.0420	46.8420
 1.0430	46.8970
 1.0440	46.9520
 1.0450	47.0140
 1.0460	47.0710
 1.0470	47.1220
 1.0480	47.1780
 1.0490	47.2400
 1.0500	47.2930
 1.0510	47.3410
 1.0520	47.3900
 1.0530	47.4370
 1.0540	47.4740
 1.0550	47.5240
 1.0560	47.5850
 1.0570	47.6390
 1.0580	47.6960
 1.0590	47.7490
 1.0600	47.7980
 1.0610	47.8510
 1.0620	47.9110
 1.0630	47.9640
 1.0640	48.0160
 1.0650	48.0680
 1.0660	48.1100
 1.0670	48.1620
 1.0680	48.2190
 1.0690	48.2860
 1.0700	48.3390
 1.0710	48.3920
 1.0720	48.4430
 1.0730	48.4830
 1.0740	48.5320
 1.0750	48.5900
 1.0760	48.6390
 1.0770	48.6810
 1.0780	48.7300
 1.0790	48.7780
 1.0800	48.8270
 1.0810	48.8800
 1.0820	48.9320
 1.0830	48.9850
 1.0840	49.0340
 1.0850	49.0790
 1.0860	49.1310
 1.0870	49.1800
 1.0880	49.2280
 1.0890	49.2730
 1.0900	49.3180
 1.0910	49.3620
 1.0920	49.4020
 1.0930	49.4460
 1.0940	49.4970
 1.0950	49.5420
 1.0960	49.5850
 1.0970	49.6270
 1.0980	49.6630
 1.0990	49.7040
 1.1000	49.7500
 1.1010	49.7940
 1.1020	49.8400
 1.1030	49.8860
 1.1040	49.9270
 1.1050	49.9670
 1.1060	50.0050
 1.1070	50.0420
 1.1080	50.0760
 1.1090	50.1060
 1.1100	50.1390
 1.1110	50.1720
 1.1120	50.2030
 1.1130	50.2350
 1.1140	50.2650
 1.1150	50.2920
 1.1160	50.3210
 1.1170	50.3500
 1.1180	50.3790
 1.1190	50.4090
 1.1200	50.4350
 1.1210	50.4600
 1.1220	50.4870
 1.1230	50.5100
 1.1240	50.5360
 1.1250	50.5610
 1.1260	50.5870
 1.1270	50.6080
 1.1280	50.6270
 1.1290	50.6470
 1.1300	50.6640
 1.1310	50.6820
 1.1320	50.7010
 1.1330	50.7190
 1.1340	50.7340
 1.1350	50.7530
 1.1360	50.7780
 1.1370	50.7970
 1.1380	50.8180
 1.1390	50.8340
 1.1400	50.8440
 1.1410	50.8580
 1.1420	50.8720
 1.1430	50.8870
 1.1440	50.9040
 1.1450	50.9250
 1.1460	50.9410
 1.1470	50.9580
 1.1480	50.9730
 1.1490	50.9850
 1.1500	50.9990
 1.1510	51.0150
 1.1520	51.0280
 1.1530	51.0390
 1.1540	51.0520
 1.1550	51.0640
 1.1560	51.0760
 1.1570	51.0930
 1.1580	51.1110
 1.1590	51.1300
 1.1600	51.1460
 1.1610	51.1600
 1.1620	51.1760
 1.1630	51.1950
 1.1640	51.2210
 1.1650	51.2460
 1.1660	51.2790
 1.1670	51.3050
 1.1680	51.3260
 1.1690	51.3500
 1.1700	51.3740
 1.1710	51.3990
 1.1720	51.4260
 1.1730	51.4540
 1.1740	51.4850
 1.1750	51.5140
 1.1760	51.5460
 1.1770	51.5730
 1.1780	51.5980
 1.1790	51.6280
 1.1800	51.6530
 1.1810	51.6790
 1.1820	51.7080
 1.1830	51.7340
 1.1840	51.7590
 1.1850	51.7860
 1.1860	51.8100
 1.1870	51.8330
 1.1880	51.8590
 1.1890	51.8890
 1.1900	51.9180
 1.1910	51.9470
 1.1920	51.9770
 1.1930	52.0060
 1.1940	52.0350
 1.1950	52.0630
 1.1960	52.0950
 1.1970	52.1250
 1.1980	52.1520
 1.1990	52.1820
 1.2000	52.2110
 1.2010	52.2420
 1.2020	52.2730
 1.2030	52.3010
 1.2040	52.3320
 1.2050	52.3620
 1.2060	52.3950
 1.2070	52.4300
 1.2080	52.4610
 1.2090	52.4990
 1.2100	52.5410
 1.2110	52.5820
 1.2120	52.6230
 1.2130	52.6700
 1.2140	52.7180
 1.2150	52.7640
 1.2160	52.8100
 1.2170	52.8630
 1.2180	52.9150
 1.2190	52.9670
 1.2200	53.0280
 1.2210	53.0900
 1.2220	53.1500
 1.2230	53.2110
 1.2240	53.2730
 1.2250	53.3350
 1.2260	53.3960
 1.2270	53.4580
 1.2280	53.5200
 1.2290	53.5790
 1.2300	53.6360
 1.2310	53.6950
 1.2320	53.7510
 1.2330	53.8080
 1.2340	53.8620
 1.2350	53.9130
 1.2360	53.9660
 1.2370	54.0200
 1.2380	54.0730
 1.2390	54.1250
 1.2400	54.1780
 1.2410	54.2290
 1.2420	54.2790
 1.2430	54.3310
 1.2440	54.3820
 1.2450	54.4330
 1.2460	54.4820
 1.2470	54.5290
 1.2480	54.5750
 1.2490	54.6180
 1.2500	54.6620
 1.2510	54.7060
 1.2520	54.7450
 1.2530	54.7830
 1.2540	54.8230
 1.2550	54.8620
 1.2560	54.9040
 1.2570	54.9460
 1.2580	54.9840
 1.2590	55.0260
 1.2600	55.0690
 1.2610	55.1090
 1.2620	55.1510
 1.2630	55.1940
 1.2640	55.2330
 1.2650	55.2710
 1.2660	55.3150
 1.2670	55.3520
 1.2680	55.3850
 1.2690	55.4210
 1.2700	55.4520
 1.2710	55.4890
 1.2720	55.5300
 1.2730	55.5650
 1.2740	55.6010
 1.2750	55.6360
 1.2760	55.6690
 1.2770	55.7030
 1.2780	55.7400
 1.2790	55.7760
 1.2800	55.8080
 1.2810	55.8440
 1.2820	55.8780
 1.2830	55.9080
 1.2840	55.9390
 1.2850	55.9710
 1.2860	56.0020
 1.2870	56.0360
 1.2880	56.0720
 1.2890	56.1100
 1.2900	56.1490
 1.2910	56.1880
 1.2920	56.2260
 1.2930	56.2610
 1.2940	56.2900
 1.2950	56.3210
 1.2960	56.3570
 1.2970	56.3920
 1.2980	56.4290
 1.2990	56.4620
 1.3000	56.4850
 1.3010	56.5100
 1.3020	56.5420
 1.3030	56.5750
 1.3040	56.6080
 1.3050	56.6410
 1.3060	56.6710
 1.3070	56.6970
 1.3080	56.7200
 1.3090	56.7450
 1.3100	56.7670
 1.3110	56.7840
 1.3120	56.8030
 1.3130	56.8170
 1.3140	56.8320
 1.3150	56.8480
 1.3160	56.8640
 1.3170	56.8780
 1.3180	56.8950
 1.3190	56.9070
 1.3200	56.9130
 1.3210	56.9240
 1.3220	56.9290
 1.3230	56.9290
 1.3240	56.9320
 1.3250	56.9310
 1.3260	56.9320
 1.3270	56.9340
 1.3280	56.9310
 1.3290	56.9230
 1.3300	56.9100
 1.3310	56.8950
 1.3320	56.8830
 1.3330	56.8710
 1.3340	56.8560
 1.3350	56.8390
 1.3360	56.8240
 1.3370	56.8080
 1.3380	56.7900
 1.3390	56.7670
 1.3400	56.7410
 1.3410	56.7120
 1.3420	56.6850
 1.3430	56.6610
 1.3440	56.6370
 1.3450	56.6120
 1.3460	56.5840
 1.3470	56.5570
 1.3480	56.5280
 1.3490	56.5030
 1.3500	56.4790
 1.3510	56.4580
 1.3520	56.4370
 1.3530	56.4200
 1.3540	56.4020
 1.3550	56.3830
 1.3560	56.3660
 1.3570	56.3500
 1.3580	56.3330
 1.3590	56.3170
 1.3600	56.3030
 1.3610	56.2870
 1.3620	56.2680
 1.3630	56.2490
 1.3640	56.2270
 1.3650	56.2050
 1.3660	56.1870
 1.3670	56.1700
 1.3680	56.1540
 1.3690	56.1400
 1.3700	56.1240
 1.3710	56.1070
 1.3720	56.0860
 1.3730	56.0580
 1.3740	56.0290
 1.3750	56.0000
 1.3760	55.9660
 1.3770	55.9320
 1.3780	55.8930
 1.3790	55.8460
 1.3800	55.7970
 1.3810	55.7430
 1.3820	55.6840
 1.3830	55.6240
 1.3840	55.5560
 1.3850	55.4830
 1.3860	55.4020
 1.3870	55.3150
 1.3880	55.2210
 1.3890	55.1180
 1.3900	55.0130
 1.3910	54.9070
 1.3920	54.7980
 1.3930	54.6860
 1.3940	54.5650
 1.3950	54.4350
 1.3960	54.2990
 1.3970	54.1570
 1.3980	54.0140
 1.3990	53.8630
 1.4000	53.7040
 1.4010	53.5410
 1.4020	53.3710
 1.4030	53.1980
 1.4040	53.0260
 1.4050	52.8490
 1.4060	52.6730
 1.4070	52.4950
 1.4080	52.3170
 1.4090	52.1430
 1.4100	51.9670
 1.4110	51.7900
 1.4120	51.6160
 1.4130	51.4470
 1.4140	51.2840
 1.4150	51.1310
 1.4160	50.9850
 1.4170	50.8450
 1.4180	50.7070
 1.4190	50.5740
 1.4200	50.4460
 1.4210	50.3250
 1.4220	50.2140
 1.4230	50.1110
 1.4240	50.0120
 1.4250	49.9190
 1.4260	49.8280
 1.4270	49.7460
 1.4280	49.6720
 1.4290	49.5990
 1.4300	49.5310
 1.4310	49.4700
 1.4320	49.4120
 1.4330	49.3620
 1.4340	49.3260
 1.4350	49.2900
 1.4360	49.2590
 1.4370	49.2330
 1.4380	49.2110
 1.4390	49.1920
 1.4400	49.1790
 1.4410	49.1730
 1.4420	49.1690
 1.4430	49.1670
 1.4440	49.1710
 1.4450	49.1770
 1.4460	49.1830
 1.4470	49.1950
 1.4480	49.2060
 1.4490	49.2170
 1.4500	49.2320
 1.4510	49.2480
 1.4520	49.2660
 1.4530	49.2860
 1.4540	49.3040
 1.4550	49.3240
 1.4560	49.3460
 1.4570	49.3670
 1.4580	49.3920
 1.4590	49.4160
 1.4600	49.4380
 1.4610	49.4650
 1.4620	49.4920
 1.4630	49.5220
 1.4640	49.5540
 1.4650	49.5840
 1.4660	49.6190
 1.4670	49.6550
 1.4680	49.6920
 1.4690	49.7320
 1.4700	49.7740
 1.4710	49.8190
 1.4720	49.8650
 1.4730	49.9180
 1.4740	49.9710
 1.4750	50.0210
 1.4760	50.0800
 1.4770	50.1360
 1.4780	50.1890
 1.4790	50.2480
 1.4800	50.3010
 1.4810	50.3550
 1.4820	50.4160
 1.4830	50.4770
 1.4840	50.5350
 1.4850	50.5920
 1.4860	50.6460
 1.4870	50.7000
 1.4880	50.7580
 1.4890	50.8210
 1.4900	50.8800
 1.4910	50.9410
 1.4920	50.9980
 1.4930	51.0510
 1.4940	51.1040
 1.4950	51.1560
 1.4960	51.2100
 1.4970	51.2620
 1.4980	51.3160
 1.4990	51.3730
 1.5000	51.4260
 1.5010	51.4790
 1.5020	51.5310
 1.5030	51.5800
 1.5040	51.6320
 1.5050	51.6840
 1.5060	51.7360
 1.5070	51.7880
 1.5080	51.8390
 1.5090	51.8890
 1.5100	51.9430
 1.5110	51.9990
 1.5120	52.0540
 1.5130	52.1080
 1.5140	52.1580
 1.5150	52.2020
 1.5160	52.2460
 1.5170	52.2930
 1.5180	52.3400
 1.5190	52.3850
 1.5200	52.4330
 1.5210	52.4790
 1.5220	52.5230
 1.5230	52.5700
 1.5240	52.6100
 1.5250	52.6460
 1.5260	52.6840
 1.5270	52.7190
 1.5280	52.7540
 1.5290	52.7920
 1.5300	52.8230
 1.5310	52.8510
 1.5320	52.8830
 1.5330	52.9130
 1.5340	52.9470
 1.5350	52.9820
 1.5360	53.0110
 1.5370	53.0400
 1.5380	53.0680
 1.5390	53.0940
 1.5400	53.1260
 1.5410	53.1560
 1.5420	53.1870
 1.5430	53.2210
 1.5440	53.2520
 1.5450	53.2800
 1.5460	53.3120
 1.5470	53.3400
 1.5480	53.3660
 1.5490	53.3950
 1.5500	53.4190
 1.5510	53.4450
 1.5520	53.4740
 1.5530	53.5020
 1.5540	53.5310
 1.5550	53.5560
 1.5560	53.5790
 1.5570	53.6020
 1.5580	53.6250
 1.5590	53.6510
 1.5600	53.6790
 1.5610	53.7090
 1.5620	53.7390
 1.5630	53.7650
 1.5640	53.7920
 1.5650	53.8170
 1.5660	53.8400
 1.5670	53.8660
 1.5680	53.8890
 1.5690	53.9100
 1.5700	53.9370
 1.5710	53.9680
 1.5720	53.9990
 1.5730	54.0290
 1.5740	54.0590
 1.5750	54.0880
 1.5760	54.1170
 1.5770	54.1500
 1.5780	54.1820
 1.5790	54.2110
 1.5800	54.2390
 1.5810	54.2700
 1.5820	54.3020
 1.5830	54.3350
 1.5840	54.3760
 1.5850	54.4120
 1.5860	54.4450
 1.5870	54.4790
 1.5880	54.5060
 1.5890	54.5370
 1.5900	54.5720
 1.5910	54.6060
 1.5920	54.6460
 1.5930	54.6850
 1.5940	54.7190
 1.5950	54.7530
 1.5960	54.7850
 1.5970	54.8170
 1.5980	54.8540
 1.5990	54.8940
 1.6000	54.9310
 1.6010	54.9680
 1.6020	55.0060
 1.6030	55.0450
 1.6040	55.0840
 1.6050	55.1210
 1.6060	55.1590
 1.6070	55.1930
 1.6080	55.2280
 1.6090	55.2660
 1.6100	55.3030
 1.6110	55.3390
 1.6120	55.3760
 1.6130	55.4120
 1.6140	55.4460
 1.6150	55.4790
 1.6160	55.5130
 1.6170	55.5470
 1.6180	55.5740
 1.6190	55.6040
 1.6200	55.6320
 1.6210	55.6580
 1.6220	55.6890
 1.6230	55.7150
 1.6240	55.7370
 1.6250	55.7540
 1.6260	55.7700
 1.6270	55.7890
 1.6280	55.8060
 1.6290	55.8240
 1.6300	55.8400
 1.6310	55.8550
 1.6320	55.8750
 1.6330	55.8890
 1.6340	55.9010
 1.6350	55.9090
 1.6360	55.9130
 1.6370	55.9140
 1.6380	55.9100
 1.6390	55.9050
 1.6400	55.8980
 1.6410	55.8870
 1.6420	55.8750
 1.6430	55.8610
 1.6440	55.8440
 1.6450	55.8240
 1.6460	55.8010
 1.6470	55.7730
 1.6480	55.7390
 1.6490	55.7070
 1.6500	55.6700
 1.6510	55.6270
 1.6520	55.5810
 1.6530	55.5270
 1.6540	55.4720
 1.6550	55.4200
 1.6560	55.3700
 1.6570	55.3240
 1.6580	55.2780
 1.6590	55.2230
 1.6600	55.1700
 1.6610	55.1180
 1.6620	55.0690
 1.6630	55.0260
 1.6640	54.9830
 1.6650	54.9400
 1.6660	54.9010
 1.6670	54.8630
 1.6680	54.8280
 1.6690	54.7970
 1.6700	54.7620
 1.6710	54.7360
 1.6720	54.7180
 1.6730	54.6990
 1.6740	54.6850
 1.6750	54.6750
 1.6760	54.6640
 1.6770	54.6550
 1.6780	54.6520
 1.6790	54.6480
 1.6800	54.6440
 1.6810	54.6410
 1.6820	54.6360
 1.6830	54.6280
 1.6840	54.6150
 1.6850	54.6000
 1.6860	54.5850
 1.6870	54.5650
 1.6880	54.5460
 1.6890	54.5330
 1.6900	54.5110
 1.6910	54.4810
 1.6920	54.4520
 1.6930	54.4160
 1.6940	54.3830
 1.6950	54.3590
 1.6960	54.3240
 1.6970	54.2840
 1.6980	54.2410
 1.6990	54.1900
 1.7000	54.1410
 1.7010	54.0940
 1.7020	54.0450
 1.7030	53.9940
 1.7040	53.9450
 1.7050	53.8960
 1.7060	53.8420
 1.7070	53.7880
 1.7080	53.7290
 1.7090	53.6620
 1.7100	53.6020
 1.7110	53.5460
 1.7120	53.4870
 1.7130	53.4240
 1.7140	53.3560
 1.7150	53.2840
 1.7160	53.2110
 1.7170	53.1440
 1.7180	53.0840
 1.7190	53.0230
 1.7200	52.9650
 1.7210	52.9100
 1.7220	52.8520
 1.7230	52.7990
 1.7240	52.7540
 1.7250	52.7140
 1.7260	52.6800
 1.7270	52.6580
 1.7280	52.6480
 1.7290	52.6450
 1.7300	52.6600
 1.7310	52.6890
 1.7320	52.7360
 1.7330	52.7940
 1.7340	52.8750
 1.7350	52.9490
 1.7360	53.0340
 1.7370	53.1100
 1.7380	53.1850
 1.7390	53.2480
 1.7400	53.3060
 1.7410	53.3550
 1.7420	53.3920
 1.7430	53.4300
 1.7440	53.4660
 1.7450	53.4940
 1.7460	53.5180
 1.7470	53.5350
 1.7480	53.5390
 1.7490	53.5490
 1.7500	53.5580
 1.7510	53.5620
 1.7520	53.5690
 1.7530	53.5630
 1.7540	53.5450
 1.7550	53.5260
 1.7560	53.5080
 1.7570	53.4910
 1.7580	53.4820
 1.7590	53.4770
 1.7600	53.4710
 1.7610	53.4700
 1.7620	53.4750
 1.7630	53.4830
 1.7640	53.4980
 1.7650	53.5230
 1.7660	53.5490
 1.7670	53.5820
 1.7680	53.6140
 1.7690	53.6490
 1.7700	53.6820
 1.7710	53.7140
 1.7720	53.7460
 1.7730	53.7760
 1.7740	53.8100
 1.7750	53.8460
 1.7760	53.8800
 1.7770	53.9190
 1.7780	53.9490
 1.7790	53.9760
 1.7800	53.9960
 1.7810	54.0060
 1.7820	54.0180
 1.7830	54.0240
 1.7840	54.0370
 1.7850	54.0510
 1.7860	54.0700
 1.7870	54.0960
 1.7880	54.1120
 1.7890	54.1230
 1.7900	54.1200
 1.7910	54.1300
 1.7920	54.1490
 1.7930	54.1670
 1.7940	54.1880
 1.7950	54.2120
 1.7960	54.2350
 1.7970	54.2580
 1.7980	54.2870
 1.7990	54.3120
 1.8000	54.3360
 1.8010	54.3560
 1.8020	54.3700
 1.8030	54.3900
 1.8040	54.4080
 1.8050	54.4270
 1.8060	54.4500
 1.8070	54.4700
 1.8080	54.4870
 1.8090	54.5050
 1.8100	54.5240
 1.8110	54.5450
 1.8120	54.5630
 1.8130	54.5780
 1.8140	54.5940
 1.8150	54.6150
 1.8160	54.6330
 1.8170	54.6530
 1.8180	54.6730
 1.8190	54.6750
 1.8200	54.6910
 1.8210	54.7190
 1.8220	54.7420
 1.8230	54.7710
 1.8240	54.7970
 1.8250	54.8180
 1.8260	54.8400
 1.8270	54.8670
 1.8280	54.8920
 1.8290	54.9130
 1.8300	54.8680
 1.8310	54.7280
 1.8320	54.6840
 1.8330	54.7000
 1.8340	54.7230
 1.8350	54.7560
 1.8360	54.7750
 1.8370	54.7970
 1.8380	54.8320
 1.8390	54.8560
 1.8400	54.8690
 1.8410	54.8950
 1.8420	54.9270
 1.8430	54.9440
 1.8440	54.9760
 1.8450	55.0100
 1.8460	55.0280
 1.8470	55.0350
 1.8480	55.0360
 1.8490	55.0340
 1.8500	55.0300
 1.8510	55.0210
 1.8520	55.0230
 1.8530	55.0130
 1.8540	54.9900
 1.8550	54.9720
 1.8560	54.9470
 1.8570	54.9300
 1.8580	54.9150
 1.8590	54.8860
 1.8600	54.8520
 1.8610	54.8120
 1.8620	54.7610
 1.8630	54.7030
 1.8640	54.6450
 1.8650	54.5800
 1.8660	54.5140
 1.8670	54.4500
 1.8680	54.3720
 1.8690	54.2910
 1.8700	54.1950
 1.8710	54.0870
 1.8720	53.9600
 1.8730	53.8270
 1.8740	53.6730
 1.8750	53.5090
 1.8760	53.3420
 1.8770	53.1590
 1.8780	52.9610
 1.8790	52.7460
 1.8800	52.5120
 1.8810	52.2540
 1.8820	51.9860
 1.8830	51.7120
 1.8840	51.4130
 1.8850	51.0950
 1.8860	50.7590
 1.8870	50.3960
 1.8880	50.0260
 1.8890	49.6510
 1.8900	49.2560
 1.8910	48.8540
 1.8920	48.4410
 1.8930	48.0170
 1.8940	47.5820
 1.8950	47.1520
 1.8960	46.7180
 1.8970	46.2760
 1.8980	45.8400
 1.8990	45.4040
 1.9000	44.9770
 1.9010	44.5510
 1.9020	44.1450
 1.9030	43.7480
 1.9040	43.3740
 1.9050	43.0220
 1.9060	42.6870
 1.9070	42.3830
 1.9080	42.0980
 1.9090	41.8330
 1.9100	41.5880
 1.9110	41.3630
 1.9120	41.1620
 1.9130	40.9770
 1.9140	40.8090
 1.9150	40.6610
 1.9160	40.5350
 1.9170	40.4170
 1.9180	40.3180
 1.9190	40.2470
 1.9200	40.1880
 1.9210	40.1450
 1.9220	40.1130
 1.9230	40.0980
 1.9240	40.0900
 1.9250	40.0930
 1.9260	40.1060
 1.9270	40.1260
 1.9280	40.1530
 1.9290	40.1930
 1.9300	40.2400
 1.9310	40.2930
 1.9320	40.3550
 1.9330	40.4190
 1.9340	40.4850
 1.9350	40.5610
 1.9360	40.6460
 1.9370	40.7320
 1.9380	40.8260
 1.9390	40.9200
 1.9400	41.0130
 1.9410	41.1090
 1.9420	41.2060
 1.9430	41.3020
 1.9440	41.4000
 1.9450	41.4970
 1.9460	41.5970
 1.9470	41.6970
 1.9480	41.7990
 1.9490	41.9030
 1.9500	42.0090
 1.9510	42.1130
 1.9520	42.2140
 1.9530	42.3200
 1.9540	42.4240
 1.9550	42.5270
 1.9560	42.6310
 1.9570	42.7370
 1.9580	42.8390
 1.9590	42.9460
 1.9600	43.0570
 1.9610	43.1670
 1.9620	43.2780
 1.9630	43.3900
 1.9640	43.4980
 1.9650	43.6100
 1.9660	43.7220
 1.9670	43.8300
 1.9680	43.9380
 1.9690	44.0470
 1.9700	44.1530
 1.9710	44.2530
 1.9720	44.3610
 1.9730	44.4710
 1.9740	44.5870
 1.9750	44.6990
 1.9760	44.8220
 1.9770	44.9380
 1.9780	45.0390
 1.9790	45.1370
 1.9800	45.2220
 1.9810	45.3180
 1.9820	45.4150
 1.9830	45.5120
 1.9840	45.6170
 1.9850	45.7150
 1.9860	45.8120
 1.9870	45.8970
 1.9880	45.9810
 1.9890	46.0750
 1.9900	46.1640
 1.9910	46.2520
 1.9920	46.3360
 1.9930	46.4190
 1.9940	46.5000
 1.9950	46.5780
 1.9960	46.6500
 1.9970	46.7200
 1.9980	46.7840
 1.9990	46.8390
 2.0000	46.8910
 2.0010	46.9430
 2.0020	46.9970
 2.0030	47.0510
 2.0040	47.1040
 2.0050	47.1560
 2.0060	47.2070
 2.0070	47.2560
 2.0080	47.2990
 2.0090	47.3470
 2.0100	47.4020
 2.0110	47.4440
 2.0120	47.4840
 2.0130	47.5210
 2.0140	47.5380
 2.0150	47.5530
 2.0160	47.5680
 2.0170	47.5710
 2.0180	47.5750
 2.0190	47.5770
 2.0200	47.5700
 2.0210	47.5530
 2.0220	47.5400
 2.0230	47.5240
 2.0240	47.5060
 2.0250	47.4900
 2.0260	47.4690
 2.0270	47.4440
 2.0280	47.4160
 2.0290	47.3800
 2.0300	47.3460
 2.0310	47.3080
 2.0320	47.2670
 2.0330	47.2190
 2.0340	47.1630
 2.0350	47.1110
 2.0360	47.0500
 2.0370	46.9930
 2.0380	46.9410
 2.0390	46.8860
 2.0400	46.8250
 2.0410	46.7710
 2.0420	46.7250
 2.0430	46.6760
 2.0440	46.6250
 2.0450	46.5770
 2.0460	46.5220
 2.0470	46.4540
 2.0480	46.4020
 2.0490	46.3590
 2.0500	46.3070
 2.0510	46.2590
 2.0520	46.2040
 2.0530	46.1340
 2.0540	46.0750
 2.0550	46.0160
 2.0560	45.9690
 2.0570	45.9220
 2.0580	45.8760
 2.0590	45.8330
 2.0600	45.7920
 2.0610	45.7510
 2.0620	45.7090
 2.0630	45.6730
 2.0640	45.6400
 2.0650	45.6080
 2.0660	45.5830
 2.0670	45.5550
 2.0680	45.5330
 2.0690	45.5010
 2.0700	45.4630
 2.0710	45.4290
 2.0720	45.3960
 2.0730	45.3540
 2.0740	45.3210
 2.0750	45.2960
 2.0760	45.2670
 2.0770	45.2360
 2.0780	45.2070
 2.0790	45.1820
 2.0800	45.1540
 2.0810	45.1250
 2.0820	45.0990
 2.0830	45.0740
 2.0840	45.0490
 2.0850	45.0270
 2.0860	45.0050
 2.0870	44.9880
 2.0880	44.9590
 2.0890	44.9440
 2.0900	44.9350
 2.0910	44.9230
 2.0920	44.9150
 2.0930	44.9040
 2.0940	44.8890
 2.0950	44.8740
 2.0960	44.8610
 2.0970	44.8470
 2.0980	44.8270
 2.0990	44.8160
 2.1000	44.8160
 2.1010	44.8070
 2.1020	44.7990
 2.1030	44.7880
 2.1040	44.7720
 2.1050	44.7460
 2.1060	44.7340
 2.1070	44.7270
 2.1080	44.7190
 2.1090	44.7150
 2.1100	44.7110
 2.1110	44.7090
 2.1120	44.7020
 2.1130	44.6950
 2.1140	44.6860
 2.1150	44.6710
 2.1160	44.6590
 2.1170	44.6450
 2.1180	44.6350
 2.1190	44.6240
 2.1200	44.6220
 2.1210	44.6270
 2.1220	44.6410
 2.1230	44.6460
 2.1240	44.6550
 2.1250	44.6540
 2.1260	44.6420
 2.1270	44.6370
 2.1280	44.6310
 2.1290	44.6260
 2.1300	44.6170
 2.1310	44.6160
 2.1320	44.6220
 2.1330	44.6230
 2.1340	44.6260
 2.1350	44.6300
 2.1360	44.6300
 2.1370	44.6320
 2.1380	44.6390
 2.1390	44.6450
 2.1400	44.6480
 2.1410	44.6530
 2.1420	44.6640
 2.1430	44.6780
 2.1440	44.6960
 2.1450	44.7210
 2.1460	44.7430
 2.1470	44.7680
 2.1480	44.7890
 2.1490	44.8080
 2.1500	44.8280
 2.1510	44.8440
 2.1520	44.8650
 2.1530	44.8910
 2.1540	44.9160
 2.1550	44.9450
 2.1560	44.9720
 2.1570	44.9950
 2.1580	45.0220
 2.1590	45.0490
 2.1600	45.0760
 2.1610	45.1080
 2.1620	45.1300
 2.1630	45.1530
 2.1640	45.1750
 2.1650	45.1920
 2.1660	45.2010
 2.1670	45.2220
 2.1680	45.2410
 2.1690	45.2660
 2.1700	45.3070
 2.1710	45.3330
 2.1720	45.3500
 2.1730	45.3740
 2.1740	45.4000
 2.1750	45.4230
 2.1760	45.4540
 2.1770	45.4770
 2.1780	45.4910
 2.1790	45.5080
 2.1800	45.5210
 2.1810	45.5390
 2.1820	45.5580
 2.1830	45.5780
 2.1840	45.5980
 2.1850	45.6240
 2.1860	45.6340
 2.1870	45.6350
 2.1880	45.6420
 2.1890	45.6470
 2.1900	45.6450
 2.1910	45.6390
 2.1920	45.6410
 2.1930	45.6320
 2.1940	45.6350
 2.1950	45.6520
 2.1960	45.6690
 2.1970	45.6900
 2.1980	45.7090
 2.1990	45.7340
 2.2000	45.7590
 2.2010	45.7860
 2.2020	45.8060
 2.2030	45.8290
 2.2040	45.8450
 2.2050	45.8500
 2.2060	45.8570
 2.2070	45.8700
 2.2080	45.8850
 2.2090	45.8950
 2.2100	45.9090
 2.2110	45.9150
 2.2120	45.9200
 2.2130	45.9130
 2.2140	45.8970
 2.2150	45.8830
 2.2160	45.8540
 2.2170	45.8350
 2.2180	45.8310
 2.2190	45.8060
 2.2200	45.7730
 2.2210	45.7360
 2.2220	45.6840
 2.2230	45.6350
 2.2240	45.5910
 2.2250	45.5320
 2.2260	45.4670
 2.2270	45.3910
 2.2280	45.2990
 2.2290	45.2040
 2.2300	45.1050
 2.2310	44.9900
 2.2320	44.8810
 2.2330	44.7700
 2.2340	44.6500
 2.2350	44.5250
 2.2360	44.4010
 2.2370	44.2670
 2.2380	44.1390
 2.2390	44.0210
 2.2400	43.8830
 2.2410	43.7350
 2.2420	43.5860
 2.2430	43.4250
 2.2440	43.2680
 2.2450	43.1120
 2.2460	42.9550
 2.2470	42.7930
 2.2480	42.6360
 2.2490	42.4800
 2.2500	42.3280
 2.2510	42.1770
 2.2520	42.0320
 2.2530	41.8880
 2.2540	41.7510
 2.2550	41.6170
 2.2560	41.4940
 2.2570	41.3880
 2.2580	41.2780
 2.2590	41.1750
 2.2600	41.0700
 2.2610	40.9610
 2.2620	40.8550
 2.2630	40.7500
 2.2640	40.6520
 2.2650	40.5720
 2.2660	40.4940
 2.2670	40.4220
 2.2680	40.3640
 2.2690	40.3030
 2.2700	40.2410
 2.2710	40.1870
 2.2720	40.1430
 2.2730	40.0920
 2.2740	40.0400
 2.2750	39.9970
 2.2760	39.9580
 2.2770	39.9160
 2.2780	39.8820
 2.2790	39.8430
 2.2800	39.8010
 2.2810	39.7590
 2.2820	39.7200
 2.2830	39.6780
 2.2840	39.6320
 2.2850	39.5890
 2.2860	39.5510
 2.2870	39.5080
 2.2880	39.4690
 2.2890	39.4140
 2.2900	39.3530
 2.2910	39.2830
 2.2920	39.1920
 2.2930	39.1120
 2.2940	39.0350
 2.2950	38.9530
 2.2960	38.8830
 2.2970	38.7980
 2.2980	38.7060
 2.2990	38.5940
 2.3000	38.4900
 2.3010	38.3820
 2.3020	38.2680
 2.3030	38.1690
 2.3040	38.0740
 2.3050	37.9680
 2.3060	37.8810
 2.3070	37.8110
 2.3080	37.7460
 2.3090	37.6970
 2.3100	37.6670
 2.3110	37.6630
 2.3120	37.6750
 2.3130	37.7030
 2.3140	37.7630
 2.3150	37.8500
 2.3160	37.9510
 2.3170	38.0870
 2.3180	38.2210
 2.3190	38.3770
 2.3200	38.5070
 2.3210	38.6510
 2.3220	38.7510
 2.3230	38.8140
 2.3240	38.8820
 2.3250	38.9300
 2.3260	38.9720
 2.3270	39.0120
 2.3280	39.0370
 2.3290	39.0540
 2.3300	39.0480
 2.3310	39.0250
 2.3320	38.9980
 2.3330	38.9360
 2.3340	38.8960
 2.3350	38.8720
 2.3360	38.8340
 2.3370	38.8060
 2.3380	38.7560
 2.3390	38.6830
 2.3400	38.6150
 2.3410	38.5220
 2.3420	38.4600
 2.3430	38.4210
 2.3440	38.3710
 2.3450	38.3360
 2.3460	38.2890
 2.3470	38.2160
 2.3480	38.1650
 2.3490	38.1020
 2.3500	38.0810
 2.3510	38.1000
 2.3520	38.1140
 2.3530	38.1330
 2.3540	38.1950
 2.3550	38.2680
 2.3560	38.3160
 2.3570	38.3980
 2.3580	38.4820
 2.3590	38.5230
 2.3600	38.5860
 2.3610	38.6460
 2.3620	38.6760
 2.3630	38.6990
 2.3640	38.6880
 2.3650	38.6830
 2.3660	38.6800
 2.3670	38.6540
 2.3680	38.6570
 2.3690	38.6540
 2.3700	38.6230
 2.3710	38.6170
 2.3720	38.6160
 2.3730	38.5840
 2.3740	38.5620
 2.3750	38.5610
 2.3760	38.5270
 2.3770	38.4980
 2.3780	38.5030
 2.3790	38.4970
 2.3800	38.4960
 2.3810	38.4960
 2.3820	38.4640
 2.3830	38.4190
 2.3840	38.3770
 2.3850	38.3540
 2.3860	38.3440
 2.3870	38.3530
 2.3880	38.3720
 2.3890	38.3780
 2.3900	38.3740
 2.3910	38.3310
 2.3920	38.2890
 2.3930	38.2900
 2.3940	38.2770
 2.3950	38.2850
 2.3960	38.3200
 2.3970	38.3100
 2.3980	38.3040
 2.3990	38.3060
 2.4000	38.2510
 2.4010	38.1890
 2.4020	38.1710
 2.4030	38.1580
 2.4040	38.1510
 2.4050	38.1590
 2.4060	38.1490
 2.4070	38.1220
 2.4080	38.1100
 2.4090	38.1070
 2.4100	38.0710
 2.4110	38.0290
 2.4120	37.9950
 2.4130	37.9340
 2.4140	37.8670
 2.4150	37.8180
 2.4160	37.7580
 2.4170	37.7060
 2.4180	37.6840
 2.4190	37.6700
 2.4200	37.6520
 2.4210	37.6310
 2.4220	37.6030
 2.4230	37.5230
 2.4240	37.4470
 2.4250	37.4000
 2.4260	37.3400
 2.4270	37.2980
 2.4280	37.2190
 2.4290	37.1280
 2.4300	37.0510
 2.4310	36.9620
 2.4320	36.9270
 2.4330	36.8790
 2.4340	36.7990
 2.4350	36.7220
 2.4360	36.6320
 2.4370	36.5460
 2.4380	36.4750
 2.4390	36.4190
 2.4400	36.3650
 2.4410	36.3150
 2.4420	36.2420
 2.4430	36.1870
 2.4440	36.1540
 2.4450	36.0990
 2.4460	36.0160
 2.4470	35.9170
 2.4480	35.8320
 2.4490	35.7650
 2.4500	35.7390
 2.4510	35.7190
 2.4520	35.6950
 2.4530	35.6490
 2.4540	35.5850
 2.4550	35.5160
 2.4560	35.4210
 2.4570	35.3330
 2.4580	35.2760
 2.4590	35.2380
 2.4600	35.2010
 2.4610	35.1560
 2.4620	35.1020
 2.4630	35.0510
 2.4640	34.9680
 2.4650	34.8840
 2.4660	34.8030
 2.4670	34.7040
 2.4680	34.6530
 2.4690	34.5470
 2.4700	34.4790
 2.4710	34.4070
 2.4720	34.3330
 2.4730	34.2960
 2.4740	34.2640
 2.4750	34.2350
 2.4760	34.2150
 2.4770	34.2550
 2.4780	34.2210
 2.4790	34.1140
 2.4800	34.0260
 2.4810	33.8870
 2.4820	33.8010
 2.4830	33.8130
 2.4840	33.8260
 2.4850	33.8550
 2.4860	33.9040
 2.4870	33.8960
 2.4880	33.9640
 2.4890	33.9930
 2.4900	33.9710
 2.4910	33.9970
 2.4920	33.8970
 2.4930	33.8260
 2.4940	33.8380
 2.4950	33.7800
 2.4960	33.7930
 2.4970	33.8720
 2.4980	33.8380
 2.4990	33.8770
 2.5000	34.0280
