Name: Basanite
Type: Rock
Class: Igneous
Subclass: Mafic
Particle Size: Solid
Sample No.: Mewy327b
Owner: Lawrence Rowan, USGS Reston
Wavelength Range: All
Origin: Yizreel Valley, Middle East
Collection Date: N/A
Description: Basanite, cut surfaceSample was Whole rock chips. Original ASTER Spectral Library name was usgs.perknic.rock.igneous.mafic.solid.mewy327b.spectrum.txt
Measurement: Directional Hemispherical Reflectance
First Column: X
Second Column: Y
X Units: Wavelength (micrometers)
Y Units:Reflectance (percent)
First X Value: 14.0510
Last X Value:  0.4000
Number of X Values: 2231
Additional Information: rock.igneous.mafic.solid.all.mewy327b.usgs.perknic.ancillary.txt

14.0510	 4.0273
14.0130	 3.9140
13.9750	 3.7492
13.9380	 3.6874
13.9000	 3.8007
13.8630	 3.7492
13.8260	 3.9037
13.7900	 3.7698
13.7530	 3.6256
13.7170	 3.5844
13.6800	 3.7698
13.6440	 3.7801
13.6090	 3.7492
13.5730	 3.6977
13.5380	 3.7389
13.5020	 3.6462
13.4670	 3.7595
13.4320	 3.8728
13.3980	 3.9346
13.3630	 3.8934
13.3290	 3.9861
13.2950	 3.9037
13.2610	 3.8831
13.2270	 3.8110
13.1930	 3.7492
13.1600	 3.7183
13.1260	 3.8728
13.0930	 3.8213
13.0600	 3.7389
13.0270	 3.8007
12.9950	 4.0067
12.9620	 3.9861
12.9300	 3.9552
12.8980	 3.9140
12.8660	 3.8522
12.8340	 3.7904
12.8020	 3.9449
12.7710	 3.9449
12.7390	 3.9758
12.7080	 4.0479
12.6770	 4.1509
12.6460	 4.1612
12.6160	 4.2127
12.5850	 4.1921
12.5540	 4.2848
12.5240	 4.2539
12.4940	 4.3672
12.4640	 4.3672
12.4340	 4.4805
12.4040	 4.5320
12.3750	 4.5732
12.3450	 4.6247
12.3160	 4.7174
12.2870	 4.7174
12.2580	 4.8719
12.2290	 4.9028
12.2000	 5.0470
12.1710	 5.0985
12.1430	 5.2015
12.1150	 5.3663
12.0860	 5.5620
12.0580	 5.5517
12.0300	 5.6341
12.0020	 5.7680
11.9750	 5.8813
11.9470	 5.8813
11.9200	 5.9946
11.8920	 6.0152
11.8650	 6.1903
11.8380	 6.3036
11.8110	 6.4375
11.7840	 6.4375
11.7570	 6.6023
11.7310	 6.8186
11.7040	 7.0040
11.6780	 7.0967
11.6520	 7.1997
11.6260	 7.2615
11.6000	 7.5808
11.5740	 7.7250
11.5480	 7.8486
11.5220	 7.9722
11.4970	 8.1782
11.4710	 8.3121
11.4460	 8.5078
11.4210	 8.6314
11.3960	 8.7653
11.3710	 8.7550
11.3460	 8.9198
11.3210	 9.0743
11.2970	 9.2700
11.2720	 9.3627
11.2480	 9.5378
11.2230	 9.5790
11.1990	 9.6820
11.1750	 9.7438
11.1510	 9.8365
11.1270	 9.8468
11.1030	 9.9704
11.0790	10.0528
11.0560	10.1764
11.0320	10.2897
11.0090	10.4854
10.9850	10.6090
10.9620	10.7017
10.9390	10.6708
10.9160	10.7532
10.8930	10.7944
10.8700	10.8562
10.8480	10.8150
10.8250	10.9077
10.8020	10.9592
10.7800	10.9386
10.7580	10.9077
10.7350	10.9798
10.7130	10.9695
10.6910	11.0416
10.6690	11.1240
10.6470	11.2476
10.6250	11.1961
10.6040	11.1652
10.5820	11.1961
10.5600	11.2167
10.5390	11.1240
10.5180	11.0828
10.4960	11.0210
10.4750	11.0931
10.4540	11.1240
10.4330	11.2064
10.4120	11.3403
10.3910	11.5463
10.3700	11.6493
10.3500	11.7523
10.3290	11.7420
10.3090	11.8347
10.2880	11.9068
10.2680	12.0201
10.2470	12.0819
10.2270	12.1128
10.2070	12.0304
10.1870	12.0304
10.1670	11.9789
10.1470	11.9377
10.1270	11.9892
10.1080	12.0304
10.0880	12.0407
10.0680	12.1746
10.0490	12.1540
10.0290	12.1437
10.0100	12.1849
 9.9910	12.3703
 9.9720	12.4939
 9.9520	12.6175
 9.9330	12.6072
 9.9140	12.6278
 9.8950	12.7617
 9.8770	12.8544
 9.8580	12.8132
 9.8390	12.9574
 9.8210	13.0604
 9.8020	13.1222
 9.7830	13.0810
 9.7650	13.0913
 9.7470	13.1840
 9.7280	13.1840
 9.7100	13.0707
 9.6920	13.1325
 9.6740	13.2149
 9.6560	13.2767
 9.6380	13.2664
 9.6200	13.3282
 9.6020	13.2767
 9.5850	13.3076
 9.5670	13.1943
 9.5490	13.0707
 9.5320	13.0192
 9.5140	13.0295
 9.4970	12.9677
 9.4790	12.9677
 9.4620	12.8544
 9.4450	12.7720
 9.4280	12.6072
 9.4110	12.4115
 9.3940	12.2261
 9.3770	12.0922
 9.3600	11.8759
 9.3430	11.7420
 9.3260	11.5257
 9.3090	11.4227
 9.2930	11.2785
 9.2760	11.1034
 9.2590	10.9592
 9.2430	10.8562
 9.2260	10.6914
 9.2100	10.6193
 9.1940	10.4442
 9.1780	10.4339
 9.1610	10.4545
 9.1450	10.5472
 9.1290	10.5266
 9.1130	10.5575
 9.0970	10.6605
 9.0810	10.7635
 9.0650	10.5987
 9.0490	10.4236
 9.0340	10.3515
 9.0180	10.3309
 9.0020	10.1249
 8.9870	10.0013
 8.9710	 9.8777
 8.9560	 9.7129
 8.9400	 9.4760
 8.9250	 9.2494
 8.9090	 9.0331
 8.8940	 8.8786
 8.8790	 8.6520
 8.8640	 8.4769
 8.8490	 8.2709
 8.8340	 8.1164
 8.8190	 7.9722
 8.8040	 7.8589
 8.7890	 7.6735
 8.7740	 7.5705
 8.7590	 7.5087
 8.7440	 7.4881
 8.7300	 7.3336
 8.7150	 7.1997
 8.7000	 7.0143
 8.6860	 6.9731
 8.6710	 6.9113
 8.6570	 6.8495
 8.6420	 6.7362
 8.6280	 6.6538
 8.6140	 6.5199
 8.5990	 6.4272
 8.5850	 6.2830
 8.5710	 6.2006
 8.5570	 6.1594
 8.5430	 6.1800
 8.5290	 6.1388
 8.5150	 6.0873
 8.5010	 5.9328
 8.4870	 5.8504
 8.4730	 5.7268
 8.4590	 5.6650
 8.4450	 5.6238
 8.4310	 5.5311
 8.4180	 5.4075
 8.4040	 5.4178
 8.3910	 5.3663
 8.3770	 5.2324
 8.3630	 5.1294
 8.3500	 5.0882
 8.3370	 4.9234
 8.3230	 4.8410
 8.3100	 4.7792
 8.2970	 4.6247
 8.2830	 4.4496
 8.2700	 4.3054
 8.2570	 4.1406
 8.2440	 4.0376
 8.2310	 3.9140
 8.2180	 3.8007
 8.2050	 3.6050
 8.1920	 3.4917
 8.1790	 3.4299
 8.1660	 3.3990
 8.1530	 3.3372
 8.1400	 3.2857
 8.1280	 3.2239
 8.1150	 3.1930
 8.1020	 3.1621
 8.0900	 3.1621
 8.0770	 3.0900
 8.0640	 3.0694
 8.0520	 3.0694
 8.0390	 3.0385
 8.0270	 2.9561
 8.0150	 2.9458
 8.0020	 2.9355
 7.9900	 2.9767
 7.9780	 2.9767
 7.9650	 2.9973
 7.9530	 2.9870
 7.9410	 2.9973
 7.9290	 2.9767
 7.9170	 2.9870
 7.9050	 2.9973
 7.8930	 3.0694
 7.8810	 2.9870
 7.8690	 2.8943
 7.8570	 2.8943
 7.8450	 2.9149
 7.8330	 2.8737
 7.8210	 2.9458
 7.8090	 2.9458
 7.7980	 2.9458
 7.7860	 2.9355
 7.7740	 2.9767
 7.7630	 3.0385
 7.7510	 3.0694
 7.7390	 2.9561
 7.7280	 2.9767
 7.7160	 3.0179
 7.7050	 3.0179
 7.6940	 2.9870
 7.6820	 3.0179
 7.6710	 3.0179
 7.6590	 3.0179
 7.6480	 2.9767
 7.6370	 3.0488
 7.6260	 3.0488
 7.6140	 3.0591
 7.6030	 3.0694
 7.5920	 3.0694
 7.5810	 2.9870
 7.5700	 3.0179
 7.5590	 3.0591
 7.5480	 3.0591
 7.5370	 3.0488
 7.5260	 3.1106
 7.5150	 3.1209
 7.5040	 3.1415
 7.4930	 3.1621
 7.4830	 3.1621
 7.4720	 3.1106
 7.4610	 3.1518
 7.4500	 3.1930
 7.4400	 3.2033
 7.4290	 3.1621
 7.4180	 3.1621
 7.4080	 3.1827
 7.3970	 3.2136
 7.3870	 3.2136
 7.3760	 3.2342
 7.3660	 3.2342
 7.3550	 3.2239
 7.3450	 3.2136
 7.3340	 3.2548
 7.3240	 3.2651
 7.3140	 3.3269
 7.3030	 3.3475
 7.2930	 3.3475
 7.2830	 3.2857
 7.2730	 3.3063
 7.2630	 3.3166
 7.2520	 3.3063
 7.2420	 3.2857
 7.2320	 3.3269
 7.2220	 3.3578
 7.2120	 3.3681
 7.2020	 3.3063
 7.1920	 3.3166
 7.1820	 3.3269
 7.1720	 3.3578
 7.1620	 3.3578
 7.1520	 3.3887
 7.1430	 3.3990
 7.1330	 3.3887
 7.1230	 3.2857
 7.1130	 3.3372
 7.1030	 3.4196
 7.0940	 3.4711
 7.0840	 3.4402
 7.0740	 3.4402
 7.0650	 3.4196
 7.0550	 3.4196
 7.0460	 3.4093
 7.0360	 3.3887
 7.0260	 3.3784
 7.0170	 3.4402
 7.0070	 3.3990
 6.9980	 3.4196
 6.9890	 3.4917
 6.9790	 3.4917
 6.9700	 3.4402
 6.9600	 3.4814
 6.9510	 3.4814
 6.9420	 3.4917
 6.9320	 3.4917
 6.9230	 3.5226
 6.9140	 3.4917
 6.9050	 3.4917
 6.8960	 3.5329
 6.8860	 3.5329
 6.8770	 3.4402
 6.8680	 3.4505
 6.8590	 3.4917
 6.8500	 3.5020
 6.8410	 3.4814
 6.8320	 3.4814
 6.8230	 3.4608
 6.8140	 3.4093
 6.8050	 3.3681
 6.7960	 3.4299
 6.7870	 3.4402
 6.7780	 3.5020
 6.7700	 3.5123
 6.7610	 3.5020
 6.7520	 3.4299
 6.7430	 3.4608
 6.7340	 3.5020
 6.7260	 3.4917
 6.7170	 3.4814
 6.7080	 3.4917
 6.7000	 3.5020
 6.6910	 3.4917
 6.6820	 3.4299
 6.6740	 3.4608
 6.6650	 3.4917
 6.6570	 3.5432
 6.6480	 3.5638
 6.6400	 3.4917
 6.6310	 3.4402
 6.6230	 3.5020
 6.6140	 3.4608
 6.6060	 3.4299
 6.5970	 3.4711
 6.5890	 3.5432
 6.5810	 3.5226
 6.5720	 3.5226
 6.5640	 3.4917
 6.5560	 3.4505
 6.5470	 3.4299
 6.5390	 3.5329
 6.5310	 3.5844
 6.5230	 3.4711
 6.5140	 3.3784
 6.5060	 3.4196
 6.4980	 3.4505
 6.4900	 3.4917
 6.4820	 3.5123
 6.4740	 3.5123
 6.4660	 3.4711
 6.4580	 3.4608
 6.4500	 3.4814
 6.4420	 3.5123
 6.4340	 3.4917
 6.4260	 3.4814
 6.4180	 3.4505
 6.4100	 3.4608
 6.4020	 3.4608
 6.3940	 3.5020
 6.3860	 3.4917
 6.3780	 3.4917
 6.3700	 3.5123
 6.3630	 3.4917
 6.3550	 3.4402
 6.3470	 3.4505
 6.3390	 3.4505
 6.3320	 3.4196
 6.3240	 3.3887
 6.3160	 3.4505
 6.3080	 3.4814
 6.3010	 3.4505
 6.2930	 3.4299
 6.2860	 3.4299
 6.2780	 3.3990
 6.2700	 3.4402
 6.2630	 3.4505
 6.2550	 3.4505
 6.2480	 3.4608
 6.2400	 3.4299
 6.2330	 3.3681
 6.2250	 3.3372
 6.2180	 3.3372
 6.2100	 3.4093
 6.2030	 3.3269
 6.1950	 3.2754
 6.1880	 3.3166
 6.1810	 3.3578
 6.1730	 3.3063
 6.1660	 3.2754
 6.1590	 3.2548
 6.1510	 3.1930
 6.1440	 3.2033
 6.1370	 3.2136
 6.1300	 3.1518
 6.1220	 3.1621
 6.1150	 3.1518
 6.1080	 3.1930
 6.1010	 3.1724
 6.0940	 3.1827
 6.0860	 3.1827
 6.0790	 3.1827
 6.0720	 3.1724
 6.0650	 3.2033
 6.0580	 3.1827
 6.0510	 3.1518
 6.0440	 3.1312
 6.0370	 3.1621
 6.0300	 3.1415
 6.0230	 3.1621
 6.0160	 3.1724
 6.0090	 3.2033
 6.0020	 3.2342
 5.9950	 3.2445
 5.9880	 3.2754
 5.9810	 3.3475
 5.9740	 3.3475
 5.9670	 3.3269
 5.9600	 3.3166
 5.9540	 3.3166
 5.9470	 3.3166
 5.9400	 3.3887
 5.9330	 3.4093
 5.9260	 3.3990
 5.9200	 3.4299
 5.9130	 3.4608
 5.9060	 3.4299
 5.8990	 3.4711
 5.8930	 3.5020
 5.8860	 3.5432
 5.8790	 3.5844
 5.8730	 3.6256
 5.8660	 3.6359
 5.8590	 3.6050
 5.8530	 3.5844
 5.8460	 3.6462
 5.8400	 3.6874
 5.8330	 3.6977
 5.8270	 3.7286
 5.8200	 3.7801
 5.8130	 3.7492
 5.8070	 3.7698
 5.8000	 3.7801
 5.7940	 3.7389
 5.7880	 3.7801
 5.7810	 3.8007
 5.7750	 3.7286
 5.7680	 3.7595
 5.7620	 3.8110
 5.7550	 3.8213
 5.7490	 3.7801
 5.7430	 3.8316
 5.7360	 3.8625
 5.7300	 3.8728
 5.7240	 3.9037
 5.7170	 3.8934
 5.7110	 3.8625
 5.7050	 3.9037
 5.6980	 3.8419
 5.6920	 3.8110
 5.6860	 3.8316
 5.6800	 3.8728
 5.6740	 3.9140
 5.6670	 3.9758
 5.6610	 3.9346
 5.6550	 3.9346
 5.6490	 3.9655
 5.6430	 3.9449
 5.6370	 3.9140
 5.6300	 3.9449
 5.6240	 3.9449
 5.6180	 3.9964
 5.6120	 4.0067
 5.6060	 3.9758
 5.6000	 3.9346
 5.5940	 3.9552
 5.5880	 3.9449
 5.5820	 3.9964
 5.5760	 4.0376
 5.5700	 4.0479
 5.5640	 3.9964
 5.5580	 3.9346
 5.5520	 3.9449
 5.5460	 3.9861
 5.5400	 4.0170
 5.5340	 4.0273
 5.5280	 4.0376
 5.5230	 4.0788
 5.5170	 4.1406
 5.5110	 4.1097
 5.5050	 4.0479
 5.4990	 4.0685
 5.4930	 4.0788
 5.4870	 4.0891
 5.4820	 4.1097
 5.4760	 4.1200
 5.4700	 4.1097
 5.4640	 4.1097
 5.4590	 4.1509
 5.4530	 4.1509
 5.4470	 4.1200
 5.4410	 4.1303
 5.4360	 4.1406
 5.4300	 4.1715
 5.4240	 4.1715
 5.4190	 4.1921
 5.4130	 4.2127
 5.4070	 4.1612
 5.4020	 4.1303
 5.3960	 4.1818
 5.3900	 4.1818
 5.3850	 4.2024
 5.3790	 4.1921
 5.3740	 4.1715
 5.3680	 4.2333
 5.3630	 4.2436
 5.3570	 4.2127
 5.3520	 4.2024
 5.3460	 4.1921
 5.3410	 4.2745
 5.3350	 4.3054
 5.3300	 4.2642
 5.3240	 4.2230
 5.3190	 4.2436
 5.3130	 4.2333
 5.3080	 4.2333
 5.3020	 4.2539
 5.2970	 4.2539
 5.2910	 4.2230
 5.2860	 4.2436
 5.2810	 4.2436
 5.2750	 4.2436
 5.2700	 4.2745
 5.2650	 4.2642
 5.2590	 4.2333
 5.2540	 4.2848
 5.2490	 4.3363
 5.2430	 4.3054
 5.2380	 4.2951
 5.2330	 4.2951
 5.2270	 4.2539
 5.2220	 4.2642
 5.2170	 4.3363
 5.2120	 4.3466
 5.2060	 4.3260
 5.2010	 4.3363
 5.1960	 4.3157
 5.1910	 4.3054
 5.1860	 4.3054
 5.1800	 4.3054
 5.1750	 4.3363
 5.1700	 4.3363
 5.1650	 4.3157
 5.1600	 4.2951
 5.1550	 4.2951
 5.1500	 4.3260
 5.1450	 4.3466
 5.1390	 4.3569
 5.1340	 4.3672
 5.1290	 4.3981
 5.1240	 4.3981
 5.1190	 4.3775
 5.1140	 4.3260
 5.1090	 4.3260
 5.1040	 4.3775
 5.0990	 4.3878
 5.0940	 4.3569
 5.0890	 4.3157
 5.0840	 4.3363
 5.0790	 4.3878
 5.0740	 4.3775
 5.0690	 4.3569
 5.0640	 4.3363
 5.0590	 4.3569
 5.0540	 4.4393
 5.0490	 4.4805
 5.0440	 4.4496
 5.0400	 4.4599
 5.0350	 4.4496
 5.0300	 4.3878
 5.0250	 4.3260
 5.0200	 4.3672
 5.0150	 4.3981
 5.0100	 4.3569
 5.0050	 4.3363
 5.0010	 4.3672
 4.9960	 4.4393
 4.9910	 4.4805
 4.9860	 4.4290
 4.9810	 4.3569
 4.9770	 4.3260
 4.9720	 4.3260
 4.9670	 4.3363
 4.9620	 4.3878
 4.9580	 4.4290
 4.9530	 4.4599
 4.9480	 4.4496
 4.9430	 4.4496
 4.9390	 4.4496
 4.9340	 4.4187
 4.9290	 4.4599
 4.9250	 4.4805
 4.9200	 4.4599
 4.9150	 4.4805
 4.9110	 4.4805
 4.9060	 4.5114
 4.9010	 4.5114
 4.8970	 4.4393
 4.8920	 4.4290
 4.8880	 4.4290
 4.8830	 4.3981
 4.8780	 4.4393
 4.8740	 4.5217
 4.8690	 4.5217
 4.8650	 4.4599
 4.8600	 4.4393
 4.8560	 4.4908
 4.8510	 4.5423
 4.8460	 4.5423
 4.8420	 4.5217
 4.8370	 4.4187
 4.8330	 4.4187
 4.8280	 4.4805
 4.8240	 4.5320
 4.8190	 4.5320
 4.8150	 4.5011
 4.8100	 4.4599
 4.8060	 4.4908
 4.8020	 4.5320
 4.7970	 4.5320
 4.7930	 4.5835
 4.7880	 4.6247
 4.7840	 4.5526
 4.7790	 4.4805
 4.7750	 4.5217
 4.7710	 4.5423
 4.7660	 4.4805
 4.7620	 4.4496
 4.7580	 4.4908
 4.7530	 4.5732
 4.7490	 4.5732
 4.7440	 4.5423
 4.7400	 4.5938
 4.7360	 4.6247
 4.7310	 4.5835
 4.7270	 4.5732
 4.7230	 4.5938
 4.7190	 4.5629
 4.7140	 4.5217
 4.7100	 4.5217
 4.7060	 4.5732
 4.7010	 4.5835
 4.6970	 4.6350
 4.6930	 4.6247
 4.6890	 4.5629
 4.6840	 4.5732
 4.6800	 4.6144
 4.6760	 4.6041
 4.6720	 4.6659
 4.6680	 4.6968
 4.6630	 4.6865
 4.6590	 4.6453
 4.6550	 4.6144
 4.6510	 4.5732
 4.6470	 4.6041
 4.6430	 4.7071
 4.6380	 4.7277
 4.6340	 4.6247
 4.6300	 4.6144
 4.6260	 4.6659
 4.6220	 4.6865
 4.6180	 4.6762
 4.6140	 4.7071
 4.6100	 4.7071
 4.6050	 4.7071
 4.6010	 4.7380
 4.5970	 4.7174
 4.5930	 4.6865
 4.5890	 4.6865
 4.5850	 4.7277
 4.5810	 4.7586
 4.5770	 4.7483
 4.5730	 4.7586
 4.5690	 4.7380
 4.5650	 4.7586
 4.5610	 4.7895
 4.5570	 4.7380
 4.5530	 4.6865
 4.5490	 4.6968
 4.5450	 4.6762
 4.5410	 4.7277
 4.5370	 4.7483
 4.5330	 4.7174
 4.5290	 4.7689
 4.5250	 4.7998
 4.5210	 4.7277
 4.5170	 4.7586
 4.5130	 4.7586
 4.5090	 4.7586
 4.5050	 4.7895
 4.5020	 4.8204
 4.4980	 4.8513
 4.4940	 4.8513
 4.4900	 4.8410
 4.4860	 4.8616
 4.4820	 4.8513
 4.4780	 4.8822
 4.4740	 4.8822
 4.4700	 4.7895
 4.4670	 4.7174
 4.4630	 4.7071
 4.4590	 4.7071
 4.4550	 4.7792
 4.4510	 4.8925
 4.4470	 4.8616
 4.4440	 4.7998
 4.4400	 4.7895
 4.4360	 4.8204
 4.4320	 4.8410
 4.4280	 4.9131
 4.4250	 4.9131
 4.4210	 4.8822
 4.4170	 4.9028
 4.4130	 4.8410
 4.4100	 4.7689
 4.4060	 4.8410
 4.4020	 4.8925
 4.3980	 4.7998
 4.3950	 4.7792
 4.3910	 4.7689
 4.3870	 4.7998
 4.3840	 4.8101
 4.3800	 4.8616
 4.3760	 4.8616
 4.3720	 4.8719
 4.3690	 4.8925
 4.3650	 4.9337
 4.3610	 4.9131
 4.3580	 4.8410
 4.3540	 4.8719
 4.3500	 4.8101
 4.3470	 4.7586
 4.3430	 4.7895
 4.3400	 4.8925
 4.3360	 4.9131
 4.3320	 4.8616
 4.3290	 4.8822
 4.3250	 4.9028
 4.3210	 4.8307
 4.3180	 4.8204
 4.3140	 4.8719
 4.3110	 4.8410
 4.3070	 4.8719
 4.3040	 4.7895
 4.3000	 4.7277
 4.2960	 4.7689
 4.2930	 4.8719
 4.2890	 4.8719
 4.2860	 4.8204
 4.2820	 4.8101
 4.2790	 4.8307
 4.2750	 4.7792
 4.2720	 4.7483
 4.2680	 4.7895
 4.2650	 4.8822
 4.2610	 4.9234
 4.2580	 4.8719
 4.2540	 4.8822
 4.2510	 4.8822
 4.2470	 4.8513
 4.2440	 4.8719
 4.2400	 4.8513
 4.2370	 4.8307
 4.2330	 4.8101
 4.2300	 4.8513
 4.2260	 4.8925
 4.2230	 4.8925
 4.2190	 4.9028
 4.2160	 4.9028
 4.2130	 4.8513
 4.2090	 4.8719
 4.2060	 4.9028
 4.2020	 4.9337
 4.1990	 4.9131
 4.1960	 4.9440
 4.1920	 4.9646
 4.1890	 4.9543
 4.1850	 4.9028
 4.1820	 4.8616
 4.1790	 4.8410
 4.1750	 4.8719
 4.1720	 4.9131
 4.1690	 4.9440
 4.1650	 4.9234
 4.1620	 4.8719
 4.1590	 4.8616
 4.1550	 4.9440
 4.1520	 4.9440
 4.1490	 4.9131
 4.1450	 4.9646
 4.1420	 5.0058
 4.1390	 4.9440
 4.1350	 4.9131
 4.1320	 4.9028
 4.1290	 4.9337
 4.1260	 4.9234
 4.1220	 4.8513
 4.1190	 4.8513
 4.1160	 4.8616
 4.1120	 4.9028
 4.1090	 4.9749
 4.1060	 4.9131
 4.1030	 4.8307
 4.0990	 4.8307
 4.0960	 4.8410
 4.0930	 4.8307
 4.0900	 4.8513
 4.0860	 4.8410
 4.0830	 4.8822
 4.0800	 4.9337
 4.0770	 4.9028
 4.0740	 4.8513
 4.0700	 4.9131
 4.0670	 4.8822
 4.0640	 4.8513
 4.0610	 4.8616
 4.0580	 4.8513
 4.0550	 4.8513
 4.0510	 4.8822
 4.0480	 4.8822
 4.0450	 4.9440
 4.0420	 4.9440
 4.0390	 4.8925
 4.0360	 4.8204
 4.0320	 4.8410
 4.0290	 4.9337
 4.0260	 4.9852
 4.0230	 4.9131
 4.0200	 4.9028
 4.0170	 4.8616
 4.0140	 4.8101
 4.0110	 4.8101
 4.0080	 4.9234
 4.0040	 4.9646
 4.0010	 4.9543
 3.9980	 4.9852
 3.9950	 4.9440
 3.9920	 4.9440
 3.9890	 5.0264
 3.9860	 4.8822
 3.9830	 4.7998
 3.9800	 4.7792
 3.9770	 4.8513
 3.9740	 4.9234
 3.9710	 4.9749
 3.9680	 4.9646
 3.9650	 4.9234
 3.9620	 4.8513
 3.9590	 4.8307
 3.9560	 4.9131
 3.9530	 4.8616
 3.9500	 4.7998
 3.9470	 4.9543
 3.9440	 4.9955
 3.9410	 4.8925
 3.9380	 4.8307
 3.9350	 4.8925
 3.9320	 4.8822
 3.9290	 4.8719
 3.9260	 4.8513
 3.9230	 4.8719
 3.9200	 4.9028
 3.9170	 4.9749
 3.9140	 4.9749
 3.9110	 4.9543
 3.9080	 4.9337
 3.9050	 4.9440
 3.9020	 4.8925
 3.8990	 4.8822
 3.8960	 4.8204
 3.8930	 4.7895
 3.8900	 4.8925
 3.8870	 4.9234
 3.8840	 4.9028
 3.8820	 4.9131
 3.8790	 4.9131
 3.8760	 4.9852
 3.8730	 4.9749
 3.8700	 4.8822
 3.8670	 4.8307
 3.8640	 4.9131
 3.8610	 5.0058
 3.8580	 4.9955
 3.8560	 4.9234
 3.8530	 4.9543
 3.8500	 4.9028
 3.8470	 4.8204
 3.8440	 4.8307
 3.8410	 4.8513
 3.8380	 4.8307
 3.8360	 4.8616
 3.8330	 4.8307
 3.8300	 4.9028
 3.8270	 5.0161
 3.8240	 4.9852
 3.8220	 4.9234
 3.8190	 4.9337
 3.8160	 4.8822
 3.8130	 4.8925
 3.8100	 4.8719
 3.8070	 4.8513
 3.8050	 4.8616
 3.8020	 4.9234
 3.7990	 4.8925
 3.7960	 4.8616
 3.7940	 4.8616
 3.7910	 4.8410
 3.7880	 4.8204
 3.7850	 4.8616
 3.7820	 4.9028
 3.7800	 4.9440
 3.7770	 4.9543
 3.7740	 4.8925
 3.7710	 4.9131
 3.7690	 4.9852
 3.7660	 4.9543
 3.7630	 5.0161
 3.7610	 5.0161
 3.7580	 5.0161
 3.7550	 4.9749
 3.7520	 4.8925
 3.7500	 4.8410
 3.7470	 4.8410
 3.7440	 4.8616
 3.7420	 4.8925
 3.7390	 4.9131
 3.7360	 4.9234
 3.7330	 4.8307
 3.7310	 4.7586
 3.7280	 4.7895
 3.7250	 4.8822
 3.7230	 4.8719
 3.7200	 4.8307
 3.7170	 4.8101
 3.7150	 4.8307
 3.7120	 4.8513
 3.7090	 4.8410
 3.7070	 4.8204
 3.7040	 4.8410
 3.7020	 4.8925
 3.6990	 4.9440
 3.6960	 4.9543
 3.6940	 4.9646
 3.6910	 4.9234
 3.6880	 4.8204
 3.6860	 4.8410
 3.6830	 4.9234
 3.6800	 4.9131
 3.6780	 4.8410
 3.6750	 4.8101
 3.6730	 4.9234
 3.6700	 4.8719
 3.6670	 4.8513
 3.6650	 4.8204
 3.6620	 4.8822
 3.6600	 4.9337
 3.6570	 4.8925
 3.6550	 4.8410
 3.6520	 4.7792
 3.6490	 4.6968
 3.6470	 4.7586
 3.6440	 4.8822
 3.6420	 4.9131
 3.6390	 4.8410
 3.6370	 4.7998
 3.6340	 4.8719
 3.6320	 4.9028
 3.6290	 4.8616
 3.6260	 4.8822
 3.6240	 4.8204
 3.6210	 4.8204
 3.6190	 4.8925
 3.6160	 4.8925
 3.6140	 4.8513
 3.6110	 4.9543
 3.6090	 4.9131
 3.6060	 4.8307
 3.6040	 4.7380
 3.6010	 4.7277
 3.5990	 4.7483
 3.5960	 4.8513
 3.5940	 4.9131
 3.5910	 4.9440
 3.5890	 4.9028
 3.5860	 4.8822
 3.5840	 4.8513
 3.5810	 4.8513
 3.5790	 4.7586
 3.5760	 4.7792
 3.5740	 4.7895
 3.5710	 4.8101
 3.5690	 4.8101
 3.5670	 4.7792
 3.5640	 4.7895
 3.5620	 4.8307
 3.5590	 4.8204
 3.5570	 4.8204
 3.5540	 4.7792
 3.5520	 4.8410
 3.5490	 4.8513
 3.5470	 4.7998
 3.5450	 4.7380
 3.5420	 4.8101
 3.5400	 4.8822
 3.5370	 4.8101
 3.5350	 4.7483
 3.5330	 4.8410
 3.5300	 4.8101
 3.5280	 4.8204
 3.5250	 4.7895
 3.5230	 4.7792
 3.5210	 4.8204
 3.5180	 4.7895
 3.5160	 4.7277
 3.5130	 4.7689
 3.5110	 4.7689
 3.5090	 4.6453
 3.5060	 4.5320
 3.5040	 4.6556
 3.5020	 4.7071
 3.4990	 4.6247
 3.4970	 4.6556
 3.4940	 4.7792
 3.4920	 4.6762
 3.4900	 4.6968
 3.4870	 4.6659
 3.4850	 4.6659
 3.4830	 4.6865
 3.4800	 4.6968
 3.4780	 4.6659
 3.4760	 4.6762
 3.4730	 4.6968
 3.4710	 4.6762
 3.4690	 4.6968
 3.4660	 4.6968
 3.4640	 4.7277
 3.4620	 4.7998
 3.4600	 4.7998
 3.4570	 4.6350
 3.4550	 4.6247
 3.4530	 4.7483
 3.4500	 4.7380
 3.4480	 4.6659
 3.4460	 4.5835
 3.4430	 4.5011
 3.4410	 4.4187
 3.4390	 4.5835
 3.4370	 4.7689
 3.4340	 4.7689
 3.4320	 4.7277
 3.4300	 4.7174
 3.4280	 4.6556
 3.4250	 4.6659
 3.4230	 4.6144
 3.4210	 4.5217
 3.4180	 4.4084
 3.4160	 4.5011
 3.4140	 4.5938
 3.4120	 4.6247
 3.4090	 4.5835
 3.4070	 4.5217
 3.4050	 4.4805
 3.4030	 4.6453
 3.4010	 4.7380
 3.3980	 4.7277
 3.3960	 4.6350
 3.3940	 4.6144
 3.3920	 4.6453
 3.3890	 4.6865
 3.3870	 4.5938
 3.3850	 4.5835
 3.3830	 4.5217
 3.3810	 4.4290
 3.3780	 4.4187
 3.3760	 4.5011
 3.3740	 4.5835
 3.3720	 4.6041
 3.3700	 4.5423
 3.3670	 4.5835
 3.3650	 4.6144
 3.3630	 4.6968
 3.3610	 4.6144
 3.3590	 4.5217
 3.3570	 4.4908
 3.3540	 4.5217
 3.3520	 4.6247
 3.3500	 4.6659
 3.3480	 4.5938
 3.3460	 4.5835
 3.3440	 4.5114
 3.3410	 4.5732
 3.3390	 4.6453
 3.3370	 4.6247
 3.3350	 4.6350
 3.3330	 4.6041
 3.3310	 4.5114
 3.3290	 4.4908
 3.3260	 4.5835
 3.3240	 4.6865
 3.3220	 4.6659
 3.3200	 4.5423
 3.3180	 4.4496
 3.3160	 4.5320
 3.3140	 4.6350
 3.3120	 4.6453
 3.3090	 4.5835
 3.3070	 4.5732
 3.3050	 4.5938
 3.3030	 4.6659
 3.3010	 4.6041
 3.2990	 4.5320
 3.2970	 4.5526
 3.2950	 4.5423
 3.2930	 4.5011
 3.2910	 4.5629
 3.2880	 4.4805
 3.2860	 4.4805
 3.2840	 4.5217
 3.2820	 4.4805
 3.2800	 4.4599
 3.2780	 4.5114
 3.2760	 4.4908
 3.2740	 4.5938
 3.2720	 4.5217
 3.2700	 4.4599
 3.2680	 4.5732
 3.2660	 4.5423
 3.2640	 4.4084
 3.2620	 4.4084
 3.2590	 4.4702
 3.2570	 4.5217
 3.2550	 4.5629
 3.2530	 4.5835
 3.2510	 4.5320
 3.2490	 4.4908
 3.2470	 4.6247
 3.2450	 4.6453
 3.2430	 4.4805
 3.2410	 4.4084
 3.2390	 4.3878
 3.2370	 4.3672
 3.2350	 4.3260
 3.2330	 4.4084
 3.2310	 4.4702
 3.2290	 4.5217
 3.2270	 4.5320
 3.2250	 4.5217
 3.2230	 4.4393
 3.2210	 4.2951
 3.2190	 4.3775
 3.2170	 4.5835
 3.2150	 4.5835
 3.2130	 4.5011
 3.2110	 4.4187
 3.2090	 4.3466
 3.2070	 4.2642
 3.2050	 4.3363
 3.2030	 4.3363
 3.2010	 4.3672
 3.1990	 4.4599
 3.1970	 4.5320
 3.1950	 4.4084
 3.1930	 4.3569
 3.1910	 4.3569
 3.1890	 4.4702
 3.1870	 4.4496
 3.1850	 4.3981
 3.1830	 4.4908
 3.1820	 4.4393
 3.1800	 4.3466
 3.1780	 4.3157
 3.1760	 4.3672
 3.1740	 4.4702
 3.1720	 4.4084
 3.1700	 4.3981
 3.1680	 4.3981
 3.1660	 4.4599
 3.1640	 4.5835
 3.1620	 4.4496
 3.1600	 4.3260
 3.1580	 4.3878
 3.1560	 4.3672
 3.1540	 4.3569
 3.1520	 4.3363
 3.1510	 4.4187
 3.1490	 4.3157
 3.1470	 4.2642
 3.1450	 4.2745
 3.1430	 4.2745
 3.1410	 4.3363
 3.1390	 4.4908
 3.1370	 4.5217
 3.1350	 4.5011
 3.1330	 4.2848
 3.1320	 4.2745
 3.1300	 4.3775
 3.1280	 4.5011
 3.1260	 4.4702
 3.1240	 4.3363
 3.1220	 4.1818
 3.1200	 4.2127
 3.1180	 4.2436
 3.1170	 4.3157
 3.1150	 4.2642
 3.1130	 4.3157
 3.1110	 4.4702
 3.1090	 4.6144
 3.1070	 4.4805
 3.1050	 4.4290
 3.1030	 4.3260
 3.1020	 4.2539
 3.1000	 4.3466
 3.0980	 4.4599
 3.0960	 4.4084
 3.0940	 4.3054
 3.0920	 4.2951
 3.0910	 4.3363
 3.0890	 4.2436
 3.0870	 4.2230
 3.0850	 4.2642
 3.0830	 4.3157
 3.0810	 4.3054
 3.0790	 4.4187
 3.0780	 4.5423
 3.0760	 4.5011
 3.0740	 4.3878
 3.0720	 4.3878
 3.0700	 4.2230
 3.0690	 4.1200
 3.0670	 4.2024
 3.0650	 4.2848
 3.0630	 4.2333
 3.0610	 4.3466
 3.0600	 4.3569
 3.0580	 4.2848
 3.0560	 4.2642
 3.0540	 4.3054
 3.0520	 4.3157
 3.0510	 4.3878
 3.0490	 4.3260
 3.0470	 4.2436
 3.0450	 4.2848
 3.0430	 4.4908
 3.0420	 4.3775
 3.0400	 4.2951
 3.0380	 4.3672
 3.0360	 4.3672
 3.0340	 4.3466
 3.0330	 4.4290
 3.0310	 4.4187
 3.0290	 4.2642
 3.0270	 4.1715
 3.0260	 4.2848
 3.0240	 4.2745
 3.0220	 4.2333
 3.0200	 4.3569
 3.0190	 4.5320
 3.0170	 4.3569
 3.0150	 4.1406
 3.0130	 4.1818
 3.0120	 4.3260
 3.0100	 4.2745
 3.0080	 4.2642
 3.0060	 4.2127
 3.0050	 4.2745
 3.0030	 4.3878
 3.0010	 4.4187
 2.9990	 4.3260
 2.9980	 4.2539
 2.9960	 4.1715
 2.9940	 4.2848
 2.9920	 4.3157
 2.9910	 4.3363
 2.9890	 4.4187
 2.9870	 4.3672
 2.9860	 4.2951
 2.9840	 4.3363
 2.9820	 4.1715
 2.9800	 4.0994
 2.9790	 4.3775
 2.9770	 4.5114
 2.9750	 4.4496
 2.9740	 4.3363
 2.9720	 4.2951
 2.9700	 4.4084
 2.9680	 4.2436
 2.9670	 4.2539
 2.9650	 4.3260
 2.9630	 4.3466
 2.9620	 4.3363
 2.9600	 4.2230
 2.9580	 4.1612
 2.9570	 4.3260
 2.9550	 4.2642
 2.9530	 4.1509
 2.9520	 3.9964
 2.9500	 4.0376
 2.9480	 4.2333
 2.9470	 4.2539
 2.9450	 4.1818
 2.9430	 4.2745
 2.9420	 4.2745
 2.9400	 4.3569
 2.9380	 4.4702
 2.9370	 4.4084
 2.9350	 4.2745
 2.9330	 4.1612
 2.9320	 4.3981
 2.9300	 4.5114
 2.9280	 4.2539
 2.9270	 4.2436
 2.9250	 4.2951
 2.9230	 4.4805
 2.9220	 4.3672
 2.9200	 4.2230
 2.9180	 4.1612
 2.9170	 4.1921
 2.9150	 4.1921
 2.9130	 4.3157
 2.9120	 4.3878
 2.9100	 4.4599
 2.9090	 4.4599
 2.9070	 4.3569
 2.9050	 4.2642
 2.9040	 4.3672
 2.9020	 4.4908
 2.9000	 4.4702
 2.8990	 4.3260
 2.8970	 4.3569
 2.8960	 4.3878
 2.8940	 4.3157
 2.8920	 4.1406
 2.8910	 4.1612
 2.8890	 4.2539
 2.8870	 4.3981
 2.8860	 4.3466
 2.8840	 4.2127
 2.8830	 3.9655
 2.8810	 4.2745
 2.8790	 4.5629
 2.8780	 4.4599
 2.8760	 4.2642
 2.8750	 4.3363
 2.8730	 4.2333
 2.8710	 4.0479
 2.8700	 4.0891
 2.8680	 4.1921
 2.8670	 4.2024
 2.8650	 4.2642
 2.8640	 4.2230
 2.8620	 4.1715
 2.8600	 4.3466
 2.8590	 4.5629
 2.8570	 4.4496
 2.8560	 4.4290
 2.8540	 4.3775
 2.8530	 4.2642
 2.8510	 4.1715
 2.8490	 4.2745
 2.8480	 4.2642
 2.8460	 4.3260
 2.8450	 4.3878
 2.8430	 4.3260
 2.8420	 4.3363
 2.8400	 4.4290
 2.8380	 4.3569
 2.8370	 4.4187
 2.8350	 4.4393
 2.8340	 4.3981
 2.8320	 4.4290
 2.8310	 4.4599
 2.8290	 4.3054
 2.8280	 4.2745
 2.8260	 4.1612
 2.8250	 4.3878
 2.8230	 4.5938
 2.8210	 4.6247
 2.8200	 4.6041
 2.8180	 4.4393
 2.8170	 4.0994
 2.8150	 4.1303
 2.8140	 4.1818
 2.8120	 4.2230
 2.8110	 4.4187
 2.8090	 4.4805
 2.8080	 4.3260
 2.8060	 4.3054
 2.8050	 4.4290
 2.8030	 4.6041
 2.8020	 4.6247
 2.8000	 4.7277
 2.7990	 4.5732
 2.7970	 4.3466
 2.7960	 4.3569
 2.7940	 4.5732
 2.7930	 4.5835
 2.7910	 4.6041
 2.7900	 4.3466
 2.7880	 4.2848
 2.7870	 4.4599
 2.7850	 4.5526
 2.7840	 4.4290
 2.7820	 4.4599
 2.7810	 4.6144
 2.7790	 4.6556
 2.7780	 4.3260
 2.7760	 4.5217
 2.7750	 4.6968
 2.7730	 4.5114
 2.7720	 4.4290
 2.7700	 4.6247
 2.7690	 4.6041
 2.7670	 4.4187
 2.7660	 4.2024
 2.7640	 4.2436
 2.7630	 4.3363
 2.7610	 4.4599
 2.7600	 4.5114
 2.7580	 4.4290
 2.7570	 4.1715
 2.7560	 4.2745
 2.7540	 4.5011
 2.7530	 4.6968
 2.7510	 4.5526
 2.7500	 4.4805
 2.7480	 4.5217
 2.7470	 4.4908
 2.7450	 4.5423
 2.7440	 4.6041
 2.7420	 4.5114
 2.7410	 4.4187
 2.7400	 4.5011
 2.7380	 4.8822
 2.7370	 5.0779
 2.7350	 4.8616
 2.7340	 4.5835
 2.7320	 4.7277
 2.7310	 4.9646
 2.7290	 4.9646
 2.7280	 4.7998
 2.7270	 5.0573
 2.7250	 5.2530
 2.7240	 5.2221
 2.7220	 5.2221
 2.7210	 5.2736
 2.7190	 5.2324
 2.7180	 5.2221
 2.7170	 5.3457
 2.7150	 5.0676
 2.7140	 4.9749
 2.7120	 5.0882
 2.7110	 5.0573
 2.7090	 5.3045
 2.7080	 5.2015
 2.7070	 5.3972
 2.7050	 5.6238
 2.7040	 5.5723
 2.7020	 5.5002
 2.7010	 5.5311
 2.7000	 5.4590
 2.6980	 5.4487
 2.6970	 5.3766
 2.6950	 5.3972
 2.6940	 5.6238
 2.6930	 5.7268
 2.6910	 5.6444
 2.6900	 5.6238
 2.6880	 5.4384
 2.6870	 5.5517
 2.6860	 5.8401
 2.6840	 5.9431
 2.6830	 5.8401
 2.6810	 5.8916
 2.6800	 6.0049
 2.6790	 6.1079
 2.6770	 6.1079
 2.6760	 5.8813
 2.6750	 5.5723
 2.6730	 5.6650
 2.6720	 5.7474
 2.6700	 5.6444
 2.6690	 5.4590
 2.6680	 5.5002
 2.6660	 5.8092
 2.6650	 6.0358
 2.6640	 5.9019
 2.6620	 5.7474
 2.6610	 5.9431
 2.6590	 6.0255
 2.6580	 5.7577
 2.6570	 5.7783
 2.6550	 5.9534
 2.6540	 6.0667
 2.6530	 5.8710
 2.6510	 5.9019
 2.6500	 5.9843
 2.6490	 6.0049
 2.6470	 6.0667
 2.6460	 6.2109
 2.6450	 6.1697
 2.6430	 6.2212
 2.6420	 6.2315
 2.6400	 6.0976
 2.6390	 6.1182
 2.6380	 6.0255
 2.6360	 5.5929
 2.6350	 5.4899
 2.6340	 5.6341
 2.6320	 5.4899
 2.6310	 5.3972
 2.6300	 5.7783
 2.6280	 5.9225
 2.6270	 5.8504
 2.6260	 5.7886
 2.6240	 5.8504
 2.6230	 5.9946
 2.6220	 6.1388
 2.6200	 5.9328
 2.6190	 5.6959
 2.6180	 5.6753
 2.6170	 5.7680
 2.6150	 5.9534
 2.6140	 6.2315
 2.6130	 5.9637
 2.6110	 6.0255
 2.6100	 6.1800
 2.6090	 5.9637
 2.6070	 5.7577
 2.6060	 5.8916
 2.6050	 6.1800
 2.6030	 6.3654
 2.6020	 6.2933
 2.6010	 6.0976
 2.5990	 5.7989
 2.5980	 5.8092
 2.5970	 5.7680
 2.5960	 5.7165
 2.5940	 5.9431
 2.5930	 6.1182
 2.5920	 5.9740
 2.5900	 5.7474
 2.5890	 5.4899
 2.5880	 5.6135
 2.5860	 5.9019
 2.5850	 6.2109
 2.5840	 6.1491
 2.5830	 5.9225
 2.5810	 5.8916
 2.5800	 6.0255
 2.5790	 6.0873
 2.5770	 5.9534
 2.5760	 5.7165
 2.5750	 5.8401
 2.5740	 6.1182
 2.5720	 5.7783
 2.5710	 5.6032
 2.5700	 5.9019
 2.5690	 5.9328
 2.5670	 5.9946
 2.5660	 5.9637
 2.5650	 5.8607
 2.5630	 5.9946
 2.5620	 6.2006
 2.5610	 6.1800
 2.5600	 6.0873
 2.5580	 6.0461
 2.5570	 6.0564
 2.5560	 5.8607
 2.5550	 5.9637
 2.5530	 6.0564
 2.5520	 5.7989
 2.5510	 5.7680
 2.5500	 6.0873
 2.5480	 6.1182
 2.5470	 6.2418
 2.5460	 6.1903
 2.5450	 5.9946
 2.5430	 5.9740
 2.5420	 6.1594
 2.5410	 6.3242
 2.5400	 6.1800
 2.5380	 5.9534
 2.5370	 6.0049
 2.5360	 5.8401
 2.5350	 6.0152
 2.5330	 6.3448
 2.5320	 6.3242
 2.5310	 6.0976
 2.5300	 6.0770
 2.5280	 5.9740
 2.5270	 6.0873
 2.5260	 6.1903
 2.5250	 6.1594
 2.5240	 6.0564
 2.5220	 6.2006
 2.5210	 6.2109
 2.5200	 6.1800
 2.5190	 6.0976
 2.5170	 6.2418
 2.5160	 6.0049
 2.5150	 5.7165
 2.5140	 5.6444
 2.5130	 5.6135
 2.5110	 5.7371
 2.5100	 6.0770
 2.5090	 6.3036
 2.5080	 6.3757
 2.5060	 6.2109
 2.5050	 5.9843
 2.5040	 6.0770
 2.5030	 5.8401
 2.5020	 5.7268
 2.5000	 6.0770
 2.4960	 6.4285
 2.4920	 6.1113
 2.4880	 5.4387
 2.4840	 6.0696
 2.4800	 5.8964
 2.4760	 6.3443
 2.4720	 5.9537
 2.4680	 6.0841
 2.4640	 5.8324
 2.4600	 6.5221
 2.4560	 6.2613
 2.4520	 6.1953
 2.4480	 6.2607
 2.4440	 6.0177
 2.4400	 6.1679
 2.4360	 6.1037
 2.4320	 5.8969
 2.4280	 6.6400
 2.4240	 6.3853
 2.4200	 6.0915
 2.4160	 6.0535
 2.4120	 6.1667
 2.4080	 5.9461
 2.4040	 6.2048
 2.4000	 6.6341
 2.3960	 6.5214
 2.3920	 6.5475
 2.3880	 6.2681
 2.3840	 6.4806
 2.3800	 6.3270
 2.3760	 6.5502
 2.3720	 6.4699
 2.3680	 6.2692
 2.3640	 6.4809
 2.3600	 6.6600
 2.3560	 6.5730
 2.3520	 6.6577
 2.3480	 6.7191
 2.3440	 6.1091
 2.3400	 6.1009
 2.3360	 6.3252
 2.3320	 6.6715
 2.3280	 6.9183
 2.3240	 6.5911
 2.3200	 6.3703
 2.3160	 6.6688
 2.3120	 6.5918
 2.3080	 6.6783
 2.3040	 6.4346
 2.3000	 6.6880
 2.2960	 6.9003
 2.2920	 6.3757
 2.2880	 6.4796
 2.2840	 6.7039
 2.2800	 6.7308
 2.2760	 6.6034
 2.2720	 6.5123
 2.2680	 6.4742
 2.2640	 6.6046
 2.2600	 6.8484
 2.2560	 6.6055
 2.2520	 6.6945
 2.2480	 6.7558
 2.2440	 6.6033
 2.2400	 6.6998
 2.2360	 6.6783
 2.2320	 6.6509
 2.2280	 6.8025
 2.2240	 6.7624
 2.2200	 6.6385
 2.2160	 6.6733
 2.2120	 6.7283
 2.2080	 6.7700
 2.2040	 6.8017
 2.2000	 6.7251
 2.1960	 6.8634
 2.1920	 7.0538
 2.1880	 6.8048
 2.1840	 6.8160
 2.1800	 6.9807
 2.1760	 6.8840
 2.1720	 6.8878
 2.1680	 7.0532
 2.1640	 7.0893
 2.1600	 6.9927
 2.1560	 6.9716
 2.1520	 6.9774
 2.1480	 7.0364
 2.1440	 7.1237
 2.1400	 7.0839
 2.1360	 6.9862
 2.1320	 7.0014
 2.1280	 6.9644
 2.1240	 7.1078
 2.1200	 7.0062
 2.1160	 7.0071
 2.1120	 7.0017
 2.1080	 6.9315
 2.1040	 6.9180
 2.1000	 6.9429
 2.0960	 6.9880
 2.0920	 6.9995
 2.0880	 6.9752
 2.0840	 6.9362
 2.0800	 6.9908
 2.0760	 7.0582
 2.0720	 7.0293
 2.0680	 7.0827
 2.0640	 7.0478
 2.0600	 7.0442
 2.0560	 7.0916
 2.0520	 7.0906
 2.0480	 7.0839
 2.0440	 7.1193
 2.0400	 7.1654
 2.0360	 7.1859
 2.0320	 7.1336
 2.0280	 7.1240
 2.0240	 7.1608
 2.0200	 7.1826
 2.0160	 7.1861
 2.0120	 7.1921
 2.0080	 7.2179
 2.0040	 7.1932
 2.0000	 7.2033
 1.9960	 7.2358
 1.9920	 7.2465
 1.9880	 7.2741
 1.9840	 7.2759
 1.9800	 7.2507
 1.9760	 7.2799
 1.9720	 7.3207
 1.9680	 7.2907
 1.9640	 7.3371
 1.9600	 7.3186
 1.9560	 7.2998
 1.9520	 7.3318
 1.9480	 7.4145
 1.9440	 7.4425
 1.9400	 7.3609
 1.9360	 7.3018
 1.9320	 7.2324
 1.9280	 7.2818
 1.9240	 7.2690
 1.9200	 7.2039
 1.9160	 7.1762
 1.9120	 7.1097
 1.9080	 7.1277
 1.9040	 7.0824
 1.9000	 7.0903
 1.8960	 7.1561
 1.8920	 7.1237
 1.8880	 7.0808
 1.8840	 7.1318
 1.8800	 7.2386
 1.8760	 7.3146
 1.8720	 7.3719
 1.8680	 7.3342
 1.8640	 7.2660
 1.8600	 7.2847
 1.8560	 7.3356
 1.8520	 7.3573
 1.8480	 7.3652
 1.8440	 7.4023
 1.8400	 7.4209
 1.8360	 7.4266
 1.8320	 7.3948
 1.8280	 7.3451
 1.8240	 7.3046
 1.8200	 7.2993
 1.8160	 7.3654
 1.8120	 7.4258
 1.8080	 7.4011
 1.8040	 7.3692
 1.8000	 7.4030
 1.7960	 7.4526
 1.7920	 7.4768
 1.7880	 7.4870
 1.7840	 7.5300
 1.7800	 7.5486
 1.7760	 7.5559
 1.7720	 7.5693
 1.7680	 7.5341
 1.7640	 7.5448
 1.7600	 7.5382
 1.7560	 7.5326
 1.7520	 7.5285
 1.7480	 7.5007
 1.7440	 7.5303
 1.7400	 7.5516
 1.7360	 7.5595
 1.7320	 7.5593
 1.7280	 7.5416
 1.7240	 7.5826
 1.7200	 7.5900
 1.7160	 7.5737
 1.7120	 7.5711
 1.7080	 7.5928
 1.7040	 7.5754
 1.7000	 7.5954
 1.6960	 7.6172
 1.6920	 7.6251
 1.6880	 7.6832
 1.6840	 7.6944
 1.6800	 7.7006
 1.6760	 7.6532
 1.6720	 7.6062
 1.6680	 7.6158
 1.6640	 7.6506
 1.6600	 7.6108
 1.6560	 7.6080
 1.6520	 7.6007
 1.6480	 7.5945
 1.6440	 7.6045
 1.6400	 7.6319
 1.6360	 7.6236
 1.6320	 7.6044
 1.6280	 7.6103
 1.6240	 7.6370
 1.6200	 7.6168
 1.6160	 7.5962
 1.6120	 7.6203
 1.6080	 7.6497
 1.6040	 7.6192
 1.6000	 7.6010
 1.5960	 7.5638
 1.5920	 7.6195
 1.5880	 7.6506
 1.5840	 7.6474
 1.5800	 7.6011
 1.5760	 7.6327
 1.5720	 7.6918
 1.5680	 7.6618
 1.5640	 7.6099
 1.5600	 7.6466
 1.5560	 7.6863
 1.5520	 7.6620
 1.5480	 7.6223
 1.5440	 7.6611
 1.5400	 7.6466
 1.5360	 7.6772
 1.5320	 7.6674
 1.5280	 7.6536
 1.5240	 7.6521
 1.5200	 7.6374
 1.5160	 7.6655
 1.5120	 7.7330
 1.5080	 7.6902
 1.5040	 7.6822
 1.5000	 7.6964
 1.4960	 7.6846
 1.4920	 7.6972
 1.4880	 7.7297
 1.4840	 7.7231
 1.4800	 7.7097
 1.4760	 7.7113
 1.4720	 7.7032
 1.4680	 7.7479
 1.4640	 7.7356
 1.4600	 7.7305
 1.4560	 7.7395
 1.4520	 7.7578
 1.4480	 7.7277
 1.4440	 7.7682
 1.4400	 7.7611
 1.4360	 7.7095
 1.4320	 7.7201
 1.4280	 7.7843
 1.4240	 7.7754
 1.4200	 7.7899
 1.4160	 7.7418
 1.4120	 7.7533
 1.4080	 7.7538
 1.4040	 7.7866
 1.4000	 7.7834
 1.3960	 7.7760
 1.3920	 7.7876
 1.3880	 7.7823
 1.3840	 7.8187
 1.3800	 7.8560
 1.3760	 7.7927
 1.3720	 7.7774
 1.3680	 7.8905
 1.3640	 7.9787
 1.3600	 7.8200
 1.3560	 7.7344
 1.3520	 7.6923
 1.3480	 7.7465
 1.3440	 7.8706
 1.3400	 7.8940
 1.3360	 7.8456
 1.3320	 7.8806
 1.3280	 7.8466
 1.3240	 7.7956
 1.3200	 7.7970
 1.3160	 7.7998
 1.3120	 7.8208
 1.3080	 7.8100
 1.3040	 7.8128
 1.3000	 7.8544
 1.2960	 7.8768
 1.2920	 7.8803
 1.2880	 7.8816
 1.2840	 7.8577
 1.2800	 7.8636
 1.2760	 7.9195
 1.2720	 7.8962
 1.2680	 7.8919
 1.2640	 7.9345
 1.2600	 7.8591
 1.2560	 7.9107
 1.2520	 7.9242
 1.2480	 8.0104
 1.2440	 7.8976
 1.2400	 7.9171
 1.2360	 7.9214
 1.2320	 7.9991
 1.2280	 8.0055
 1.2240	 7.9688
 1.2200	 7.9653
 1.2160	 7.9723
 1.2120	 7.9698
 1.2080	 8.0055
 1.2040	 7.9835
 1.2000	 7.9963
 1.1960	 8.0289
 1.1920	 8.0155
 1.1880	 8.0990
 1.1840	 8.0215
 1.1800	 8.0076
 1.1760	 8.0616
 1.1720	 8.1201
 1.1680	 8.1583
 1.1640	 8.1185
 1.1600	 8.1250
 1.1560	 8.1563
 1.1520	 8.1624
 1.1480	 8.1654
 1.1440	 8.2269
 1.1400	 8.1907
 1.1360	 8.1634
 1.1320	 8.2395
 1.1280	 8.1825
 1.1240	 8.2492
 1.1200	 8.2284
 1.1160	 8.2362
 1.1120	 8.2111
 1.1080	 8.2903
 1.1040	 8.2584
 1.1000	 8.3192
 1.0960	 8.3235
 1.0920	 8.3425
 1.0880	 8.3024
 1.0840	 8.3315
 1.0800	 8.3382
 1.0760	 8.3470
 1.0720	 8.3886
 1.0680	 8.3526
 1.0640	 8.3368
 1.0600	 8.3635
 1.0560	 8.4452
 1.0520	 8.4963
 1.0480	 8.4685
 1.0440	 8.4473
 1.0400	 8.4915
 1.0360	 8.4986
 1.0320	 8.5233
 1.0280	 8.5528
 1.0240	 8.5804
 1.0200	 8.6060
 1.0160	 8.6292
 1.0120	 8.6706
 1.0080	 8.6495
 1.0040	 8.6757
 1.0000	 8.7470
 0.9960	 8.7857
 0.9920	 8.8461
 0.9880	 8.8428
 0.9840	 8.8508
 0.9800	 8.9153
 0.9760	 8.9306
 0.9720	 8.9857
 0.9680	 8.9917
 0.9640	 9.0430
 0.9600	 9.0922
 0.9560	 9.1656
 0.9520	 9.1587
 0.9480	 9.1885
 0.9440	 9.2773
 0.9400	 9.3062
 0.9360	 9.2870
 0.9320	 9.3371
 0.9280	 9.4307
 0.9240	 9.6220
 0.9200	 9.6506
 0.9160	 9.6558
 0.9120	 9.7633
 0.9080	 9.9026
 0.9040	 9.8751
 0.9000	 9.8253
 0.8960	 9.8831
 0.8920	 9.9334
 0.8880	 9.8778
 0.8840	10.0256
 0.8800	10.1420
 0.8760	10.1736
 0.8720	 9.9982
 0.8680	 9.8125
 0.8640	 9.9418
 0.8600	10.2862
 0.8560	10.2792
 0.8520	 9.9800
 0.8480	 9.9413
 0.8440	 9.9677
 0.8400	 9.9764
 0.8360	10.0127
 0.8320	10.0626
 0.8280	10.0897
 0.8240	10.1132
 0.8200	10.1795
 0.8160	10.2614
 0.8120	10.2627
 0.8080	10.2354
 0.8040	10.2579
 0.8000	10.3110
 0.7960	10.3307
 0.7920	10.3183
 0.7880	10.3297
 0.7840	10.3352
 0.7800	10.3742
 0.7760	10.4240
 0.7720	10.4453
 0.7680	10.4261
 0.7640	10.4658
 0.7600	10.5075
 0.7560	10.5288
 0.7520	10.5535
 0.7480	10.5925
 0.7440	10.6000
 0.7400	10.6282
 0.7360	10.6512
 0.7320	10.6894
 0.7280	10.7110
 0.7240	10.7106
 0.7200	10.7270
 0.7160	10.7648
 0.7120	10.7784
 0.7080	10.7902
 0.7040	10.8174
 0.7000	10.8348
 0.6960	10.8621
 0.6920	10.8908
 0.6880	10.9043
 0.6840	10.9407
 0.6800	10.9723
 0.6760	10.9906
 0.6720	11.0227
 0.6680	11.0402
 0.6640	11.0409
 0.6600	11.0858
 0.6560	11.1406
 0.6520	11.1591
 0.6480	11.1729
 0.6440	11.1945
 0.6400	11.2237
 0.6360	11.2577
 0.6320	11.2814
 0.6280	11.3138
 0.6240	11.3507
 0.6200	11.3656
 0.6160	11.3898
 0.6120	11.4301
 0.6080	11.4685
 0.6040	11.4931
 0.6000	11.5275
 0.5960	11.5709
 0.5920	11.5854
 0.5880	11.5986
 0.5840	11.6351
 0.5800	11.6726
 0.5760	11.7084
 0.5720	11.7467
 0.5680	11.7595
 0.5640	11.7907
 0.5600	11.8200
 0.5560	11.8364
 0.5520	11.8769
 0.5480	11.9132
 0.5440	11.9324
 0.5400	11.9675
 0.5360	12.0017
 0.5320	12.0258
 0.5280	12.0667
 0.5240	12.1041
 0.5200	12.1244
 0.5160	12.1507
 0.5120	12.1950
 0.5080	12.2227
 0.5040	12.2513
 0.5000	12.2877
 0.4960	12.3067
 0.4920	12.3122
 0.4880	12.3302
 0.4840	12.3558
 0.4800	12.3952
 0.4760	12.4458
 0.4720	12.4858
 0.4680	12.5364
 0.4640	12.5821
 0.4600	12.6206
 0.4560	12.6493
 0.4520	12.6640
 0.4480	12.7090
 0.4440	12.7549
 0.4400	12.8007
 0.4360	12.8498
 0.4320	12.9004
 0.4280	12.9091
 0.4240	12.9360
 0.4200	12.9658
 0.4160	12.9803
 0.4120	13.0036
 0.4080	13.0389
 0.4040	13.0586
 0.4000	13.0599
