Name: Tourmaline Schist
Type: rock
Class: Metamorphic
Subclass: Schist
Particle Size: Coarse
Sample No.: schist4
Owner: JHU
Wavelength Range: All
Origin: Sample No. 468, The Hunt and Salisbury Collection at the U.S.Geological Survey, Denver, Co.
Collection Date: N/A
Description: This is a very coarse-grained rock containing euhedral brown tourmaline poikiloblastically enclosing quartz remnants, large subhedra of muscovite enclosing remnants of tourmaline or much lesser quartz, and recrystallized quartz.  Magnetite occurs scattered throughout this rock as well.  Modes were 35% quartz, 33% tourmaline, 30.6% muscovite and 1.4% opaques.   Particle size was 500-1500 Micrometer. Original ASTER Spectral Library name was jhu.becknic.rock.metamorphic.schist.coarse.schist4.spectrum.txt
Measurement: Directional (10 Degree) Hemispherical Reflectance
First Column: X
Second Column: Y
X Units: Wavelength (micrometers)
Y Units:Reflectance (percent)
First X Value: 14.9831
Last X Value:  0.4000
Number of X Values: 2868
Additional Information: none

14.9831	 2.6199
14.9399	 2.6644
14.8970	 2.5801
14.8543	 2.4816
14.8119	 2.3530
14.7697	 2.0916
14.7277	 2.0103
14.6860	 2.0920
14.6445	 2.1801
14.6033	 2.3198
14.5622	 2.3909
14.5214	 2.4529
14.4809	 2.5605
14.4405	 2.6644
14.4004	 2.7535
14.3605	 2.8352
14.3209	 2.9469
14.2814	 3.0727
14.2422	 3.1238
14.2032	 3.2022
14.1643	 3.3372
14.1258	 3.4248
14.0874	 3.4684
14.0492	 3.4926
14.0112	 3.4729
13.9734	 3.3893
13.9359	 3.2501
13.8985	 3.0758
13.8614	 2.8972
13.8244	 2.7182
13.7876	 2.5564
13.7511	 2.4416
13.7147	 2.3698
13.6785	 2.3487
13.6425	 2.3727
13.6067	 2.4015
13.5711	 2.4413
13.5356	 2.5020
13.5004	 2.5744
13.4653	 2.6488
13.4304	 2.7329
13.3957	 2.8318
13.3612	 2.9199
13.3269	 2.9910
13.2927	 3.0653
13.2587	 3.1433
13.2249	 3.2025
13.1912	 3.2292
13.1577	 3.2406
13.1244	 3.2529
13.0913	 3.3036
13.0583	 3.4281
13.0255	 3.6069
12.9929	 3.8352
12.9604	 4.1294
12.9281	 4.4678
12.8959	 4.8064
12.8639	 5.1209
12.8321	 5.3741
12.8004	 5.5060
12.7688	 5.4851
12.7375	 5.3487
12.7063	 5.1633
12.6752	 4.9710
12.6443	 4.8123
12.6135	 4.7193
12.5829	 4.6769
12.5524	 4.6380
12.5221	 4.5608
12.4919	 4.4183
12.4619	 4.2016
12.4320	 3.8978
12.4023	 3.5392
12.3727	 3.1864
12.3432	 2.9010
12.3139	 2.7158
12.2847	 2.6327
12.2557	 2.6317
12.2268	 2.6909
12.1980	 2.7617
12.1694	 2.8259
12.1409	 2.8861
12.1125	 2.9564
12.0843	 3.0410
12.0562	 3.1191
12.0282	 3.1816
12.0003	 3.2451
11.9726	 3.3041
11.9450	 3.3526
11.9176	 3.3957
11.8903	 3.4525
11.8631	 3.5170
11.8360	 3.5664
11.8090	 3.6017
11.7822	 3.6332
11.7555	 3.6564
11.7289	 3.6777
11.7024	 3.7119
11.6760	 3.7573
11.6498	 3.8054
11.6237	 3.8528
11.5977	 3.9056
11.5718	 3.9626
11.5460	 4.0173
11.5203	 4.0789
11.4948	 4.1421
11.4694	 4.1895
11.4440	 4.2293
11.4188	 4.2755
11.3937	 4.3295
11.3688	 4.3894
11.3439	 4.4602
11.3191	 4.5372
11.2944	 4.6073
11.2699	 4.6736
11.2455	 4.7396
11.2211	 4.8017
11.1969	 4.8538
11.1727	 4.9002
11.1487	 4.9542
11.1248	 5.0034
11.1010	 5.0525
11.0773	 5.1178
11.0536	 5.1870
11.0301	 5.2516
11.0067	 5.3210
10.9834	 5.4011
10.9602	 5.4875
10.9370	 5.5725
10.9140	 5.6623
10.8911	 5.7570
10.8682	 5.8470
10.8455	 5.9329
10.8229	 6.0286
10.8003	 6.1352
10.7779	 6.2453
10.7555	 6.3585
10.7332	 6.4736
10.7111	 6.5913
10.6890	 6.7140
10.6670	 6.8461
10.6451	 6.9868
10.6233	 7.1369
10.6015	 7.3001
10.5799	 7.4824
10.5584	 7.6878
10.5369	 7.9177
10.5155	 8.1694
10.4942	 8.4434
10.4730	 8.7328
10.4519	 9.0265
10.4309	 9.3166
10.4099	 9.6012
10.3891	 9.8714
10.3683	10.1227
10.3476	10.3500
10.3270	10.5516
10.3065	10.7372
10.2860	10.9115
10.2656	11.0695
10.2454	11.2023
10.2251	11.3167
10.2050	11.4212
10.1850	11.5178
10.1650	11.6052
10.1451	11.7077
10.1253	11.8491
10.1056	12.0314
10.0859	12.2408
10.0663	12.4819
10.0468	12.7442
10.0274	13.0000
10.0080	13.2207
 9.9887	13.4019
 9.9695	13.5399
 9.9504	13.6406
 9.9313	13.7173
 9.9123	13.8104
 9.8934	13.9364
 9.8746	14.0981
 9.8558	14.3139
 9.8371	14.6049
 9.8185	14.9679
 9.7999	15.4068
 9.7814	15.9313
 9.7630	16.5328
 9.7447	17.1654
 9.7264	17.7939
 9.7082	18.3833
 9.6900	18.9086
 9.6719	19.3516
 9.6539	19.7125
 9.6360	20.0071
 9.6181	20.2409
 9.6003	20.4351
 9.5825	20.6184
 9.5649	20.7931
 9.5472	20.9532
 9.5297	21.0901
 9.5122	21.2092
 9.4948	21.3011
 9.4774	21.3390
 9.4601	21.3326
 9.4429	21.3004
 9.4257	21.2294
 9.4086	21.0922
 9.3916	20.8729
 9.3746	20.5746
 9.3577	20.1774
 9.3408	19.6571
 9.3240	19.0443
 9.3073	18.4018
 9.2906	17.7775
 9.2740	17.2184
 9.2574	16.7898
 9.2409	16.5297
 9.2245	16.4499
 9.2081	16.5485
 9.1918	16.8009
 9.1755	17.1552
 9.1593	17.5637
 9.1431	17.9952
 9.1270	18.4266
 9.1110	18.8065
 9.0950	19.1243
 9.0791	19.3886
 9.0632	19.5697
 9.0474	19.6434
 9.0316	19.6292
 9.0159	19.5489
 9.0003	19.3988
 8.9847	19.1553
 8.9691	18.8316
 8.9536	18.4439
 8.9382	17.9914
 8.9228	17.4789
 8.9075	16.9236
 8.8922	16.3450
 8.8770	15.7528
 8.8618	15.1477
 8.8467	14.5471
 8.8316	13.9643
 8.8166	13.3941
 8.8016	12.8359
 8.7867	12.2924
 8.7718	11.7870
 8.7570	11.3293
 8.7422	10.9035
 8.7275	10.5030
 8.7129	10.1116
 8.6982	 9.6659
 8.6837	 9.0954
 8.6692	 8.4018
 8.6547	 7.7095
 8.6403	 7.1651
 8.6259	 6.8591
 8.6116	 6.8371
 8.5973	 7.0732
 8.5830	 7.4348
 8.5688	 7.7545
 8.5547	 7.9407
 8.5406	 8.0075
 8.5266	 8.0041
 8.5126	 7.9568
 8.4986	 7.9014
 8.4847	 7.8573
 8.4708	 7.8121
 8.4570	 7.7668
 8.4432	 7.7228
 8.4295	 7.6726
 8.4158	 7.6193
 8.4022	 7.5573
 8.3886	 7.5047
 8.3750	 7.4694
 8.3615	 7.4381
 8.3481	 7.4152
 8.3347	 7.4007
 8.3213	 7.3842
 8.3079	 7.3645
 8.2946	 7.3392
 8.2814	 7.3186
 8.2682	 7.3032
 8.2550	 7.2899
 8.2419	 7.2733
 8.2288	 7.2449
 8.2158	 7.1973
 8.2028	 7.1232
 8.1898	 7.0251
 8.1769	 6.8913
 8.1640	 6.7147
 8.1512	 6.5075
 8.1384	 6.2659
 8.1256	 5.9981
 8.1129	 5.7158
 8.1002	 5.4352
 8.0876	 5.1685
 8.0750	 4.9177
 8.0624	 4.6882
 8.0499	 4.4869
 8.0374	 4.3013
 8.0250	 4.1317
 8.0126	 3.9773
 8.0002	 3.8267
 7.9879	 3.6737
 7.9756	 3.5243
 7.9634	 3.3801
 7.9512	 3.2460
 7.9390	 3.1182
 7.9268	 2.9969
 7.9147	 2.8910
 7.9027	 2.7864
 7.8906	 2.6796
 7.8786	 2.5948
 7.8667	 2.5259
 7.8548	 2.4589
 7.8429	 2.3940
 7.8310	 2.3416
 7.8192	 2.3056
 7.8075	 2.2699
 7.7957	 2.2353
 7.7840	 2.2140
 7.7723	 2.1882
 7.7607	 2.1519
 7.7491	 2.1155
 7.7375	 2.0823
 7.7260	 2.0556
 7.7145	 2.0309
 7.7031	 2.0016
 7.6916	 1.9623
 7.6802	 1.9255
 7.6689	 1.8986
 7.6575	 1.8685
 7.6462	 1.8322
 7.6350	 1.8015
 7.6238	 1.7775
 7.6126	 1.7531
 7.6014	 1.7290
 7.5903	 1.7190
 7.5792	 1.7233
 7.5681	 1.7221
 7.5571	 1.7198
 7.5461	 1.7207
 7.5351	 1.7290
 7.5242	 1.7484
 7.5133	 1.7740
 7.5024	 1.8045
 7.4916	 1.8438
 7.4807	 1.8848
 7.4700	 1.9251
 7.4592	 1.9563
 7.4485	 1.9748
 7.4378	 1.9831
 7.4272	 1.9788
 7.4165	 1.9653
 7.4059	 1.9566
 7.3954	 1.9509
 7.3848	 1.9443
 7.3743	 1.9331
 7.3639	 1.9068
 7.3534	 1.8671
 7.3430	 1.8150
 7.3326	 1.7522
 7.3223	 1.6906
 7.3119	 1.6347
 7.3016	 1.5878
 7.2914	 1.5519
 7.2811	 1.5154
 7.2709	 1.4846
 7.2607	 1.4619
 7.2506	 1.4342
 7.2404	 1.4012
 7.2303	 1.3723
 7.2203	 1.3458
 7.2102	 1.3155
 7.2002	 1.2741
 7.1902	 1.2388
 7.1803	 1.2208
 7.1703	 1.2028
 7.1604	 1.1869
 7.1506	 1.1838
 7.1407	 1.1957
 7.1309	 1.2101
 7.1211	 1.2108
 7.1113	 1.2056
 7.1016	 1.1973
 7.0919	 1.1834
 7.0822	 1.1692
 7.0725	 1.1585
 7.0629	 1.1559
 7.0533	 1.1497
 7.0437	 1.1450
 7.0341	 1.1476
 7.0246	 1.1481
 7.0151	 1.1564
 7.0056	 1.1699
 6.9962	 1.1808
 6.9867	 1.1883
 6.9773	 1.1983
 6.9679	 1.2175
 6.9586	 1.2374
 6.9493	 1.2506
 6.9400	 1.2644
 6.9307	 1.2828
 6.9214	 1.2956
 6.9122	 1.3075
 6.9030	 1.3274
 6.8938	 1.3425
 6.8847	 1.3596
 6.8755	 1.3790
 6.8664	 1.3944
 6.8573	 1.4133
 6.8483	 1.4289
 6.8393	 1.4420
 6.8302	 1.4552
 6.8213	 1.4680
 6.8123	 1.4863
 6.8034	 1.5078
 6.7944	 1.5301
 6.7855	 1.5568
 6.7767	 1.5798
 6.7678	 1.5976
 6.7590	 1.6122
 6.7502	 1.6203
 6.7414	 1.6198
 6.7327	 1.6184
 6.7239	 1.6262
 6.7152	 1.6456
 6.7065	 1.6651
 6.6979	 1.6849
 6.6892	 1.7022
 6.6806	 1.7181
 6.6720	 1.7330
 6.6634	 1.7432
 6.6549	 1.7543
 6.6464	 1.7662
 6.6378	 1.7728
 6.6294	 1.7747
 6.6209	 1.7747
 6.6124	 1.7839
 6.6040	 1.7998
 6.5956	 1.8112
 6.5872	 1.8180
 6.5789	 1.8202
 6.5705	 1.8218
 6.5622	 1.8320
 6.5539	 1.8495
 6.5456	 1.8659
 6.5374	 1.8813
 6.5292	 1.8929
 6.5209	 1.8981
 6.5128	 1.8950
 6.5046	 1.8900
 6.4964	 1.9026
 6.4883	 1.9248
 6.4802	 1.9452
 6.4721	 1.9689
 6.4640	 1.9926
 6.4560	 2.0113
 6.4480	 2.0174
 6.4399	 2.0217
 6.4320	 2.0397
 6.4240	 2.0586
 6.4160	 2.0629
 6.4081	 2.0624
 6.4002	 2.0655
 6.3923	 2.0710
 6.3844	 2.0724
 6.3766	 2.0724
 6.3687	 2.0757
 6.3609	 2.0752
 6.3531	 2.0683
 6.3454	 2.0646
 6.3376	 2.0698
 6.3299	 2.0845
 6.3221	 2.0994
 6.3144	 2.0958
 6.3068	 2.0880
 6.2991	 2.0816
 6.2914	 2.0750
 6.2838	 2.0679
 6.2762	 2.0700
 6.2686	 2.0826
 6.2611	 2.0953
 6.2535	 2.0942
 6.2460	 2.0918
 6.2385	 2.0961
 6.2310	 2.0977
 6.2235	 2.1043
 6.2160	 2.1164
 6.2086	 2.1226
 6.2011	 2.1268
 6.1937	 2.1323
 6.1863	 2.1325
 6.1790	 2.1347
 6.1716	 2.1361
 6.1643	 2.1344
 6.1570	 2.1306
 6.1496	 2.1302
 6.1424	 2.1318
 6.1351	 2.1342
 6.1278	 2.1342
 6.1206	 2.1347
 6.1134	 2.1366
 6.1062	 2.1268
 6.0990	 2.1122
 6.0918	 2.1112
 6.0847	 2.1105
 6.0776	 2.1020
 6.0704	 2.0975
 6.0633	 2.0958
 6.0563	 2.0937
 6.0492	 2.0807
 6.0421	 2.0620
 6.0351	 2.0513
 6.0281	 2.0397
 6.0211	 2.0217
 6.0141	 2.0077
 6.0071	 2.0037
 6.0002	 2.0044
 5.9932	 2.0087
 5.9863	 2.0207
 5.9794	 2.0316
 5.9725	 2.0316
 5.9657	 2.0245
 5.9588	 2.0172
 5.9520	 2.0162
 5.9451	 2.0101
 5.9383	 2.0082
 5.9315	 2.0229
 5.9247	 2.0447
 5.9180	 2.0631
 5.9112	 2.0778
 5.9045	 2.0925
 5.8978	 2.1010
 5.8911	 2.1020
 5.8844	 2.1051
 5.8777	 2.1148
 5.8711	 2.1351
 5.8644	 2.1581
 5.8578	 2.1825
 5.8512	 2.2071
 5.8446	 2.2220
 5.8380	 2.2346
 5.8314	 2.2460
 5.8249	 2.2599
 5.8184	 2.2824
 5.8118	 2.3066
 5.8053	 2.3236
 5.7988	 2.3336
 5.7923	 2.3312
 5.7859	 2.3253
 5.7794	 2.3203
 5.7730	 2.3208
 5.7666	 2.3274
 5.7602	 2.3364
 5.7538	 2.3397
 5.7474	 2.3407
 5.7410	 2.3397
 5.7347	 2.3383
 5.7283	 2.3369
 5.7220	 2.3338
 5.7157	 2.3326
 5.7094	 2.3390
 5.7031	 2.3381
 5.6969	 2.3326
 5.6906	 2.3324
 5.6844	 2.3345
 5.6782	 2.3386
 5.6719	 2.3416
 5.6657	 2.3400
 5.6596	 2.3369
 5.6534	 2.3303
 5.6472	 2.3298
 5.6411	 2.3352
 5.6349	 2.3419
 5.6288	 2.3494
 5.6227	 2.3485
 5.6166	 2.3386
 5.6106	 2.3303
 5.6045	 2.3284
 5.5984	 2.3407
 5.5924	 2.3613
 5.5864	 2.3840
 5.5804	 2.4004
 5.5744	 2.4025
 5.5684	 2.4004
 5.5624	 2.3980
 5.5564	 2.3985
 5.5505	 2.4058
 5.5445	 2.4139
 5.5386	 2.4245
 5.5327	 2.4354
 5.5268	 2.4432
 5.5209	 2.4513
 5.5151	 2.4617
 5.5092	 2.4802
 5.5033	 2.5001
 5.4975	 2.5133
 5.4917	 2.5252
 5.4859	 2.5361
 5.4801	 2.5453
 5.4743	 2.5576
 5.4685	 2.5699
 5.4628	 2.5915
 5.4570	 2.6208
 5.4513	 2.6414
 5.4455	 2.6557
 5.4398	 2.6684
 5.4341	 2.6744
 5.4284	 2.6744
 5.4228	 2.6703
 5.4171	 2.6689
 5.4114	 2.6703
 5.4058	 2.6649
 5.4002	 2.6628
 5.3945	 2.6673
 5.3889	 2.6677
 5.3833	 2.6665
 5.3778	 2.6668
 5.3722	 2.6620
 5.3666	 2.6580
 5.3611	 2.6542
 5.3555	 2.6512
 5.3500	 2.6530
 5.3445	 2.6585
 5.3390	 2.6665
 5.3335	 2.6772
 5.3280	 2.6815
 5.3225	 2.6883
 5.3171	 2.6973
 5.3116	 2.6999
 5.3062	 2.7080
 5.3008	 2.7236
 5.2954	 2.7397
 5.2900	 2.7575
 5.2846	 2.7805
 5.2792	 2.8086
 5.2738	 2.8349
 5.2684	 2.8569
 5.2631	 2.8835
 5.2578	 2.9117
 5.2524	 2.9351
 5.2471	 2.9597
 5.2418	 2.9948
 5.2365	 3.0293
 5.2312	 3.0611
 5.2260	 3.0985
 5.2207	 3.1428
 5.2154	 3.1906
 5.2102	 3.2427
 5.2050	 3.2955
 5.1998	 3.3538
 5.1945	 3.4092
 5.1893	 3.4622
 5.1842	 3.5143
 5.1790	 3.5643
 5.1738	 3.6114
 5.1686	 3.6586
 5.1635	 3.7066
 5.1584	 3.7602
 5.1532	 3.8063
 5.1481	 3.8428
 5.1430	 3.8700
 5.1379	 3.8937
 5.1328	 3.9127
 5.1277	 3.9311
 5.1227	 3.9584
 5.1176	 3.9892
 5.1126	 4.0105
 5.1075	 4.0242
 5.1025	 4.0308
 5.0975	 4.0311
 5.0925	 4.0244
 5.0875	 4.0218
 5.0825	 4.0287
 5.0775	 4.0375
 5.0726	 4.0451
 5.0676	 4.0505
 5.0627	 4.0538
 5.0577	 4.0522
 5.0528	 4.0486
 5.0479	 4.0474
 5.0430	 4.0462
 5.0380	 4.0455
 5.0332	 4.0474
 5.0283	 4.0514
 5.0234	 4.0552
 5.0185	 4.0576
 5.0137	 4.0555
 5.0088	 4.0481
 5.0040	 4.0439
 4.9992	 4.0488
 4.9944	 4.0578
 4.9896	 4.0685
 4.9848	 4.0796
 4.9800	 4.0908
 4.9752	 4.0998
 4.9704	 4.1123
 4.9657	 4.1279
 4.9609	 4.1455
 4.9562	 4.1604
 4.9514	 4.1682
 4.9467	 4.1734
 4.9420	 4.1826
 4.9373	 4.1959
 4.9326	 4.2108
 4.9279	 4.2231
 4.9232	 4.2381
 4.9186	 4.2594
 4.9139	 4.2812
 4.9092	 4.3082
 4.9046	 4.3534
 4.9000	 4.4107
 4.8953	 4.4727
 4.8907	 4.5409
 4.8861	 4.6151
 4.8815	 4.6833
 4.8769	 4.7411
 4.8723	 4.7962
 4.8678	 4.8514
 4.8632	 4.9066
 4.8586	 4.9611
 4.8541	 5.0193
 4.8495	 5.0821
 4.8450	 5.1375
 4.8405	 5.1865
 4.8360	 5.2365
 4.8315	 5.2805
 4.8270	 5.3215
 4.8225	 5.3610
 4.8180	 5.4037
 4.8135	 5.4508
 4.8090	 5.5015
 4.8046	 5.5538
 4.8001	 5.6035
 4.7957	 5.6542
 4.7913	 5.7051
 4.7868	 5.7551
 4.7824	 5.8096
 4.7780	 5.8692
 4.7736	 5.9363
 4.7692	 6.0054
 4.7648	 6.0734
 4.7605	 6.1466
 4.7561	 6.2193
 4.7517	 6.2915
 4.7474	 6.3654
 4.7431	 6.4419
 4.7387	 6.5146
 4.7344	 6.5818
 4.7301	 6.6517
 4.7258	 6.7196
 4.7215	 6.7822
 4.7172	 6.8378
 4.7129	 6.8887
 4.7086	 6.9283
 4.7043	 6.9427
 4.7000	 6.9406
 4.6958	 6.9349
 4.6915	 6.9354
 4.6873	 6.9501
 4.6831	 6.9839
 4.6788	 7.0505
 4.6746	 7.1480
 4.6704	 7.2650
 4.6662	 7.3898
 4.6620	 7.5177
 4.6578	 7.6546
 4.6536	 7.7834
 4.6495	 7.8978
 4.6453	 8.0110
 4.6411	 8.1292
 4.6370	 8.2516
 4.6328	 8.3598
 4.6287	 8.4508
 4.6246	 8.5325
 4.6205	 8.5981
 4.6163	 8.6563
 4.6122	 8.7089
 4.6081	 8.7558
 4.6040	 8.8020
 4.6000	 8.8380
 4.5959	 8.8657
 4.5918	 8.8901
 4.5877	 8.9130
 4.5837	 8.9362
 4.5796	 8.9512
 4.5756	 8.9554
 4.5716	 8.9502
 4.5675	 8.9386
 4.5635	 8.9244
 4.5595	 8.9052
 4.5555	 8.8775
 4.5515	 8.8439
 4.5475	 8.8079
 4.5435	 8.7657
 4.5395	 8.7165
 4.5356	 8.6608
 4.5316	 8.6011
 4.5276	 8.5334
 4.5237	 8.4543
 4.5197	 8.3679
 4.5158	 8.2841
 4.5119	 8.2073
 4.5080	 8.1379
 4.5040	 8.0759
 4.5001	 8.0257
 4.4962	 7.9899
 4.4923	 7.9674
 4.4884	 7.9525
 4.4846	 7.9449
 4.4807	 7.9435
 4.4768	 7.9423
 4.4730	 7.9461
 4.4691	 7.9622
 4.4652	 7.9980
 4.4614	 8.0551
 4.4576	 8.1259
 4.4537	 8.2026
 4.4499	 8.2769
 4.4461	 8.3444
 4.4423	 8.4089
 4.4385	 8.4726
 4.4347	 8.5410
 4.4309	 8.6149
 4.4271	 8.6930
 4.4233	 8.7700
 4.4196	 8.8460
 4.4158	 8.9237
 4.4120	 9.0023
 4.4083	 9.0843
 4.4045	 9.1671
 4.4008	 9.2531
 4.3971	 9.3474
 4.3934	 9.4362
 4.3896	 9.5219
 4.3859	 9.6116
 4.3822	 9.7052
 4.3785	 9.7990
 4.3748	 9.8878
 4.3711	 9.9804
 4.3674	10.0749
 4.3638	10.1575
 4.3601	10.2269
 4.3564	10.2901
 4.3528	10.3545
 4.3491	10.4142
 4.3455	10.4670
 4.3418	10.5175
 4.3382	10.5648
 4.3346	10.6058
 4.3310	10.6423
 4.3273	10.6740
 4.3237	10.7036
 4.3201	10.7273
 4.3165	10.7420
 4.3129	10.7536
 4.3094	10.7664
 4.3058	10.7751
 4.3022	10.7870
 4.2986	10.8054
 4.2951	10.8241
 4.2915	10.8438
 4.2880	10.8706
 4.2844	10.9039
 4.2809	10.9461
 4.2774	10.9885
 4.2738	11.0340
 4.2703	11.0877
 4.2668	11.1429
 4.2633	11.1978
 4.2598	11.2537
 4.2563	11.3023
 4.2528	11.3447
 4.2493	11.3785
 4.2458	11.4039
 4.2424	11.4207
 4.2389	11.4380
 4.2354	11.4654
 4.2320	11.4988
 4.2285	11.5360
 4.2251	11.5831
 4.2216	11.6350
 4.2182	11.6833
 4.2148	11.7281
 4.2113	11.7674
 4.2079	11.8050
 4.2045	11.8446
 4.2011	11.8896
 4.1977	11.9450
 4.1943	12.0099
 4.1909	12.0849
 4.1875	12.1666
 4.1841	12.2417
 4.1808	12.3137
 4.1774	12.3902
 4.1740	12.4653
 4.1707	12.5429
 4.1673	12.6273
 4.1640	12.7158
 4.1606	12.7999
 4.1573	12.8835
 4.1540	12.9680
 4.1506	13.0526
 4.1473	13.1359
 4.1440	13.2219
 4.1407	13.3112
 4.1374	13.4026
 4.1341	13.4935
 4.1308	13.5892
 4.1275	13.6887
 4.1242	13.7905
 4.1209	13.8930
 4.1177	13.9930
 4.1144	14.0913
 4.1111	14.1857
 4.1079	14.2779
 4.1046	14.3702
 4.1014	14.4652
 4.0981	14.5599
 4.0949	14.6494
 4.0917	14.7342
 4.0884	14.8119
 4.0852	14.8770
 4.0820	14.9338
 4.0788	14.9862
 4.0756	15.0335
 4.0724	15.0750
 4.0692	15.1115
 4.0660	15.1425
 4.0628	15.1619
 4.0596	15.1669
 4.0565	15.1638
 4.0533	15.1572
 4.0501	15.1477
 4.0470	15.1387
 4.0438	15.1302
 4.0406	15.1212
 4.0375	15.1084
 4.0344	15.0882
 4.0312	15.0648
 4.0281	15.0395
 4.0250	15.0106
 4.0218	14.9798
 4.0187	14.9485
 4.0156	14.9215
 4.0125	14.8922
 4.0094	14.8581
 4.0063	14.8313
 4.0032	14.8138
 4.0001	14.7953
 3.9970	14.7783
 3.9940	14.7652
 3.9909	14.7508
 3.9878	14.7302
 3.9847	14.7070
 3.9817	14.6880
 3.9786	14.6696
 3.9756	14.6480
 3.9725	14.6324
 3.9695	14.6227
 3.9665	14.6094
 3.9634	14.5945
 3.9604	14.5803
 3.9574	14.5632
 3.9544	14.5414
 3.9513	14.5180
 3.9483	14.4924
 3.9453	14.4683
 3.9423	14.4403
 3.9393	14.4067
 3.9363	14.3716
 3.9333	14.3352
 3.9304	14.2916
 3.9274	14.2452
 3.9244	14.1945
 3.9214	14.1436
 3.9185	14.0846
 3.9155	14.0171
 3.9126	13.9503
 3.9096	13.8810
 3.9067	13.8054
 3.9037	13.7303
 3.9008	13.6550
 3.8979	13.5736
 3.8949	13.4810
 3.8920	13.3820
 3.8891	13.2849
 3.8862	13.1906
 3.8833	13.1061
 3.8804	13.0327
 3.8775	12.9607
 3.8746	12.8941
 3.8717	12.8333
 3.8688	12.7693
 3.8659	12.7047
 3.8630	12.6417
 3.8601	12.5851
 3.8573	12.5399
 3.8544	12.4987
 3.8515	12.4705
 3.8487	12.4577
 3.8458	12.4504
 3.8430	12.4423
 3.8401	12.4283
 3.8373	12.4129
 3.8344	12.4063
 3.8316	12.4082
 3.8288	12.4226
 3.8259	12.4454
 3.8231	12.4721
 3.8203	12.5013
 3.8175	12.5271
 3.8147	12.5482
 3.8119	12.5697
 3.8091	12.6005
 3.8063	12.6374
 3.8035	12.6647
 3.8007	12.6822
 3.7979	12.7059
 3.7951	12.7352
 3.7924	12.7648
 3.7896	12.7937
 3.7868	12.8283
 3.7841	12.8636
 3.7813	12.8892
 3.7785	12.9062
 3.7758	12.9268
 3.7730	12.9541
 3.7703	12.9773
 3.7676	12.9867
 3.7648	12.9910
 3.7621	13.0010
 3.7594	13.0118
 3.7566	13.0265
 3.7539	13.0459
 3.7512	13.0647
 3.7485	13.0763
 3.7458	13.0758
 3.7431	13.0727
 3.7404	13.0755
 3.7377	13.0824
 3.7350	13.0969
 3.7323	13.1070
 3.7296	13.1111
 3.7269	13.1179
 3.7242	13.1250
 3.7216	13.1350
 3.7189	13.1445
 3.7162	13.1627
 3.7136	13.1911
 3.7109	13.2165
 3.7083	13.2404
 3.7056	13.2655
 3.7030	13.2889
 3.7003	13.3180
 3.6977	13.3526
 3.6950	13.3915
 3.6924	13.4334
 3.6898	13.4781
 3.6872	13.5243
 3.6845	13.5695
 3.6819	13.6169
 3.6793	13.6759
 3.6767	13.7386
 3.6741	13.7993
 3.6715	13.8568
 3.6689	13.9167
 3.6663	13.9688
 3.6637	14.0150
 3.6611	14.0621
 3.6585	14.1109
 3.6560	14.1642
 3.6534	14.2267
 3.6508	14.2906
 3.6482	14.3506
 3.6457	14.4102
 3.6431	14.4749
 3.6406	14.5395
 3.6380	14.6006
 3.6355	14.6629
 3.6329	14.7283
 3.6304	14.7870
 3.6278	14.8410
 3.6253	14.9005
 3.6227	14.9642
 3.6202	15.0234
 3.6177	15.0740
 3.6152	15.1124
 3.6127	15.1555
 3.6101	15.1988
 3.6076	15.2389
 3.6051	15.2765
 3.6026	15.3180
 3.6001	15.3585
 3.5976	15.3831
 3.5951	15.3942
 3.5926	15.4079
 3.5901	15.4233
 3.5876	15.4321
 3.5852	15.4390
 3.5827	15.4475
 3.5802	15.4544
 3.5777	15.4506
 3.5753	15.4437
 3.5728	15.4340
 3.5704	15.4222
 3.5679	15.4013
 3.5654	15.3788
 3.5630	15.3535
 3.5605	15.3222
 3.5581	15.2933
 3.5557	15.2694
 3.5532	15.2490
 3.5508	15.2315
 3.5484	15.2116
 3.5459	15.1953
 3.5435	15.1797
 3.5411	15.1643
 3.5387	15.1543
 3.5363	15.1486
 3.5338	15.1538
 3.5314	15.1699
 3.5290	15.1870
 3.5266	15.2161
 3.5242	15.2592
 3.5218	15.3026
 3.5195	15.3459
 3.5171	15.3871
 3.5147	15.4271
 3.5123	15.4548
 3.5099	15.4788
 3.5075	15.5211
 3.5052	15.5690
 3.5028	15.6130
 3.5004	15.6642
 3.4981	15.7061
 3.4957	15.7300
 3.4934	15.7362
 3.4910	15.7433
 3.4887	15.7483
 3.4863	15.7345
 3.4840	15.7172
 3.4816	15.7042
 3.4793	15.6772
 3.4770	15.6412
 3.4746	15.6055
 3.4723	15.5721
 3.4700	15.5344
 3.4677	15.4887
 3.4653	15.4430
 3.4630	15.4027
 3.4607	15.3599
 3.4584	15.3206
 3.4561	15.2756
 3.4538	15.2270
 3.4515	15.1839
 3.4492	15.1439
 3.4469	15.1074
 3.4446	15.0913
 3.4423	15.0859
 3.4400	15.0802
 3.4378	15.0627
 3.4355	15.0340
 3.4332	15.0028
 3.4309	14.9765
 3.4287	14.9528
 3.4264	14.9376
 3.4241	14.9298
 3.4219	14.9182
 3.4196	14.8919
 3.4174	14.8488
 3.4151	14.8076
 3.4129	14.7685
 3.4106	14.7361
 3.4084	14.7127
 3.4061	14.6935
 3.4039	14.6705
 3.4017	14.6373
 3.3994	14.5933
 3.3972	14.5519
 3.3950	14.5107
 3.3928	14.4784
 3.3906	14.4510
 3.3883	14.4062
 3.3861	14.3468
 3.3839	14.2880
 3.3817	14.2293
 3.3795	14.1801
 3.3773	14.1367
 3.3751	14.0939
 3.3729	14.0510
 3.3707	13.9946
 3.3685	13.9260
 3.3663	13.8627
 3.3641	13.8123
 3.3620	13.7652
 3.3598	13.7088
 3.3576	13.6539
 3.3554	13.5975
 3.3533	13.5321
 3.3511	13.4644
 3.3489	13.4052
 3.3468	13.3536
 3.3446	13.3008
 3.3425	13.2532
 3.3403	13.2091
 3.3382	13.1551
 3.3360	13.0990
 3.3339	13.0495
 3.3317	13.0033
 3.3296	12.9536
 3.3274	12.9031
 3.3253	12.8551
 3.3232	12.7997
 3.3210	12.7383
 3.3189	12.6857
 3.3168	12.6384
 3.3147	12.5953
 3.3126	12.5581
 3.3104	12.5169
 3.3083	12.4752
 3.3062	12.4378
 3.3041	12.3952
 3.3020	12.3497
 3.2999	12.3021
 3.2978	12.2621
 3.2957	12.2311
 3.2936	12.2024
 3.2915	12.1759
 3.2894	12.1584
 3.2874	12.1394
 3.2853	12.1084
 3.2832	12.0738
 3.2811	12.0421
 3.2790	12.0113
 3.2770	11.9886
 3.2749	11.9656
 3.2728	11.9481
 3.2708	11.9403
 3.2687	11.9327
 3.2666	11.9249
 3.2646	11.9213
 3.2625	11.9111
 3.2605	11.8972
 3.2584	11.8784
 3.2564	11.8541
 3.2543	11.8453
 3.2523	11.8498
 3.2503	11.8526
 3.2482	11.8574
 3.2462	11.8519
 3.2442	11.8337
 3.2421	11.8117
 3.2401	11.7911
 3.2381	11.7825
 3.2361	11.7768
 3.2340	11.7629
 3.2320	11.7532
 3.2300	11.7406
 3.2280	11.7198
 3.2260	11.6937
 3.2240	11.6644
 3.2220	11.6369
 3.2200	11.6049
 3.2180	11.5680
 3.2160	11.5462
 3.2140	11.5263
 3.2120	11.5050
 3.2100	11.4756
 3.2080	11.4403
 3.2060	11.4140
 3.2040	11.3901
 3.2021	11.3707
 3.2001	11.3546
 3.1981	11.3212
 3.1961	11.2821
 3.1942	11.2360
 3.1922	11.1884
 3.1902	11.1531
 3.1883	11.1206
 3.1863	11.1017
 3.1844	11.0856
 3.1824	11.0610
 3.1805	11.0373
 3.1785	11.0070
 3.1766	10.9700
 3.1746	10.9267
 3.1727	10.8741
 3.1707	10.8360
 3.1688	10.8125
 3.1669	10.7891
 3.1649	10.7630
 3.1630	10.7410
 3.1611	10.7235
 3.1591	10.6915
 3.1572	10.6458
 3.1553	10.5987
 3.1534	10.5527
 3.1515	10.5075
 3.1495	10.4592
 3.1476	10.4178
 3.1457	10.3839
 3.1438	10.3477
 3.1419	10.3043
 3.1400	10.2525
 3.1381	10.2065
 3.1362	10.1677
 3.1343	10.1286
 3.1324	10.0936
 3.1305	10.0588
 3.1286	10.0199
 3.1268	 9.9692
 3.1249	 9.9110
 3.1230	 9.8641
 3.1211	 9.8243
 3.1192	 9.7840
 3.1174	 9.7317
 3.1155	 9.6640
 3.1136	 9.5979
 3.1117	 9.5295
 3.1099	 9.4617
 3.1080	 9.4028
 3.1061	 9.3504
 3.1043	 9.2955
 3.1024	 9.2339
 3.1006	 9.1723
 3.0987	 9.1188
 3.0969	 9.0748
 3.0950	 9.0322
 3.0932	 8.9770
 3.0913	 8.9135
 3.0895	 8.8505
 3.0876	 8.7953
 3.0858	 8.7454
 3.0840	 8.6847
 3.0821	 8.6293
 3.0803	 8.5912
 3.0785	 8.5502
 3.0766	 8.5017
 3.0748	 8.4650
 3.0730	 8.4382
 3.0712	 8.4032
 3.0694	 8.3475
 3.0675	 8.2871
 3.0657	 8.2341
 3.0639	 8.1685
 3.0621	 8.1124
 3.0603	 8.0892
 3.0585	 8.0709
 3.0567	 8.0470
 3.0549	 8.0228
 3.0531	 7.9925
 3.0513	 7.9501
 3.0495	 7.9037
 3.0477	 7.8746
 3.0459	 7.8535
 3.0441	 7.8263
 3.0423	 7.8121
 3.0406	 7.8054
 3.0388	 7.7972
 3.0370	 7.7905
 3.0352	 7.7872
 3.0334	 7.7607
 3.0317	 7.7074
 3.0299	 7.6565
 3.0281	 7.6252
 3.0264	 7.6231
 3.0246	 7.6359
 3.0228	 7.6546
 3.0211	 7.6783
 3.0193	 7.6873
 3.0176	 7.6816
 3.0158	 7.6802
 3.0140	 7.6996
 3.0123	 7.7313
 3.0105	 7.7597
 3.0088	 7.7962
 3.0070	 7.8339
 3.0053	 7.8796
 3.0036	 7.9255
 3.0018	 7.9672
 3.0001	 8.0148
 2.9984	 8.0517
 2.9966	 8.0856
 2.9949	 8.1287
 2.9932	 8.1555
 2.9914	 8.1768
 2.9897	 8.1986
 2.9880	 8.2237
 2.9863	 8.2573
 2.9845	 8.2973
 2.9828	 8.3312
 2.9811	 8.3613
 2.9794	 8.3759
 2.9777	 8.3707
 2.9760	 8.3653
 2.9743	 8.3785
 2.9726	 8.4096
 2.9709	 8.4437
 2.9692	 8.4576
 2.9675	 8.4565
 2.9658	 8.4534
 2.9641	 8.4529
 2.9624	 8.4605
 2.9607	 8.4979
 2.9590	 8.5524
 2.9573	 8.6007
 2.9556	 8.6263
 2.9539	 8.6438
 2.9523	 8.6651
 2.9506	 8.6847
 2.9489	 8.6982
 2.9472	 8.7205
 2.9455	 8.7518
 2.9439	 8.7804
 2.9422	 8.7958
 2.9405	 8.8138
 2.9389	 8.8273
 2.9372	 8.8190
 2.9355	 8.8005
 2.9339	 8.7856
 2.9322	 8.7788
 2.9306	 8.7705
 2.9289	 8.7608
 2.9272	 8.7544
 2.9256	 8.7380
 2.9239	 8.7158
 2.9223	 8.7072
 2.9207	 8.6963
 2.9190	 8.6729
 2.9174	 8.6478
 2.9157	 8.6187
 2.9141	 8.5758
 2.9124	 8.5230
 2.9108	 8.4728
 2.9092	 8.4323
 2.9075	 8.3719
 2.9059	 8.2994
 2.9043	 8.2419
 2.9027	 8.1808
 2.9010	 8.1072
 2.8994	 8.0340
 2.8978	 7.9549
 2.8962	 7.8767
 2.8946	 7.7777
 2.8929	 7.6726
 2.8913	 7.5862
 2.8897	 7.5011
 2.8881	 7.4071
 2.8865	 7.3138
 2.8849	 7.2231
 2.8833	 7.1334
 2.8817	 7.0405
 2.8801	 6.9600
 2.8785	 6.8859
 2.8769	 6.8153
 2.8753	 6.7450
 2.8737	 6.6825
 2.8721	 6.6252
 2.8705	 6.5513
 2.8689	 6.4845
 2.8673	 6.4357
 2.8658	 6.3973
 2.8642	 6.3708
 2.8626	 6.3431
 2.8610	 6.3175
 2.8594	 6.3019
 2.8579	 6.2851
 2.8563	 6.2858
 2.8547	 6.3199
 2.8531	 6.3793
 2.8516	 6.4497
 2.8500	 6.5243
 2.8484	 6.6067
 2.8469	 6.6867
 2.8453	 6.7620
 2.8437	 6.8371
 2.8422	 6.9138
 2.8406	 6.9799
 2.8391	 7.0363
 2.8375	 7.0938
 2.8360	 7.1388
 2.8344	 7.1642
 2.8329	 7.1919
 2.8313	 7.2203
 2.8298	 7.2411
 2.8282	 7.2444
 2.8267	 7.2267
 2.8252	 7.1916
 2.8236	 7.1369
 2.8221	 7.0777
 2.8205	 7.0114
 2.8190	 6.9394
 2.8175	 6.8620
 2.8159	 6.7762
 2.8144	 6.6825
 2.8129	 6.5809
 2.8114	 6.4866
 2.8098	 6.3976
 2.8083	 6.3029
 2.8068	 6.2003
 2.8053	 6.1018
 2.8038	 6.0168
 2.8022	 5.9353
 2.8007	 5.8669
 2.7992	 5.8290
 2.7977	 5.8162
 2.7962	 5.8032
 2.7947	 5.7916
 2.7932	 5.8053
 2.7917	 5.8160
 2.7902	 5.8044
 2.7887	 5.7913
 2.7872	 5.7750
 2.7857	 5.7485
 2.7842	 5.7120
 2.7827	 5.6876
 2.7812	 5.6876
 2.7797	 5.6890
 2.7782	 5.6961
 2.7767	 5.7215
 2.7752	 5.7556
 2.7738	 5.8096
 2.7723	 5.9069
 2.7708	 6.0421
 2.7693	 6.2159
 2.7678	 6.4298
 2.7664	 6.6846
 2.7649	 6.9584
 2.7634	 7.2051
 2.7619	 7.4036
 2.7605	 7.5331
 2.7590	 7.5864
 2.7575	 7.6025
 2.7561	 7.6288
 2.7546	 7.7209
 2.7531	 7.9101
 2.7517	 8.1896
 2.7502	 8.5294
 2.7488	 8.8638
 2.7473	 9.1494
 2.7458	 9.3826
 2.7444	 9.5560
 2.7429	 9.7125
 2.7415	 9.9394
 2.7400	10.2833
 2.7386	10.7209
 2.7371	11.1801
 2.7357	11.5943
 2.7343	11.8976
 2.7328	12.0153
 2.7314	11.9471
 2.7299	11.7565
 2.7285	11.5062
 2.7271	11.2459
 2.7256	11.0484
 2.7242	10.9923
 2.7228	11.0936
 2.7213	11.3165
 2.7199	11.6047
 2.7185	11.8957
 2.7171	12.1370
 2.7156	12.2948
 2.7142	12.3916
 2.7128	12.4660
 2.7114	12.5602
 2.7100	12.6945
 2.7085	12.8593
 2.7071	13.0578
 2.7057	13.2908
 2.7043	13.5527
 2.7029	13.8570
 2.7015	14.2156
 2.7001	14.6494
 2.6987	15.1354
 2.6973	15.6384
 2.6959	16.1210
 2.6945	16.5430
 2.6931	16.8760
 2.6917	17.1279
 2.6903	17.3183
 2.6889	17.4870
 2.6875	17.6814
 2.6861	17.9618
 2.6847	18.3528
 2.6833	18.8688
 2.6819	19.5115
 2.6805	20.2525
 2.6791	21.0596
 2.6778	21.8953
 2.6764	22.7286
 2.6750	23.5255
 2.6736	24.2502
 2.6722	24.8806
 2.6709	25.3926
 2.6695	25.7807
 2.6681	26.0917
 2.6667	26.3879
 2.6654	26.6972
 2.6640	27.0072
 2.6626	27.3020
 2.6613	27.5521
 2.6599	27.7027
 2.6585	27.7501
 2.6572	27.7449
 2.6558	27.7408
 2.6545	27.7517
 2.6531	27.7856
 2.6517	27.8368
 2.6504	27.9023
 2.6490	27.9514
 2.6477	27.9706
 2.6463	27.9784
 2.6450	27.9769
 2.6436	27.9611
 2.6423	27.9374
 2.6409	27.9050
 2.6396	27.8815
 2.6382	27.8476
 2.6369	27.7901
 2.6356	27.7309
 2.6342	27.6596
 2.6329	27.5784
 2.6315	27.4919
 2.6302	27.4053
 2.6289	27.3300
 2.6275	27.2629
 2.6262	27.2002
 2.6249	27.1396
 2.6236	27.0716
 2.6222	27.0036
 2.6209	26.9262
 2.6196	26.8466
 2.6183	26.7834
 2.6169	26.7375
 2.6156	26.6986
 2.6143	26.6513
 2.6130	26.6003
 2.6117	26.5473
 2.6103	26.4781
 2.6090	26.4045
 2.6077	26.3460
 2.6064	26.3140
 2.6051	26.2946
 2.6038	26.2761
 2.6025	26.2688
 2.6012	26.2745
 2.5999	26.2600
 2.5986	26.2108
 2.5973	26.1568
 2.5960	26.1352
 2.5947	26.1272
 2.5934	26.1217
 2.5921	26.1419
 2.5908	26.1710
 2.5895	26.1769
 2.5882	26.1549
 2.5869	26.1350
 2.5856	26.1262
 2.5843	26.1194
 2.5830	26.1191
 2.5817	26.1317
 2.5805	26.1478
 2.5792	26.1670
 2.5779	26.1892
 2.5766	26.2245
 2.5753	26.2705
 2.5741	26.3152
 2.5728	26.3557
 2.5715	26.3900
 2.5702	26.4237
 2.5690	26.4561
 2.5677	26.4765
 2.5664	26.4961
 2.5651	26.5291
 2.5639	26.5584
 2.5626	26.5800
 2.5613	26.6020
 2.5601	26.6250
 2.5588	26.6498
 2.5575	26.6683
 2.5563	26.6844
 2.5550	26.7164
 2.5538	26.7536
 2.5525	26.7824
 2.5513	26.8097
 2.5500	26.8469
 2.5487	26.8840
 2.5475	26.9068
 2.5462	26.9264
 2.5450	26.9620
 2.5437	26.9901
 2.5425	26.9927
 2.5413	26.9930
 2.5400	27.0112
 2.5388	27.0197
 2.5375	27.0039
 2.5363	26.9871
 2.5350	26.9773
 2.5338	26.9601
 2.5326	26.9335
 2.5313	26.9236
 2.5301	26.9302
 2.5289	26.9236
 2.5276	26.8980
 2.5264	26.8739
 2.5252	26.8433
 2.5239	26.8147
 2.5227	26.8019
 2.5215	26.8073
 2.5202	26.8040
 2.5190	26.7817
 2.5178	26.7592
 2.5166	26.7332
 2.5154	26.6934
 2.5141	26.6579
 2.5129	26.6368
 2.5117	26.6247
 2.5105	26.6115
 2.5093	26.6032
 2.5081	26.6046
 2.5068	26.6086
 2.5056	26.6065
 2.5044	26.5984
 2.5032	26.5911
 2.5020	26.5939
 2.5008	26.6010
 2.4996	26.6001
 2.4984	26.6025
 2.4972	26.6224
 2.4960	26.6406
 2.4948	26.6584
 2.4936	26.6865
 2.4924	26.7235
 2.4912	26.7581
 2.4900	26.7891
 2.4888	26.8253
 2.4876	26.8523
 2.4864	26.8686
 2.4852	26.8945
 2.4840	26.9236
 2.4828	26.9572
 2.4816	27.0077
 2.4805	27.0718
 2.4793	27.1218
 2.4781	27.1464
 2.4769	27.1599
 2.4757	27.1767
 2.4745	27.1898
 2.4734	27.2108
 2.4722	27.2426
 2.4710	27.2814
 2.4698	27.3191
 2.4686	27.3657
 2.4675	27.4311
 2.4663	27.5047
 2.4651	27.5663
 2.4640	27.6165
 2.4628	27.6606
 2.4616	27.7112
 2.4604	27.7688
 2.4593	27.8372
 2.4581	27.9109
 2.4569	27.9862
 2.4558	28.0537
 2.4546	28.1174
 2.4535	28.1884
 2.4523	28.2666
 2.4511	28.3452
 2.4500	28.4271
 2.4488	28.4956
 2.4477	28.5607
 2.4465	28.6291
 2.4454	28.6931
 2.4442	28.7459
 2.4431	28.7973
 2.4419	28.8574
 2.4408	28.9235
 2.4396	28.9846
 2.4385	29.0367
 2.4373	29.0890
 2.4362	29.1371
 2.4350	29.1601
 2.4339	29.1738
 2.4327	29.1916
 2.4316	29.2077
 2.4305	29.2079
 2.4293	29.1939
 2.4282	29.1816
 2.4270	29.1712
 2.4259	29.1546
 2.4248	29.1272
 2.4236	29.0983
 2.4225	29.0590
 2.4214	29.0009
 2.4202	28.9462
 2.4191	28.8887
 2.4180	28.8316
 2.4169	28.7885
 2.4157	28.7426
 2.4146	28.6947
 2.4135	28.6396
 2.4124	28.5808
 2.4112	28.5214
 2.4101	28.4499
 2.4090	28.3746
 2.4079	28.3042
 2.4068	28.2445
 2.4056	28.1801
 2.4045	28.1077
 2.4034	28.0200
 2.4023	27.9066
 2.4012	27.7892
 2.4001	27.6629
 2.3990	27.5315
 2.3979	27.4067
 2.3967	27.2781
 2.3956	27.1452
 2.3945	26.9939
 2.3934	26.8253
 2.3923	26.6550
 2.3912	26.4601
 2.3901	26.2281
 2.3890	25.9654
 2.3879	25.6763
 2.3868	25.3604
 2.3857	25.0293
 2.3846	24.6883
 2.3835	24.3458
 2.3824	24.0079
 2.3813	23.6911
 2.3802	23.4064
 2.3791	23.1431
 2.3781	22.9001
 2.3770	22.6926
 2.3759	22.5082
 2.3748	22.3523
 2.3737	22.2394
 2.3726	22.1816
 2.3715	22.1745
 2.3704	22.2046
 2.3694	22.2825
 2.3683	22.4061
 2.3672	22.5508
 2.3661	22.7068
 2.3650	22.8790
 2.3640	23.0696
 2.3629	23.2833
 2.3618	23.5258
 2.3607	23.8066
 2.3597	24.1128
 2.3586	24.4332
 2.3575	24.7780
 2.3564	25.1477
 2.3554	25.5238
 2.3543	25.9112
 2.3532	26.3088
 2.3522	26.6896
 2.3511	27.0363
 2.3500	27.3548
 2.3490	27.6490
 2.3479	27.9161
 2.3468	28.1437
 2.3458	28.3459
 2.3447	28.5373
 2.3436	28.7066
 2.3426	28.8596
 2.3415	29.0106
 2.3405	29.1525
 2.3394	29.2865
 2.3384	29.4111
 2.3373	29.5279
 2.3363	29.6418
 2.3352	29.7561
 2.3342	29.8698
 2.3331	29.9920
 2.3321	30.1140
 2.3310	30.2274
 2.3300	30.3470
 2.3289	30.4723
 2.3279	30.5957
 2.3268	30.7089
 2.3258	30.8133
 2.3247	30.9296
 2.3237	31.0563
 2.3226	31.1808
 2.3216	31.3030
 2.3206	31.4342
 2.3195	31.5704
 2.3185	31.6708
 2.3175	31.7430
 2.3164	31.8074
 2.3154	31.8598
 2.3144	31.8721
 2.3133	31.8489
 2.3123	31.8079
 2.3113	31.7262
 2.3102	31.5773
 2.3092	31.3819
 2.3082	31.1439
 2.3071	30.8708
 2.3061	30.5682
 2.3051	30.2518
 2.3041	29.9335
 2.3030	29.6311
 2.3020	29.3855
 2.3010	29.2117
 2.3000	29.1054
 2.2990	29.0883
 2.2979	29.1520
 2.2969	29.2801
 2.2959	29.4862
 2.2949	29.7905
 2.2939	30.1943
 2.2929	30.6584
 2.2918	31.1576
 2.2908	31.6793
 2.2898	32.2020
 2.2888	32.7111
 2.2878	33.1841
 2.2868	33.6056
 2.2858	33.9629
 2.2848	34.2500
 2.2838	34.4690
 2.2828	34.6151
 2.2818	34.7210
 2.2808	34.7861
 2.2798	34.8017
 2.2787	34.7935
 2.2777	34.7461
 2.2767	34.6739
 2.2757	34.5917
 2.2747	34.4768
 2.2738	34.3482
 2.2728	34.2099
 2.2718	34.0584
 2.2708	33.8990
 2.2698	33.7058
 2.2688	33.4858
 2.2678	33.2520
 2.2668	32.9989
 2.2658	32.7279
 2.2648	32.4551
 2.2638	32.1679
 2.2628	31.8494
 2.2618	31.4960
 2.2609	31.1311
 2.2599	30.7690
 2.2589	30.4188
 2.2579	30.0773
 2.2569	29.7635
 2.2559	29.4653
 2.2550	29.1461
 2.2540	28.8155
 2.2530	28.5050
 2.2520	28.2104
 2.2510	27.9454
 2.2501	27.7238
 2.2491	27.5547
 2.2481	27.4230
 2.2471	27.3236
 2.2462	27.2954
 2.2452	27.3326
 2.2442	27.4335
 2.2433	27.6236
 2.2423	27.9061
 2.2413	28.2765
 2.2403	28.6983
 2.2394	29.1347
 2.2384	29.5679
 2.2374	29.9697
 2.2365	30.3162
 2.2355	30.5978
 2.2345	30.8071
 2.2336	30.9573
 2.2326	31.0648
 2.2317	31.1226
 2.2307	31.1389
 2.2297	31.1342
 2.2288	31.1050
 2.2278	31.0470
 2.2269	30.9601
 2.2259	30.8588
 2.2250	30.7486
 2.2240	30.6084
 2.2231	30.4576
 2.2221	30.2958
 2.2211	30.1118
 2.2202	29.9034
 2.2192	29.6742
 2.2183	29.4322
 2.2173	29.1525
 2.2164	28.8337
 2.2155	28.5138
 2.2145	28.1872
 2.2136	27.8382
 2.2126	27.4969
 2.2117	27.1770
 2.2107	26.8888
 2.2098	26.6243
 2.2088	26.3773
 2.2079	26.1734
 2.2070	26.0097
 2.2060	25.8686
 2.2051	25.7857
 2.2041	25.7632
 2.2032	25.7904
 2.2023	25.8747
 2.2013	26.0187
 2.2004	26.2555
 2.1995	26.5776
 2.1985	26.9629
 2.1976	27.4280
 2.1967	27.9372
 2.1957	28.4636
 2.1948	28.9872
 2.1939	29.4890
 2.1930	29.9688
 2.1920	30.4083
 2.1911	30.7981
 2.1902	31.1427
 2.1893	31.4404
 2.1883	31.7032
 2.1874	31.9067
 2.1865	32.0710
 2.1856	32.2069
 2.1846	32.2915
 2.1837	32.3242
 2.1828	32.3211
 2.1819	32.2891
 2.1810	32.2280
 2.1800	32.1402
 2.1791	32.0509
 2.1782	31.9737
 2.1773	31.9341
 2.1764	31.9391
 2.1755	31.9896
 2.1746	32.0786
 2.1736	32.2029
 2.1727	32.3540
 2.1718	32.5084
 2.1709	32.6832
 2.1700	32.8996
 2.1691	33.1168
 2.1682	33.3041
 2.1673	33.4623
 2.1664	33.5982
 2.1655	33.7069
 2.1646	33.7875
 2.1637	33.8651
 2.1628	33.9639
 2.1619	34.0721
 2.1610	34.1716
 2.1601	34.2481
 2.1592	34.3132
 2.1583	34.3587
 2.1574	34.3845
 2.1565	34.3984
 2.1556	34.4098
 2.1547	34.4143
 2.1538	34.4110
 2.1529	34.4006
 2.1520	34.3996
 2.1511	34.3999
 2.1502	34.3999
 2.1493	34.3899
 2.1484	34.3712
 2.1475	34.3430
 2.1466	34.3030
 2.1458	34.2689
 2.1449	34.2549
 2.1440	34.2481
 2.1431	34.2438
 2.1422	34.2457
 2.1413	34.2492
 2.1404	34.2514
 2.1396	34.2483
 2.1387	34.2540
 2.1378	34.2829
 2.1369	34.3141
 2.1360	34.3220
 2.1352	34.3227
 2.1343	34.3151
 2.1334	34.2966
 2.1325	34.2876
 2.1316	34.3011
 2.1308	34.3333
 2.1299	34.3726
 2.1290	34.3992
 2.1281	34.4058
 2.1273	34.4193
 2.1264	34.4351
 2.1255	34.4541
 2.1247	34.4664
 2.1238	34.4655
 2.1229	34.4685
 2.1220	34.4595
 2.1212	34.4226
 2.1203	34.4179
 2.1194	34.4415
 2.1186	34.4562
 2.1177	34.4745
 2.1168	34.4989
 2.1160	34.5079
 2.1151	34.5071
 2.1143	34.5121
 2.1134	34.5178
 2.1125	34.5145
 2.1117	34.5067
 2.1108	34.5131
 2.1100	34.5289
 2.1091	34.5296
 2.1082	34.5197
 2.1074	34.5138
 2.1065	34.4891
 2.1057	34.4605
 2.1048	34.4527
 2.1040	34.4486
 2.1031	34.4690
 2.1023	34.4915
 2.1014	34.4922
 2.1005	34.4868
 2.0997	34.4695
 2.0988	34.4522
 2.0980	34.4456
 2.0971	34.4394
 2.0963	34.4330
 2.0955	34.4209
 2.0946	34.4153
 2.0938	34.4188
 2.0929	34.4164
 2.0921	34.4198
 2.0912	34.4226
 2.0904	34.4257
 2.0895	34.4228
 2.0887	34.4008
 2.0879	34.3733
 2.0870	34.3414
 2.0862	34.3049
 2.0853	34.2824
 2.0845	34.2663
 2.0837	34.2500
 2.0828	34.2286
 2.0820	34.2196
 2.0812	34.1252
 2.0803	34.1050
 2.0795	34.1929
 2.0760	34.1586
 2.0720	34.0964
 2.0680	34.0808
 2.0640	33.9713
 2.0600	33.7840
 2.0560	33.7215
 2.0520	33.4447
 2.0480	33.1782
 2.0440	33.2997
 2.0400	33.2997
 2.0360	33.4179
 2.0320	33.3253
 2.0280	32.9992
 2.0240	32.7885
 2.0200	32.7511
 2.0160	32.5905
 2.0120	32.4791
 2.0080	32.6331
 2.0040	32.6648
 2.0000	32.4832
 1.9960	32.3519
 1.9920	32.3676
 1.9880	32.2712
 1.9840	32.3171
 1.9800	32.2543
 1.9760	32.3861
 1.9720	32.2709
 1.9680	32.1839
 1.9640	32.0527
 1.9600	31.8591
 1.9560	31.7678
 1.9520	31.6957
 1.9480	31.6887
 1.9440	31.6792
 1.9400	31.5180
 1.9360	31.1409
 1.9320	30.6722
 1.9280	30.4389
 1.9240	30.2418
 1.9200	30.0419
 1.9160	29.7721
 1.9120	29.7426
 1.9080	29.6677
 1.9040	29.2818
 1.9000	29.4287
 1.8960	29.7583
 1.8920	29.7762
 1.8880	29.7358
 1.8840	29.6765
 1.8800	29.7586
 1.8760	29.5061
 1.8720	29.0440
 1.8680	28.8061
 1.8640	28.5467
 1.8600	28.6296
 1.8560	28.7097
 1.8520	28.5940
 1.8480	28.3879
 1.8440	28.0125
 1.8400	27.6822
 1.8360	27.3850
 1.8320	27.2492
 1.8280	27.3647
 1.8240	27.3504
 1.8200	27.3389
 1.8160	26.9540
 1.8120	26.9391
 1.8080	26.8875
 1.8040	26.6623
 1.8000	26.5320
 1.7960	26.4930
 1.7920	26.3960
 1.7880	26.1475
 1.7840	25.8911
 1.7800	25.5489
 1.7760	25.4586
 1.7720	25.3897
 1.7680	25.2157
 1.7640	24.9623
 1.7600	24.7799
 1.7560	24.6679
 1.7520	24.5501
 1.7480	24.6415
 1.7440	24.4029
 1.7400	24.2617
 1.7360	24.1207
 1.7320	23.9627
 1.7280	23.8153
 1.7240	23.4958
 1.7200	23.4398
 1.7160	23.4064
 1.7120	23.2829
 1.7080	23.0275
 1.7040	22.9960
 1.7000	22.8105
 1.6960	22.6531
 1.6920	22.6318
 1.6880	22.4699
 1.6840	22.3257
 1.6800	22.2364
 1.6760	21.9773
 1.6720	21.8424
 1.6680	21.7185
 1.6640	21.4973
 1.6600	21.3677
 1.6560	21.1732
 1.6520	21.1760
 1.6480	21.0766
 1.6440	20.8944
 1.6400	20.7315
 1.6360	20.6742
 1.6320	20.5389
 1.6280	20.3913
 1.6240	20.1616
 1.6200	20.0931
 1.6160	20.0819
 1.6120	19.8289
 1.6080	19.7885
 1.6040	19.6618
 1.6000	19.5596
 1.5960	19.3917
 1.5920	19.2935
 1.5880	19.1533
 1.5840	19.0051
 1.5800	18.9151
 1.5760	18.8049
 1.5720	18.5694
 1.5680	18.3171
 1.5640	18.3324
 1.5600	18.2103
 1.5560	18.0926
 1.5520	18.0449
 1.5480	17.9645
 1.5440	17.8013
 1.5400	17.6450
 1.5360	17.5487
 1.5320	17.3548
 1.5280	17.4096
 1.5240	17.3127
 1.5200	17.1485
 1.5160	17.0428
 1.5120	16.9712
 1.5080	16.9800
 1.5040	16.8398
 1.5000	16.8230
 1.4960	16.3284
 1.4920	16.2466
 1.4880	16.1082
 1.4840	16.1582
 1.4800	15.9956
 1.4760	15.7197
 1.4720	15.6873
 1.4680	15.6470
 1.4640	15.5039
 1.4600	15.3722
 1.4560	15.2805
 1.4520	15.2031
 1.4480	15.0531
 1.4440	14.9408
 1.4400	14.6667
 1.4360	14.5041
 1.4320	14.3150
 1.4280	14.2910
 1.4240	14.2910
 1.4200	14.3362
 1.4160	14.2912
 1.4120	14.2743
 1.4080	14.2143
 1.4040	14.0394
 1.4000	13.9499
 1.3960	13.8651
 1.3920	13.8485
 1.3880	13.6713
 1.3840	13.6653
 1.3800	13.5378
 1.3760	13.6085
 1.3720	13.7612
 1.3680	13.6773
 1.3640	13.4107
 1.3600	13.2299
 1.3560	13.2252
 1.3520	13.3888
 1.3480	13.4314
 1.3440	13.2349
 1.3400	13.2542
 1.3360	13.1478
 1.3320	12.9712
 1.3280	12.9974
 1.3240	12.8586
 1.3200	12.8685
 1.3160	12.7798
 1.3120	12.6806
 1.3080	12.5490
 1.3040	12.5464
 1.3000	12.4563
 1.2960	12.4657
 1.2920	12.4901
 1.2880	12.3868
 1.2840	12.1655
 1.2800	12.0663
 1.2760	12.0556
 1.2720	11.9313
 1.2680	11.9547
 1.2640	11.9106
 1.2600	11.8605
 1.2560	11.8885
 1.2520	11.8547
 1.2480	11.9121
 1.2440	11.6952
 1.2400	11.6682
 1.2360	11.6108
 1.2320	11.3950
 1.2280	11.5537
 1.2240	11.5313
 1.2200	11.4456
 1.2160	11.4793
 1.2120	11.4846
 1.2080	11.4565
 1.2040	11.4229
 1.2000	11.5096
 1.1960	11.3379
 1.1920	11.3607
 1.1880	11.4052
 1.1840	11.3211
 1.1800	11.3559
 1.1760	11.3612
 1.1720	11.1971
 1.1680	11.3711
 1.1640	11.3934
 1.1600	11.3636
 1.1560	11.3121
 1.1520	11.2171
 1.1480	11.2369
 1.1440	11.1390
 1.1400	11.3371
 1.1360	11.2585
 1.1320	11.2026
 1.1280	11.2531
 1.1240	11.2958
 1.1200	11.3452
 1.1160	11.3234
 1.1120	11.3452
 1.1080	11.5078
 1.1040	11.3856
 1.1000	11.3411
 1.0960	11.6400
 1.0920	11.6778
 1.0880	11.6588
 1.0840	11.8117
 1.0800	11.9190
 1.0760	11.8559
 1.0720	11.9306
 1.0680	11.9152
 1.0640	12.0649
 1.0600	12.1440
 1.0560	12.1669
 1.0520	12.2231
 1.0480	12.2461
 1.0440	12.2715
 1.0400	12.3528
 1.0360	12.4476
 1.0320	12.4655
 1.0280	12.5976
 1.0240	12.6342
 1.0200	12.5472
 1.0160	12.5572
 1.0120	12.6474
 1.0080	12.7638
 1.0040	12.9717
 1.0000	12.8938
 0.9960	12.9415
 0.9920	13.0089
 0.9880	13.0224
 0.9840	13.1491
 0.9800	13.1106
 0.9760	13.1909
 0.9720	13.2799
 0.9680	13.2426
 0.9640	13.2395
 0.9600	13.2491
 0.9560	13.2395
 0.9520	13.2233
 0.9480	13.0933
 0.9440	13.2704
 0.9400	13.1564
 0.9360	13.1638
 0.9320	13.0664
 0.9280	13.3009
 0.9240	13.2426
 0.9200	13.2559
 0.9160	13.2466
 0.9120	13.1070
 0.9080	13.1070
 0.9040	13.2118
 0.9000	13.2318
 0.8960	13.1498
 0.8920	13.1108
 0.8880	13.1511
 0.8840	13.1849
 0.8800	13.0817
 0.8760	13.1357
 0.8720	13.0657
 0.8680	13.1283
 0.8640	13.1022
 0.8600	13.1090
 0.8560	12.9741
 0.8520	12.9945
 0.8480	12.9404
 0.8440	12.9201
 0.8400	12.8456
 0.8360	12.8187
 0.8320	12.7919
 0.8280	12.7216
 0.8240	12.6535
 0.8200	12.5600
 0.8160	12.6011
 0.8120	12.7013
 0.8080	12.7452
 0.8040	12.6856
 0.8000	12.6697
 0.7990	12.3423
 0.7980	12.3441
 0.7970	12.2581
 0.7960	12.2053
 0.7950	12.0724
 0.7940	12.0999
 0.7930	12.1966
 0.7920	12.1531
 0.7910	12.0131
 0.7900	12.1906
 0.7890	12.2132
 0.7880	12.2712
 0.7870	12.1818
 0.7860	12.1767
 0.7850	12.0958
 0.7840	12.0958
 0.7830	12.1600
 0.7820	12.3088
 0.7810	12.1836
 0.7800	12.1165
 0.7790	12.1713
 0.7780	12.2638
 0.7770	12.3120
 0.7760	12.3857
 0.7750	12.2399
 0.7740	12.2907
 0.7730	12.3287
 0.7720	12.4058
 0.7710	12.5085
 0.7700	12.5013
 0.7690	12.4864
 0.7680	12.4642
 0.7670	12.4275
 0.7660	12.1680
 0.7650	12.3541
 0.7640	12.3828
 0.7630	12.5300
 0.7620	12.7778
 0.7610	12.4704
 0.7600	12.4704
 0.7590	12.5171
 0.7580	12.8173
 0.7570	12.7758
 0.7560	12.6646
 0.7550	12.5688
 0.7540	12.5318
 0.7530	12.5000
 0.7520	12.4850
 0.7510	12.6845
 0.7500	12.6823
 0.7490	12.6673
 0.7480	12.6303
 0.7470	12.6695
 0.7460	12.7352
 0.7450	12.7795
 0.7440	12.6352
 0.7430	12.7208
 0.7420	12.6250
 0.7410	12.6865
 0.7400	12.7016
 0.7390	12.7461
 0.7380	12.7593
 0.7370	12.8630
 0.7360	12.7964
 0.7350	12.6550
 0.7340	12.7221
 0.7330	12.8507
 0.7320	12.7917
 0.7310	12.8461
 0.7300	12.8212
 0.7290	12.7841
 0.7280	12.9419
 0.7270	12.9571
 0.7260	12.6857
 0.7250	12.8156
 0.7240	12.7566
 0.7230	12.8013
 0.7220	12.9236
 0.7210	12.9548
 0.7200	12.9470
 0.7190	12.8551
 0.7180	12.7632
 0.7170	12.9036
 0.7160	12.8333
 0.7150	12.9236
 0.7140	12.9236
 0.7130	12.9020
 0.7120	12.8179
 0.7110	12.7271
 0.7100	12.9253
 0.7090	12.8741
 0.7080	12.7840
 0.7070	12.8276
 0.7060	12.8044
 0.7050	12.8760
 0.7040	12.7588
 0.7030	12.8897
 0.7020	12.9919
 0.7010	12.9466
 0.7000	12.9170
 0.6990	12.9248
 0.6980	12.9224
 0.6970	12.8466
 0.6960	12.9546
 0.6950	13.0506
 0.6940	13.0201
 0.6930	13.0947
 0.6920	12.9763
 0.6910	13.0665
 0.6900	13.0651
 0.6890	13.0141
 0.6880	13.0942
 0.6870	13.0942
 0.6860	13.1818
 0.6850	13.1671
 0.6840	13.1741
 0.6830	13.3378
 0.6820	13.2399
 0.6810	13.2547
 0.6800	13.2330
 0.6790	13.1233
 0.6780	13.2135
 0.6770	13.0651
 0.6760	12.9910
 0.6750	13.2499
 0.6740	13.1453
 0.6730	13.2483
 0.6720	13.0796
 0.6710	13.1377
 0.6700	13.1014
 0.6690	12.9998
 0.6680	13.0949
 0.6670	13.1453
 0.6660	13.0942
 0.6650	13.0942
 0.6640	13.1686
 0.6630	13.3990
 0.6620	13.3528
 0.6610	13.2276
 0.6600	13.1758
 0.6590	13.2649
 0.6580	13.2425
 0.6570	13.1469
 0.6560	13.0965
 0.6550	13.1617
 0.6540	13.1617
 0.6530	13.1987
 0.6520	13.3234
 0.6510	13.3234
 0.6500	13.0881
 0.6490	13.1837
 0.6480	13.3009
 0.6470	13.2732
 0.6460	13.2871
 0.6450	13.2732
 0.6440	13.2135
 0.6430	13.0735
 0.6420	13.2053
 0.6410	13.2497
 0.6400	13.2134
 0.6390	13.2348
 0.6380	13.3673
 0.6370	13.4355
 0.6360	13.3975
 0.6350	13.3598
 0.6340	13.2060
 0.6330	13.1557
 0.6320	13.1047
 0.6310	13.1491
 0.6300	13.1417
 0.6290	13.0752
 0.6280	13.1114
 0.6270	13.1926
 0.6260	13.2438
 0.6250	13.2283
 0.6240	13.3404
 0.6230	13.2004
 0.6220	13.2871
 0.6210	13.3108
 0.6200	13.1648
 0.6190	13.0520
 0.6180	13.1053
 0.6170	13.1350
 0.6160	13.0911
 0.6150	13.0616
 0.6140	13.0684
 0.6130	13.0469
 0.6120	13.1648
 0.6110	13.1357
 0.6100	13.1060
 0.6090	13.0024
 0.6080	12.9660
 0.6070	13.0621
 0.6060	13.1283
 0.6050	13.1140
 0.6040	13.0340
 0.6030	13.1147
 0.6020	12.9757
 0.6010	12.8483
 0.6000	12.8849
 0.5990	12.8623
 0.5980	12.8875
 0.5970	12.8277
 0.5960	12.8124
 0.5950	12.8124
 0.5940	12.7081
 0.5930	12.6939
 0.5920	12.7532
 0.5910	12.4344
 0.5900	12.5732
 0.5890	12.3093
 0.5880	12.5732
 0.5870	12.4400
 0.5860	12.4947
 0.5850	12.5005
 0.5840	12.4933
 0.5830	12.5741
 0.5820	12.4261
 0.5810	12.4417
 0.5800	12.3974
 0.5790	12.3617
 0.5780	12.3389
 0.5770	12.3105
 0.5760	12.2523
 0.5750	12.2414
 0.5740	12.3191
 0.5730	12.1671
 0.5720	12.1367
 0.5710	12.2367
 0.5700	12.0760
 0.5690	12.0126
 0.5680	12.0284
 0.5670	11.9202
 0.5660	11.9336
 0.5650	11.8773
 0.5640	11.8481
 0.5630	11.8120
 0.5620	11.7464
 0.5610	11.6624
 0.5600	11.6184
 0.5590	11.6978
 0.5580	12.1324
 0.5570	11.4374
 0.5560	11.2896
 0.5550	11.1938
 0.5540	11.2729
 0.5530	11.2047
 0.5520	11.1294
 0.5510	11.3226
 0.5500	11.0303
 0.5490	11.0097
 0.5480	10.8324
 0.5470	10.9526
 0.5460	10.8111
 0.5450	10.8055
 0.5440	10.7552
 0.5430	10.7284
 0.5420	10.7158
 0.5410	10.6538
 0.5400	10.5851
 0.5390	10.5277
 0.5380	10.5540
 0.5370	10.5870
 0.5360	10.6893
 0.5350	10.6361
 0.5340	10.5605
 0.5330	10.6448
 0.5320	10.6827
 0.5310	10.5490
 0.5300	10.6069
 0.5290	10.6135
 0.5280	10.6336
 0.5270	10.5890
 0.5260	10.5909
 0.5250	10.5462
 0.5240	10.5114
 0.5230	10.3850
 0.5220	10.4176
 0.5210	10.3715
 0.5200	10.2523
 0.5190	10.1765
 0.5180	10.3160
 0.5170	10.2533
 0.5160	10.2533
 0.5150	10.1765
 0.5140	10.0614
 0.5130	 9.9727
 0.5120	 9.9982
 0.5110	 9.8895
 0.5100	10.0691
 0.5090	 9.9410
 0.5080	 9.9596
 0.5070	 9.9644
 0.5060	10.0164
 0.5050	10.0097
 0.5040	 9.9596
 0.5030	 9.9573
 0.5020	10.0072
 0.5010	 9.8688
 0.5000	 9.6786
 0.4990	 9.7353
 0.4980	 9.8565
 0.4970	 9.8688
 0.4960	 9.7975
 0.4950	 9.6893
 0.4940	 9.7576
 0.4930	 9.6562
 0.4920	 9.7455
 0.4910	 9.4943
 0.4900	 9.6028
 0.4890	 9.6980
 0.4880	 9.6920
 0.4870	 9.6455
 0.4860	 9.4844
 0.4850	 9.2769
 0.4840	 9.2005
 0.4830	 9.2993
 0.4820	 9.3759
 0.4810	 9.3872
 0.4800	 9.3004
 0.4790	 9.1401
 0.4780	 9.2011
 0.4770	 9.0798
 0.4760	 9.0523
 0.4750	 9.0907
 0.4740	 9.1011
 0.4730	 9.1675
 0.4720	 9.1896
 0.4710	 9.1730
 0.4700	 9.0957
 0.4690	 9.0507
 0.4680	 8.8841
 0.4670	 8.9070
 0.4660	 8.8634
 0.4650	 8.7686
 0.4640	 8.8276
 0.4630	 8.8919
 0.4620	 8.9697
 0.4610	 8.9126
 0.4600	 8.8713
 0.4590	 8.6678
 0.4580	 8.6922
 0.4570	 8.4863
 0.4560	 8.6315
 0.4550	 8.5647
 0.4540	 8.4948
 0.4530	 8.5379
 0.4520	 8.3904
 0.4510	 8.3445
 0.4500	 8.3646
 0.4490	 8.3736
 0.4480	 8.2724
 0.4470	 8.2198
 0.4460	 8.1920
 0.4450	 8.0790
 0.4440	 8.1089
 0.4430	 8.1646
 0.4420	 8.1862
 0.4410	 8.3021
 0.4400	 7.9641
 0.4390	 7.9845
 0.4380	 7.7985
 0.4370	 7.9247
 0.4360	 7.8180
 0.4350	 7.7501
 0.4340	 7.7188
 0.4330	 7.6971
 0.4320	 7.6399
 0.4310	 7.6289
 0.4300	 7.6277
 0.4290	 7.7201
 0.4280	 7.5668
 0.4270	 7.6129
 0.4260	 7.3724
 0.4250	 7.4537
 0.4240	 7.6663
 0.4230	 7.3720
 0.4220	 7.3194
 0.4210	 7.2655
 0.4200	 7.3380
 0.4190	 7.3501
 0.4180	 7.4378
 0.4170	 7.4316
 0.4160	 7.2654
 0.4150	 7.0856
 0.4140	 7.0772
 0.4130	 7.1230
 0.4120	 7.2095
 0.4110	 7.1572
 0.4100	 7.1462
 0.4090	 6.9294
 0.4080	 6.9710
 0.4070	 6.8754
 0.4060	 6.9252
 0.4050	 6.8344
 0.4040	 6.8715
 0.4030	 6.7553
 0.4020	 6.7970
 0.4010	 6.7492
 0.4000	 6.7095
