Name: Quartzite
Type: Rock
Class: Metamorphic
Subclass: Quartzite
Particle Size: Solid
Sample No.: Ward94
Owner: JPL
Wavelength Range: All
Origin: Ward's Collection of American Rocks.  Sample locality - Dell Rapids, Minnehaha County, South Dakota.  Collected by - JPL.
Collection Date: N/A
Description: A fine grained, pinkish quartz rock.Geologic age - Pre-CambrianCollected by:  Ward's Natural Science Original ASTER Spectral Library name was jpl.nicolet.rock.metamorphic.quartzite.solid.ward94.spectrum.txt
Measurement: Hemispherical reflectance
First Column: X
Second Column: Y
X Units: Wavelength (micrometers)
Y Units:Reflectance (percent)
First X Value: 15.3871
Last X Value:  1.9998
Number of X Values: 2257
Additional Information: none

15.3871	 5.7491
15.3416	 5.6500
15.2964	 5.6324
15.2514	 5.7137
15.2066	 5.6698
15.1622	 5.6379
15.1180	 5.6696
15.0740	 5.8366
15.0303	 5.9361
14.9869	 5.9899
14.9437	 6.1403
14.9008	 6.0338
14.8581	 6.1363
14.8156	 6.2014
14.7734	 6.1670
14.7314	 6.4794
14.6897	 6.6786
14.6482	 6.6616
14.6069	 6.7548
14.5659	 6.8378
14.5251	 7.0799
14.4845	 7.3079
14.4442	 7.5544
14.4041	 7.4294
14.3642	 6.6839
14.3245	 5.5550
14.2850	 4.8389
14.2458	 4.7308
14.2068	 4.9145
14.1679	 5.3632
14.1293	 5.5609
14.0909	 5.7174
14.0528	 5.9519
14.0148	 6.1081
13.9770	 6.1664
13.9394	 6.4229
13.9021	 6.5736
13.8649	 6.5224
13.8279	 6.6417
13.7911	 6.8985
13.7546	 7.1166
13.7182	 7.1475
13.6820	 7.0823
13.6460	 7.0431
13.6101	 7.4583
13.5745	 7.7664
13.5391	 7.6458
13.5038	 7.8237
13.4687	 8.2235
13.4339	 8.3022
13.3991	 8.2229
13.3646	 8.4469
13.3302	 8.8142
13.2961	 8.9521
13.2621	 9.0257
13.2282	 9.2270
13.1946	 9.5548
13.1611	 9.7119
13.1278	 9.9553
13.0946	10.2434
13.0616	10.6882
13.0288	11.4190
12.9962	12.0766
12.9637	13.0528
12.9313	14.4134
12.8992	15.9121
12.8672	17.5037
12.8353	18.8851
12.8036	19.4185
12.7721	18.9094
12.7407	17.6277
12.7095	15.7016
12.6784	13.6291
12.6475	12.4087
12.6167	12.6252
12.5861	13.7916
12.5556	15.2202
12.5253	16.1853
12.4951	16.3581
12.4651	15.8456
12.4352	14.2751
12.4054	11.1864
12.3758	 7.4139
12.3463	 4.2414
12.3170	 2.4337
12.2878	 1.8640
12.2588	 1.9668
12.2299	 2.2425
12.2011	 2.6009
12.1725	 2.9109
12.1439	 3.0664
12.1156	 3.3254
12.0873	 3.7491
12.0592	 3.9450
12.0312	 4.1500
12.0034	 4.4178
11.9757	 4.6492
11.9481	 4.8069
11.9206	 4.9230
11.8933	 5.1395
11.8661	 5.3388
11.8390	 5.5398
11.8120	 5.7838
11.7852	 5.7828
11.7584	 5.8127
11.7318	 6.0743
11.7053	 6.2612
11.6790	 6.3068
11.6527	 6.2616
11.6266	 6.4420
11.6006	 6.6630
11.5747	 6.8750
11.5489	 6.8295
11.5233	 6.8209
11.4977	 6.8536
11.4723	 7.0067
11.4469	 7.2747
11.4217	 7.3049
11.3966	 7.4515
11.3716	 7.6265
11.3468	 7.6445
11.3220	 7.6452
11.2973	 7.7992
11.2728	 7.8779
11.2483	 7.9012
11.2240	 7.9796
11.1997	 8.2282
11.1756	 8.4151
11.1515	 8.4101
11.1276	 8.5152
11.1038	 8.7200
11.0801	 8.7491
11.0564	 8.8740
11.0329	 8.9571
11.0095	 8.9862
10.9862	 9.0931
10.9629	 9.2206
10.9398	 9.3122
10.9168	 9.4333
10.8938	 9.5266
10.8710	 9.5499
10.8483	 9.5152
10.8256	 9.5243
10.8031	 9.5852
10.7806	 9.6631
10.7582	 9.7494
10.7360	 9.8337
10.7138	 9.8737
10.6917	10.0641
10.6697	10.1746
10.6478	10.2096
10.6260	10.2159
10.6042	10.2645
10.5826	10.4488
10.5610	10.5390
10.5396	10.5719
10.5182	10.7000
10.4969	10.7494
10.4757	10.8791
10.4546	11.0652
10.4335	11.1946
10.4126	11.1761
10.3917	11.3510
10.3709	11.5624
10.3502	11.6794
10.3296	11.7869
10.3091	11.8689
10.2886	12.0768
10.2683	12.2265
10.2480	12.4141
10.2277	12.6310
10.2076	12.7759
10.1876	12.9554
10.1676	13.1658
10.1477	13.3393
10.1279	13.5506
10.1081	13.8330
10.0885	14.0380
10.0689	14.1942
10.0494	14.4403
10.0299	14.7067
10.0106	14.9645
 9.9913	15.3415
 9.9720	15.5923
 9.9529	15.8393
 9.9338	16.3311
 9.9148	16.6080
 9.8959	16.6494
 9.8771	16.9163
 9.8583	17.1783
 9.8396	17.4456
 9.8210	17.8983
 9.8024	18.3901
 9.7839	18.7123
 9.7655	19.1450
 9.7471	19.5882
 9.7288	20.1429
 9.7106	20.7934
 9.6925	21.3020
 9.6744	21.9173
 9.6564	22.5682
 9.6384	23.1481
 9.6205	23.7759
 9.6027	24.4446
 9.5850	25.1415
 9.5673	25.9714
 9.5497	27.0188
 9.5321	28.0157
 9.5146	29.0123
 9.4972	30.3372
 9.4798	31.7428
 9.4625	33.3156
 9.4453	35.2376
 9.4281	37.4694
 9.4110	40.1950
 9.3940	43.1979
 9.3770	46.2867
 9.3600	49.0105
 9.3432	51.2364
 9.3264	53.1245
 9.3096	54.5151
 9.2930	55.3974
 9.2763	55.9775
 9.2598	56.2378
 9.2432	56.3895
 9.2268	56.6264
 9.2104	56.8433
 9.1941	56.9423
 9.1778	56.9404
 9.1616	56.8608
 9.1454	56.8535
 9.1293	56.8147
 9.1133	56.6903
 9.0973	56.4835
 9.0814	56.3504
 9.0655	56.2280
 9.0497	56.1267
 9.0339	55.9839
 9.0182	55.7520
 9.0025	55.6454
 8.9870	55.5828
 8.9714	55.5489
 8.9559	55.6822
 8.9405	55.8014
 8.9251	55.7486
 8.9097	55.6976
 8.8945	55.6955
 8.8792	55.5197
 8.8641	55.3530
 8.8489	55.2065
 8.8338	54.8745
 8.8188	54.3681
 8.8039	54.0752
 8.7889	53.7038
 8.7741	53.1728
 8.7592	52.6347
 8.7445	52.1605
 8.7297	51.6001
 8.7151	50.8897
 8.7005	49.8736
 8.6859	48.3816
 8.6714	46.0353
 8.6569	42.7286
 8.6425	38.9913
 8.6281	37.4567
 8.6137	39.6253
 8.5994	43.5912
 8.5852	47.0416
 8.5710	49.3622
 8.5569	50.8524
 8.5428	51.7281
 8.5287	52.2919
 8.5147	52.5932
 8.5008	52.7102
 8.4869	52.8191
 8.4730	52.8912
 8.4592	52.8693
 8.4454	52.7896
 8.4316	52.8580
 8.4180	52.7568
 8.4043	52.5343
 8.3907	52.4391
 8.3772	52.3071
 8.3637	52.2158
 8.3502	52.2068
 8.3368	52.1213
 8.3234	52.1246
 8.3100	52.0708
 8.2967	52.0388
 8.2835	52.1473
 8.2703	52.1419
 8.2571	52.0242
 8.2440	51.8260
 8.2309	51.6096
 8.2179	51.3519
 8.2049	50.7434
 8.1919	49.9014
 8.1790	48.7584
 8.1661	47.1969
 8.1532	45.0047
 8.1404	42.5137
 8.1277	39.8661
 8.1150	37.1984
 8.1023	34.5940
 8.0897	32.1699
 8.0770	29.8205
 8.0645	27.5061
 8.0520	25.4435
 8.0395	23.6404
 8.0270	21.9345
 8.0146	20.3213
 8.0023	18.8401
 7.9899	17.4070
 7.9776	15.9793
 7.9654	14.5821
 7.9532	13.3400
 7.9410	12.2156
 7.9288	11.0965
 7.9167	10.0968
 7.9047	 9.1943
 7.8926	 8.4189
 7.8807	 7.6223
 7.8687	 6.9368
 7.8568	 6.4007
 7.8449	 6.0305
 7.8330	 5.6252
 7.8212	 5.2277
 7.8094	 4.9114
 7.7977	 4.6996
 7.7860	 4.4921
 7.7743	 4.1446
 7.7627	 3.8545
 7.7511	 3.5911
 7.7395	 3.3115
 7.7280	 3.0455
 7.7165	 2.8468
 7.7050	 2.7228
 7.6936	 2.4808
 7.6822	 2.2113
 7.6708	 2.0156
 7.6595	 1.8878
 7.6482	 1.7964
 7.6369	 1.6926
 7.6257	 1.5260
 7.6145	 1.3651
 7.6033	 1.3730
 7.5922	 1.3041
 7.5811	 1.1226
 7.5700	 1.1427
 7.5590	 1.1915
 7.5480	 1.0581
 7.5370	 0.9295
 7.5261	 0.8280
 7.5152	 0.7622
 7.5043	 0.8700
 7.4935	 0.9544
 7.4826	 0.8885
 7.4718	 0.8272
 7.4611	 0.7363
 7.4504	 0.6925
 7.4397	 0.6822
 7.4290	 0.7021
 7.4184	 0.7136
 7.4078	 0.6542
 7.3972	 0.6082
 7.3867	 0.6355
 7.3762	 0.7016
 7.3657	 0.6440
 7.3553	 0.5536
 7.3449	 0.5734
 7.3345	 0.6466
 7.3241	 0.7105
 7.3138	 0.7061
 7.3035	 0.6741
 7.2932	 0.7358
 7.2830	 0.7594
 7.2727	 0.7145
 7.2626	 0.8176
 7.2524	 0.7833
 7.2423	 0.7032
 7.2322	 0.7147
 7.2221	 0.7484
 7.2120	 0.6972
 7.2020	 0.6897
 7.1921	 0.6661
 7.1821	 0.7425
 7.1722	 0.8090
 7.1623	 0.8696
 7.1524	 0.8948
 7.1425	 0.8594
 7.1327	 0.9522
 7.1229	 1.0170
 7.1131	 0.8882
 7.1034	 0.8637
 7.0937	 0.9687
 7.0840	 0.9325
 7.0743	 0.8812
 7.0647	 0.9842
 7.0551	 1.0158
 7.0455	 0.9887
 7.0359	 0.9422
 7.0264	 0.9097
 7.0169	 0.9694
 7.0074	 1.1291
 6.9979	 1.1847
 6.9885	 1.0808
 6.9791	 1.0529
 6.9697	 1.1375
 6.9604	 1.2107
 6.9510	 1.2303
 6.9417	 1.1516
 6.9324	 1.0508
 6.9232	 1.0747
 6.9140	 1.1759
 6.9047	 1.1817
 6.8956	 1.1982
 6.8864	 1.3437
 6.8773	 1.4227
 6.8682	 1.3007
 6.8591	 1.1751
 6.8500	 1.2858
 6.8410	 1.3619
 6.8320	 1.3766
 6.8230	 1.3034
 6.8140	 1.3717
 6.8051	 1.4281
 6.7962	 1.3176
 6.7873	 1.3487
 6.7784	 1.3284
 6.7695	 1.3195
 6.7607	 1.3918
 6.7519	 1.4781
 6.7431	 1.4472
 6.7344	 1.3580
 6.7256	 1.3702
 6.7169	 1.3796
 6.7082	 1.3449
 6.6996	 1.4102
 6.6909	 1.5234
 6.6823	 1.5189
 6.6737	 1.4629
 6.6651	 1.5054
 6.6566	 1.5073
 6.6480	 1.4800
 6.6395	 1.5901
 6.6310	 1.6700
 6.6226	 1.6004
 6.6141	 1.5693
 6.6057	 1.5434
 6.5973	 1.6127
 6.5889	 1.6490
 6.5805	 1.6790
 6.5722	 1.7029
 6.5639	 1.5897
 6.5556	 1.5484
 6.5473	 1.5413
 6.5390	 1.4715
 6.5308	 1.5353
 6.5226	 1.6890
 6.5144	 1.7053
 6.5062	 1.7078
 6.4981	 1.8294
 6.4900	 1.8595
 6.4818	 1.9073
 6.4737	 1.9506
 6.4657	 2.0287
 6.4576	 2.0956
 6.4496	 2.0617
 6.4416	 2.0985
 6.4336	 2.1381
 6.4256	 2.0856
 6.4177	 2.1025
 6.4097	 2.2080
 6.4018	 2.0610
 6.3939	 1.9715
 6.3860	 2.0260
 6.3782	 2.0609
 6.3704	 2.0675
 6.3625	 2.0202
 6.3547	 2.0325
 6.3470	 2.0913
 6.3392	 2.1265
 6.3315	 2.1122
 6.3237	 2.1033
 6.3160	 2.0626
 6.3083	 1.9341
 6.3007	 1.8611
 6.2930	 1.9416
 6.2854	 1.9623
 6.2778	 1.9285
 6.2702	 1.9189
 6.2626	 1.8278
 6.2551	 1.7837
 6.2476	 1.7514
 6.2400	 1.7679
 6.2325	 1.8472
 6.2251	 1.8114
 6.2176	 1.8598
 6.2101	 1.9985
 6.2027	 1.9815
 6.1953	 1.9232
 6.1879	 1.9165
 6.1805	 1.7917
 6.1732	 1.8437
 6.1658	 1.9112
 6.1585	 1.9737
 6.1512	 1.9984
 6.1439	 2.0158
 6.1367	 2.0575
 6.1294	 2.1198
 6.1222	 2.1735
 6.1149	 2.1923
 6.1077	 2.3374
 6.1006	 2.3377
 6.0934	 2.2881
 6.0862	 2.3204
 6.0791	 2.2743
 6.0720	 2.2896
 6.0649	 2.3864
 6.0578	 2.4242
 6.0507	 2.4286
 6.0437	 2.4243
 6.0366	 2.4146
 6.0296	 2.4317
 6.0226	 2.4778
 6.0156	 2.3910
 6.0087	 2.3388
 6.0017	 2.3218
 5.9948	 2.3620
 5.9878	 2.3799
 5.9809	 2.3987
 5.9740	 2.4518
 5.9672	 2.3819
 5.9603	 2.3115
 5.9535	 2.3184
 5.9466	 2.2667
 5.9398	 2.2872
 5.9330	 2.2684
 5.9262	 2.2378
 5.9195	 2.2750
 5.9127	 2.3236
 5.9060	 2.3768
 5.8993	 2.4533
 5.8926	 2.5171
 5.8859	 2.5654
 5.8792	 2.5340
 5.8726	 2.4661
 5.8659	 2.5337
 5.8593	 2.5759
 5.8527	 2.6479
 5.8461	 2.7939
 5.8395	 2.7867
 5.8329	 2.7692
 5.8264	 2.8545
 5.8198	 2.9212
 5.8133	 2.8854
 5.8068	 2.8420
 5.8003	 2.9379
 5.7938	 3.0252
 5.7874	 3.0412
 5.7809	 3.0821
 5.7745	 3.1503
 5.7680	 3.1598
 5.7616	 3.1181
 5.7552	 3.1453
 5.7489	 3.2407
 5.7425	 3.2146
 5.7361	 3.2904
 5.7298	 3.4322
 5.7235	 3.4015
 5.7172	 3.4036
 5.7109	 3.4818
 5.7046	 3.4552
 5.6983	 3.3712
 5.6921	 3.3779
 5.6858	 3.3727
 5.6796	 3.3365
 5.6734	 3.2814
 5.6672	 3.2233
 5.6610	 3.1518
 5.6548	 3.0823
 5.6487	 3.0606
 5.6425	 3.0341
 5.6364	 2.9556
 5.6303	 2.8875
 5.6242	 2.8378
 5.6181	 2.8465
 5.6120	 2.8779
 5.6059	 2.9127
 5.5999	 2.9233
 5.5938	 2.8876
 5.5878	 2.8042
 5.5818	 2.7587
 5.5758	 2.7899
 5.5698	 2.8101
 5.5638	 2.8017
 5.5578	 2.7481
 5.5519	 2.8030
 5.5460	 2.8418
 5.5400	 2.8779
 5.5341	 2.8914
 5.5282	 2.9114
 5.5223	 3.0068
 5.5164	 3.1158
 5.5106	 3.1479
 5.5047	 3.1775
 5.4989	 3.2026
 5.4931	 3.1553
 5.4873	 3.0843
 5.4815	 3.1473
 5.4757	 3.2493
 5.4699	 3.3538
 5.4641	 3.3965
 5.4584	 3.4434
 5.4527	 3.5348
 5.4469	 3.5221
 5.4412	 3.4305
 5.4355	 3.4183
 5.4298	 3.3634
 5.4241	 3.2803
 5.4185	 3.2364
 5.4128	 3.1931
 5.4072	 3.0791
 5.4015	 3.0255
 5.3959	 3.0542
 5.3903	 2.9571
 5.3847	 2.8614
 5.3791	 2.8593
 5.3735	 2.8465
 5.3680	 2.8016
 5.3624	 2.7510
 5.3569	 2.7589
 5.3514	 2.7017
 5.3458	 2.5935
 5.3403	 2.6210
 5.3348	 2.7638
 5.3294	 2.8586
 5.3239	 2.8458
 5.3184	 2.8157
 5.3130	 2.7274
 5.3075	 2.6459
 5.3021	 2.7511
 5.2967	 2.8485
 5.2913	 2.8849
 5.2859	 2.9486
 5.2805	 2.9558
 5.2751	 2.8668
 5.2698	 2.8347
 5.2644	 2.8359
 5.2591	 2.8419
 5.2538	 2.9455
 5.2485	 3.0531
 5.2431	 3.0956
 5.2378	 3.1077
 5.2326	 3.1992
 5.2273	 3.2907
 5.2220	 3.3370
 5.2168	 3.4292
 5.2115	 3.5060
 5.2063	 3.5386
 5.2011	 3.5954
 5.1959	 3.6423
 5.1907	 3.6501
 5.1855	 3.6586
 5.1803	 3.6733
 5.1751	 3.6642
 5.1700	 3.6649
 5.1648	 3.6319
 5.1597	 3.6148
 5.1545	 3.5883
 5.1494	 3.6182
 5.1443	 3.6518
 5.1392	 3.6279
 5.1341	 3.5901
 5.1291	 3.5812
 5.1240	 3.5747
 5.1189	 3.5562
 5.1139	 3.6166
 5.1088	 3.6450
 5.1038	 3.6907
 5.0988	 3.6775
 5.0938	 3.5494
 5.0888	 3.5329
 5.0838	 3.5427
 5.0788	 3.5143
 5.0738	 3.5365
 5.0689	 3.5181
 5.0639	 3.4307
 5.0590	 3.3182
 5.0541	 3.3555
 5.0491	 3.4848
 5.0442	 3.5362
 5.0393	 3.5376
 5.0344	 3.5754
 5.0296	 3.5613
 5.0247	 3.5835
 5.0198	 3.5858
 5.0150	 3.6313
 5.0101	 3.5932
 5.0053	 3.5572
 5.0004	 3.6091
 4.9956	 3.5508
 4.9908	 3.5254
 4.9860	 3.5939
 4.9812	 3.6613
 4.9765	 3.7475
 4.9717	 3.7962
 4.9669	 3.8476
 4.9622	 3.9239
 4.9574	 3.9910
 4.9527	 4.0638
 4.9480	 4.0357
 4.9432	 4.0973
 4.9385	 4.2110
 4.9338	 4.2266
 4.9291	 4.2838
 4.9245	 4.3585
 4.9198	 4.3961
 4.9151	 4.4677
 4.9105	 4.5857
 4.9058	 4.7672
 4.9012	 4.9536
 4.8966	 5.1196
 4.8919	 5.3560
 4.8873	 5.6273
 4.8827	 5.8769
 4.8781	 5.9985
 4.8736	 6.1133
 4.8690	 6.3469
 4.8644	 6.5324
 4.8599	 6.5779
 4.8553	 6.6049
 4.8508	 6.7881
 4.8462	 6.9234
 4.8417	 7.0391
 4.8372	 7.2306
 4.8327	 7.3037
 4.8282	 7.3432
 4.8237	 7.4614
 4.8192	 7.6177
 4.8147	 7.6855
 4.8103	 7.7297
 4.8058	 7.9052
 4.8014	 8.0370
 4.7969	 8.0476
 4.7925	 8.0446
 4.7881	 8.1407
 4.7836	 8.2209
 4.7792	 8.3024
 4.7748	 8.3831
 4.7704	 8.4965
 4.7660	 8.5684
 4.7617	 8.6268
 4.7573	 8.7385
 4.7530	 8.7860
 4.7486	 8.8479
 4.7443	 8.8837
 4.7399	 8.8858
 4.7356	 8.8477
 4.7313	 8.8601
 4.7270	 8.9223
 4.7226	 9.0189
 4.7184	 9.0122
 4.7141	 8.9613
 4.7098	 8.9428
 4.7055	 8.8748
 4.7012	 8.7183
 4.6970	 8.5730
 4.6927	 8.3849
 4.6885	 8.1875
 4.6842	 8.1468
 4.6800	 8.2011
 4.6758	 8.2160
 4.6716	 8.3580
 4.6674	 8.6203
 4.6632	 8.8092
 4.6590	 8.9187
 4.6548	 9.0272
 4.6506	 9.2499
 4.6465	 9.3574
 4.6423	 9.5120
 4.6382	 9.7516
 4.6340	 9.8858
 4.6299	 9.9598
 4.6258	10.0158
 4.6216	10.1353
 4.6175	10.2781
 4.6134	10.4115
 4.6093	10.5246
 4.6052	10.6819
 4.6011	10.7080
 4.5971	10.6459
 4.5930	10.6600
 4.5889	10.7893
 4.5849	10.8755
 4.5808	10.8852
 4.5768	10.8776
 4.5727	10.8514
 4.5687	10.8488
 4.5647	10.7707
 4.5607	10.7943
 4.5567	10.7593
 4.5526	10.6169
 4.5487	10.4629
 4.5447	10.2918
 4.5407	10.1295
 4.5367	 9.9743
 4.5328	 9.8501
 4.5288	 9.7431
 4.5248	 9.5313
 4.5209	 9.2713
 4.5170	 9.0853
 4.5130	 8.9310
 4.5091	 8.7783
 4.5052	 8.5647
 4.5013	 8.4493
 4.4974	 8.4042
 4.4935	 8.3268
 4.4896	 8.1413
 4.4857	 8.0087
 4.4818	 8.0117
 4.4779	 8.0509
 4.4741	 8.0550
 4.4702	 7.9543
 4.4664	 7.9009
 4.4625	 8.0304
 4.4587	 8.1267
 4.4549	 8.2665
 4.4510	 8.3476
 4.4472	 8.3976
 4.4434	 8.4756
 4.4396	 8.5552
 4.4358	 8.5598
 4.4320	 8.7101
 4.4282	 8.7480
 4.4245	 8.7042
 4.4207	 8.7719
 4.4169	 8.8902
 4.4132	 9.0114
 4.4094	 9.0190
 4.4057	 9.0764
 4.4019	 9.2294
 4.3982	 9.3637
 4.3945	 9.5295
 4.3907	 9.7161
 4.3870	 9.9302
 4.3833	10.0968
 4.3796	10.1154
 4.3759	10.1956
 4.3722	10.3667
 4.3685	10.4906
 4.3649	10.5892
 4.3612	10.7359
 4.3575	10.7933
 4.3539	10.9059
 4.3502	11.0973
 4.3466	11.2444
 4.3429	11.3929
 4.3393	11.4940
 4.3357	11.4564
 4.3320	11.4227
 4.3284	11.4324
 4.3248	11.4809
 4.3212	11.6002
 4.3176	11.6442
 4.3140	11.5375
 4.3105	11.3776
 4.3069	11.3078
 4.3033	11.3344
 4.2997	11.3584
 4.2962	11.2947
 4.2926	11.2338
 4.2890	11.1868
 4.2855	11.1728
 4.2820	11.2393
 4.2784	11.1724
 4.2749	11.1861
 4.2714	11.2401
 4.2679	11.4077
 4.2644	11.6060
 4.2609	11.7619
 4.2574	12.0044
 4.2539	11.9760
 4.2504	11.8509
 4.2469	11.7948
 4.2434	11.6824
 4.2400	11.7316
 4.2365	11.6814
 4.2330	11.5131
 4.2296	11.5526
 4.2261	11.7542
 4.2227	11.8684
 4.2193	11.8347
 4.2158	11.8589
 4.2124	11.9783
 4.2090	12.0105
 4.2056	12.0752
 4.2022	12.2668
 4.1988	12.3278
 4.1954	12.3311
 4.1920	12.3359
 4.1886	12.4223
 4.1852	12.4964
 4.1818	12.6145
 4.1785	12.6305
 4.1751	12.6934
 4.1717	12.7831
 4.1684	12.8794
 4.1650	12.9255
 4.1617	12.9319
 4.1584	13.0472
 4.1550	13.1044
 4.1517	13.1851
 4.1484	13.2294
 4.1451	13.2741
 4.1418	13.3972
 4.1384	13.5653
 4.1351	13.6097
 4.1319	13.6102
 4.1286	13.7474
 4.1253	13.8467
 4.1220	13.8836
 4.1187	13.9324
 4.1155	14.0126
 4.1122	14.1818
 4.1089	14.2801
 4.1057	14.2959
 4.1024	14.4519
 4.0992	14.5626
 4.0959	14.6328
 4.0927	14.7194
 4.0895	14.8438
 4.0863	14.9251
 4.0830	15.0469
 4.0798	15.0635
 4.0766	15.1086
 4.0734	15.2363
 4.0702	15.2838
 4.0670	15.3192
 4.0639	15.4097
 4.0607	15.4235
 4.0575	15.4533
 4.0543	15.4490
 4.0511	15.4265
 4.0480	15.5184
 4.0448	15.5803
 4.0417	15.6332
 4.0385	15.5405
 4.0354	15.4487
 4.0323	15.4357
 4.0291	15.3492
 4.0260	15.4384
 4.0229	15.5713
 4.0197	15.6280
 4.0166	15.5915
 4.0135	15.5334
 4.0104	15.4544
 4.0073	15.5468
 4.0042	15.6501
 4.0011	15.6996
 3.9981	15.5878
 3.9950	15.6071
 3.9919	15.7592
 3.9888	15.7811
 3.9857	15.8370
 3.9827	15.8242
 3.9796	15.7679
 3.9766	15.8935
 3.9735	16.1136
 3.9705	16.3507
 3.9675	16.4796
 3.9644	16.4482
 3.9614	16.4684
 3.9584	16.5814
 3.9554	16.7370
 3.9523	16.8264
 3.9493	16.8982
 3.9463	16.9719
 3.9433	17.0309
 3.9403	17.1197
 3.9373	17.2544
 3.9343	17.3323
 3.9314	17.3120
 3.9284	17.2752
 3.9254	17.3982
 3.9224	17.5270
 3.9195	17.4516
 3.9165	17.5324
 3.9136	17.5770
 3.9106	17.4632
 3.9077	17.4591
 3.9047	17.4770
 3.9018	17.3986
 3.8988	17.2859
 3.8959	17.2517
 3.8930	17.2324
 3.8901	17.2049
 3.8872	17.2123
 3.8842	17.2707
 3.8813	17.1392
 3.8784	16.9951
 3.8755	16.9237
 3.8726	16.7434
 3.8697	16.7474
 3.8669	16.8550
 3.8640	16.8753
 3.8611	16.8191
 3.8582	16.7922
 3.8554	16.8654
 3.8525	16.8959
 3.8496	16.8470
 3.8468	16.8485
 3.8439	16.8046
 3.8411	16.8814
 3.8382	17.1199
 3.8354	17.1244
 3.8326	16.9770
 3.8297	16.9051
 3.8269	17.1042
 3.8241	17.3290
 3.8213	17.2877
 3.8185	17.3232
 3.8157	17.3580
 3.8128	17.3270
 3.8100	17.2559
 3.8072	17.3405
 3.8045	17.4528
 3.8017	17.4841
 3.7989	17.4286
 3.7961	17.3446
 3.7933	17.3029
 3.7906	17.2563
 3.7878	17.2382
 3.7850	17.2427
 3.7822	17.1715
 3.7795	17.1605
 3.7767	17.1385
 3.7740	17.0999
 3.7713	17.1035
 3.7685	17.0968
 3.7658	17.0443
 3.7630	16.9975
 3.7603	16.9669
 3.7576	16.8919
 3.7549	16.6825
 3.7521	16.6982
 3.7494	16.7033
 3.7467	16.6903
 3.7440	16.7366
 3.7413	16.7597
 3.7386	16.6829
 3.7359	16.6553
 3.7332	16.8510
 3.7306	16.8269
 3.7279	16.7351
 3.7252	16.8097
 3.7225	16.9726
 3.7199	17.0484
 3.7172	17.1182
 3.7145	17.1557
 3.7119	17.1720
 3.7092	17.3235
 3.7066	17.4993
 3.7039	17.4453
 3.7013	17.4023
 3.6986	17.5445
 3.6960	17.7385
 3.6934	17.8595
 3.6907	18.0946
 3.6881	18.3321
 3.6855	18.4068
 3.6829	18.3896
 3.6803	18.5317
 3.6776	18.6770
 3.6750	18.7796
 3.6724	18.8527
 3.6698	18.8594
 3.6672	18.8894
 3.6646	19.0692
 3.6620	19.1846
 3.6595	19.2129
 3.6569	19.2642
 3.6543	19.3562
 3.6517	19.3871
 3.6492	19.4509
 3.6466	19.3337
 3.6440	19.2539
 3.6415	19.3021
 3.6389	19.3916
 3.6364	19.3470
 3.6338	19.2511
 3.6313	19.2267
 3.6287	19.2356
 3.6262	19.3332
 3.6237	19.4392
 3.6211	19.5069
 3.6186	19.4325
 3.6161	19.3310
 3.6136	19.2708
 3.6111	19.1597
 3.6085	19.1486
 3.6060	19.1774
 3.6035	19.2992
 3.6010	19.4197
 3.5985	19.3201
 3.5960	19.3315
 3.5935	19.3794
 3.5910	19.2342
 3.5886	19.2036
 3.5861	19.2600
 3.5836	19.2412
 3.5811	19.1247
 3.5787	19.1467
 3.5762	19.2525
 3.5737	19.1632
 3.5713	19.2446
 3.5688	19.3199
 3.5663	19.2973
 3.5639	19.3004
 3.5614	19.2305
 3.5590	19.1852
 3.5566	19.3726
 3.5541	19.6019
 3.5517	19.5706
 3.5493	19.3356
 3.5468	19.2760
 3.5444	19.3728
 3.5420	19.4518
 3.5396	19.2681
 3.5372	19.1660
 3.5347	19.4117
 3.5323	19.4777
 3.5299	19.3129
 3.5275	19.1692
 3.5251	19.2969
 3.5227	19.4134
 3.5203	19.1943
 3.5180	19.0944
 3.5156	19.1514
 3.5132	19.1648
 3.5108	19.1760
 3.5084	18.9751
 3.5061	18.7853
 3.5037	18.8424
 3.5013	18.8345
 3.4990	18.9061
 3.4966	18.9108
 3.4943	18.8163
 3.4919	18.8243
 3.4895	18.7880
 3.4872	18.7480
 3.4849	18.7681
 3.4825	18.7660
 3.4802	18.5432
 3.4778	18.6017
 3.4755	18.6826
 3.4732	18.6004
 3.4709	18.5554
 3.4685	18.4762
 3.4662	18.4247
 3.4639	18.4267
 3.4616	18.3742
 3.4593	18.1883
 3.4570	18.1027
 3.4547	18.2655
 3.4524	18.3369
 3.4501	18.1604
 3.4478	18.1479
 3.4455	18.0938
 3.4432	17.8069
 3.4409	17.6193
 3.4386	17.5118
 3.4364	17.4780
 3.4341	17.5679
 3.4318	17.3959
 3.4295	17.1993
 3.4273	17.2014
 3.4250	17.2669
 3.4228	17.2188
 3.4205	17.0456
 3.4182	16.8044
 3.4160	16.6755
 3.4137	16.6551
 3.4115	16.5799
 3.4093	16.6244
 3.4070	16.7873
 3.4048	16.9146
 3.4025	16.8739
 3.4003	16.6989
 3.3981	16.6107
 3.3958	16.6836
 3.3936	16.5463
 3.3914	16.5032
 3.3892	16.5900
 3.3870	16.3985
 3.3848	16.1827
 3.3826	16.2520
 3.3804	16.3596
 3.3782	16.3226
 3.3760	16.2490
 3.3738	16.1756
 3.3716	16.1246
 3.3694	16.0422
 3.3672	15.8430
 3.3650	15.8304
 3.3628	15.8993
 3.3606	15.8389
 3.3585	15.9885
 3.3563	16.1882
 3.3541	16.0361
 3.3520	15.8351
 3.3498	15.7183
 3.3476	15.7228
 3.3455	15.6207
 3.3433	15.6423
 3.3411	15.5531
 3.3390	15.3672
 3.3369	15.4288
 3.3347	15.4418
 3.3326	15.3177
 3.3304	15.4739
 3.3283	15.6429
 3.3262	15.4887
 3.3240	15.2521
 3.3219	15.1601
 3.3198	15.0726
 3.3176	14.9690
 3.3155	14.9554
 3.3134	14.8072
 3.3113	14.7640
 3.3092	14.7046
 3.3071	14.6418
 3.3049	14.6136
 3.3028	14.4159
 3.3007	14.3532
 3.2986	14.3953
 3.2965	14.4671
 3.2944	14.4453
 3.2924	14.4452
 3.2903	14.3015
 3.2882	14.2133
 3.2861	14.2094
 3.2840	14.2393
 3.2819	14.3394
 3.2799	14.2333
 3.2778	14.0354
 3.2757	13.9687
 3.2736	13.8775
 3.2716	13.9411
 3.2695	13.9911
 3.2675	13.9672
 3.2654	13.7906
 3.2634	13.7009
 3.2613	13.7939
 3.2593	13.7997
 3.2572	13.7847
 3.2552	13.5859
 3.2531	13.4459
 3.2511	13.1581
 3.2490	13.1626
 3.2470	13.4197
 3.2450	13.4068
 3.2429	13.3641
 3.2409	13.3729
 3.2389	13.2217
 3.2369	13.2249
 3.2348	13.1529
 3.2328	13.0593
 3.2308	13.0391
 3.2288	12.7885
 3.2268	12.6594
 3.2248	12.7213
 3.2228	12.8607
 3.2208	12.9921
 3.2188	13.0036
 3.2168	12.8313
 3.2148	12.9415
 3.2128	12.9005
 3.2108	12.7764
 3.2088	12.8449
 3.2068	12.7202
 3.2049	12.6286
 3.2029	12.3089
 3.2009	12.1306
 3.1989	12.3508
 3.1970	12.5143
 3.1950	12.3195
 3.1930	12.3825
 3.1911	12.4254
 3.1891	12.3767
 3.1871	12.1551
 3.1852	11.9651
 3.1832	12.1855
 3.1813	12.1401
 3.1793	11.8830
 3.1774	11.8835
 3.1754	12.0721
 3.1735	11.9350
 3.1715	11.9897
 3.1696	11.9974
 3.1677	11.8949
 3.1657	11.9575
 3.1638	11.7757
 3.1619	11.3826
 3.1599	11.2829
 3.1580	11.3490
 3.1561	11.4831
 3.1542	11.3979
 3.1523	11.4828
 3.1503	11.5016
 3.1484	11.3469
 3.1465	11.3547
 3.1446	11.3845
 3.1427	11.4519
 3.1408	11.7195
 3.1389	11.7511
 3.1370	11.3349
 3.1351	10.9138
 3.1332	10.8621
 3.1313	10.8639
 3.1294	10.6121
 3.1275	10.8013
 3.1257	11.0068
 3.1238	10.9817
 3.1219	10.8581
 3.1200	10.6849
 3.1181	10.6083
 3.1163	10.6700
 3.1144	10.8942
 3.1125	11.0095
 3.1107	11.1760
 3.1088	11.2110
 3.1069	10.9780
 3.1051	10.6346
 3.1032	10.5980
 3.1014	10.4663
 3.0995	10.4786
 3.0976	10.9027
 3.0958	10.9475
 3.0940	10.6942
 3.0921	10.2302
 3.0903	10.1496
 3.0884	10.4193
 3.0866	10.4382
 3.0848	10.4085
 3.0829	10.5706
 3.0811	10.6301
 3.0793	10.8317
 3.0774	10.7873
 3.0756	10.5126
 3.0738	10.4726
 3.0720	10.7560
 3.0701	10.7301
 3.0683	10.3456
 3.0665	10.0652
 3.0647	 9.9603
 3.0629	10.2567
 3.0611	10.3026
 3.0593	10.2798
 3.0575	10.2627
 3.0557	10.3509
 3.0539	10.3887
 3.0521	10.1888
 3.0503	10.1636
 3.0485	10.1379
 3.0467	10.0567
 3.0449	10.1150
 3.0431	10.4777
 3.0413	10.6786
 3.0396	10.4629
 3.0378	10.0322
 3.0360	 9.7804
 3.0342	 9.8539
 3.0324	10.1336
 3.0307	10.3267
 3.0289	10.2982
 3.0271	10.3627
 3.0254	10.0688
 3.0236	 9.7124
 3.0218	 9.9430
 3.0201	10.0770
 3.0183	 9.5991
 3.0166	 9.6623
 3.0148	10.0803
 3.0130	10.4283
 3.0113	10.2633
 3.0096	10.0174
 3.0078	 9.9820
 3.0061	10.0233
 3.0043	10.0166
 3.0026	 9.9438
 3.0008	10.0352
 2.9991	 9.8639
 2.9974	 9.8104
 2.9956	 9.9800
 2.9939	10.0435
 2.9922	10.3288
 2.9905	10.1354
 2.9887	10.2320
 2.9870	10.3636
 2.9853	10.1772
 2.9836	10.1037
 2.9819	 9.6237
 2.9802	 9.4519
 2.9784	 9.6274
 2.9767	 9.8668
 2.9750	10.0386
 2.9733	 9.4841
 2.9716	 9.3200
 2.9699	 9.5230
 2.9682	 9.7130
 2.9665	10.3313
 2.9648	10.0526
 2.9631	 9.8056
 2.9614	 9.6822
 2.9597	 9.8114
 2.9581	10.1878
 2.9564	 9.6190
 2.9547	 9.4436
 2.9530	 9.5089
 2.9513	 9.6169
 2.9496	 9.6999
 2.9480	 9.2034
 2.9463	 9.1492
 2.9446	 9.4409
 2.9429	 9.5808
 2.9413	 9.7435
 2.9396	 9.7767
 2.9379	 9.6071
 2.9363	 9.3766
 2.9346	 9.5405
 2.9330	 9.9385
 2.9313	 9.6599
 2.9296	 9.2900
 2.9280	 9.2965
 2.9263	 9.5848
 2.9247	 9.7848
 2.9230	 9.9709
 2.9214	10.0988
 2.9197	10.0928
 2.9181	 9.6332
 2.9165	 9.6956
 2.9148	10.0295
 2.9132	 9.6823
 2.9116	10.0270
 2.9099	10.0281
 2.9083	 9.3351
 2.9067	 9.3270
 2.9050	 9.8070
 2.9034	 9.7405
 2.9018	 9.6119
 2.9002	 9.7264
 2.8985	 9.8291
 2.8969	 9.8895
 2.8953	 9.6230
 2.8937	 9.8125
 2.8921	 9.9127
 2.8905	 9.6261
 2.8888	 9.3599
 2.8872	 9.4458
 2.8856	 9.7627
 2.8840	 9.8385
 2.8824	 9.6715
 2.8808	 9.6371
 2.8792	 9.7622
 2.8776	10.0299
 2.8760	10.1222
 2.8744	10.1440
 2.8728	 9.9892
 2.8712	 9.9293
 2.8697	10.0518
 2.8681	10.8804
 2.8665	10.9948
 2.8649	10.4163
 2.8633	10.1738
 2.8617	10.2807
 2.8602	10.3921
 2.8586	10.2250
 2.8570	10.1294
 2.8554	10.2103
 2.8539	10.2860
 2.8523	10.5685
 2.8507	10.5141
 2.8492	10.3324
 2.8476	10.5510
 2.8460	10.8029
 2.8445	10.5328
 2.8429	10.3921
 2.8413	10.6668
 2.8398	10.8298
 2.8382	10.7097
 2.8367	10.6619
 2.8351	10.5480
 2.8336	10.5223
 2.8320	10.7807
 2.8305	11.0961
 2.8289	11.1469
 2.8274	11.2751
 2.8259	11.2319
 2.8243	11.0418
 2.8228	10.7804
 2.8213	10.6552
 2.8197	10.8360
 2.8182	11.3360
 2.8167	11.3383
 2.8151	11.2756
 2.8136	11.3165
 2.8121	11.4255
 2.8106	11.6847
 2.8090	11.2668
 2.8075	10.6979
 2.8060	11.1842
 2.8045	11.5616
 2.8030	11.4303
 2.8014	11.3789
 2.7999	11.7018
 2.7984	11.7917
 2.7969	11.9076
 2.7954	11.8307
 2.7939	11.6591
 2.7924	11.8874
 2.7909	11.4684
 2.7894	11.2519
 2.7879	11.5933
 2.7864	11.1076
 2.7849	10.6284
 2.7834	11.5227
 2.7819	11.7546
 2.7804	11.0401
 2.7789	10.4346
 2.7774	10.3327
 2.7759	11.0274
 2.7745	10.9959
 2.7730	10.5189
 2.7715	10.1438
 2.7700	 9.5729
 2.7685	 9.7546
 2.7671	10.1913
 2.7656	 9.9642
 2.7641	 9.2960
 2.7626	 8.8721
 2.7612	 8.5892
 2.7597	 8.6253
 2.7582	 9.1053
 2.7568	 9.5969
 2.7553	 9.7194
 2.7538	 9.5064
 2.7524	 9.5887
 2.7509	 9.8739
 2.7494	10.2574
 2.7480	10.1893
 2.7465	10.2134
 2.7451	10.3992
 2.7436	10.4565
 2.7422	10.3450
 2.7407	10.1007
 2.7393	 9.9691
 2.7378	10.1592
 2.7364	 9.9665
 2.7350	10.0826
 2.7335	10.2324
 2.7321	10.5735
 2.7306	11.0321
 2.7292	11.0621
 2.7278	11.1740
 2.7263	11.1105
 2.7249	11.3066
 2.7235	11.4690
 2.7220	12.0478
 2.7206	12.3927
 2.7192	12.1717
 2.7178	12.2501
 2.7163	12.2879
 2.7149	12.4380
 2.7135	12.3803
 2.7121	12.7729
 2.7106	13.1456
 2.7092	12.6777
 2.7078	12.1231
 2.7064	11.9084
 2.7050	11.9129
 2.7036	11.7858
 2.7022	11.8096
 2.7008	12.3886
 2.6994	12.7823
 2.6980	12.7568
 2.6965	12.8228
 2.6951	12.8409
 2.6938	13.0434
 2.6923	13.5616
 2.6910	14.3722
 2.6896	15.3117
 2.6882	15.5846
 2.6868	15.7002
 2.6854	16.4535
 2.6840	17.0249
 2.6826	17.3717
 2.6812	17.7192
 2.6798	18.3031
 2.6784	18.7033
 2.6771	18.7844
 2.6757	19.1699
 2.6743	19.7720
 2.6729	19.7853
 2.6715	20.2155
 2.6702	20.4960
 2.6688	20.6015
 2.6674	20.8805
 2.6660	21.0517
 2.6647	21.5005
 2.6633	21.3740
 2.6619	21.2524
 2.6606	21.7521
 2.6592	22.0369
 2.6578	22.1916
 2.6565	22.5308
 2.6551	22.4933
 2.6538	22.1919
 2.6524	22.2743
 2.6511	22.6904
 2.6497	22.6757
 2.6484	22.7303
 2.6470	23.2893
 2.6456	23.5178
 2.6443	23.2015
 2.6429	23.2630
 2.6416	23.5586
 2.6403	23.8025
 2.6389	23.7109
 2.6376	23.7570
 2.6362	23.8627
 2.6349	23.8996
 2.6336	24.0212
 2.6322	24.3725
 2.6309	24.8561
 2.6296	24.7589
 2.6282	24.9561
 2.6269	25.0995
 2.6256	24.5994
 2.6242	24.4156
 2.6229	24.5726
 2.6216	24.9949
 2.6203	25.1558
 2.6189	24.9957
 2.6176	25.1714
 2.6163	25.3412
 2.6150	25.1638
 2.6136	25.0786
 2.6123	25.0380
 2.6110	25.0343
 2.6097	25.1308
 2.6084	25.2948
 2.6071	25.5004
 2.6058	25.5507
 2.6044	25.2817
 2.6031	25.0144
 2.6018	25.0196
 2.6005	25.0371
 2.5992	25.1824
 2.5979	25.4187
 2.5966	25.6189
 2.5953	25.6531
 2.5940	25.3677
 2.5927	24.8082
 2.5914	24.6822
 2.5901	24.9763
 2.5888	24.9239
 2.5876	24.9995
 2.5863	25.4287
 2.5850	25.3072
 2.5837	25.1626
 2.5824	25.5201
 2.5811	25.6336
 2.5798	25.7318
 2.5785	25.9200
 2.5773	25.8912
 2.5760	25.9560
 2.5747	25.8868
 2.5734	25.9081
 2.5722	25.9335
 2.5709	26.0172
 2.5696	26.1051
 2.5683	26.2341
 2.5671	26.2241
 2.5658	26.6110
 2.5645	27.2345
 2.5633	27.4121
 2.5620	27.2322
 2.5607	27.1900
 2.5595	27.2474
 2.5582	27.3036
 2.5569	27.1925
 2.5557	27.2458
 2.5544	27.9011
 2.5532	27.8433
 2.5519	27.4229
 2.5507	27.8741
 2.5494	27.8645
 2.5481	27.6712
 2.5469	27.7069
 2.5456	27.9367
 2.5444	27.9498
 2.5431	27.6078
 2.5419	27.3776
 2.5406	27.4926
 2.5394	27.8462
 2.5382	27.6997
 2.5369	27.7171
 2.5357	27.9554
 2.5344	27.9407
 2.5332	27.8321
 2.5320	27.7672
 2.5307	27.7348
 2.5295	28.0400
 2.5283	27.9512
 2.5270	27.9646
 2.5258	28.1504
 2.5246	28.0592
 2.5233	28.1932
 2.5221	28.2033
 2.5209	28.3540
 2.5197	28.2253
 2.5184	28.0553
 2.5172	28.2181
 2.5160	28.3465
 2.5148	28.8084
 2.5136	28.8409
 2.5123	28.4787
 2.5111	28.3242
 2.5099	28.5454
 2.5087	28.5485
 2.5075	28.6744
 2.5063	29.1464
 2.5051	29.0900
 2.5038	28.9117
 2.5026	29.0032
 2.5014	28.9267
 2.5002	28.6863
 2.4990	28.6302
 2.4978	28.7913
 2.4966	28.7799
 2.4954	29.0310
 2.4942	29.2885
 2.4930	29.0178
 2.4918	28.8686
 2.4906	29.1836
 2.4894	29.2537
 2.4882	29.2875
 2.4870	29.5897
 2.4858	29.6627
 2.4846	29.3746
 2.4835	29.1550
 2.4823	29.3490
 2.4811	30.0428
 2.4799	30.4860
 2.4787	30.4692
 2.4775	30.3669
 2.4764	30.0059
 2.4752	29.9417
 2.4740	30.3724
 2.4728	30.5457
 2.4716	30.5145
 2.4705	30.7130
 2.4693	30.8366
 2.4681	30.8679
 2.4669	30.8161
 2.4657	30.8104
 2.4646	30.6938
 2.4634	30.3967
 2.4622	30.5337
 2.4611	30.7877
 2.4599	30.5269
 2.4587	30.6715
 2.4576	30.6377
 2.4564	30.9279
 2.4552	31.0642
 2.4541	31.0073
 2.4529	31.1182
 2.4518	31.0194
 2.4506	30.8013
 2.4494	30.8064
 2.4483	30.4175
 2.4471	30.4288
 2.4460	30.8889
 2.4448	31.2195
 2.4437	31.6463
 2.4425	31.6444
 2.4414	31.1862
 2.4402	31.5665
 2.4391	32.0794
 2.4379	32.0392
 2.4368	31.9949
 2.4356	31.8289
 2.4345	31.2357
 2.4333	31.2655
 2.4322	31.1341
 2.4311	31.2876
 2.4299	31.9478
 2.4288	32.1876
 2.4276	32.4574
 2.4265	32.8349
 2.4254	32.7257
 2.4242	32.9080
 2.4231	33.3221
 2.4220	33.4333
 2.4209	33.1083
 2.4197	33.1968
 2.4186	33.8697
 2.4175	34.1029
 2.4163	33.5040
 2.4152	33.3902
 2.4141	33.7570
 2.4130	33.8523
 2.4118	33.7085
 2.4107	33.5183
 2.4096	33.9536
 2.4085	34.0177
 2.4074	33.8014
 2.4063	33.5428
 2.4051	33.5739
 2.4040	33.4641
 2.4029	33.4759
 2.4018	33.4749
 2.4007	33.2511
 2.3996	32.9630
 2.3985	33.0875
 2.3973	33.1661
 2.3962	33.0878
 2.3951	33.3762
 2.3940	33.0652
 2.3929	32.4114
 2.3918	32.0683
 2.3907	32.5377
 2.3896	32.9572
 2.3885	32.6768
 2.3874	32.5987
 2.3863	32.6014
 2.3852	32.5842
 2.3841	32.5309
 2.3830	31.9239
 2.3819	31.7308
 2.3808	31.9323
 2.3798	32.3964
 2.3786	32.9599
 2.3776	33.3742
 2.3765	33.3651
 2.3754	33.0236
 2.3743	33.2078
 2.3732	33.4406
 2.3721	33.4476
 2.3710	33.7875
 2.3700	34.3983
 2.3689	34.6417
 2.3678	34.5686
 2.3667	34.6109
 2.3656	34.0573
 2.3645	33.9365
 2.3635	33.9236
 2.3624	34.1473
 2.3613	34.2095
 2.3603	34.2530
 2.3592	34.2785
 2.3581	34.0725
 2.3570	34.0554
 2.3560	34.1324
 2.3549	34.2029
 2.3538	34.4012
 2.3527	34.0878
 2.3517	33.8373
 2.3506	33.8525
 2.3495	34.5072
 2.3485	35.0761
 2.3474	35.2579
 2.3464	34.9780
 2.3453	35.3133
 2.3442	35.6905
 2.3432	35.3723
 2.3421	34.8624
 2.3411	34.7243
 2.3400	34.7855
 2.3390	34.9054
 2.3379	34.8405
 2.3369	35.4444
 2.3358	35.5182
 2.3347	35.1913
 2.3337	35.3398
 2.3326	35.9977
 2.3316	36.1846
 2.3306	35.5152
 2.3295	35.3705
 2.3285	35.5107
 2.3274	35.3207
 2.3264	35.5827
 2.3253	35.9823
 2.3243	35.8023
 2.3232	35.4779
 2.3222	35.4332
 2.3212	35.4322
 2.3201	34.9722
 2.3191	35.1017
 2.3180	35.7481
 2.3170	36.2624
 2.3160	36.0446
 2.3149	35.7422
 2.3139	35.7885
 2.3129	35.8131
 2.3118	35.8678
 2.3108	35.5824
 2.3098	35.9409
 2.3088	36.5529
 2.3077	36.6387
 2.3067	36.2937
 2.3057	36.7082
 2.3047	36.9604
 2.3036	36.1405
 2.3026	35.6710
 2.3016	35.8227
 2.3006	35.7044
 2.2995	35.4928
 2.2985	36.0973
 2.2975	36.8128
 2.2965	36.8733
 2.2955	37.2706
 2.2944	37.4133
 2.2934	37.4562
 2.2924	37.8847
 2.2914	38.0511
 2.2904	37.3510
 2.2894	37.0812
 2.2884	37.5726
 2.2874	38.0527
 2.2864	38.0242
 2.2854	38.3363
 2.2843	38.5343
 2.2833	38.3573
 2.2823	37.9946
 2.2813	38.1078
 2.2803	38.4099
 2.2793	38.6504
 2.2783	39.0227
 2.2773	38.9030
 2.2763	39.1858
 2.2753	39.3675
 2.2743	38.9851
 2.2733	39.0003
 2.2723	39.1830
 2.2713	39.3706
 2.2703	38.9473
 2.2694	38.7002
 2.2684	39.1453
 2.2674	39.3515
 2.2664	39.4423
 2.2654	39.2797
 2.2644	38.6911
 2.2634	38.5467
 2.2624	39.1632
 2.2614	39.3390
 2.2605	39.2598
 2.2595	39.0797
 2.2585	38.5191
 2.2575	38.9184
 2.2565	39.5036
 2.2555	39.3725
 2.2546	38.7946
 2.2536	39.2462
 2.2526	40.1417
 2.2516	39.6377
 2.2506	39.2269
 2.2497	39.8577
 2.2487	39.7258
 2.2477	39.3452
 2.2467	39.7236
 2.2458	39.7910
 2.2448	39.9276
 2.2438	40.2702
 2.2428	39.9672
 2.2419	39.9407
 2.2409	40.3528
 2.2399	40.5094
 2.2390	40.2282
 2.2380	39.5397
 2.2370	39.9236
 2.2361	40.9541
 2.2351	41.0716
 2.2342	40.6711
 2.2332	40.0216
 2.2322	39.6454
 2.2313	39.9402
 2.2303	39.9605
 2.2294	39.9456
 2.2284	40.0231
 2.2274	39.5764
 2.2265	39.2963
 2.2255	39.3276
 2.2246	39.1344
 2.2236	38.7826
 2.2227	38.5252
 2.2217	38.2625
 2.2208	37.6470
 2.2198	37.0740
 2.2189	37.1235
 2.2179	36.6490
 2.2170	36.3517
 2.2160	35.8640
 2.2151	35.2570
 2.2141	34.4623
 2.2132	33.5100
 2.2122	32.7325
 2.2113	32.0292
 2.2103	30.5428
 2.2094	29.2467
 2.2085	29.0160
 2.2075	29.1923
 2.2066	29.7316
 2.2056	30.7246
 2.2047	31.6436
 2.2038	32.6356
 2.2028	33.5877
 2.2019	33.4213
 2.2010	33.6618
 2.2000	34.0567
 2.1991	34.3790
 2.1982	35.0840
 2.1972	35.2374
 2.1963	35.0524
 2.1954	35.5195
 2.1944	35.4858
 2.1935	35.0869
 2.1926	35.0410
 2.1917	35.1691
 2.1907	35.4960
 2.1898	35.4358
 2.1889	35.2806
 2.1880	35.0814
 2.1870	34.9652
 2.1861	34.5243
 2.1852	34.1719
 2.1843	34.3137
 2.1833	34.2834
 2.1824	33.6371
 2.1815	33.6219
 2.1806	33.8734
 2.1797	33.8972
 2.1788	33.7681
 2.1778	33.7069
 2.1769	34.0284
 2.1760	34.4143
 2.1751	34.3546
 2.1742	34.2957
 2.1733	33.9137
 2.1724	33.8763
 2.1715	34.3967
 2.1706	35.0104
 2.1696	35.1711
 2.1687	35.2287
 2.1678	35.6727
 2.1669	35.9183
 2.1660	35.6952
 2.1651	35.6656
 2.1642	35.6466
 2.1633	35.8332
 2.1624	35.2327
 2.1615	34.8957
 2.1606	35.6155
 2.1597	36.8146
 2.1588	37.6243
 2.1579	37.9399
 2.1570	38.1246
 2.1561	37.1316
 2.1552	37.3984
 2.1543	38.4034
 2.1534	37.9353
 2.1525	37.8447
 2.1517	38.6721
 2.1507	39.1232
 2.1499	39.0706
 2.1490	38.9635
 2.1481	39.1322
 2.1472	39.6109
 2.1463	40.0400
 2.1454	39.6798
 2.1445	39.4557
 2.1436	39.9231
 2.1428	40.0005
 2.1419	40.0871
 2.1410	40.3302
 2.1401	40.1493
 2.1392	40.5865
 2.1383	40.7473
 2.1375	40.9483
 2.1366	41.4342
 2.1357	41.7227
 2.1348	41.9109
 2.1339	42.0538
 2.1331	41.9928
 2.1322	41.8749
 2.1313	41.6398
 2.1304	41.7497
 2.1296	42.1881
 2.1287	42.3465
 2.1278	41.9475
 2.1269	42.3401
 2.1261	42.7410
 2.1252	42.4099
 2.1243	42.0810
 2.1235	42.0489
 2.1226	42.7855
 2.1217	43.0251
 2.1208	42.9521
 2.1200	43.0560
 2.1191	43.2175
 2.1183	42.7279
 2.1174	42.6560
 2.1165	42.4916
 2.1157	42.3553
 2.1148	42.0719
 2.1139	42.1364
 2.1131	42.4680
 2.1122	42.6702
 2.1113	42.4259
 2.1105	42.1052
 2.1096	42.0932
 2.1088	42.0276
 2.1079	41.8580
 2.1071	42.1197
 2.1062	42.8954
 2.1054	42.9483
 2.1045	42.2712
 2.1036	42.0680
 2.1028	42.5921
 2.1019	43.4495
 2.1011	43.7750
 2.1002	43.5785
 2.0994	43.3487
 2.0985	43.1353
 2.0977	42.3965
 2.0968	41.5380
 2.0960	41.9541
 2.0951	42.9416
 2.0943	42.9015
 2.0934	43.7028
 2.0926	43.5910
 2.0918	43.1009
 2.0909	44.6308
 2.0901	45.4651
 2.0892	44.0636
 2.0884	42.9083
 2.0875	41.7674
 2.0867	41.7854
 2.0859	42.6030
 2.0850	43.2212
 2.0842	43.1822
 2.0833	42.1471
 2.0825	42.6802
 2.0817	43.4713
 2.0808	43.2896
 2.0800	42.9273
 2.0792	42.8821
 2.0783	42.4916
 2.0775	41.9612
 2.0767	41.8514
 2.0759	43.5527
 2.0750	45.0936
 2.0742	45.0192
 2.0734	44.2008
 2.0725	44.3415
 2.0717	43.7377
 2.0709	42.2764
 2.0701	42.2272
 2.0692	42.4012
 2.0684	41.9599
 2.0676	42.9501
 2.0667	43.8657
 2.0659	43.3857
 2.0651	43.5264
 2.0643	43.3757
 2.0635	43.0124
 2.0626	42.5566
 2.0618	42.5561
 2.0610	43.0733
 2.0602	42.9665
 2.0594	42.9747
 2.0585	43.2515
 2.0577	44.1619
 2.0569	43.7682
 2.0561	42.9308
 2.0553	45.4395
 2.0545	46.5987
 2.0537	44.1069
 2.0528	41.9020
 2.0520	42.4757
 2.0512	44.3072
 2.0504	44.3005
 2.0496	43.7560
 2.0488	43.3088
 2.0480	43.3485
 2.0472	43.8290
 2.0464	44.1227
 2.0456	43.0736
 2.0447	43.7831
 2.0439	44.0246
 2.0431	43.9953
 2.0423	45.0741
 2.0415	44.7222
 2.0407	43.7375
 2.0399	42.9416
 2.0391	42.8213
 2.0383	44.0325
 2.0375	43.8582
 2.0367	42.8061
 2.0359	42.1029
 2.0351	43.0905
 2.0343	43.9704
 2.0335	44.3309
 2.0327	44.4409
 2.0319	44.3021
 2.0311	45.0492
 2.0303	45.2175
 2.0295	44.9040
 2.0287	42.7952
 2.0280	41.7619
 2.0272	42.5255
 2.0264	42.8081
 2.0256	43.4202
 2.0248	43.6752
 2.0240	42.8087
 2.0232	43.7486
 2.0224	44.4280
 2.0216	43.7271
 2.0208	42.6397
 2.0200	43.2777
 2.0193	43.2594
 2.0185	43.3557
 2.0177	43.3907
 2.0169	44.0253
 2.0161	44.7725
 2.0153	43.3399
 2.0146	42.1470
 2.0138	42.7869
 2.0130	43.5008
 2.0122	43.2680
 2.0114	42.7808
 2.0107	42.6727
 2.0099	42.2977
 2.0091	43.5235
 2.0083	43.2600
 2.0075	42.0312
 2.0068	41.1881
 2.0060	42.3367
 2.0052	43.3054
 2.0044	44.2016
 2.0037	43.8479
 2.0029	42.5979
 2.0021	42.3182
 2.0013	42.3703
 2.0006	43.0601
 1.9998	43.5678
