Name: Mica Peridotite
Type: Rock
Class: Igneous
Subclass: Ultramafic
Particle Size: Solid
Sample No.: Ward45
Owner: JPL
Wavelength Range: All
Origin: Ward's Collection of American Rocks.  Sample locality - Ithaca, Tompkins County, New York.
Collection Date: N/A
Description: A greenish black rock with porphyritic texture.  Thephenocrysts are chiefly serpentine pseudomorphs after pyroxene andolivine.  Scales and flakes of brown mica are abundant.Geologic age - Late Paleozoic.Collected by:  Ward's Natural Science Original ASTER Spectral Library name was jpl.nicolet.rock.igneous.ultramafic.solid.ward45.spectrum.txt
Measurement: Hemispherical reflectance
First Column: X
Second Column: Y
X Units: Wavelength (micrometers)
Y Units:Reflectance (percent)
First X Value: 15.3871
Last X Value:  1.9998
Number of X Values: 2257
Additional Information: none

15.3871	 4.1139
15.3416	 4.9066
15.2964	 4.6677
15.2514	 4.0441
15.2066	 3.7247
15.1622	 3.8111
15.1180	 3.5843
15.0740	 3.2850
15.0303	 3.3111
14.9869	 3.4776
14.9437	 3.4408
14.9008	 3.5827
14.8581	 3.3302
14.8156	 3.2870
14.7734	 2.8592
14.7314	 2.6454
14.6897	 2.8971
14.6482	 2.7513
14.6069	 2.6845
14.5659	 2.6437
14.5251	 2.2077
14.4845	 2.0263
14.4442	 2.3605
14.4041	 2.3547
14.3642	 2.2825
14.3245	 2.0349
14.2850	 2.4630
14.2458	 2.4562
14.2068	 2.1204
14.1679	 2.0092
14.1293	 2.3818
14.0909	 2.3804
14.0528	 2.4039
14.0148	 2.5617
13.9770	 1.9254
13.9394	 1.8216
13.9021	 2.5111
13.8649	 2.1808
13.8279	 1.3619
13.7911	 1.6550
13.7546	 2.1195
13.7182	 2.3550
13.6820	 2.5968
13.6460	 2.4975
13.6101	 2.4276
13.5745	 2.4066
13.5391	 2.3191
13.5038	 2.2938
13.4687	 1.9939
13.4339	 2.0060
13.3991	 2.3645
13.3646	 2.4437
13.3302	 2.4359
13.2961	 2.4574
13.2621	 2.4907
13.2282	 2.3760
13.1946	 2.0067
13.1611	 2.3431
13.1278	 2.7589
13.0946	 2.9520
13.0616	 3.0644
13.0288	 3.0820
12.9962	 2.7482
12.9637	 2.6823
12.9313	 2.7408
12.8992	 2.7219
12.8672	 2.4603
12.8353	 2.5428
12.8036	 2.5165
12.7721	 2.2663
12.7407	 2.3757
12.7095	 2.8135
12.6784	 2.9572
12.6475	 3.0610
12.6167	 3.0256
12.5861	 2.7956
12.5556	 3.1080
12.5253	 3.2055
12.4951	 2.8975
12.4651	 2.5112
12.4352	 2.3803
12.4054	 2.9153
12.3758	 3.3202
12.3463	 3.0760
12.3170	 3.0133
12.2878	 3.2736
12.2588	 3.4803
12.2299	 3.2691
12.2011	 3.2118
12.1725	 3.3983
12.1439	 3.4798
12.1156	 3.4702
12.0873	 3.6490
12.0592	 3.7112
12.0312	 3.2990
12.0034	 3.0908
11.9757	 3.3830
11.9481	 3.4583
11.9206	 3.5069
11.8933	 3.8188
11.8661	 3.8197
11.8390	 3.6202
11.8120	 3.5478
11.7852	 3.8097
11.7584	 3.8861
11.7318	 3.9125
11.7053	 3.9114
11.6790	 4.0030
11.6527	 4.0632
11.6266	 4.2395
11.6006	 4.3569
11.5747	 4.3037
11.5489	 4.3617
11.5233	 4.4253
11.4977	 4.5634
11.4723	 4.7996
11.4469	 5.2174
11.4217	 5.6382
11.3966	 6.1168
11.3716	 6.4163
11.3468	 6.3480
11.3220	 6.3189
11.2973	 6.1542
11.2728	 5.9128
11.2483	 5.6390
11.2240	 5.2529
11.1997	 5.1105
11.1756	 5.1503
11.1515	 5.0063
11.1276	 4.7475
11.1038	 4.7659
11.0801	 5.0373
11.0564	 5.3033
11.0329	 5.4680
11.0095	 5.2564
10.9862	 5.2376
10.9629	 5.6134
10.9398	 5.7183
10.9168	 5.8315
10.8938	 6.1793
10.8710	 6.0905
10.8483	 6.0079
10.8256	 6.2924
10.8031	 6.6430
10.7806	 7.0090
10.7582	 7.3560
10.7360	 7.3739
10.7138	 7.2663
10.6917	 7.2870
10.6697	 7.4667
10.6478	 7.5078
10.6260	 7.7717
10.6042	 8.1126
10.5826	 8.0733
10.5610	 7.9382
10.5396	 7.9124
10.5182	 7.9999
10.4969	 8.2492
10.4757	 8.3089
10.4546	 8.5844
10.4335	 8.6850
10.4126	 8.2200
10.3917	 8.2045
10.3709	 8.3959
10.3502	 8.1204
10.3296	 8.0811
10.3091	 8.3125
10.2886	 8.3995
10.2683	 8.2520
10.2480	 8.1395
10.2277	 7.7034
10.2076	 7.6025
10.1876	 7.8727
10.1676	 7.9885
10.1477	 8.0983
10.1279	 8.2529
10.1081	 8.0434
10.0885	 7.8759
10.0689	 8.4060
10.0494	 8.7655
10.0299	 8.6244
10.0106	 8.4079
 9.9913	 8.5347
 9.9720	 8.7243
 9.9529	 8.7478
 9.9338	 9.0850
 9.9148	 9.2085
 9.8959	 8.7381
 9.8771	 8.3623
 9.8583	 8.3907
 9.8396	 8.4930
 9.8210	 8.3849
 9.8024	 8.1855
 9.7839	 8.0987
 9.7655	 7.9244
 9.7471	 7.7417
 9.7288	 7.7174
 9.7106	 7.9600
 9.6925	 8.2354
 9.6744	 8.4555
 9.6564	 8.5602
 9.6384	 8.5477
 9.6205	 8.2804
 9.6027	 7.9722
 9.5850	 7.9199
 9.5673	 7.8192
 9.5497	 7.4850
 9.5321	 7.2455
 9.5146	 7.1780
 9.4972	 7.3542
 9.4798	 7.2886
 9.4625	 7.1439
 9.4453	 7.2672
 9.4281	 7.1583
 9.4110	 6.7694
 9.3940	 6.3545
 9.3770	 6.1086
 9.3600	 5.9566
 9.3432	 6.0515
 9.3264	 6.0515
 9.3096	 5.9498
 9.2930	 5.9255
 9.2763	 6.0618
 9.2598	 5.9925
 9.2432	 5.7219
 9.2268	 5.6954
 9.2104	 5.4958
 9.1941	 5.1684
 9.1778	 4.8621
 9.1616	 5.0501
 9.1454	 5.3745
 9.1293	 5.1566
 9.1133	 4.6219
 9.0973	 4.8371
 9.0814	 5.3471
 9.0655	 5.2366
 9.0497	 4.9566
 9.0339	 4.8656
 9.0182	 4.8129
 9.0025	 5.0367
 8.9870	 5.3733
 8.9714	 5.1529
 8.9559	 4.8836
 8.9405	 4.9903
 8.9251	 5.2063
 8.9097	 5.0553
 8.8945	 4.5868
 8.8792	 4.7618
 8.8641	 5.0275
 8.8489	 4.6498
 8.8338	 4.3247
 8.8188	 4.6507
 8.8039	 4.7640
 8.7889	 4.2420
 8.7741	 4.2032
 8.7592	 4.4179
 8.7445	 4.3222
 8.7297	 4.4693
 8.7151	 4.4652
 8.7005	 4.0859
 8.6859	 3.9160
 8.6714	 3.7959
 8.6569	 3.7823
 8.6425	 3.8144
 8.6281	 3.5734
 8.6137	 3.7371
 8.5994	 4.0450
 8.5852	 4.3465
 8.5710	 4.5384
 8.5569	 3.9341
 8.5428	 3.5335
 8.5287	 3.6600
 8.5147	 3.7476
 8.5008	 3.9939
 8.4869	 4.1660
 8.4730	 4.0610
 8.4592	 4.0367
 8.4454	 3.9324
 8.4316	 3.9158
 8.4180	 3.8683
 8.4043	 4.0195
 8.3907	 4.2638
 8.3772	 4.4865
 8.3637	 4.3182
 8.3502	 4.1799
 8.3368	 4.1947
 8.3234	 4.0931
 8.3100	 4.0105
 8.2967	 4.1645
 8.2835	 4.6303
 8.2703	 5.0098
 8.2571	 4.8920
 8.2440	 4.3506
 8.2309	 4.1199
 8.2179	 4.5190
 8.2049	 4.4111
 8.1919	 4.3310
 8.1790	 4.5323
 8.1661	 4.6450
 8.1532	 4.6499
 8.1404	 4.6294
 8.1277	 4.7294
 8.1150	 4.8104
 8.1023	 4.5511
 8.0897	 4.3963
 8.0770	 4.6631
 8.0645	 4.9817
 8.0520	 5.0631
 8.0395	 4.8597
 8.0270	 4.8979
 8.0146	 4.9889
 8.0023	 4.6022
 7.9899	 4.5345
 7.9776	 4.6525
 7.9654	 4.6631
 7.9532	 4.6068
 7.9410	 4.5296
 7.9288	 4.6374
 7.9167	 4.7838
 7.9047	 4.5795
 7.8926	 4.5032
 7.8807	 4.7663
 7.8687	 4.8643
 7.8568	 4.6436
 7.8449	 4.7516
 7.8330	 4.8486
 7.8212	 4.7849
 7.8094	 4.7588
 7.7977	 4.9119
 7.7860	 4.9036
 7.7743	 4.8995
 7.7627	 4.8423
 7.7511	 4.8215
 7.7395	 4.8409
 7.7280	 4.8644
 7.7165	 4.7882
 7.7050	 4.6846
 7.6936	 4.5802
 7.6822	 4.5996
 7.6708	 4.4652
 7.6595	 4.4641
 7.6482	 4.6402
 7.6369	 4.7464
 7.6257	 4.7461
 7.6145	 4.6026
 7.6033	 4.4671
 7.5922	 4.4653
 7.5811	 4.3934
 7.5700	 4.3826
 7.5590	 4.4474
 7.5480	 4.6194
 7.5370	 4.5339
 7.5261	 4.3045
 7.5152	 4.4282
 7.5043	 4.6028
 7.4935	 4.6134
 7.4826	 4.7192
 7.4718	 4.8485
 7.4611	 4.8632
 7.4504	 4.6994
 7.4397	 4.5224
 7.4290	 4.6994
 7.4184	 4.8706
 7.4078	 4.8036
 7.3972	 4.6457
 7.3867	 4.7816
 7.3762	 4.8610
 7.3657	 4.8225
 7.3553	 4.7140
 7.3449	 4.8462
 7.3345	 4.8321
 7.3241	 4.6576
 7.3138	 4.8501
 7.3035	 4.8719
 7.2932	 4.6300
 7.2830	 4.5312
 7.2727	 4.6299
 7.2626	 4.7619
 7.2524	 4.9376
 7.2423	 5.0080
 7.2322	 5.0663
 7.2221	 5.1382
 7.2120	 5.0833
 7.2020	 5.1843
 7.1921	 5.5695
 7.1821	 5.7700
 7.1722	 5.9273
 7.1623	 5.9666
 7.1524	 5.8385
 7.1425	 5.8244
 7.1327	 5.9726
 7.1229	 6.5080
 7.1131	 6.9900
 7.1034	 7.0621
 7.0937	 7.1006
 7.0840	 7.3218
 7.0743	 7.4147
 7.0647	 7.4426
 7.0551	 7.4124
 7.0455	 7.4307
 7.0359	 7.4108
 7.0264	 7.5128
 7.0169	 7.4005
 7.0074	 7.1336
 6.9979	 7.1789
 6.9885	 7.3407
 6.9791	 7.3587
 6.9697	 7.3045
 6.9604	 7.3057
 6.9510	 7.2119
 6.9417	 7.3331
 6.9324	 7.4018
 6.9232	 7.4691
 6.9140	 7.5228
 6.9047	 7.6118
 6.8956	 7.5546
 6.8864	 7.5249
 6.8773	 7.4348
 6.8682	 7.5378
 6.8591	 7.6836
 6.8500	 7.6357
 6.8410	 7.4704
 6.8320	 7.5324
 6.8230	 7.7433
 6.8140	 7.9554
 6.8051	 8.1653
 6.7962	 8.0610
 6.7873	 7.9766
 6.7784	 8.0136
 6.7695	 8.0862
 6.7607	 8.1618
 6.7519	 8.0756
 6.7431	 8.2933
 6.7344	 8.6831
 6.7256	 8.8492
 6.7169	 9.0121
 6.7082	 8.9493
 6.6996	 8.9338
 6.6909	 9.1633
 6.6823	 9.4585
 6.6737	 9.4344
 6.6651	 9.5039
 6.6566	 9.6892
 6.6480	 9.8774
 6.6395	10.0159
 6.6310	10.0755
 6.6226	10.1768
 6.6141	10.2521
 6.6057	10.2702
 6.5973	10.4370
 6.5889	10.5517
 6.5805	10.8451
 6.5722	10.9627
 6.5639	10.8709
 6.5556	10.8971
 6.5473	10.7695
 6.5390	10.6729
 6.5308	10.7149
 6.5226	10.8384
 6.5144	10.6843
 6.5062	10.6748
 6.4981	10.7949
 6.4900	10.6122
 6.4818	10.4521
 6.4737	10.3718
 6.4657	10.3316
 6.4576	10.3534
 6.4496	 9.9553
 6.4416	 9.3114
 6.4336	 8.8613
 6.4256	 8.4528
 6.4177	 8.1744
 6.4097	 7.5660
 6.4018	 6.8547
 6.3939	 6.6912
 6.3860	 6.6069
 6.3782	 6.2416
 6.3704	 5.7201
 6.3625	 5.4854
 6.3547	 5.4301
 6.3470	 5.3240
 6.3392	 4.9076
 6.3315	 4.4934
 6.3237	 4.3139
 6.3160	 4.3231
 6.3083	 4.3301
 6.3007	 4.2021
 6.2930	 4.1188
 6.2854	 3.9097
 6.2778	 3.9357
 6.2702	 3.8019
 6.2626	 3.5504
 6.2551	 3.1718
 6.2476	 3.0720
 6.2400	 3.3459
 6.2325	 3.3992
 6.2251	 3.1925
 6.2176	 3.1762
 6.2101	 3.2669
 6.2027	 3.1237
 6.1953	 2.9510
 6.1879	 2.8815
 6.1805	 2.7889
 6.1732	 2.7572
 6.1658	 2.6840
 6.1585	 2.7378
 6.1512	 2.7158
 6.1439	 2.7049
 6.1367	 2.7906
 6.1294	 2.8141
 6.1222	 2.7231
 6.1149	 2.6419
 6.1077	 2.5894
 6.1006	 2.6230
 6.0934	 2.7040
 6.0862	 2.4750
 6.0791	 2.6219
 6.0720	 2.6915
 6.0649	 2.5919
 6.0578	 2.5713
 6.0507	 2.6098
 6.0437	 2.6618
 6.0366	 2.5736
 6.0296	 2.5530
 6.0226	 2.5753
 6.0156	 2.4004
 6.0087	 2.6135
 6.0017	 2.8667
 5.9948	 2.5444
 5.9878	 2.2726
 5.9809	 2.4426
 5.9740	 2.5793
 5.9672	 2.5922
 5.9603	 2.7017
 5.9535	 2.5899
 5.9466	 2.4794
 5.9398	 2.5780
 5.9330	 2.7191
 5.9262	 2.5832
 5.9195	 2.6415
 5.9127	 2.5949
 5.9060	 2.4608
 5.8993	 2.7053
 5.8926	 2.9360
 5.8859	 2.9766
 5.8792	 3.0827
 5.8726	 2.8944
 5.8659	 3.0161
 5.8593	 3.1372
 5.8527	 2.9682
 5.8461	 2.8096
 5.8395	 2.7794
 5.8329	 2.9816
 5.8264	 3.1417
 5.8198	 3.0193
 5.8133	 2.9759
 5.8068	 3.2667
 5.8003	 3.3167
 5.7938	 3.2755
 5.7874	 3.1856
 5.7809	 3.1176
 5.7745	 3.1462
 5.7680	 3.4357
 5.7616	 3.4840
 5.7552	 3.2686
 5.7489	 3.1158
 5.7425	 3.0966
 5.7361	 3.1695
 5.7298	 3.2081
 5.7235	 3.3270
 5.7172	 3.4185
 5.7109	 3.4517
 5.7046	 3.4719
 5.6983	 3.4220
 5.6921	 3.4213
 5.6858	 3.4702
 5.6796	 3.5047
 5.6734	 3.3718
 5.6672	 3.3651
 5.6610	 3.5376
 5.6548	 3.4819
 5.6487	 3.3753
 5.6425	 3.3226
 5.6364	 3.3414
 5.6303	 3.3036
 5.6242	 3.2934
 5.6181	 3.4530
 5.6120	 3.6019
 5.6059	 3.4876
 5.5999	 3.2695
 5.5938	 3.2728
 5.5878	 3.3107
 5.5818	 3.2105
 5.5758	 3.0567
 5.5698	 2.9394
 5.5638	 3.0504
 5.5578	 3.2909
 5.5519	 3.3885
 5.5460	 3.3116
 5.5400	 3.4458
 5.5341	 3.6061
 5.5282	 3.5847
 5.5223	 3.6230
 5.5164	 3.8180
 5.5106	 4.0229
 5.5047	 4.1622
 5.4989	 4.1151
 5.4931	 3.7753
 5.4873	 3.7530
 5.4815	 3.9131
 5.4757	 4.0355
 5.4699	 4.1776
 5.4641	 4.1600
 5.4584	 4.2225
 5.4527	 4.2415
 5.4469	 4.1181
 5.4412	 4.1027
 5.4355	 4.1007
 5.4298	 4.3119
 5.4241	 4.4444
 5.4185	 4.3117
 5.4128	 4.3459
 5.4072	 4.3880
 5.4015	 4.3773
 5.3959	 4.3816
 5.3903	 4.3366
 5.3847	 4.4096
 5.3791	 4.3456
 5.3735	 4.3870
 5.3680	 4.5724
 5.3624	 4.5629
 5.3569	 4.6907
 5.3514	 4.8650
 5.3458	 4.7683
 5.3403	 4.6102
 5.3348	 4.4794
 5.3294	 4.6045
 5.3239	 4.7892
 5.3184	 4.7846
 5.3130	 4.6501
 5.3075	 4.6950
 5.3021	 4.7191
 5.2967	 4.7514
 5.2913	 4.6349
 5.2859	 4.6055
 5.2805	 4.8393
 5.2751	 4.9121
 5.2698	 4.9054
 5.2644	 4.7118
 5.2591	 4.6879
 5.2538	 4.7343
 5.2485	 4.7334
 5.2431	 4.6815
 5.2378	 4.7882
 5.2326	 4.9095
 5.2273	 4.8208
 5.2220	 4.7646
 5.2168	 4.8061
 5.2115	 5.0430
 5.2063	 5.0018
 5.2011	 4.9502
 5.1959	 5.0327
 5.1907	 4.8456
 5.1855	 4.6599
 5.1803	 4.7716
 5.1751	 4.8797
 5.1700	 4.9822
 5.1648	 4.8229
 5.1597	 4.7915
 5.1545	 4.7826
 5.1494	 4.8531
 5.1443	 5.0129
 5.1392	 5.0329
 5.1341	 4.8206
 5.1291	 4.7712
 5.1240	 4.8608
 5.1189	 4.8235
 5.1139	 5.0781
 5.1088	 5.2379
 5.1038	 5.0781
 5.0988	 4.8568
 5.0938	 4.7476
 5.0888	 4.7735
 5.0838	 4.8844
 5.0788	 5.0221
 5.0738	 5.1414
 5.0689	 5.0784
 5.0639	 4.9515
 5.0590	 4.9436
 5.0541	 4.8725
 5.0491	 4.8717
 5.0442	 4.9379
 5.0393	 4.7634
 5.0344	 4.8264
 5.0296	 5.1725
 5.0247	 5.1091
 5.0198	 4.9530
 5.0150	 5.0050
 5.0101	 5.0243
 5.0053	 4.9966
 5.0004	 5.0716
 4.9956	 5.0472
 4.9908	 4.9764
 4.9860	 4.8464
 4.9812	 4.8111
 4.9765	 4.9516
 4.9717	 5.1189
 4.9669	 5.1262
 4.9622	 5.1367
 4.9574	 5.1281
 4.9527	 5.1633
 4.9480	 5.2791
 4.9432	 5.2260
 4.9385	 4.9934
 4.9338	 5.0380
 4.9291	 5.1796
 4.9245	 5.1744
 4.9198	 5.0944
 4.9151	 5.1239
 4.9105	 5.3678
 4.9058	 5.4557
 4.9012	 5.4567
 4.8966	 5.4204
 4.8919	 5.2275
 4.8873	 5.3524
 4.8827	 5.2805
 4.8781	 5.3122
 4.8736	 5.4964
 4.8690	 5.4573
 4.8644	 5.3952
 4.8599	 5.3601
 4.8553	 5.2805
 4.8508	 5.2559
 4.8462	 5.3128
 4.8417	 5.4676
 4.8372	 5.4853
 4.8327	 5.4865
 4.8282	 5.4569
 4.8237	 5.3372
 4.8192	 5.2599
 4.8147	 5.2988
 4.8103	 5.3796
 4.8058	 5.2544
 4.8014	 5.2600
 4.7969	 5.3771
 4.7925	 5.3987
 4.7881	 5.2030
 4.7836	 5.2069
 4.7792	 5.2885
 4.7748	 5.7287
 4.7704	 5.8388
 4.7660	 5.7226
 4.7617	 5.8066
 4.7573	 5.5206
 4.7530	 5.4501
 4.7486	 5.7157
 4.7443	 5.7810
 4.7399	 5.6460
 4.7356	 5.7961
 4.7313	 5.8047
 4.7270	 5.6647
 4.7226	 5.6967
 4.7184	 5.7274
 4.7141	 5.6895
 4.7098	 5.5675
 4.7055	 5.1867
 4.7012	 5.0680
 4.6970	 5.2638
 4.6927	 5.4699
 4.6885	 5.6095
 4.6842	 5.6468
 4.6800	 5.7419
 4.6758	 5.8725
 4.6716	 5.7685
 4.6674	 5.4488
 4.6632	 5.5680
 4.6590	 5.7886
 4.6548	 5.6725
 4.6506	 5.4614
 4.6465	 5.3967
 4.6423	 5.6718
 4.6382	 5.6935
 4.6340	 5.5538
 4.6299	 5.5827
 4.6258	 5.8275
 4.6216	 6.0300
 4.6175	 6.1717
 4.6134	 6.2048
 4.6093	 6.1066
 4.6052	 5.9214
 4.6011	 5.8163
 4.5971	 5.8352
 4.5930	 6.0091
 4.5889	 6.3507
 4.5849	 6.3006
 4.5808	 6.0667
 4.5768	 5.9299
 4.5727	 5.9576
 4.5687	 6.1521
 4.5647	 6.2414
 4.5607	 6.2229
 4.5567	 6.0497
 4.5526	 6.0563
 4.5487	 5.9399
 4.5447	 5.7655
 4.5407	 5.8980
 4.5367	 6.2475
 4.5328	 6.3655
 4.5288	 6.4048
 4.5248	 6.4077
 4.5209	 6.3236
 4.5170	 6.2348
 4.5130	 6.1951
 4.5091	 6.4589
 4.5052	 6.3572
 4.5013	 5.9856
 4.4974	 6.0451
 4.4935	 6.2259
 4.4896	 6.3097
 4.4857	 6.2045
 4.4818	 6.1041
 4.4779	 6.0603
 4.4741	 6.2131
 4.4702	 6.2886
 4.4664	 6.1872
 4.4625	 6.3780
 4.4587	 6.4113
 4.4549	 6.2679
 4.4510	 6.1950
 4.4472	 6.1490
 4.4434	 6.2869
 4.4396	 6.5355
 4.4358	 6.6687
 4.4320	 6.6520
 4.4282	 6.5644
 4.4245	 6.6142
 4.4207	 6.5913
 4.4169	 6.4801
 4.4132	 6.3815
 4.4094	 6.3346
 4.4057	 6.3353
 4.4019	 6.4795
 4.3982	 6.7367
 4.3945	 6.6303
 4.3907	 6.3723
 4.3870	 6.2724
 4.3833	 6.5309
 4.3796	 6.6092
 4.3759	 6.5655
 4.3722	 6.4658
 4.3685	 6.4767
 4.3649	 6.7241
 4.3612	 6.7072
 4.3575	 6.7773
 4.3539	 6.6480
 4.3502	 6.4858
 4.3466	 6.4930
 4.3429	 6.4665
 4.3393	 6.5132
 4.3357	 6.3235
 4.3320	 6.2886
 4.3284	 6.4342
 4.3248	 6.3594
 4.3212	 6.1787
 4.3176	 6.1601
 4.3140	 6.3278
 4.3105	 6.2438
 4.3069	 6.1180
 4.3033	 6.3072
 4.2997	 6.4686
 4.2962	 6.3836
 4.2926	 6.2397
 4.2890	 6.2043
 4.2855	 6.2793
 4.2820	 6.2406
 4.2784	 6.1093
 4.2749	 6.1908
 4.2714	 6.3248
 4.2679	 6.0522
 4.2644	 5.9482
 4.2609	 6.2047
 4.2574	 6.4960
 4.2539	 6.6221
 4.2504	 6.4949
 4.2469	 6.1801
 4.2434	 5.9568
 4.2400	 6.0412
 4.2365	 6.1719
 4.2330	 6.2283
 4.2296	 6.2607
 4.2261	 6.2359
 4.2227	 6.2096
 4.2193	 6.2253
 4.2158	 6.2532
 4.2124	 6.4469
 4.2090	 6.6407
 4.2056	 6.6853
 4.2022	 6.7587
 4.1988	 6.5952
 4.1954	 6.5450
 4.1920	 6.7465
 4.1886	 6.7421
 4.1852	 6.6694
 4.1818	 6.6966
 4.1785	 6.9084
 4.1751	 6.9538
 4.1717	 6.9523
 4.1684	 6.7888
 4.1650	 6.8435
 4.1617	 6.9081
 4.1584	 6.8564
 4.1550	 7.0598
 4.1517	 7.0314
 4.1484	 6.8159
 4.1451	 6.7566
 4.1418	 6.7872
 4.1384	 6.9233
 4.1351	 6.8335
 4.1319	 6.6359
 4.1286	 6.6532
 4.1253	 6.8095
 4.1220	 6.9220
 4.1187	 6.9487
 4.1155	 6.8810
 4.1122	 6.9717
 4.1089	 7.1871
 4.1057	 7.0111
 4.1024	 6.8220
 4.0992	 6.8319
 4.0959	 6.8250
 4.0927	 6.6445
 4.0895	 6.7416
 4.0863	 6.9224
 4.0830	 6.7305
 4.0798	 6.5401
 4.0766	 6.4657
 4.0734	 6.3756
 4.0702	 6.4283
 4.0670	 6.5948
 4.0639	 6.6579
 4.0607	 6.7021
 4.0575	 6.6929
 4.0543	 6.3943
 4.0511	 6.0681
 4.0480	 6.1170
 4.0448	 6.3336
 4.0417	 6.4363
 4.0385	 6.3908
 4.0354	 6.1902
 4.0323	 5.8154
 4.0291	 5.7771
 4.0260	 5.8545
 4.0229	 5.4479
 4.0197	 5.3013
 4.0166	 5.4569
 4.0135	 5.5071
 4.0104	 5.4147
 4.0073	 5.4074
 4.0042	 5.2379
 4.0011	 4.9952
 3.9981	 4.9384
 3.9950	 5.1374
 3.9919	 5.2027
 3.9888	 4.9624
 3.9857	 4.8061
 3.9827	 4.9328
 3.9796	 5.0815
 3.9766	 4.8727
 3.9735	 4.7353
 3.9705	 4.5541
 3.9675	 4.8110
 3.9644	 4.9964
 3.9614	 4.9623
 3.9584	 4.9631
 3.9554	 5.1230
 3.9523	 5.2914
 3.9493	 5.1905
 3.9463	 5.0716
 3.9433	 5.3882
 3.9403	 5.6253
 3.9373	 5.7356
 3.9343	 5.9217
 3.9314	 5.7338
 3.9284	 5.4980
 3.9254	 5.6711
 3.9224	 5.8401
 3.9195	 5.8690
 3.9165	 5.7921
 3.9136	 5.6445
 3.9106	 5.6196
 3.9077	 5.6450
 3.9047	 5.6954
 3.9018	 5.9153
 3.8988	 5.8998
 3.8959	 5.7409
 3.8930	 5.5906
 3.8901	 5.5281
 3.8872	 5.7301
 3.8842	 5.8026
 3.8813	 5.9540
 3.8784	 6.2825
 3.8755	 6.0699
 3.8726	 5.4893
 3.8697	 5.6010
 3.8669	 5.8491
 3.8640	 5.9263
 3.8611	 5.9067
 3.8582	 5.5589
 3.8554	 5.6246
 3.8525	 5.9765
 3.8496	 5.8407
 3.8468	 5.6853
 3.8439	 5.7062
 3.8411	 5.8252
 3.8382	 6.2689
 3.8354	 6.5422
 3.8326	 6.6152
 3.8297	 6.5350
 3.8269	 6.2357
 3.8241	 6.1699
 3.8213	 6.2330
 3.8185	 6.3606
 3.8157	 6.3391
 3.8128	 6.2710
 3.8100	 6.2630
 3.8072	 6.3443
 3.8045	 6.4904
 3.8017	 6.6957
 3.7989	 6.7023
 3.7961	 6.8231
 3.7933	 7.1643
 3.7906	 7.3639
 3.7878	 7.4063
 3.7850	 7.3390
 3.7822	 7.1258
 3.7795	 6.9551
 3.7767	 6.8811
 3.7740	 7.1215
 3.7713	 7.0293
 3.7685	 6.9745
 3.7658	 7.2089
 3.7630	 7.2000
 3.7603	 7.1330
 3.7576	 7.2333
 3.7549	 7.1468
 3.7521	 7.2989
 3.7494	 7.5881
 3.7467	 7.7127
 3.7440	 7.5994
 3.7413	 7.3743
 3.7386	 7.4686
 3.7359	 7.4835
 3.7332	 7.1729
 3.7306	 6.9181
 3.7279	 6.8639
 3.7252	 7.0285
 3.7225	 7.2636
 3.7199	 7.4623
 3.7172	 7.3512
 3.7145	 6.9661
 3.7119	 6.8563
 3.7092	 7.1544
 3.7066	 7.1203
 3.7039	 7.0068
 3.7013	 7.2776
 3.6986	 7.0492
 3.6960	 6.7450
 3.6934	 6.6357
 3.6907	 6.9204
 3.6881	 7.2582
 3.6855	 7.0784
 3.6829	 6.9718
 3.6803	 7.3572
 3.6776	 7.3286
 3.6750	 7.0547
 3.6724	 6.7487
 3.6698	 6.5960
 3.6672	 6.6440
 3.6646	 6.9929
 3.6620	 7.2334
 3.6595	 7.1617
 3.6569	 7.0714
 3.6543	 7.0552
 3.6517	 6.9280
 3.6492	 6.5772
 3.6466	 6.7510
 3.6440	 7.2134
 3.6415	 7.3979
 3.6389	 7.2462
 3.6364	 6.9978
 3.6338	 6.8434
 3.6313	 7.2679
 3.6287	 7.4612
 3.6262	 7.3124
 3.6237	 7.2278
 3.6211	 7.0252
 3.6186	 6.6094
 3.6161	 6.2532
 3.6136	 6.5928
 3.6111	 7.2314
 3.6085	 7.5062
 3.6060	 7.0415
 3.6035	 6.8978
 3.6010	 6.9537
 3.5985	 6.6033
 3.5960	 6.6540
 3.5935	 6.9005
 3.5910	 6.9882
 3.5886	 7.1173
 3.5861	 6.6506
 3.5836	 6.4917
 3.5811	 6.5614
 3.5787	 6.6712
 3.5762	 7.0161
 3.5737	 7.0381
 3.5713	 6.6579
 3.5688	 6.5611
 3.5663	 6.6190
 3.5639	 6.6525
 3.5614	 6.8154
 3.5590	 6.8187
 3.5566	 6.6159
 3.5541	 6.6366
 3.5517	 6.3582
 3.5493	 6.1697
 3.5468	 6.4023
 3.5444	 6.5073
 3.5420	 6.3226
 3.5396	 6.0663
 3.5372	 5.9756
 3.5347	 6.2810
 3.5323	 6.5004
 3.5299	 6.6757
 3.5275	 6.3204
 3.5251	 5.6867
 3.5227	 5.5311
 3.5203	 5.5533
 3.5180	 5.5973
 3.5156	 5.6059
 3.5132	 5.4005
 3.5108	 5.3649
 3.5084	 5.4165
 3.5061	 5.3436
 3.5037	 5.3715
 3.5013	 5.5292
 3.4990	 5.8872
 3.4966	 5.5075
 3.4943	 5.2061
 3.4919	 5.1372
 3.4895	 4.9972
 3.4872	 4.9621
 3.4849	 4.8821
 3.4825	 4.8766
 3.4802	 5.0281
 3.4778	 5.1729
 3.4755	 5.0339
 3.4732	 4.7330
 3.4709	 4.8523
 3.4685	 4.9746
 3.4662	 5.1767
 3.4639	 5.4764
 3.4616	 5.5001
 3.4593	 5.3781
 3.4570	 5.1563
 3.4547	 5.2083
 3.4524	 5.2999
 3.4501	 5.4206
 3.4478	 5.4989
 3.4455	 5.3951
 3.4432	 5.1486
 3.4409	 5.0276
 3.4386	 5.2563
 3.4364	 5.1723
 3.4341	 4.9867
 3.4318	 5.2894
 3.4295	 5.2443
 3.4273	 4.9997
 3.4250	 5.1397
 3.4228	 5.6895
 3.4205	 5.7428
 3.4182	 5.4758
 3.4160	 5.4250
 3.4137	 4.9106
 3.4115	 4.9172
 3.4093	 5.0367
 3.4070	 5.3895
 3.4048	 5.2244
 3.4025	 4.7952
 3.4003	 4.5186
 3.3981	 4.6959
 3.3958	 5.0814
 3.3936	 5.4609
 3.3914	 5.4911
 3.3892	 5.0887
 3.3870	 5.0272
 3.3848	 5.1645
 3.3826	 5.5549
 3.3804	 5.4733
 3.3782	 4.7439
 3.3760	 4.5642
 3.3738	 4.5826
 3.3716	 4.8293
 3.3694	 5.0720
 3.3672	 4.7607
 3.3650	 4.8963
 3.3628	 5.1645
 3.3606	 4.9984
 3.3585	 4.8280
 3.3563	 4.7277
 3.3541	 5.2097
 3.3520	 5.4934
 3.3498	 5.7603
 3.3476	 5.4871
 3.3455	 5.4236
 3.3433	 5.4533
 3.3411	 5.1629
 3.3390	 5.1080
 3.3369	 5.2986
 3.3347	 5.5697
 3.3326	 5.6204
 3.3304	 5.3311
 3.3283	 5.0511
 3.3262	 5.2035
 3.3240	 5.5228
 3.3219	 5.3162
 3.3198	 5.0114
 3.3176	 5.3776
 3.3155	 5.9062
 3.3134	 5.8723
 3.3113	 5.5782
 3.3092	 5.4684
 3.3071	 4.9719
 3.3049	 5.2965
 3.3028	 5.8877
 3.3007	 5.7761
 3.2986	 5.3797
 3.2965	 5.4741
 3.2944	 5.6784
 3.2924	 5.5347
 3.2903	 5.4105
 3.2882	 5.4468
 3.2861	 5.7241
 3.2840	 5.8051
 3.2819	 5.6146
 3.2799	 5.8127
 3.2778	 5.6683
 3.2757	 5.2880
 3.2736	 5.1813
 3.2716	 4.9336
 3.2695	 4.9400
 3.2675	 5.4146
 3.2654	 5.6385
 3.2634	 5.5156
 3.2613	 5.7973
 3.2593	 5.8383
 3.2572	 5.5400
 3.2552	 5.5071
 3.2531	 5.7669
 3.2511	 5.4691
 3.2490	 4.9494
 3.2470	 4.8056
 3.2450	 5.0883
 3.2429	 5.2092
 3.2409	 5.2405
 3.2389	 5.3425
 3.2369	 5.5783
 3.2348	 5.4806
 3.2328	 5.2164
 3.2308	 5.5541
 3.2288	 5.3564
 3.2268	 5.1820
 3.2248	 5.0979
 3.2228	 5.0014
 3.2208	 5.1945
 3.2188	 5.4617
 3.2168	 5.4487
 3.2148	 5.6063
 3.2128	 5.2444
 3.2108	 4.8933
 3.2088	 4.9302
 3.2068	 4.9027
 3.2049	 4.6512
 3.2029	 4.8055
 3.2009	 5.5430
 3.1989	 5.8580
 3.1970	 5.3941
 3.1950	 5.1780
 3.1930	 5.2330
 3.1911	 5.2483
 3.1891	 5.0435
 3.1871	 5.1860
 3.1852	 5.5274
 3.1832	 5.2414
 3.1813	 5.1048
 3.1793	 5.2385
 3.1774	 4.8441
 3.1754	 4.5650
 3.1735	 4.8460
 3.1715	 5.0572
 3.1696	 5.2960
 3.1677	 5.2450
 3.1657	 4.7909
 3.1638	 4.5516
 3.1619	 4.4754
 3.1599	 4.9625
 3.1580	 5.1133
 3.1561	 4.9907
 3.1542	 4.8340
 3.1523	 4.4630
 3.1503	 5.0994
 3.1484	 5.6123
 3.1465	 5.5449
 3.1446	 5.1106
 3.1427	 4.9548
 3.1408	 5.1158
 3.1389	 5.4685
 3.1370	 5.4086
 3.1351	 5.0350
 3.1332	 4.5724
 3.1313	 4.6809
 3.1294	 4.1646
 3.1275	 4.3330
 3.1257	 4.8940
 3.1238	 4.5889
 3.1219	 4.5453
 3.1200	 4.8026
 3.1181	 4.8399
 3.1163	 4.1566
 3.1144	 3.6230
 3.1125	 3.6183
 3.1107	 4.2245
 3.1088	 4.8437
 3.1069	 4.7603
 3.1051	 4.4097
 3.1032	 4.5416
 3.1014	 4.8015
 3.0995	 4.9021
 3.0976	 4.8349
 3.0958	 4.5416
 3.0940	 3.7677
 3.0921	 3.6062
 3.0903	 4.2016
 3.0884	 4.1418
 3.0866	 4.1359
 3.0848	 4.3661
 3.0829	 3.9019
 3.0811	 4.1759
 3.0793	 5.1899
 3.0774	 5.0054
 3.0756	 4.7925
 3.0738	 4.8077
 3.0720	 4.5904
 3.0701	 4.7330
 3.0683	 5.0458
 3.0665	 4.8657
 3.0647	 4.5426
 3.0629	 4.7448
 3.0611	 4.5726
 3.0593	 5.0492
 3.0575	 4.5578
 3.0557	 4.1311
 3.0539	 4.3157
 3.0521	 4.8951
 3.0503	 4.6943
 3.0485	 4.1283
 3.0467	 4.0301
 3.0449	 3.7499
 3.0431	 4.0325
 3.0413	 4.5721
 3.0396	 4.3728
 3.0378	 4.1917
 3.0360	 4.5262
 3.0342	 4.2923
 3.0324	 4.1812
 3.0307	 4.3570
 3.0289	 4.1184
 3.0271	 4.5230
 3.0254	 5.2945
 3.0236	 4.9979
 3.0218	 4.4390
 3.0201	 4.2901
 3.0183	 4.2523
 3.0166	 3.8232
 3.0148	 3.6111
 3.0130	 3.8660
 3.0113	 3.6157
 3.0096	 3.1837
 3.0078	 3.7877
 3.0061	 3.9241
 3.0043	 3.8503
 3.0026	 3.9427
 3.0008	 4.1498
 2.9991	 4.4406
 2.9974	 5.2654
 2.9956	 5.0547
 2.9939	 4.2202
 2.9922	 3.8605
 2.9905	 3.9924
 2.9887	 4.5056
 2.9870	 4.5933
 2.9853	 4.1975
 2.9836	 3.0876
 2.9819	 2.9211
 2.9802	 3.4187
 2.9784	 3.7883
 2.9767	 4.5506
 2.9750	 4.6449
 2.9733	 4.7137
 2.9716	 4.4557
 2.9699	 4.5859
 2.9682	 5.1537
 2.9665	 5.0545
 2.9648	 4.8750
 2.9631	 4.0945
 2.9614	 3.9569
 2.9597	 4.7555
 2.9581	 5.0025
 2.9564	 4.9925
 2.9547	 5.2189
 2.9530	 4.0946
 2.9513	 4.0714
 2.9496	 4.3647
 2.9480	 3.5442
 2.9463	 3.4093
 2.9446	 3.8086
 2.9429	 4.5778
 2.9413	 4.0021
 2.9396	 3.1096
 2.9379	 3.6809
 2.9363	 4.1588
 2.9346	 3.9238
 2.9330	 3.7592
 2.9313	 3.6154
 2.9296	 3.6935
 2.9280	 4.0113
 2.9263	 3.7662
 2.9247	 2.9512
 2.9230	 3.4434
 2.9214	 4.1664
 2.9197	 4.3937
 2.9181	 5.0751
 2.9165	 5.3421
 2.9148	 4.4626
 2.9132	 3.1699
 2.9116	 2.8997
 2.9099	 3.6654
 2.9083	 4.2025
 2.9067	 3.9409
 2.9050	 3.7974
 2.9034	 3.9878
 2.9018	 4.1926
 2.9002	 4.1622
 2.8985	 3.3847
 2.8969	 4.0031
 2.8953	 4.5325
 2.8937	 4.1172
 2.8921	 4.2058
 2.8905	 4.6342
 2.8888	 4.6863
 2.8872	 4.5410
 2.8856	 4.0036
 2.8840	 3.6556
 2.8824	 3.9992
 2.8808	 4.8515
 2.8792	 5.0886
 2.8776	 4.7140
 2.8760	 4.4837
 2.8744	 4.6629
 2.8728	 4.1590
 2.8712	 3.8821
 2.8697	 3.8213
 2.8681	 3.6120
 2.8665	 4.1792
 2.8649	 4.1593
 2.8633	 4.0826
 2.8617	 4.5641
 2.8602	 4.8584
 2.8586	 4.7477
 2.8570	 4.3146
 2.8554	 3.6388
 2.8539	 3.8991
 2.8523	 4.6456
 2.8507	 4.4731
 2.8492	 3.9101
 2.8476	 3.8743
 2.8460	 4.0424
 2.8445	 4.3631
 2.8429	 4.0175
 2.8413	 3.6021
 2.8398	 3.9213
 2.8382	 4.0252
 2.8367	 3.8759
 2.8351	 3.7650
 2.8336	 4.0720
 2.8320	 4.0126
 2.8305	 4.0185
 2.8289	 4.4674
 2.8274	 4.5297
 2.8259	 4.3888
 2.8243	 4.5882
 2.8228	 4.0791
 2.8213	 3.9193
 2.8197	 4.3522
 2.8182	 4.1537
 2.8167	 4.2206
 2.8151	 4.9201
 2.8136	 4.6469
 2.8121	 4.2055
 2.8106	 4.7304
 2.8090	 4.2630
 2.8075	 3.5904
 2.8060	 3.7610
 2.8045	 4.8574
 2.8030	 4.1018
 2.8014	 2.7959
 2.7999	 3.2233
 2.7984	 4.0234
 2.7969	 4.3490
 2.7954	 5.0359
 2.7939	 5.7134
 2.7924	 5.4414
 2.7909	 4.6890
 2.7894	 3.8949
 2.7879	 4.6841
 2.7864	 5.5004
 2.7849	 4.4695
 2.7834	 3.7082
 2.7819	 4.1836
 2.7804	 3.9247
 2.7789	 4.0542
 2.7774	 3.7499
 2.7759	 2.9585
 2.7745	 2.4893
 2.7730	 2.6334
 2.7715	 2.9148
 2.7700	 3.6699
 2.7685	 4.0623
 2.7671	 3.5797
 2.7656	 3.9433
 2.7641	 4.8192
 2.7626	 4.8587
 2.7612	 4.2402
 2.7597	 3.5480
 2.7582	 4.0111
 2.7568	 3.5459
 2.7553	 3.3549
 2.7538	 4.1174
 2.7524	 4.3680
 2.7509	 3.6472
 2.7494	 3.1764
 2.7480	 4.3383
 2.7465	 4.7504
 2.7451	 3.8787
 2.7436	 3.5281
 2.7422	 3.5990
 2.7407	 3.7025
 2.7393	 4.1297
 2.7378	 4.4161
 2.7364	 3.4255
 2.7350	 3.3274
 2.7335	 3.6697
 2.7321	 3.4077
 2.7306	 3.4016
 2.7292	 3.3279
 2.7278	 2.9123
 2.7263	 3.7622
 2.7249	 4.5933
 2.7235	 4.0420
 2.7220	 3.2558
 2.7206	 3.2952
 2.7192	 3.7094
 2.7178	 4.0223
 2.7163	 3.3960
 2.7149	 3.6229
 2.7135	 4.6200
 2.7121	 4.6562
 2.7106	 3.6579
 2.7092	 2.9747
 2.7078	 3.5000
 2.7064	 3.7628
 2.7050	 4.1586
 2.7036	 4.0395
 2.7022	 3.0163
 2.7008	 3.2396
 2.6994	 3.7098
 2.6980	 4.3579
 2.6965	 5.7420
 2.6951	 6.4734
 2.6938	 6.2340
 2.6923	 6.4580
 2.6910	 6.9442
 2.6896	 7.0479
 2.6882	 8.0457
 2.6868	 9.0011
 2.6854	 8.3085
 2.6840	 8.0505
 2.6826	 8.6320
 2.6812	 8.4449
 2.6798	 8.3910
 2.6784	 8.6882
 2.6771	 9.3267
 2.6757	 9.9892
 2.6743	 9.9157
 2.6729	 9.5991
 2.6715	 9.9879
 2.6702	11.0657
 2.6688	10.7440
 2.6674	10.8430
 2.6660	10.8447
 2.6647	10.6625
 2.6633	10.6563
 2.6619	10.5045
 2.6606	10.3384
 2.6592	10.0077
 2.6578	 9.6412
 2.6565	 9.5850
 2.6551	 8.8375
 2.6538	 8.9313
 2.6524	10.1481
 2.6511	10.1272
 2.6497	 9.5972
 2.6484	10.0489
 2.6470	10.2783
 2.6456	10.4056
 2.6443	10.8032
 2.6429	10.9590
 2.6416	11.1721
 2.6403	11.1802
 2.6389	10.7784
 2.6376	10.2964
 2.6362	10.0610
 2.6349	10.2816
 2.6336	10.1245
 2.6322	10.1997
 2.6309	10.5546
 2.6296	10.5132
 2.6282	10.2957
 2.6269	10.5550
 2.6256	10.0098
 2.6242	 9.7641
 2.6229	10.4859
 2.6216	10.8553
 2.6203	10.7631
 2.6189	10.3830
 2.6176	10.3536
 2.6163	 9.4821
 2.6150	 9.3060
 2.6136	 9.9099
 2.6123	10.2890
 2.6110	10.1824
 2.6097	10.3170
 2.6084	10.7394
 2.6071	11.0548
 2.6058	10.5750
 2.6044	10.3264
 2.6031	10.7558
 2.6018	10.7054
 2.6005	10.0097
 2.5992	 9.6918
 2.5979	10.1009
 2.5966	10.3410
 2.5953	 9.9144
 2.5940	 9.7145
 2.5927	 9.8140
 2.5914	10.6528
 2.5901	10.7909
 2.5888	10.6988
 2.5876	10.5860
 2.5863	10.4781
 2.5850	11.0456
 2.5837	10.7095
 2.5824	10.4588
 2.5811	 9.9140
 2.5798	 9.4694
 2.5785	 9.4130
 2.5773	 9.4177
 2.5760	 9.7969
 2.5747	10.6240
 2.5734	10.8758
 2.5722	10.6069
 2.5709	10.4898
 2.5696	 9.9435
 2.5683	 9.4938
 2.5671	10.0169
 2.5658	10.6350
 2.5645	10.7528
 2.5633	10.8475
 2.5620	10.5260
 2.5607	 9.7472
 2.5595	 9.5593
 2.5582	 9.5993
 2.5569	 9.3562
 2.5557	 9.7519
 2.5544	10.0154
 2.5532	 9.4756
 2.5519	 9.5953
 2.5507	10.5423
 2.5494	 9.7510
 2.5481	 9.4607
 2.5469	10.0579
 2.5456	 9.3445
 2.5444	 9.2622
 2.5431	 9.8819
 2.5419	10.2470
 2.5406	 9.5955
 2.5394	 9.3546
 2.5382	 9.6405
 2.5369	 9.7282
 2.5357	 9.6275
 2.5344	 9.6842
 2.5332	10.0091
 2.5320	10.0552
 2.5307	 9.8120
 2.5295	 9.4569
 2.5283	10.2514
 2.5270	10.7706
 2.5258	10.0736
 2.5246	 8.9858
 2.5233	 8.2771
 2.5221	 9.1171
 2.5209	 9.6099
 2.5197	 9.4632
 2.5184	 9.4867
 2.5172	 9.8304
 2.5160	 9.8323
 2.5148	 9.4211
 2.5136	10.0795
 2.5123	10.4948
 2.5111	10.1093
 2.5099	 9.3878
 2.5087	 9.3644
 2.5075	 9.5732
 2.5063	 9.4579
 2.5051	 9.9796
 2.5038	 9.9853
 2.5026	 9.7627
 2.5014	 9.7344
 2.5002	10.2772
 2.4990	10.3066
 2.4978	 9.6266
 2.4966	 9.2516
 2.4954	 9.1768
 2.4942	 9.4528
 2.4930	 9.8802
 2.4918	10.1582
 2.4906	 9.8761
 2.4894	 9.3430
 2.4882	 9.6943
 2.4870	10.7654
 2.4858	10.4798
 2.4846	10.6035
 2.4835	10.9333
 2.4823	10.4357
 2.4811	10.0291
 2.4799	10.1005
 2.4787	10.9513
 2.4775	10.8351
 2.4764	10.4824
 2.4752	10.3912
 2.4740	 9.6240
 2.4728	 9.1090
 2.4716	 9.3929
 2.4705	10.5226
 2.4693	11.6165
 2.4681	11.2543
 2.4669	10.5794
 2.4657	11.3273
 2.4646	10.9914
 2.4634	 9.8439
 2.4622	10.1351
 2.4611	10.8340
 2.4599	10.5265
 2.4587	10.2186
 2.4576	10.3130
 2.4564	11.1096
 2.4552	11.2368
 2.4541	11.0528
 2.4529	10.9276
 2.4518	10.8480
 2.4506	10.9927
 2.4494	10.8920
 2.4483	10.4186
 2.4471	10.7219
 2.4460	11.1984
 2.4448	10.2924
 2.4437	 9.6825
 2.4425	 9.8214
 2.4414	10.4364
 2.4402	10.6817
 2.4391	10.9608
 2.4379	10.9378
 2.4368	10.7564
 2.4356	10.8761
 2.4345	11.2573
 2.4333	10.9886
 2.4322	11.4765
 2.4311	10.8507
 2.4299	10.4998
 2.4288	10.7789
 2.4276	10.8412
 2.4265	11.4097
 2.4254	11.3536
 2.4242	11.1551
 2.4231	11.3124
 2.4220	11.2876
 2.4209	11.3448
 2.4197	11.0515
 2.4186	 9.5883
 2.4175	 9.8402
 2.4163	11.2259
 2.4152	10.8377
 2.4141	10.2168
 2.4130	10.4008
 2.4118	10.0128
 2.4107	10.6557
 2.4096	11.0829
 2.4085	10.9292
 2.4074	10.1834
 2.4063	10.2000
 2.4051	10.3410
 2.4040	10.7919
 2.4029	11.1933
 2.4018	11.7653
 2.4007	12.1408
 2.3996	11.7461
 2.3985	10.3896
 2.3973	10.2279
 2.3962	11.0330
 2.3951	10.5538
 2.3940	10.1338
 2.3929	11.4565
 2.3918	11.9828
 2.3907	11.7342
 2.3896	12.0595
 2.3885	12.6408
 2.3874	12.2748
 2.3863	10.9460
 2.3852	 9.6526
 2.3841	 9.1361
 2.3830	 8.7299
 2.3819	10.4681
 2.3808	12.2465
 2.3798	11.8380
 2.3786	11.3168
 2.3776	10.7934
 2.3765	10.3805
 2.3754	11.0079
 2.3743	10.9525
 2.3732	11.5331
 2.3721	11.8110
 2.3710	11.8515
 2.3700	11.4430
 2.3689	11.0567
 2.3678	10.6419
 2.3667	11.5401
 2.3656	12.1236
 2.3645	11.7352
 2.3635	11.3071
 2.3624	11.2325
 2.3613	11.3866
 2.3603	10.8276
 2.3592	10.6271
 2.3581	10.5377
 2.3570	11.1040
 2.3560	11.2365
 2.3549	10.4422
 2.3538	10.0058
 2.3527	11.0885
 2.3517	11.1473
 2.3506	10.4067
 2.3495	10.3914
 2.3485	10.1419
 2.3474	10.7752
 2.3464	11.5462
 2.3453	10.6237
 2.3442	11.1620
 2.3432	12.5840
 2.3421	11.6473
 2.3411	10.8135
 2.3400	10.5492
 2.3390	 9.5220
 2.3379	10.3153
 2.3369	10.4741
 2.3358	10.4429
 2.3347	 9.7881
 2.3337	 9.2231
 2.3326	 9.1129
 2.3316	10.3762
 2.3306	10.9327
 2.3295	 9.8337
 2.3285	 9.8341
 2.3274	 9.8735
 2.3264	 9.8396
 2.3253	10.2615
 2.3243	10.4628
 2.3232	10.9891
 2.3222	10.8198
 2.3212	10.4351
 2.3201	10.3771
 2.3191	10.4089
 2.3180	11.0180
 2.3170	11.6152
 2.3160	10.7605
 2.3149	10.1680
 2.3139	10.9462
 2.3129	 9.9915
 2.3118	 8.9240
 2.3108	 9.5078
 2.3098	 9.8861
 2.3088	10.0163
 2.3077	 9.6553
 2.3067	 9.8166
 2.3057	10.7305
 2.3047	11.7709
 2.3036	11.0183
 2.3026	10.8023
 2.3016	11.6387
 2.3006	11.1585
 2.2995	10.7064
 2.2985	11.5187
 2.2975	12.2283
 2.2965	11.2069
 2.2955	11.3073
 2.2944	11.8244
 2.2934	11.2250
 2.2924	11.0283
 2.2914	12.0126
 2.2904	11.7411
 2.2894	11.2189
 2.2884	10.6678
 2.2874	10.7067
 2.2864	10.7321
 2.2854	11.8003
 2.2843	12.0833
 2.2833	12.6337
 2.2823	13.1004
 2.2813	13.3460
 2.2803	12.8884
 2.2793	11.8433
 2.2783	10.2461
 2.2773	10.4993
 2.2763	11.8120
 2.2753	12.9801
 2.2743	12.5756
 2.2733	11.5047
 2.2723	11.2917
 2.2713	11.7060
 2.2703	11.8158
 2.2694	11.3744
 2.2684	11.8876
 2.2674	12.5388
 2.2664	11.8189
 2.2654	10.9580
 2.2644	10.9454
 2.2634	11.0714
 2.2624	11.4291
 2.2614	11.9542
 2.2605	11.4390
 2.2595	11.7627
 2.2585	12.5452
 2.2575	12.1789
 2.2565	12.3927
 2.2555	12.4081
 2.2546	13.2979
 2.2536	12.4421
 2.2526	10.3604
 2.2516	10.1608
 2.2506	10.8854
 2.2497	11.3164
 2.2487	12.6661
 2.2477	14.1674
 2.2467	13.8141
 2.2458	12.6392
 2.2448	12.1370
 2.2438	12.5601
 2.2428	12.8750
 2.2419	12.1366
 2.2409	13.2324
 2.2399	13.6241
 2.2390	11.2756
 2.2380	11.0968
 2.2370	11.2837
 2.2361	10.8680
 2.2351	11.8797
 2.2342	12.0306
 2.2332	12.0004
 2.2322	11.3241
 2.2313	11.7392
 2.2303	12.5064
 2.2294	12.7601
 2.2284	12.9583
 2.2274	12.1470
 2.2265	11.8093
 2.2255	12.2668
 2.2246	13.0987
 2.2236	13.1207
 2.2227	12.5189
 2.2217	12.9860
 2.2208	12.8423
 2.2198	12.8261
 2.2189	12.5331
 2.2179	12.5352
 2.2170	13.3220
 2.2160	13.6278
 2.2151	14.0060
 2.2141	13.6216
 2.2132	13.3645
 2.2122	13.4073
 2.2113	12.7007
 2.2103	12.4705
 2.2094	13.7301
 2.2085	13.9098
 2.2075	13.2947
 2.2066	13.7403
 2.2056	14.2668
 2.2047	14.0164
 2.2038	12.4160
 2.2028	11.9611
 2.2019	12.8123
 2.2010	13.3344
 2.2000	13.1885
 2.1991	12.7231
 2.1982	12.8283
 2.1972	13.3884
 2.1963	13.6303
 2.1954	13.9579
 2.1944	13.5087
 2.1935	12.3782
 2.1926	12.9319
 2.1917	13.4834
 2.1907	13.2275
 2.1898	12.9035
 2.1889	13.3826
 2.1880	13.5460
 2.1870	13.2392
 2.1861	13.0240
 2.1852	13.2400
 2.1843	12.5345
 2.1833	11.6285
 2.1824	12.1909
 2.1815	11.8249
 2.1806	11.6550
 2.1797	12.2157
 2.1788	12.6594
 2.1778	12.5285
 2.1769	12.7681
 2.1760	12.8603
 2.1751	13.8982
 2.1742	14.4151
 2.1733	14.0725
 2.1724	12.8428
 2.1715	12.4659
 2.1706	13.0486
 2.1696	12.7718
 2.1687	13.3380
 2.1678	12.9387
 2.1669	12.1088
 2.1660	12.3997
 2.1651	12.9025
 2.1642	12.8411
 2.1633	10.6805
 2.1624	11.3708
 2.1615	12.6007
 2.1606	12.7166
 2.1597	13.5499
 2.1588	12.6997
 2.1579	11.9396
 2.1570	12.3639
 2.1561	13.6783
 2.1552	14.2211
 2.1543	13.7581
 2.1534	12.1832
 2.1525	11.5954
 2.1517	12.0988
 2.1507	12.6226
 2.1499	12.6867
 2.1490	12.4436
 2.1481	11.8216
 2.1472	10.7599
 2.1463	11.8201
 2.1454	14.7021
 2.1445	14.8247
 2.1436	13.8944
 2.1428	13.6166
 2.1419	13.6344
 2.1410	14.1410
 2.1401	13.9682
 2.1392	12.3585
 2.1383	11.2765
 2.1375	11.2537
 2.1366	11.0672
 2.1357	11.5164
 2.1348	11.7210
 2.1339	12.8388
 2.1331	13.7177
 2.1322	13.7295
 2.1313	12.7749
 2.1304	11.8453
 2.1296	13.0576
 2.1287	13.0246
 2.1278	12.9487
 2.1269	14.0202
 2.1261	14.5507
 2.1252	15.4892
 2.1243	14.7297
 2.1235	14.0994
 2.1226	14.2900
 2.1217	12.8840
 2.1208	10.9659
 2.1200	10.7134
 2.1191	11.6923
 2.1183	12.6304
 2.1174	12.8925
 2.1165	14.3670
 2.1157	15.7090
 2.1148	14.0041
 2.1139	13.0567
 2.1131	13.7751
 2.1122	13.2142
 2.1113	12.4360
 2.1105	11.8987
 2.1096	11.6251
 2.1088	12.0822
 2.1079	12.7827
 2.1071	12.5238
 2.1062	12.1391
 2.1054	12.2313
 2.1045	11.8421
 2.1036	12.5038
 2.1028	12.6399
 2.1019	11.9090
 2.1011	13.3484
 2.1002	14.8458
 2.0994	12.8039
 2.0985	10.6198
 2.0977	10.4614
 2.0968	11.9992
 2.0960	13.0249
 2.0951	12.3166
 2.0943	13.1724
 2.0934	16.0563
 2.0926	16.0284
 2.0918	13.7688
 2.0909	11.6615
 2.0901	11.6213
 2.0892	13.1308
 2.0884	13.2920
 2.0875	12.4473
 2.0867	11.5802
 2.0859	11.6974
 2.0850	11.8529
 2.0842	12.0871
 2.0833	12.8511
 2.0825	13.7284
 2.0817	12.2034
 2.0808	12.0451
 2.0800	13.5543
 2.0792	13.6885
 2.0783	12.7861
 2.0775	12.9860
 2.0767	13.1545
 2.0759	12.1276
 2.0750	10.4852
 2.0742	12.5428
 2.0734	14.1319
 2.0725	12.8224
 2.0717	12.3201
 2.0709	12.2922
 2.0701	12.3240
 2.0692	11.8665
 2.0684	10.7711
 2.0676	11.4498
 2.0667	12.4576
 2.0659	12.0586
 2.0651	12.3755
 2.0643	13.7904
 2.0635	13.3174
 2.0626	13.5387
 2.0618	13.4511
 2.0610	11.3457
 2.0602	13.0665
 2.0594	14.4584
 2.0585	13.1451
 2.0577	13.3230
 2.0569	14.8201
 2.0561	16.5260
 2.0553	14.6636
 2.0545	13.4622
 2.0537	13.1367
 2.0528	12.1319
 2.0520	11.9802
 2.0512	11.5467
 2.0504	13.1698
 2.0496	13.7140
 2.0488	12.7224
 2.0480	12.6287
 2.0472	13.3397
 2.0464	12.5144
 2.0456	14.6724
 2.0447	16.1339
 2.0439	13.6290
 2.0431	10.9278
 2.0423	10.5110
 2.0415	11.2566
 2.0407	13.1730
 2.0399	14.4642
 2.0391	13.4328
 2.0383	11.4820
 2.0375	14.1263
 2.0367	15.9328
 2.0359	14.7176
 2.0351	15.0912
 2.0343	14.3694
 2.0335	12.6459
 2.0327	13.6928
 2.0319	13.5048
 2.0311	12.3743
 2.0303	 9.0654
 2.0295	 8.8786
 2.0287	12.1508
 2.0280	15.1679
 2.0272	13.3465
 2.0264	13.1088
 2.0256	12.1225
 2.0248	12.4287
 2.0240	13.1727
 2.0232	12.9558
 2.0224	12.9143
 2.0216	11.6042
 2.0208	13.4091
 2.0200	14.4978
 2.0193	13.2016
 2.0185	11.9510
 2.0177	13.0471
 2.0169	13.8518
 2.0161	13.1277
 2.0153	13.6683
 2.0146	14.6279
 2.0138	14.2371
 2.0130	13.7135
 2.0122	15.0273
 2.0114	13.0655
 2.0107	 9.8224
 2.0099	 8.8712
 2.0091	11.5769
 2.0083	13.7889
 2.0075	12.5223
 2.0068	13.7826
 2.0060	18.0112
 2.0052	17.0451
 2.0044	13.0220
 2.0037	12.5991
 2.0029	13.8446
 2.0021	14.4972
 2.0013	13.9585
 2.0006	14.3328
 1.9998	15.6812
