Name: Rhyolite
Type: Rock
Class: Igneous
Subclass: Felsic
Particle Size: Solid
Sample No.: AP-938-91
Owner: United States Geological Survey, L. C. Rowan
Wavelength Range: All
Origin: Iberian Pyrite Belt, Spain
Collection Date: N/A
Description: Rhyolite, fresh, blue-graySample was Whole Rock Chips. Original ASTER Spectral Library name was usgs.perknic.rock.igneous.felsic.solid.rhy91.spectrum.txt
Measurement: Directional Hemispherical Reflectance
First Column: X
Second Column: Y
X Units: Wavelength (micrometers)
Y Units:Reflectance (percent)
First X Value: 14.0510
Last X Value:  0.4050
Number of X Values: 2530
Additional Information: rock.igneous.felsic.solid.all.ap-938-91.usgs.perknic.ancillary.txt

14.0510	 2.9870
14.0130	 3.1827
13.9750	 3.4196
13.9380	 3.4917
13.9000	 3.4711
13.8630	 3.3681
13.8260	 3.5329
13.7900	 3.6050
13.7530	 3.5844
13.7170	 3.5226
13.6800	 3.3887
13.6440	 3.3269
13.6090	 3.5432
13.5730	 3.6565
13.5380	 3.6256
13.5020	 3.6668
13.4670	 3.8110
13.4320	 3.9140
13.3980	 3.9861
13.3630	 4.0067
13.3290	 3.9964
13.2950	 3.9243
13.2610	 4.0067
13.2270	 4.0994
13.1930	 4.2127
13.1600	 4.4393
13.1260	 4.6350
13.0930	 4.5732
13.0600	 4.6453
13.0270	 4.8307
12.9950	 5.0161
12.9620	 5.1500
12.9300	 5.3354
12.8980	 5.6856
12.8660	 6.3139
12.8340	 6.9422
12.8020	 7.3851
12.7710	 7.4778
12.7390	 7.2924
12.7080	 6.8289
12.6770	 6.1594
12.6460	 5.5105
12.6160	 5.0985
12.5850	 5.0161
12.5540	 5.2942
12.5240	 5.6753
12.4940	 6.0255
12.4640	 6.0564
12.4340	 5.8813
12.4040	 5.3663
12.3750	 4.4496
12.3450	 3.2960
12.3160	 2.4308
12.2870	 1.9055
12.2580	 1.6274
12.2290	 1.5656
12.2000	 1.7098
12.1710	 1.8437
12.1430	 1.9570
12.1150	 2.0497
12.0860	 2.2042
12.0580	 2.3278
12.0300	 2.5544
12.0020	 2.6883
11.9750	 2.6677
11.9470	 2.6471
11.9200	 2.7192
11.8920	 2.8325
11.8650	 2.9252
11.8380	 3.0179
11.8110	 3.0694
11.7840	 3.1312
11.7570	 3.2136
11.7310	 3.2754
11.7040	 3.3887
11.6780	 3.4917
11.6520	 3.5947
11.6260	 3.5947
11.6000	 3.6462
11.5740	 3.6462
11.5480	 3.6256
11.5220	 3.6771
11.4970	 3.8110
11.4710	 3.7904
11.4460	 3.8110
11.4210	 3.8934
11.3960	 3.9964
11.3710	 4.0376
11.3460	 4.0891
11.3210	 4.1097
11.2970	 4.0891
11.2720	 4.0994
11.2480	 4.2230
11.2230	 4.2848
11.1990	 4.3672
11.1750	 4.3775
11.1510	 4.4702
11.1270	 4.4805
11.1030	 4.4290
11.0790	 4.4393
11.0560	 4.5938
11.0320	 4.6453
11.0090	 4.7071
10.9850	 4.7483
10.9620	 4.8616
10.9390	 4.9749
10.9160	 5.0058
10.8930	 4.9543
10.8700	 5.0058
10.8480	 5.0573
10.8250	 5.0676
10.8020	 5.0985
10.7800	 5.1088
10.7580	 5.1191
10.7350	 5.2015
10.7130	 5.2633
10.6910	 5.3663
10.6690	 5.4075
10.6470	 5.4281
10.6250	 5.4590
10.6040	 5.5826
10.5820	 5.5620
10.5600	 5.6238
10.5390	 5.7062
10.5180	 5.7783
10.4960	 5.8298
10.4750	 5.9431
10.4540	 5.9431
10.4330	 5.9946
10.4120	 6.0564
10.3910	 6.1491
10.3700	 6.2315
10.3500	 6.2933
10.3290	 6.3551
10.3090	 6.5302
10.2880	 6.6126
10.2680	 6.7465
10.2470	 6.8495
10.2270	 6.9422
10.2070	 7.0349
10.1870	 7.1688
10.1670	 7.3130
10.1470	 7.3954
10.1270	 7.4778
10.1080	 7.6632
10.0880	 7.7868
10.0680	 7.9825
10.0490	 8.0855
10.0290	 8.1885
10.0100	 8.2915
 9.9910	 8.3121
 9.9720	 8.3945
 9.9520	 8.5490
 9.9330	 8.7035
 9.9140	 8.8374
 9.8950	 9.0537
 9.8770	 9.3215
 9.8580	 9.3730
 9.8390	 9.3421
 9.8210	 9.3215
 9.8020	 9.4142
 9.7830	 9.5172
 9.7650	 9.6305
 9.7470	 9.8983
 9.7280	10.1970
 9.7100	10.4236
 9.6920	10.7738
 9.6740	11.1652
 9.6560	11.5051
 9.6380	11.7626
 9.6200	11.9274
 9.6020	12.0922
 9.5850	12.3703
 9.5670	12.5042
 9.5490	12.6587
 9.5320	12.9986
 9.5140	13.4106
 9.4970	13.8226
 9.4790	14.3891
 9.4620	15.0380
 9.4450	15.8105
 9.4280	16.6654
 9.4110	17.7160
 9.3940	19.0344
 9.3770	20.6515
 9.3600	22.3716
 9.3430	23.9475
 9.3260	25.3483
 9.3090	26.4813
 9.2930	27.2126
 9.2760	27.7379
 9.2590	28.0469
 9.2430	28.2117
 9.2260	28.2323
 9.2100	28.2941
 9.1940	28.3353
 9.1780	28.2838
 9.1610	28.2941
 9.1450	28.2014
 9.1290	28.0675
 9.1130	28.0469
 9.0970	27.9851
 9.0810	27.7997
 9.0650	27.5319
 9.0490	27.3568
 9.0340	27.2023
 9.0180	27.0169
 9.0020	26.8315
 8.9870	26.6770
 8.9710	26.3474
 8.9560	26.0693
 8.9400	25.8942
 8.9250	25.6676
 8.9090	25.4101
 8.8940	25.2659
 8.8790	24.9981
 8.8640	24.6582
 8.8490	24.4007
 8.8340	24.2359
 8.8190	23.9578
 8.8040	23.6591
 8.7890	23.3707
 8.7740	23.1029
 8.7590	22.9175
 8.7440	22.7733
 8.7300	22.6600
 8.7150	22.4746
 8.7000	22.1656
 8.6860	21.7639
 8.6710	21.2180
 8.6570	20.3322
 8.6420	18.9726
 8.6280	17.3967
 8.6140	16.6757
 8.5990	17.4894
 8.5850	19.1786
 8.5710	20.7854
 8.5570	21.9287
 8.5430	22.7939
 8.5290	23.3707
 8.5150	23.8033
 8.5010	24.0917
 8.4870	24.4625
 8.4730	24.7612
 8.4590	24.9363
 8.4450	25.1423
 8.4310	25.3998
 8.4180	25.5749
 8.4040	25.7809
 8.3910	26.0281
 8.3770	26.3062
 8.3630	26.5843
 8.3500	26.8933
 8.3370	27.2023
 8.3230	27.5216
 8.3100	27.8718
 8.2970	28.2941
 8.2830	28.6649
 8.2700	28.9842
 8.2570	29.2005
 8.2440	29.3550
 8.2310	29.4683
 8.2180	29.4992
 8.2050	29.3859
 8.1920	29.0666
 8.1790	28.5207
 8.1660	27.9130
 8.1530	27.1405
 8.1400	26.0075
 8.1280	24.6067
 8.1150	23.1338
 8.1020	21.6403
 8.0900	20.3013
 8.0770	19.0138
 8.0640	17.7675
 8.0520	16.5624
 8.0390	15.4912
 8.0270	14.4303
 8.0150	13.4312
 8.0020	12.6278
 7.9900	11.9274
 7.9780	11.1343
 7.9650	10.3618
 7.9530	 9.5996
 7.9410	 8.8477
 7.9290	 8.0855
 7.9170	 7.3748
 7.9050	 6.7053
 7.8930	 6.2006
 7.8810	 5.6856
 7.8690	 5.2015
 7.8570	 4.7689
 7.8450	 4.4187
 7.8330	 4.0994
 7.8210	 3.8007
 7.8090	 3.5226
 7.7980	 3.3063
 7.7860	 3.1621
 7.7740	 3.0488
 7.7630	 2.8531
 7.7510	 2.7192
 7.7390	 2.5956
 7.7280	 2.4514
 7.7160	 2.3278
 7.7050	 2.2351
 7.6940	 2.0806
 7.6820	 1.9879
 7.6710	 1.8849
 7.6590	 1.7407
 7.6480	 1.6377
 7.6370	 1.5656
 7.6260	 1.5244
 7.6140	 1.4626
 7.6030	 1.4317
 7.5920	 1.4420
 7.5810	 1.3390
 7.5700	 1.2772
 7.5590	 1.2669
 7.5480	 1.2669
 7.5370	 1.2463
 7.5260	 1.2360
 7.5150	 1.1639
 7.5040	 1.1124
 7.4930	 1.1124
 7.4830	 1.1124
 7.4720	 1.0712
 7.4610	 1.0197
 7.4500	 0.9888
 7.4400	 1.0094
 7.4290	 0.9476
 7.4180	 0.8858
 7.4080	 0.9167
 7.3970	 1.0094
 7.3870	 1.0094
 7.3760	 0.9785
 7.3660	 0.9476
 7.3550	 0.9785
 7.3450	 0.9682
 7.3340	 0.8961
 7.3240	 0.8240
 7.3140	 0.8755
 7.3030	 0.9373
 7.2930	 0.9270
 7.2830	 0.9064
 7.2730	 0.9373
 7.2630	 0.9579
 7.2520	 0.9579
 7.2420	 0.9167
 7.2320	 0.9579
 7.2220	 0.9991
 7.2120	 1.0094
 7.2020	 0.9991
 7.1920	 1.0712
 7.1820	 1.1227
 7.1720	 1.1433
 7.1620	 1.0918
 7.1520	 1.1021
 7.1430	 1.0609
 7.1330	 0.9682
 7.1230	 0.9579
 7.1130	 1.0094
 7.1030	 1.0300
 7.0940	 1.0609
 7.0840	 1.0609
 7.0740	 1.0918
 7.0650	 1.1639
 7.0550	 1.1536
 7.0460	 1.1227
 7.0360	 1.1433
 7.0260	 1.1330
 7.0170	 1.1742
 7.0070	 1.1845
 6.9980	 1.1639
 6.9890	 1.0918
 6.9790	 1.0712
 6.9700	 1.1124
 6.9600	 1.1330
 6.9510	 1.1021
 6.9420	 1.1124
 6.9320	 1.1742
 6.9230	 1.2669
 6.9140	 1.2051
 6.9050	 1.1433
 6.8960	 1.1536
 6.8860	 1.2154
 6.8770	 1.2051
 6.8680	 1.1536
 6.8590	 1.1021
 6.8500	 1.1639
 6.8410	 1.2154
 6.8320	 1.1639
 6.8230	 1.1536
 6.8140	 1.1948
 6.8050	 1.2154
 6.7960	 1.2463
 6.7870	 1.2463
 6.7780	 1.2360
 6.7700	 1.1948
 6.7610	 1.1948
 6.7520	 1.2154
 6.7430	 1.1742
 6.7340	 1.1433
 6.7260	 1.1948
 6.7170	 1.1536
 6.7080	 1.1536
 6.7000	 1.2154
 6.6910	 1.2154
 6.6820	 1.1433
 6.6740	 1.1948
 6.6650	 1.2360
 6.6570	 1.2463
 6.6480	 1.2669
 6.6400	 1.3287
 6.6310	 1.3493
 6.6230	 1.2669
 6.6140	 1.1948
 6.6060	 1.2978
 6.5970	 1.3081
 6.5890	 1.2669
 6.5810	 1.2875
 6.5720	 1.3081
 6.5640	 1.2566
 6.5560	 1.2257
 6.5470	 1.2463
 6.5390	 1.2875
 6.5310	 1.3699
 6.5230	 1.3802
 6.5140	 1.3184
 6.5060	 1.3081
 6.4980	 1.3596
 6.4900	 1.4523
 6.4820	 1.5038
 6.4740	 1.5244
 6.4660	 1.5450
 6.4580	 1.5862
 6.4500	 1.5965
 6.4420	 1.5656
 6.4340	 1.5656
 6.4260	 1.6274
 6.4180	 1.6171
 6.4100	 1.5656
 6.4020	 1.5553
 6.3940	 1.5553
 6.3860	 1.5656
 6.3780	 1.5656
 6.3700	 1.5244
 6.3630	 1.5244
 6.3550	 1.5038
 6.3470	 1.5347
 6.3390	 1.5553
 6.3320	 1.5450
 6.3240	 1.4832
 6.3160	 1.4626
 6.3080	 1.4317
 6.3010	 1.4111
 6.2930	 1.3905
 6.2860	 1.4008
 6.2780	 1.3905
 6.2700	 1.3699
 6.2630	 1.3596
 6.2550	 1.3802
 6.2480	 1.3699
 6.2400	 1.3493
 6.2330	 1.3596
 6.2250	 1.3493
 6.2180	 1.2875
 6.2100	 1.3081
 6.2030	 1.2978
 6.1950	 1.3184
 6.1880	 1.3081
 6.1810	 1.3287
 6.1730	 1.3184
 6.1660	 1.3493
 6.1590	 1.4008
 6.1510	 1.4935
 6.1440	 1.5244
 6.1370	 1.5141
 6.1300	 1.5141
 6.1220	 1.5141
 6.1150	 1.5244
 6.1080	 1.5759
 6.1010	 1.6377
 6.0940	 1.6789
 6.0860	 1.6892
 6.0790	 1.6274
 6.0720	 1.6068
 6.0650	 1.6789
 6.0580	 1.6583
 6.0510	 1.6274
 6.0440	 1.6171
 6.0370	 1.6583
 6.0300	 1.6995
 6.0230	 1.6892
 6.0160	 1.6583
 6.0090	 1.6995
 6.0020	 1.7201
 5.9950	 1.6892
 5.9880	 1.6892
 5.9810	 1.7098
 5.9740	 1.6686
 5.9670	 1.6583
 5.9600	 1.6789
 5.9540	 1.6583
 5.9470	 1.5965
 5.9400	 1.6171
 5.9330	 1.6171
 5.9260	 1.6480
 5.9200	 1.6789
 5.9130	 1.6789
 5.9060	 1.6686
 5.8990	 1.7304
 5.8930	 1.7304
 5.8860	 1.7098
 5.8790	 1.7201
 5.8730	 1.7304
 5.8660	 1.7304
 5.8590	 1.7922
 5.8530	 1.8849
 5.8460	 1.9467
 5.8400	 1.9158
 5.8330	 1.9364
 5.8270	 1.9467
 5.8200	 1.9879
 5.8130	 1.9982
 5.8070	 1.9879
 5.8000	 1.9982
 5.7940	 2.0600
 5.7880	 2.1218
 5.7810	 2.1733
 5.7750	 2.1218
 5.7680	 2.0703
 5.7620	 2.0909
 5.7550	 2.1115
 5.7490	 2.0909
 5.7430	 2.1012
 5.7360	 2.1115
 5.7300	 2.1733
 5.7240	 2.1939
 5.7170	 2.2145
 5.7110	 2.2145
 5.7050	 2.2145
 5.6980	 2.1939
 5.6920	 2.1836
 5.6860	 2.2042
 5.6800	 2.2454
 5.6740	 2.2042
 5.6670	 2.1218
 5.6610	 2.1115
 5.6550	 2.0909
 5.6490	 2.1012
 5.6430	 2.0600
 5.6370	 2.0394
 5.6300	 1.9879
 5.6240	 1.9261
 5.6180	 1.9158
 5.6120	 1.9364
 5.6060	 1.9570
 5.6000	 1.9055
 5.5940	 1.9570
 5.5880	 1.9879
 5.5820	 1.9261
 5.5760	 1.8849
 5.5700	 1.8952
 5.5640	 1.8952
 5.5580	 1.9261
 5.5520	 1.9364
 5.5460	 1.9467
 5.5400	 1.9467
 5.5340	 1.9776
 5.5280	 2.0188
 5.5230	 2.0394
 5.5170	 2.0806
 5.5110	 2.1527
 5.5050	 2.1630
 5.4990	 2.1630
 5.4930	 2.2145
 5.4870	 2.2866
 5.4820	 2.2660
 5.4760	 2.2557
 5.4700	 2.2763
 5.4640	 2.3381
 5.4590	 2.3587
 5.4530	 2.3793
 5.4470	 2.3690
 5.4410	 2.3896
 5.4360	 2.3484
 5.4300	 2.2969
 5.4240	 2.2866
 5.4190	 2.3278
 5.4130	 2.2969
 5.4070	 2.2557
 5.4020	 2.2248
 5.3960	 2.1733
 5.3900	 2.0806
 5.3850	 2.0394
 5.3790	 2.0188
 5.3740	 1.9776
 5.3680	 1.9570
 5.3630	 1.9570
 5.3570	 1.8849
 5.3520	 1.9055
 5.3460	 1.9158
 5.3410	 1.9158
 5.3350	 1.9261
 5.3300	 1.9055
 5.3240	 1.9364
 5.3190	 1.9776
 5.3130	 1.9467
 5.3080	 1.9158
 5.3020	 1.9158
 5.2970	 1.9364
 5.2910	 1.9673
 5.2860	 1.9879
 5.2810	 1.9982
 5.2750	 2.0394
 5.2700	 2.0291
 5.2650	 2.0291
 5.2590	 2.0291
 5.2540	 2.0806
 5.2490	 2.1115
 5.2430	 2.1836
 5.2380	 2.2660
 5.2330	 2.3278
 5.2270	 2.3587
 5.2220	 2.4411
 5.2170	 2.5441
 5.2120	 2.5956
 5.2060	 2.5853
 5.2010	 2.6059
 5.1960	 2.6162
 5.1910	 2.6368
 5.1860	 2.6368
 5.1800	 2.6574
 5.1750	 2.6677
 5.1700	 2.6780
 5.1650	 2.6162
 5.1600	 2.5956
 5.1550	 2.6162
 5.1500	 2.6780
 5.1450	 2.6986
 5.1390	 2.6780
 5.1340	 2.6883
 5.1290	 2.6780
 5.1240	 2.6574
 5.1190	 2.6677
 5.1140	 2.6883
 5.1090	 2.6780
 5.1040	 2.6677
 5.0990	 2.6780
 5.0940	 2.6883
 5.0890	 2.6780
 5.0840	 2.5956
 5.0790	 2.5750
 5.0740	 2.5853
 5.0690	 2.5956
 5.0640	 2.5853
 5.0590	 2.5853
 5.0540	 2.5853
 5.0490	 2.6368
 5.0440	 2.6574
 5.0400	 2.6471
 5.0350	 2.6162
 5.0300	 2.6059
 5.0250	 2.5647
 5.0200	 2.5750
 5.0150	 2.5956
 5.0100	 2.6162
 5.0050	 2.6265
 5.0010	 2.5853
 4.9960	 2.6368
 4.9910	 2.7295
 4.9860	 2.6883
 4.9810	 2.6265
 4.9770	 2.6986
 4.9720	 2.8222
 4.9670	 2.8840
 4.9620	 2.9561
 4.9580	 2.9767
 4.9530	 3.0179
 4.9480	 3.0797
 4.9430	 3.1312
 4.9390	 3.1312
 4.9340	 3.1621
 4.9290	 3.2239
 4.9250	 3.2548
 4.9200	 3.2960
 4.9150	 3.3578
 4.9110	 3.3990
 4.9060	 3.4814
 4.9010	 3.6359
 4.8970	 3.8007
 4.8920	 3.9243
 4.8880	 4.1097
 4.8830	 4.2333
 4.8780	 4.3157
 4.8740	 4.3672
 4.8690	 4.4908
 4.8650	 4.6041
 4.8600	 4.6762
 4.8560	 4.7174
 4.8510	 4.8513
 4.8460	 4.9543
 4.8420	 5.0264
 4.8370	 5.0264
 4.8330	 5.0264
 4.8280	 5.1191
 4.8240	 5.2324
 4.8190	 5.2530
 4.8150	 5.2221
 4.8100	 5.2221
 4.8060	 5.2839
 4.8020	 5.3148
 4.7970	 5.3045
 4.7930	 5.3354
 4.7880	 5.3457
 4.7840	 5.3045
 4.7790	 5.2942
 4.7750	 5.3251
 4.7710	 5.3560
 4.7660	 5.4075
 4.7620	 5.5208
 4.7580	 5.5208
 4.7530	 5.5105
 4.7490	 5.5723
 4.7440	 5.6444
 4.7400	 5.7165
 4.7360	 5.7783
 4.7310	 5.7268
 4.7270	 5.7165
 4.7230	 5.7577
 4.7190	 5.7989
 4.7140	 5.7783
 4.7100	 5.7371
 4.7060	 5.7577
 4.7010	 5.7474
 4.6970	 5.7165
 4.6930	 5.7474
 4.6890	 5.7783
 4.6840	 5.7783
 4.6800	 5.6959
 4.6760	 5.6547
 4.6720	 5.7165
 4.6680	 5.8195
 4.6630	 5.8916
 4.6590	 6.0049
 4.6550	 6.0461
 4.6510	 6.0770
 4.6470	 6.1079
 4.6430	 6.1800
 4.6380	 6.2521
 4.6340	 6.2933
 4.6300	 6.3757
 4.6260	 6.5405
 4.6220	 6.6332
 4.6180	 6.5920
 4.6140	 6.5817
 4.6100	 6.7053
 4.6050	 6.8083
 4.6010	 6.7980
 4.5970	 6.7877
 4.5930	 6.8804
 4.5890	 6.9834
 4.5850	 7.0040
 4.5810	 7.0143
 4.5770	 7.0761
 4.5730	 7.0967
 4.5690	 7.0864
 4.5650	 7.1276
 4.5610	 7.2100
 4.5570	 7.1997
 4.5530	 7.1791
 4.5490	 7.1379
 4.5450	 7.1791
 4.5410	 7.2512
 4.5370	 7.2100
 4.5330	 7.1379
 4.5290	 7.1276
 4.5250	 7.0864
 4.5210	 6.9834
 4.5170	 6.9319
 4.5130	 6.9010
 4.5090	 6.7877
 4.5050	 6.6847
 4.5020	 6.6538
 4.4980	 6.6332
 4.4940	 6.6126
 4.4900	 6.6023
 4.4860	 6.5611
 4.4820	 6.5817
 4.4780	 6.6229
 4.4740	 6.6229
 4.4700	 6.5817
 4.4670	 6.5405
 4.4630	 6.5096
 4.4590	 6.5302
 4.4550	 6.5817
 4.4510	 6.7156
 4.4470	 6.8083
 4.4440	 6.8495
 4.4400	 6.9628
 4.4360	 6.9834
 4.4320	 6.9628
 4.4280	 7.0864
 4.4250	 7.1585
 4.4210	 7.2100
 4.4170	 7.2718
 4.4130	 7.3130
 4.4100	 7.3748
 4.4060	 7.4160
 4.4020	 7.5087
 4.3980	 7.6220
 4.3950	 7.7147
 4.3910	 7.8280
 4.3870	 7.8589
 4.3840	 7.9001
 4.3800	 7.9516
 4.3760	 8.1061
 4.3720	 8.2400
 4.3690	 8.3018
 4.3650	 8.3842
 4.3610	 8.5181
 4.3580	 8.6417
 4.3540	 8.6932
 4.3500	 8.6829
 4.3470	 8.7035
 4.3430	 8.7962
 4.3400	 8.8683
 4.3360	 8.9095
 4.3320	 8.9816
 4.3290	 9.0640
 4.3250	 9.1567
 4.3210	 9.1567
 4.3180	 9.1052
 4.3140	 9.1258
 4.3110	 9.1979
 4.3070	 9.1773
 4.3040	 9.2185
 4.3000	 9.2494
 4.2960	 9.1670
 4.2930	 9.1258
 4.2890	 9.2597
 4.2860	 9.3627
 4.2820	 9.4245
 4.2790	 9.4348
 4.2750	 9.4451
 4.2720	 9.5069
 4.2680	 9.4966
 4.2650	 9.5378
 4.2610	 9.5790
 4.2580	 9.5893
 4.2540	 9.6511
 4.2510	 9.7232
 4.2470	 9.7747
 4.2440	 9.7953
 4.2400	 9.8262
 4.2370	 9.8159
 4.2330	 9.7644
 4.2300	 9.7438
 4.2260	 9.8159
 4.2230	 9.8159
 4.2190	 9.7644
 4.2160	 9.7335
 4.2130	 9.8056
 4.2090	 9.8777
 4.2060	 9.8880
 4.2020	 9.8262
 4.1990	 9.8159
 4.1960	 9.7850
 4.1920	 9.8365
 4.1890	 9.8983
 4.1850	 9.9086
 4.1820	 9.8983
 4.1790	 9.8983
 4.1750	 9.9189
 4.1720	 9.9807
 4.1690	10.0116
 4.1650	10.0322
 4.1620	10.1249
 4.1590	10.1764
 4.1550	10.1661
 4.1520	10.1661
 4.1490	10.1867
 4.1450	10.2279
 4.1420	10.1867
 4.1390	10.1455
 4.1350	10.2279
 4.1320	10.3000
 4.1290	10.3309
 4.1260	10.3927
 4.1220	10.3721
 4.1190	10.3721
 4.1160	10.4545
 4.1120	10.4957
 4.1090	10.4957
 4.1060	10.5472
 4.1030	10.5060
 4.0990	10.5472
 4.0960	10.6605
 4.0930	10.7120
 4.0900	10.7017
 4.0860	10.6502
 4.0830	10.6502
 4.0800	10.7326
 4.0770	10.7738
 4.0740	10.8150
 4.0700	10.7635
 4.0670	10.7532
 4.0640	10.7326
 4.0610	10.7017
 4.0580	10.7326
 4.0550	10.7326
 4.0510	10.8047
 4.0480	10.8356
 4.0450	10.7738
 4.0420	10.7841
 4.0390	10.8253
 4.0360	10.8459
 4.0320	10.7944
 4.0290	10.7944
 4.0260	10.7326
 4.0230	10.6399
 4.0200	10.7120
 4.0170	10.8047
 4.0140	10.7326
 4.0110	10.7944
 4.0080	10.8562
 4.0040	10.8665
 4.0010	10.7841
 3.9980	10.7120
 3.9950	10.7326
 3.9920	10.8150
 3.9890	10.8459
 3.9860	10.8047
 3.9830	10.8253
 3.9800	10.8665
 3.9770	10.8871
 3.9740	10.9489
 3.9710	10.9283
 3.9680	10.9489
 3.9650	10.9798
 3.9620	11.0313
 3.9590	10.9695
 3.9560	10.9798
 3.9530	11.0313
 3.9500	11.0210
 3.9470	10.9695
 3.9440	10.9386
 3.9410	11.0416
 3.9380	11.1137
 3.9350	11.2064
 3.9320	11.2682
 3.9290	11.1549
 3.9260	11.1549
 3.9230	11.1549
 3.9200	11.1652
 3.9170	11.2064
 3.9140	11.1549
 3.9110	11.1343
 3.9080	11.1549
 3.9050	11.1137
 3.9020	11.1755
 3.8990	11.1858
 3.8960	11.1240
 3.8930	11.1137
 3.8900	11.0931
 3.8870	10.9901
 3.8840	11.0004
 3.8820	11.0519
 3.8790	11.0828
 3.8760	11.1240
 3.8730	11.1652
 3.8700	11.1549
 3.8670	11.1343
 3.8640	11.1446
 3.8610	11.1137
 3.8580	11.0313
 3.8560	11.0519
 3.8530	11.0416
 3.8500	11.0828
 3.8470	11.1034
 3.8440	11.0622
 3.8410	11.0828
 3.8380	11.1240
 3.8360	11.1755
 3.8330	11.2270
 3.8300	11.2579
 3.8270	11.1549
 3.8240	11.0828
 3.8220	11.1446
 3.8190	11.1034
 3.8160	11.1240
 3.8130	11.1961
 3.8100	11.1858
 3.8070	11.1137
 3.8050	11.1137
 3.8020	11.1446
 3.7990	11.1652
 3.7960	11.1446
 3.7940	11.1240
 3.7910	11.1343
 3.7880	11.1858
 3.7850	11.2167
 3.7820	11.1652
 3.7800	11.1446
 3.7770	11.1755
 3.7740	11.1755
 3.7710	11.1137
 3.7690	11.0416
 3.7660	11.0931
 3.7630	11.0313
 3.7610	10.9798
 3.7580	10.9798
 3.7550	10.9901
 3.7520	11.0416
 3.7500	10.9798
 3.7470	10.8974
 3.7440	10.8768
 3.7420	10.8665
 3.7390	10.8665
 3.7360	10.8562
 3.7330	10.8768
 3.7310	10.9180
 3.7280	10.9283
 3.7250	10.8356
 3.7230	10.8665
 3.7200	10.9077
 3.7170	10.8665
 3.7150	10.8253
 3.7120	10.9180
 3.7090	10.9798
 3.7070	10.9798
 3.7040	10.8974
 3.7020	10.9386
 3.6990	10.9283
 3.6960	10.8665
 3.6940	10.9180
 3.6910	10.9592
 3.6880	10.8768
 3.6860	10.8768
 3.6830	10.9283
 3.6800	10.9180
 3.6780	10.8768
 3.6750	10.9386
 3.6730	11.0416
 3.6700	11.1137
 3.6670	11.0828
 3.6650	11.0210
 3.6620	10.9386
 3.6600	11.0210
 3.6570	11.0931
 3.6550	11.0519
 3.6520	10.9592
 3.6490	10.9592
 3.6470	10.9489
 3.6440	10.9901
 3.6420	11.0313
 3.6390	10.9592
 3.6370	10.8562
 3.6340	10.8253
 3.6320	10.8665
 3.6290	10.9901
 3.6260	11.0107
 3.6240	10.9695
 3.6210	10.8356
 3.6190	10.8562
 3.6160	10.8562
 3.6140	10.8047
 3.6110	10.7326
 3.6090	10.6502
 3.6060	10.6708
 3.6040	10.7429
 3.6010	10.7326
 3.5990	10.6811
 3.5960	10.6399
 3.5940	10.6605
 3.5910	10.6811
 3.5890	10.7120
 3.5860	10.7738
 3.5840	10.6605
 3.5810	10.5678
 3.5790	10.5884
 3.5760	10.5472
 3.5740	10.5575
 3.5710	10.6399
 3.5690	10.6708
 3.5670	10.6296
 3.5640	10.5163
 3.5620	10.4030
 3.5590	10.3927
 3.5570	10.3309
 3.5540	10.3103
 3.5520	10.3824
 3.5490	10.3618
 3.5470	10.3515
 3.5450	10.3618
 3.5420	10.2279
 3.5400	10.2176
 3.5370	10.2279
 3.5350	10.2382
 3.5330	10.2279
 3.5300	10.1764
 3.5280	10.2279
 3.5250	10.2176
 3.5230	10.1249
 3.5210	10.1558
 3.5180	10.1867
 3.5160	10.1764
 3.5130	10.1455
 3.5110	10.0219
 3.5090	 9.9807
 3.5060	10.0013
 3.5040	 9.8983
 3.5020	 9.8880
 3.4990	 9.9086
 3.4970	 9.8365
 3.4940	 9.7541
 3.4920	 9.8880
 3.4900	 9.9498
 3.4870	 9.8880
 3.4850	 9.7232
 3.4830	 9.7232
 3.4800	 9.7438
 3.4780	 9.7644
 3.4760	 9.7953
 3.4730	 9.7850
 3.4710	 9.6408
 3.4690	 9.6408
 3.4660	 9.6923
 3.4640	 9.7026
 3.4620	 9.6099
 3.4600	 9.5790
 3.4570	 9.6511
 3.4550	 9.6820
 3.4530	 9.6511
 3.4500	 9.6408
 3.4480	 9.5069
 3.4460	 9.5069
 3.4430	 9.5893
 3.4410	 9.5893
 3.4390	 9.4657
 3.4370	 9.3421
 3.4340	 9.3009
 3.4320	 9.3833
 3.4300	 9.4451
 3.4280	 9.3009
 3.4250	 9.1567
 3.4230	 9.1876
 3.4210	 9.1773
 3.4180	 9.1361
 3.4160	 9.0537
 3.4140	 9.0743
 3.4120	 9.0640
 3.4090	 9.0125
 3.4070	 8.8889
 3.4050	 8.8786
 3.4030	 9.0331
 3.4010	 9.0537
 3.3980	 8.9095
 3.3960	 8.9507
 3.3940	 9.0228
 3.3920	 8.9816
 3.3890	 8.9610
 3.3870	 8.9713
 3.3850	 8.8477
 3.3830	 8.7859
 3.3810	 8.7447
 3.3780	 8.7962
 3.3760	 8.7859
 3.3740	 8.7138
 3.3720	 8.6829
 3.3700	 8.7138
 3.3670	 8.7653
 3.3650	 8.8065
 3.3630	 8.7241
 3.3610	 8.6623
 3.3590	 8.6417
 3.3570	 8.6726
 3.3540	 8.7241
 3.3520	 8.7241
 3.3500	 8.6726
 3.3480	 8.6108
 3.3460	 8.6314
 3.3440	 8.7241
 3.3410	 8.5696
 3.3390	 8.4048
 3.3370	 8.4460
 3.3350	 8.6417
 3.3330	 8.6314
 3.3310	 8.5799
 3.3290	 8.4666
 3.3260	 8.4048
 3.3240	 8.4048
 3.3220	 8.4151
 3.3200	 8.3945
 3.3180	 8.3842
 3.3160	 8.4563
 3.3140	 8.3636
 3.3120	 8.3533
 3.3090	 8.3636
 3.3070	 8.3224
 3.3050	 8.4254
 3.3030	 8.3121
 3.3010	 8.1679
 3.2990	 8.1576
 3.2970	 8.0855
 3.2950	 7.9722
 3.2930	 8.0134
 3.2910	 8.1267
 3.2880	 8.1782
 3.2860	 8.2194
 3.2840	 8.2400
 3.2820	 8.0649
 3.2800	 7.8795
 3.2780	 7.9104
 3.2760	 7.9619
 3.2740	 7.9104
 3.2720	 7.9619
 3.2700	 8.0031
 3.2680	 7.8589
 3.2660	 7.7250
 3.2640	 7.7250
 3.2620	 7.8280
 3.2590	 7.8280
 3.2570	 7.8692
 3.2550	 7.9310
 3.2530	 7.8074
 3.2510	 7.7250
 3.2490	 7.6838
 3.2470	 7.7662
 3.2450	 7.7044
 3.2430	 7.6220
 3.2410	 7.6323
 3.2390	 7.6323
 3.2370	 7.6632
 3.2350	 7.6941
 3.2330	 7.6220
 3.2310	 7.6323
 3.2290	 7.6117
 3.2270	 7.5911
 3.2250	 7.5808
 3.2230	 7.5293
 3.2210	 7.5499
 3.2190	 7.5911
 3.2170	 7.5087
 3.2150	 7.4778
 3.2130	 7.3851
 3.2110	 7.3439
 3.2090	 7.4366
 3.2070	 7.4572
 3.2050	 7.4469
 3.2030	 7.4160
 3.2010	 7.3439
 3.1990	 7.4160
 3.1970	 7.4160
 3.1950	 7.2821
 3.1930	 7.1379
 3.1910	 7.0967
 3.1890	 7.1791
 3.1870	 7.2821
 3.1850	 7.2821
 3.1830	 7.2203
 3.1820	 7.2306
 3.1800	 7.1585
 3.1780	 7.0246
 3.1760	 6.9937
 3.1740	 7.0555
 3.1720	 7.1379
 3.1700	 7.1894
 3.1680	 7.0246
 3.1660	 6.9216
 3.1640	 6.9937
 3.1620	 6.9422
 3.1600	 6.9525
 3.1580	 6.9834
 3.1560	 6.9834
 3.1540	 6.9113
 3.1520	 6.8495
 3.1510	 6.8907
 3.1490	 6.8907
 3.1470	 6.8186
 3.1450	 6.8804
 3.1430	 6.8289
 3.1410	 6.8392
 3.1390	 6.8289
 3.1370	 6.7568
 3.1350	 6.7362
 3.1330	 6.7671
 3.1320	 6.9010
 3.1300	 6.9113
 3.1280	 6.8392
 3.1260	 6.7877
 3.1240	 6.6950
 3.1220	 6.5714
 3.1200	 6.4890
 3.1180	 6.5508
 3.1170	 6.6744
 3.1150	 6.7568
 3.1130	 6.6847
 3.1110	 6.6641
 3.1090	 6.5508
 3.1070	 6.5096
 3.1050	 6.4993
 3.1030	 6.4478
 3.1020	 6.2830
 3.1000	 6.3551
 3.0980	 6.4272
 3.0960	 6.4169
 3.0940	 6.4787
 3.0920	 6.4684
 3.0910	 6.4478
 3.0890	 6.4272
 3.0870	 6.4272
 3.0850	 6.4581
 3.0830	 6.4890
 3.0810	 6.5096
 3.0790	 6.3963
 3.0780	 6.4169
 3.0760	 6.3963
 3.0740	 6.2933
 3.0720	 6.3757
 3.0700	 6.4272
 3.0690	 6.3242
 3.0670	 6.2830
 3.0650	 6.2006
 3.0630	 6.1594
 3.0610	 6.2315
 3.0600	 6.3860
 3.0580	 6.2830
 3.0560	 6.1697
 3.0540	 6.1697
 3.0520	 6.2624
 3.0510	 6.2212
 3.0490	 6.2109
 3.0470	 6.3139
 3.0450	 6.2933
 3.0430	 6.2727
 3.0420	 6.3345
 3.0400	 6.3345
 3.0380	 6.3036
 3.0360	 6.2006
 3.0340	 6.1079
 3.0330	 6.0255
 3.0310	 6.0564
 3.0290	 6.0976
 3.0270	 6.0976
 3.0260	 6.1491
 3.0240	 6.2521
 3.0220	 6.1800
 3.0200	 6.1388
 3.0190	 6.1285
 3.0170	 6.0770
 3.0150	 6.0049
 3.0130	 6.1388
 3.0120	 6.0667
 3.0100	 5.9019
 3.0080	 6.0461
 3.0060	 6.0976
 3.0050	 6.0564
 3.0030	 6.0667
 3.0010	 6.2418
 2.9990	 6.3757
 2.9980	 6.2830
 2.9960	 6.1079
 2.9940	 6.0049
 2.9920	 5.9843
 2.9910	 6.0049
 2.9890	 6.1285
 2.9870	 6.0873
 2.9860	 5.9328
 2.9840	 5.8607
 2.9820	 5.9740
 2.9800	 6.1285
 2.9790	 6.2109
 2.9770	 6.0976
 2.9750	 6.0461
 2.9740	 5.9740
 2.9720	 5.8092
 2.9700	 5.6547
 2.9680	 5.7886
 2.9670	 6.0049
 2.9650	 5.8916
 2.9630	 5.9431
 2.9620	 6.0770
 2.9600	 6.0358
 2.9580	 6.0049
 2.9570	 5.8710
 2.9550	 5.7268
 2.9530	 5.7062
 2.9520	 5.8916
 2.9500	 6.0049
 2.9480	 5.9740
 2.9470	 6.0255
 2.9450	 5.9431
 2.9430	 5.7680
 2.9420	 5.7989
 2.9400	 6.0152
 2.9380	 6.1388
 2.9370	 6.1182
 2.9350	 5.9946
 2.9330	 5.9843
 2.9320	 5.9946
 2.9300	 6.0049
 2.9280	 6.0461
 2.9270	 6.0358
 2.9250	 5.9843
 2.9230	 6.0358
 2.9220	 6.0358
 2.9200	 6.0461
 2.9180	 6.0770
 2.9170	 6.0667
 2.9150	 6.0873
 2.9130	 5.9946
 2.9120	 5.9637
 2.9100	 5.9946
 2.9090	 6.0976
 2.9070	 5.9843
 2.9050	 5.8813
 2.9040	 5.9843
 2.9020	 6.0461
 2.9000	 6.1285
 2.8990	 6.0873
 2.8970	 5.9843
 2.8960	 6.0976
 2.8940	 6.1285
 2.8920	 6.0358
 2.8910	 6.1388
 2.8890	 6.1903
 2.8870	 6.2624
 2.8860	 6.2624
 2.8840	 6.0976
 2.8830	 6.1594
 2.8810	 6.1800
 2.8790	 5.9843
 2.8780	 5.8401
 2.8760	 5.9534
 2.8750	 6.1182
 2.8730	 6.0873
 2.8710	 6.2521
 2.8700	 6.4169
 2.8680	 6.3963
 2.8670	 6.3242
 2.8650	 6.1491
 2.8640	 6.1491
 2.8620	 6.2933
 2.8600	 6.2624
 2.8590	 6.2418
 2.8570	 6.2933
 2.8560	 6.3654
 2.8540	 6.4684
 2.8530	 6.3860
 2.8510	 6.3345
 2.8490	 6.3036
 2.8480	 6.2418
 2.8460	 6.3757
 2.8450	 6.4684
 2.8430	 6.5611
 2.8420	 6.6538
 2.8400	 6.4169
 2.8380	 6.2109
 2.8370	 6.4272
 2.8350	 6.6023
 2.8340	 6.4375
 2.8320	 6.2727
 2.8310	 6.3036
 2.8290	 6.3963
 2.8280	 6.3551
 2.8260	 6.3448
 2.8250	 6.2727
 2.8230	 6.2109
 2.8210	 6.2933
 2.8200	 6.2933
 2.8180	 6.0358
 2.8170	 5.8813
 2.8150	 5.8710
 2.8140	 5.7268
 2.8120	 5.7474
 2.8110	 6.1697
 2.8090	 6.0564
 2.8080	 5.8401
 2.8060	 5.7268
 2.8050	 5.5826
 2.8030	 5.5105
 2.8020	 5.7474
 2.8000	 5.8401
 2.7990	 5.6753
 2.7970	 5.4693
 2.7960	 5.3869
 2.7940	 5.4075
 2.7930	 5.3354
 2.7910	 5.4384
 2.7900	 5.5002
 2.7880	 5.5002
 2.7870	 5.4487
 2.7850	 5.2736
 2.7840	 5.1191
 2.7820	 5.2118
 2.7810	 5.3663
 2.7790	 5.0676
 2.7780	 4.9337
 2.7760	 5.0676
 2.7750	 5.1397
 2.7730	 5.1294
 2.7720	 4.9646
 2.7700	 4.8822
 2.7690	 4.9852
 2.7670	 4.9337
 2.7660	 4.8410
 2.7640	 4.9131
 2.7630	 4.8925
 2.7610	 4.9337
 2.7600	 5.0058
 2.7580	 5.0676
 2.7570	 5.2118
 2.7560	 5.2942
 2.7540	 5.3766
 2.7530	 5.2427
 2.7510	 5.2427
 2.7500	 5.1397
 2.7480	 5.3045
 2.7470	 5.5826
 2.7450	 5.6032
 2.7440	 5.6856
 2.7420	 5.7886
 2.7410	 5.7783
 2.7400	 5.6650
 2.7380	 5.5105
 2.7370	 5.7062
 2.7350	 6.0976
 2.7340	 6.3757
 2.7320	 6.3448
 2.7310	 6.1594
 2.7290	 6.4993
 2.7280	 6.9216
 2.7270	 6.8598
 2.7250	 6.7877
 2.7240	 6.7774
 2.7220	 6.7259
 2.7210	 6.8289
 2.7190	 7.1379
 2.7180	 7.4160
 2.7170	 7.2821
 2.7150	 7.1688
 2.7140	 7.0967
 2.7120	 7.0555
 2.7110	 7.0658
 2.7090	 6.7877
 2.7080	 6.5920
 2.7070	 6.2624
 2.7050	 6.0770
 2.7040	 6.4478
 2.7020	 7.0967
 2.7010	 7.4572
 2.7000	 7.6426
 2.6980	 7.7250
 2.6970	 7.7868
 2.6950	 8.0958
 2.6940	 8.4975
 2.6930	 8.9301
 2.6910	 9.3627
 2.6900	 9.7541
 2.6880	10.0528
 2.6870	10.3000
 2.6860	10.7532
 2.6840	11.0519
 2.6830	11.1858
 2.6810	11.4227
 2.6800	11.4742
 2.6790	11.3918
 2.6770	11.3609
 2.6760	11.7317
 2.6750	11.9583
 2.6730	12.0407
 2.6720	12.1643
 2.6700	12.2364
 2.6690	12.3600
 2.6680	12.2982
 2.6660	12.4527
 2.6650	12.6896
 2.6640	12.7205
 2.6620	12.6381
 2.6610	12.5351
 2.6590	12.7205
 2.6580	12.8956
 2.6570	13.1016
 2.6550	13.1222
 2.6540	13.1737
 2.6530	13.0295
 2.6510	12.7823
 2.6500	12.7411
 2.6490	12.7926
 2.6470	13.2561
 2.6460	13.4930
 2.6450	13.2458
 2.6430	13.3282
 2.6420	13.4930
 2.6400	13.5136
 2.6390	13.2252
 2.6380	13.2355
 2.6360	13.3385
 2.6350	13.3694
 2.6340	13.3694
 2.6320	13.6269
 2.6310	13.6372
 2.6300	13.4003
 2.6280	13.3385
 2.6270	13.4312
 2.6260	13.4724
 2.6240	13.4003
 2.6230	13.3694
 2.6220	13.4415
 2.6200	13.5857
 2.6190	13.6475
 2.6180	13.5754
 2.6170	13.3591
 2.6150	13.3488
 2.6140	13.3694
 2.6130	13.4106
 2.6110	13.4415
 2.6100	13.3488
 2.6090	13.2870
 2.6070	13.5136
 2.6060	13.6784
 2.6050	13.2458
 2.6030	13.1840
 2.6020	13.4621
 2.6010	13.7917
 2.5990	13.8329
 2.5980	13.7196
 2.5970	13.4827
 2.5960	13.1428
 2.5940	13.3694
 2.5930	13.6475
 2.5920	13.6166
 2.5900	13.4518
 2.5890	13.3797
 2.5880	13.4518
 2.5860	13.5857
 2.5850	13.6372
 2.5840	13.7196
 2.5830	13.5445
 2.5810	13.4312
 2.5800	13.6990
 2.5790	13.7505
 2.5770	13.7917
 2.5760	13.9153
 2.5750	13.9668
 2.5740	13.8535
 2.5720	13.6784
 2.5710	13.5651
 2.5700	13.9050
 2.5690	14.0492
 2.5670	13.7917
 2.5660	13.7402
 2.5650	13.7402
 2.5630	13.7608
 2.5620	13.6578
 2.5610	13.4518
 2.5600	13.5342
 2.5580	13.8947
 2.5570	13.7917
 2.5560	13.6475
 2.5550	13.7505
 2.5530	13.5033
 2.5520	13.3900
 2.5510	13.4621
 2.5500	13.7402
 2.5480	13.8844
 2.5470	13.6990
 2.5460	13.5960
 2.5450	13.6475
 2.5430	13.3591
 2.5420	13.4312
 2.5410	13.7711
 2.5400	13.7711
 2.5380	13.8432
 2.5370	14.0492
 2.5360	13.9874
 2.5350	13.9153
 2.5330	13.9462
 2.5320	13.7814
 2.5310	13.5651
 2.5300	13.4827
 2.5280	13.6887
 2.5270	13.6372
 2.5260	13.6269
 2.5250	13.6475
 2.5240	13.7608
 2.5220	13.8123
 2.5210	13.9050
 2.5200	14.0286
 2.5190	14.1831
 2.5170	14.2243
 2.5160	14.0183
 2.5150	13.8329
 2.5140	13.7299
 2.5130	13.6372
 2.5110	13.6063
 2.5100	13.4827
 2.5090	13.6578
 2.5080	13.7814
 2.5060	13.5960
 2.5050	13.6681
 2.5040	13.9874
 2.5030	14.0698
 2.5020	13.7196
 2.5000	13.7505
 2.4970	13.7505
 2.4930	13.6505
 2.4890	13.6505
 2.4850	13.6505
 2.4810	13.6505
 2.4770	13.4505
 2.4730	13.4505
 2.4690	13.2505
 2.4650	13.4505
 2.4610	13.4505
 2.4570	13.4505
 2.4530	13.2505
 2.4490	13.2505
 2.4450	13.1505
 2.4410	13.2505
 2.4370	13.2505
 2.4330	13.4505
 2.4290	13.2505
 2.4250	13.5505
 2.4210	13.5505
 2.4170	13.5505
 2.4130	13.2505
 2.4090	13.2505
 2.4050	13.2505
 2.4010	13.2505
 2.3970	13.2505
 2.3930	13.4505
 2.3890	13.4505
 2.3850	13.5505
 2.3810	13.2505
 2.3770	13.4505
 2.3730	13.1505
 2.3690	13.2505
 2.3650	13.2505
 2.3610	13.2505
 2.3570	13.0505
 2.3530	13.0505
 2.3490	13.0505
 2.3450	13.1505
 2.3410	13.2505
 2.3370	13.2505
 2.3330	13.0505
 2.3290	12.9505
 2.3250	12.9505
 2.3210	12.9505
 2.3170	12.7505
 2.3130	12.9505
 2.3090	12.7505
 2.3050	12.7505
 2.3010	12.4505
 2.2970	12.7505
 2.2930	12.5505
 2.2890	12.6505
 2.2850	12.9505
 2.2810	13.1505
 2.2770	13.2505
 2.2730	13.2505
 2.2690	13.4505
 2.2650	13.2505
 2.2610	13.2505
 2.2570	13.1505
 2.2530	13.0505
 2.2490	13.0505
 2.2450	13.0505
 2.2410	13.0505
 2.2370	12.9505
 2.2330	13.1505
 2.2290	13.0505
 2.2250	12.7505
 2.2210	12.7505
 2.2170	12.7505
 2.2130	12.7505
 2.2090	12.7505
 2.2050	12.9505
 2.2010	12.9505
 2.1970	13.0505
 2.1930	13.0505
 2.1890	13.0505
 2.1850	13.1505
 2.1810	13.0505
 2.1770	13.1505
 2.1730	13.1505
 2.1690	13.2505
 2.1650	13.2505
 2.1610	13.1505
 2.1570	13.1505
 2.1530	13.2505
 2.1490	13.2505
 2.1450	13.2505
 2.1410	13.2505
 2.1370	13.4505
 2.1330	13.2505
 2.1290	13.1505
 2.1250	13.1505
 2.1210	13.2505
 2.1170	13.4505
 2.1130	13.4505
 2.1090	13.4505
 2.1050	13.2505
 2.1010	13.4505
 2.0970	13.4505
 2.0930	13.4505
 2.0890	13.4505
 2.0850	13.4505
 2.0810	13.4505
 2.0770	13.5505
 2.0730	13.4505
 2.0690	13.4505
 2.0650	13.4505
 2.0610	13.2505
 2.0570	13.2505
 2.0530	13.2505
 2.0490	13.4505
 2.0450	13.4505
 2.0410	13.4505
 2.0370	13.4505
 2.0330	13.2505
 2.0290	13.4505
 2.0250	13.2505
 2.0210	13.1505
 2.0170	13.0505
 2.0130	13.1505
 2.0090	13.0505
 2.0050	12.9505
 2.0010	13.1505
 1.9970	13.0505
 1.9930	13.0505
 1.9890	13.0505
 1.9850	13.0505
 1.9810	12.9505
 1.9770	12.9505
 1.9730	13.0505
 1.9690	13.0505
 1.9650	13.2505
 1.9610	13.1505
 1.9570	13.0505
 1.9530	13.0505
 1.9490	12.9505
 1.9450	12.9505
 1.9410	12.7505
 1.9370	12.7505
 1.9330	12.9505
 1.9290	12.7505
 1.9250	12.7505
 1.9210	12.7505
 1.9170	12.6505
 1.9130	12.9505
 1.9090	12.9505
 1.9050	13.0505
 1.9010	12.9505
 1.8970	13.0505
 1.8930	13.0505
 1.8890	13.0505
 1.8850	13.0505
 1.8810	13.1505
 1.8770	13.4505
 1.8730	13.2505
 1.8690	13.1505
 1.8650	12.9505
 1.8610	13.0505
 1.8570	13.0505
 1.8530	13.2505
 1.8490	13.4505
 1.8450	13.5505
 1.8410	13.4505
 1.8370	13.5505
 1.8330	13.2505
 1.8290	13.2505
 1.8250	13.4505
 1.8210	13.2505
 1.8170	13.4505
 1.8130	13.2505
 1.8090	13.4505
 1.8050	13.2505
 1.8010	13.4505
 1.7970	13.4505
 1.7930	13.4505
 1.7890	13.4505
 1.7850	13.4505
 1.7810	13.4505
 1.7770	13.5505
 1.7730	13.5505
 1.7690	13.4505
 1.7650	13.5505
 1.7610	13.5505
 1.7570	13.4505
 1.7530	13.4505
 1.7490	13.5505
 1.7450	13.5505
 1.7410	13.5505
 1.7370	13.4505
 1.7330	13.5505
 1.7290	13.5505
 1.7250	13.6505
 1.7210	13.5505
 1.7170	13.6505
 1.7130	13.6505
 1.7090	13.6505
 1.7050	13.5505
 1.7010	13.6505
 1.6970	13.7505
 1.6930	13.7505
 1.6890	13.7505
 1.6850	13.7505
 1.6810	13.7505
 1.6770	13.7505
 1.6730	13.8505
 1.6690	13.7505
 1.6650	13.6505
 1.6610	13.8505
 1.6570	13.7505
 1.6530	14.0505
 1.6490	14.0505
 1.6450	13.8505
 1.6410	13.8505
 1.6370	14.0505
 1.6330	13.8505
 1.6290	14.0505
 1.6250	14.0505
 1.6210	14.1505
 1.6170	14.0505
 1.6130	14.0505
 1.6090	14.1505
 1.6050	14.0505
 1.6010	14.1505
 1.5970	14.0505
 1.5930	14.1505
 1.5890	14.0505
 1.5850	14.0505
 1.5810	14.1505
 1.5770	14.2505
 1.5730	14.2505
 1.5690	14.2505
 1.5650	14.2505
 1.5610	14.2505
 1.5570	14.3505
 1.5530	14.2505
 1.5490	14.3505
 1.5450	14.5505
 1.5410	14.5505
 1.5370	14.5505
 1.5330	14.5505
 1.5290	14.5505
 1.5250	14.6505
 1.5210	14.8505
 1.5170	14.8505
 1.5130	14.8505
 1.5090	14.8505
 1.5050	14.8505
 1.5010	14.8505
 1.4970	14.7505
 1.4930	14.7505
 1.4890	14.7505
 1.4850	14.8505
 1.4810	14.8505
 1.4770	14.9505
 1.4730	14.8505
 1.4690	14.9505
 1.4650	14.9505
 1.4610	15.1505
 1.4570	15.1505
 1.4530	14.9505
 1.4490	15.1505
 1.4450	15.1505
 1.4410	15.1505
 1.4370	15.1505
 1.4330	15.1505
 1.4290	15.1505
 1.4250	15.2505
 1.4210	15.2505
 1.4170	15.3505
 1.4130	15.2505
 1.4090	15.2505
 1.4050	15.3505
 1.4010	15.2505
 1.3970	15.4505
 1.3930	15.4505
 1.3890	15.4505
 1.3850	15.4505
 1.3810	15.6505
 1.3770	15.3505
 1.3730	15.6505
 1.3690	15.9505
 1.3650	15.9505
 1.3610	15.7505
 1.3570	15.7505
 1.3530	15.9505
 1.3490	16.2505
 1.3450	16.4505
 1.3410	16.5505
 1.3370	16.7505
 1.3330	16.7505
 1.3290	16.8505
 1.3250	16.8505
 1.3210	16.9505
 1.3170	16.7505
 1.3130	16.8505
 1.3090	16.8505
 1.3050	16.9505
 1.3010	16.9505
 1.2970	17.1505
 1.2930	17.0505
 1.2890	17.1505
 1.2850	17.1505
 1.2810	17.3505
 1.2770	17.1505
 1.2730	17.1505
 1.2690	17.3505
 1.2650	17.5505
 1.2610	17.5505
 1.2570	17.6505
 1.2530	17.6505
 1.2490	17.6505
 1.2450	17.5505
 1.2410	17.6505
 1.2370	17.9505
 1.2330	18.0505
 1.2290	18.1505
 1.2250	18.1505
 1.2210	18.2505
 1.2170	18.1505
 1.2130	18.1505
 1.2090	18.4505
 1.2050	18.4505
 1.2010	18.5505
 1.1970	18.6505
 1.1930	18.7505
 1.1890	18.7505
 1.1850	18.9505
 1.1810	19.0505
 1.1770	19.0505
 1.1730	19.2505
 1.1690	19.3505
 1.1650	19.3505
 1.1610	19.5505
 1.1570	19.6505
 1.1530	19.7505
 1.1490	20.0505
 1.1450	19.8505
 1.1410	20.0505
 1.1370	19.8505
 1.1330	19.7505
 1.1290	20.0505
 1.1250	20.2505
 1.1210	20.2505
 1.1170	20.4505
 1.1130	20.4505
 1.1090	20.6505
 1.1050	20.8505
 1.1010	20.9505
 1.0970	20.9505
 1.0930	20.8505
 1.0890	20.8505
 1.0850	20.9505
 1.0810	21.1505
 1.0770	21.1505
 1.0730	21.3505
 1.0690	21.8505
 1.0650	21.7505
 1.0610	21.8505
 1.0570	21.9505
 1.0530	21.9505
 1.0490	22.0505
 1.0450	22.2505
 1.0410	22.0505
 1.0370	22.0505
 1.0330	22.3505
 1.0290	22.3505
 1.0250	22.4505
 1.0210	22.5505
 1.0170	22.4505
 1.0130	22.4505
 1.0090	22.6505
 1.0050	22.8505
 1.0010	22.6505
 0.9970	22.8505
 0.9930	22.8505
 0.9890	22.6505
 0.9850	22.8505
 0.9810	22.8505
 0.9770	23.0505
 0.9730	22.8505
 0.9690	22.8505
 0.9650	22.9505
 0.9610	22.8505
 0.9570	22.9505
 0.9530	22.8505
 0.9490	22.8505
 0.9450	22.6505
 0.9410	22.5505
 0.9370	22.4505
 0.9330	22.4505
 0.9290	22.4505
 0.9250	22.3505
 0.9210	22.3505
 0.9170	22.2505
 0.9130	22.2505
 0.9090	22.0505
 0.9050	21.9505
 0.9010	21.8505
 0.8970	21.8505
 0.8930	21.5505
 0.8890	21.5505
 0.8850	21.5505
 0.8810	21.4505
 0.8770	21.4505
 0.8730	21.4505
 0.8690	21.3505
 0.8650	21.1505
 0.8610	21.1505
 0.8570	21.1505
 0.8530	21.3505
 0.8490	21.1505
 0.8450	21.2505
 0.8410	21.3505
 0.8370	21.3505
 0.8330	21.3505
 0.8290	21.2505
 0.8250	21.4505
 0.8210	21.3505
 0.8170	21.5505
 0.8130	21.5505
 0.8090	21.7505
 0.8050	21.7505
 0.8040	21.4505
 0.8030	21.4505
 0.8020	21.4505
 0.8010	21.8505
 0.8000	21.7505
 0.7990	21.5505
 0.7980	21.5505
 0.7970	21.5505
 0.7960	21.5505
 0.7950	21.4505
 0.7940	21.8505
 0.7930	21.8505
 0.7920	21.8505
 0.7910	21.8505
 0.7900	21.8505
 0.7890	21.9505
 0.7880	21.9505
 0.7870	21.9505
 0.7860	21.8505
 0.7850	21.7505
 0.7840	21.4505
 0.7830	21.5505
 0.7820	21.7505
 0.7810	21.4505
 0.7800	21.8505
 0.7790	21.7505
 0.7780	21.9505
 0.7770	22.0505
 0.7760	21.9505
 0.7750	21.8505
 0.7740	21.5505
 0.7730	21.7505
 0.7720	21.5505
 0.7710	21.5505
 0.7700	21.7505
 0.7690	21.8505
 0.7680	21.5505
 0.7670	21.5505
 0.7660	21.7505
 0.7650	21.5505
 0.7640	21.5505
 0.7630	21.4505
 0.7620	21.4505
 0.7610	21.4505
 0.7600	21.3505
 0.7590	21.3505
 0.7580	21.4505
 0.7570	21.4505
 0.7560	21.5505
 0.7550	21.5505
 0.7540	21.2505
 0.7530	21.2505
 0.7520	21.2505
 0.7510	21.3505
 0.7500	21.4505
 0.7490	21.5505
 0.7480	21.2505
 0.7470	21.1505
 0.7460	21.4505
 0.7450	21.3505
 0.7440	21.2505
 0.7430	21.3505
 0.7420	21.1505
 0.7410	20.7505
 0.7400	20.7505
 0.7390	20.9505
 0.7380	20.8505
 0.7370	20.8505
 0.7360	20.9505
 0.7350	20.9505
 0.7340	20.7505
 0.7330	20.8505
 0.7320	20.6505
 0.7310	20.4505
 0.7300	20.6505
 0.7290	20.6505
 0.7280	20.4505
 0.7270	20.4505
 0.7260	20.3505
 0.7250	20.4505
 0.7240	20.4505
 0.7230	20.7505
 0.7220	20.3505
 0.7210	20.3505
 0.7200	20.1505
 0.7190	20.1505
 0.7180	20.2505
 0.7170	20.2505
 0.7160	20.1505
 0.7150	20.0505
 0.7140	20.0505
 0.7130	20.1505
 0.7120	20.1505
 0.7110	20.0505
 0.7100	20.1505
 0.7090	20.0505
 0.7080	20.1505
 0.7070	20.0505
 0.7060	19.7505
 0.7050	19.7505
 0.7040	19.7505
 0.7030	19.3505
 0.7020	19.5505
 0.7010	19.5505
 0.7000	19.3505
 0.6990	19.2505
 0.6980	19.1505
 0.6970	19.2505
 0.6960	19.2505
 0.6950	19.2505
 0.6940	19.1505
 0.6930	19.1505
 0.6920	19.1505
 0.6910	18.9505
 0.6900	18.7505
 0.6890	18.7505
 0.6880	18.9505
 0.6870	19.0505
 0.6860	18.7505
 0.6850	18.7505
 0.6840	18.7505
 0.6830	18.9505
 0.6820	18.6505
 0.6810	18.7505
 0.6800	18.7505
 0.6790	18.7505
 0.6780	18.7505
 0.6770	18.9505
 0.6760	18.6505
 0.6750	18.5505
 0.6740	18.5505
 0.6730	18.6505
 0.6720	18.5505
 0.6710	18.5505
 0.6700	18.5505
 0.6690	18.2505
 0.6680	18.4505
 0.6670	18.4505
 0.6660	18.4505
 0.6650	18.2505
 0.6640	18.4505
 0.6630	18.2505
 0.6620	18.1505
 0.6610	18.1505
 0.6600	18.1505
 0.6590	18.1505
 0.6580	18.2505
 0.6570	18.2505
 0.6560	18.1505
 0.6550	17.9505
 0.6540	18.0505
 0.6530	18.0505
 0.6520	18.0505
 0.6510	18.0505
 0.6500	17.9505
 0.6490	18.1505
 0.6480	18.1505
 0.6470	18.0505
 0.6460	18.0505
 0.6450	17.9505
 0.6440	17.8505
 0.6430	17.8505
 0.6420	17.8505
 0.6410	17.8505
 0.6400	17.8505
 0.6390	17.8505
 0.6380	17.6505
 0.6370	17.8505
 0.6360	17.8505
 0.6350	17.8505
 0.6340	17.8505
 0.6330	17.8505
 0.6320	17.6505
 0.6310	17.5505
 0.6300	17.6505
 0.6290	17.4505
 0.6280	17.4505
 0.6270	17.6505
 0.6260	17.6505
 0.6250	17.6505
 0.6240	17.4505
 0.6230	17.4505
 0.6220	17.5505
 0.6210	17.6505
 0.6200	17.6505
 0.6190	17.4505
 0.6180	17.6505
 0.6170	17.6505
 0.6160	17.5505
 0.6150	17.5505
 0.6140	17.5505
 0.6130	17.4505
 0.6120	17.5505
 0.6110	17.5505
 0.6100	17.4505
 0.6090	17.3505
 0.6080	17.3505
 0.6070	17.3505
 0.6060	17.3505
 0.6050	17.3505
 0.6040	17.4505
 0.6030	17.1505
 0.6020	17.1505
 0.6010	17.1505
 0.6000	17.0505
 0.5990	17.0505
 0.5980	17.0505
 0.5970	16.9505
 0.5960	16.8505
 0.5950	16.9505
 0.5940	16.9505
 0.5930	17.0505
 0.5920	17.0505
 0.5910	16.7505
 0.5900	16.7505
 0.5890	16.7505
 0.5880	16.7505
 0.5870	16.8505
 0.5860	16.8505
 0.5850	16.7505
 0.5840	16.7505
 0.5830	16.3505
 0.5820	16.4505
 0.5810	16.3505
 0.5800	16.4505
 0.5790	16.5505
 0.5780	16.3505
 0.5770	16.0505
 0.5760	16.2505
 0.5750	16.2505
 0.5740	16.4505
 0.5730	16.4505
 0.5720	16.2505
 0.5710	16.0505
 0.5700	16.2505
 0.5690	16.2505
 0.5680	16.0505
 0.5670	15.9505
 0.5660	15.8505
 0.5650	15.8505
 0.5640	15.8505
 0.5630	15.7505
 0.5620	15.7505
 0.5610	15.4505
 0.5600	15.6505
 0.5590	15.6505
 0.5580	15.6505
 0.5570	15.3505
 0.5560	15.4505
 0.5550	15.3505
 0.5540	15.3505
 0.5530	15.3505
 0.5520	15.3505
 0.5510	15.4505
 0.5500	15.3505
 0.5490	15.4505
 0.5480	15.2505
 0.5470	15.2505
 0.5460	15.2505
 0.5450	15.3505
 0.5440	15.2505
 0.5430	15.1505
 0.5420	15.4505
 0.5410	15.3505
 0.5400	15.2505
 0.5390	15.2505
 0.5380	15.1505
 0.5370	15.1505
 0.5360	15.3505
 0.5350	15.3505
 0.5340	15.3505
 0.5330	15.3505
 0.5320	15.2505
 0.5310	15.2505
 0.5300	15.1505
 0.5290	15.2505
 0.5280	15.3505
 0.5270	15.3505
 0.5260	15.4505
 0.5250	15.6505
 0.5240	15.4505
 0.5230	15.3505
 0.5220	15.4505
 0.5210	15.6505
 0.5200	15.4505
 0.5190	15.2505
 0.5180	15.2505
 0.5170	15.3505
 0.5160	15.4505
 0.5150	15.4505
 0.5140	15.3505
 0.5130	15.4505
 0.5120	15.4505
 0.5110	15.7505
 0.5100	15.7505
 0.5090	15.7505
 0.5080	15.7505
 0.5070	15.7505
 0.5060	15.6505
 0.5050	15.4505
 0.5040	15.4505
 0.5030	15.4505
 0.5020	15.8505
 0.5010	15.9505
 0.5000	15.9505
 0.4990	15.6505
 0.4980	15.6505
 0.4970	15.4505
 0.4960	15.7505
 0.4950	15.9505
 0.4940	15.8505
 0.4930	15.8505
 0.4920	15.9505
 0.4910	15.8505
 0.4900	15.8505
 0.4890	15.8505
 0.4880	15.8505
 0.4870	15.7505
 0.4860	15.7505
 0.4850	15.9505
 0.4840	15.8505
 0.4830	15.9505
 0.4820	15.8505
 0.4810	15.9505
 0.4800	16.2505
 0.4790	15.9505
 0.4780	16.0505
 0.4770	15.9505
 0.4760	16.2505
 0.4750	16.2505
 0.4740	16.2505
 0.4730	16.2505
 0.4720	16.3505
 0.4710	16.4505
 0.4700	16.4505
 0.4690	16.5505
 0.4680	16.4505
 0.4670	16.5505
 0.4660	16.5505
 0.4650	16.5505
 0.4640	17.0505
 0.4630	17.0505
 0.4620	17.0505
 0.4610	17.1505
 0.4600	17.0505
 0.4590	17.1505
 0.4580	17.1505
 0.4570	17.0505
 0.4560	16.9505
 0.4550	16.8505
 0.4540	17.3505
 0.4530	17.5505
 0.4520	17.5505
 0.4510	17.6505
 0.4500	17.6505
 0.4490	17.5505
 0.4480	17.5505
 0.4470	17.5505
 0.4460	17.5505
 0.4450	17.5505
 0.4440	17.4505
 0.4430	17.5505
 0.4420	17.5505
 0.4410	17.5505
 0.4400	17.5505
 0.4390	17.6505
 0.4380	17.8505
 0.4370	17.8505
 0.4360	17.8505
 0.4350	17.8505
 0.4340	17.8505
 0.4330	18.0505
 0.4320	18.0505
 0.4310	17.9505
 0.4300	18.0505
 0.4290	17.9505
 0.4280	18.2505
 0.4270	18.1505
 0.4260	18.0505
 0.4250	18.0505
 0.4240	18.1505
 0.4230	18.2505
 0.4220	18.2505
 0.4210	18.4505
 0.4200	18.4505
 0.4190	18.1505
 0.4180	18.1505
 0.4170	18.2505
 0.4160	18.2505
 0.4150	18.4505
 0.4140	18.2505
 0.4130	18.5505
 0.4120	18.5505
 0.4110	18.4505
 0.4100	18.4505
 0.4090	18.4505
 0.4080	18.5505
 0.4070	18.5505
 0.4060	18.4505
 0.4050	18.4505
