Name: Glauconitic Sandstone
Type: Rock
Class: Sedimentary
Subclass: Sandstone
Particle Size: Solid
Sample No.: Ward64
Owner: JPL
Wavelength Range: All
Origin: Ward's Collection of American Rocks.  Sample locality - Hazlet, Monmouth County, New Jersey.
Collection Date: N/A
Description: A greenish rock with brown seams, the whole showing atexture resembling oolitic.  Fossils are sometimes present.Geologic age - Cretaceous.Collected by:  Ward's Natural Science Original ASTER Spectral Library name was jpl.nicolet.rock.sedimentary.sandstone.solid.ward64.spectrum.txt
Measurement: Hemispherical reflectance
First Column: X
Second Column: Y
X Units: Wavelength (micrometers)
Y Units:Reflectance (percent)
First X Value: 15.3871
Last X Value:  1.9998
Number of X Values: 2257
Additional Information: none

15.3871	 1.6624
15.3416	 1.3555
15.2964	 1.0560
15.2514	 1.4950
15.2066	 1.6968
15.1622	 1.6196
15.1180	 1.4264
15.0740	 1.2511
15.0303	 1.3079
14.9869	 1.2845
14.9437	 1.4120
14.9008	 1.4572
14.8581	 1.2156
14.8156	 1.3961
14.7734	 1.3714
14.7314	 1.3641
14.6897	 1.6457
14.6482	 1.8052
14.6069	 1.7945
14.5659	 1.6124
14.5251	 1.5204
14.4845	 1.6000
14.4442	 1.4219
14.4041	 1.1528
14.3642	 1.3007
14.3245	 1.4756
14.2850	 1.5426
14.2458	 1.3949
14.2068	 1.2326
14.1679	 1.2684
14.1293	 1.4227
14.0909	 1.5968
14.0528	 1.5624
14.0148	 1.5366
13.9770	 1.3518
13.9394	 1.3093
13.9021	 1.4957
13.8649	 1.4761
13.8279	 1.3755
13.7911	 1.2100
13.7546	 1.3969
13.7182	 1.4220
13.6820	 1.5368
13.6460	 1.6976
13.6101	 1.7646
13.5745	 1.5779
13.5391	 1.4594
13.5038	 1.5111
13.4687	 1.5680
13.4339	 1.3773
13.3991	 1.2771
13.3646	 1.4894
13.3302	 1.6196
13.2961	 1.5013
13.2621	 1.4279
13.2282	 1.4834
13.1946	 1.5635
13.1611	 1.8397
13.1278	 1.9593
13.0946	 1.9798
13.0616	 1.9950
13.0288	 1.9188
12.9962	 1.7815
12.9637	 1.6834
12.9313	 1.6968
12.8992	 1.7928
12.8672	 1.9614
12.8353	 1.9953
12.8036	 1.8703
12.7721	 1.8840
12.7407	 1.8898
12.7095	 1.8053
12.6784	 1.8098
12.6475	 1.8521
12.6167	 1.8255
12.5861	 2.0359
12.5556	 2.2925
12.5253	 2.0909
12.4951	 1.9149
12.4651	 1.9319
12.4352	 2.1972
12.4054	 2.2173
12.3758	 2.0165
12.3463	 1.7644
12.3170	 1.7576
12.2878	 1.8766
12.2588	 1.7626
12.2299	 1.7223
12.2011	 1.7443
12.1725	 1.7518
12.1439	 1.7546
12.1156	 1.7931
12.0873	 1.8690
12.0592	 1.8277
12.0312	 1.9517
12.0034	 1.9007
11.9757	 1.8971
11.9481	 1.9797
11.9206	 2.0846
11.8933	 2.1436
11.8661	 2.0281
11.8390	 1.9613
11.8120	 2.2255
11.7852	 2.3825
11.7584	 2.2912
11.7318	 2.3425
11.7053	 2.4501
11.6790	 2.4892
11.6527	 2.6561
11.6266	 2.7843
11.6006	 2.7731
11.5747	 2.8353
11.5489	 2.8433
11.5233	 2.8152
11.4977	 2.8709
11.4723	 2.7964
11.4469	 2.6390
11.4217	 2.6476
11.3966	 2.5597
11.3716	 2.4543
11.3468	 2.4240
11.3220	 2.4341
11.2973	 2.3679
11.2728	 2.3405
11.2483	 2.2887
11.2240	 2.2367
11.1997	 2.3122
11.1756	 2.4197
11.1515	 2.5316
11.1276	 2.4848
11.1038	 2.4030
11.0801	 2.3468
11.0564	 2.3593
11.0329	 2.4236
11.0095	 2.4805
10.9862	 2.5518
10.9629	 2.5323
10.9398	 2.5124
10.9168	 2.5174
10.8938	 2.5154
10.8710	 2.5987
10.8483	 2.5721
10.8256	 2.6267
10.8031	 2.7205
10.7806	 2.6925
10.7582	 2.6873
10.7360	 2.7381
10.7138	 2.8046
10.6917	 2.7672
10.6697	 2.6986
10.6478	 2.7658
10.6260	 2.8371
10.6042	 2.7959
10.5826	 2.8166
10.5610	 2.9309
10.5396	 3.1026
10.5182	 3.0341
10.4969	 3.0117
10.4757	 3.1698
10.4546	 3.1464
10.4335	 3.0453
10.4126	 3.0376
10.3917	 3.1460
10.3709	 3.2458
10.3502	 3.2283
10.3296	 3.2850
10.3091	 3.3313
10.2886	 3.3459
10.2683	 3.4398
10.2480	 3.4903
10.2277	 3.5150
10.2076	 3.6271
10.1876	 3.5500
10.1676	 3.3890
10.1477	 3.4476
10.1279	 3.6686
10.1081	 3.7568
10.0885	 3.7138
10.0689	 3.6660
10.0494	 3.7489
10.0299	 3.9600
10.0106	 4.0635
 9.9913	 4.0899
 9.9720	 3.9562
 9.9529	 4.0360
 9.9338	 4.1467
 9.9148	 4.0846
 9.8959	 4.0696
 9.8771	 4.0025
 9.8583	 3.9770
 9.8396	 4.0947
 9.8210	 4.1540
 9.8024	 4.2616
 9.7839	 4.4081
 9.7655	 4.3227
 9.7471	 4.1437
 9.7288	 4.2248
 9.7106	 4.3567
 9.6925	 4.3019
 9.6744	 4.1830
 9.6564	 4.1855
 9.6384	 4.2129
 9.6205	 4.2346
 9.6027	 4.2567
 9.5850	 4.1716
 9.5673	 4.0739
 9.5497	 4.0147
 9.5321	 4.0681
 9.5146	 4.1315
 9.4972	 4.0190
 9.4798	 3.9526
 9.4625	 3.8157
 9.4453	 3.6116
 9.4281	 3.5912
 9.4110	 3.5165
 9.3940	 3.4025
 9.3770	 3.4339
 9.3600	 3.4932
 9.3432	 3.4367
 9.3264	 3.2888
 9.3096	 3.2245
 9.2930	 3.2485
 9.2763	 3.4807
 9.2598	 3.3625
 9.2432	 3.1012
 9.2268	 3.0476
 9.2104	 2.9806
 9.1941	 2.9289
 9.1778	 2.9962
 9.1616	 3.0126
 9.1454	 2.9681
 9.1293	 2.8130
 9.1133	 2.6343
 9.0973	 2.7018
 9.0814	 2.6359
 9.0655	 2.6502
 9.0497	 2.5796
 9.0339	 2.5009
 9.0182	 2.4861
 9.0025	 2.5090
 8.9870	 2.6072
 8.9714	 2.5151
 8.9559	 2.3101
 8.9405	 2.1909
 8.9251	 2.1428
 8.9097	 2.2102
 8.8945	 2.3455
 8.8792	 2.3008
 8.8641	 2.2807
 8.8489	 2.3007
 8.8338	 2.3037
 8.8188	 2.3550
 8.8039	 2.3576
 8.7889	 2.3085
 8.7741	 2.2859
 8.7592	 2.2402
 8.7445	 2.2072
 8.7297	 2.2026
 8.7151	 2.1901
 8.7005	 2.2809
 8.6859	 2.1859
 8.6714	 2.1029
 8.6569	 2.1869
 8.6425	 2.1326
 8.6281	 2.0299
 8.6137	 2.1837
 8.5994	 2.3952
 8.5852	 2.3475
 8.5710	 2.3569
 8.5569	 2.4173
 8.5428	 2.2835
 8.5287	 2.2624
 8.5147	 2.3955
 8.5008	 2.5588
 8.4869	 2.5633
 8.4730	 2.5808
 8.4592	 2.6953
 8.4454	 2.6829
 8.4316	 2.7181
 8.4180	 2.8385
 8.4043	 2.8882
 8.3907	 2.8508
 8.3772	 2.7792
 8.3637	 2.8014
 8.3502	 2.8528
 8.3368	 2.9133
 8.3234	 2.8872
 8.3100	 2.8556
 8.2967	 2.9437
 8.2835	 2.9933
 8.2703	 2.9973
 8.2571	 3.0867
 8.2440	 2.9229
 8.2309	 2.8278
 8.2179	 2.9308
 8.2049	 2.9343
 8.1919	 2.9339
 8.1790	 2.9365
 8.1661	 2.8849
 8.1532	 2.8885
 8.1404	 2.7947
 8.1277	 2.8467
 8.1150	 2.9119
 8.1023	 2.8204
 8.0897	 2.8408
 8.0770	 2.8070
 8.0645	 2.7442
 8.0520	 2.7411
 8.0395	 2.7721
 8.0270	 2.7091
 8.0146	 2.6939
 8.0023	 2.6768
 7.9899	 2.5983
 7.9776	 2.5129
 7.9654	 2.5150
 7.9532	 2.5064
 7.9410	 2.5112
 7.9288	 2.5439
 7.9167	 2.5574
 7.9047	 2.5695
 7.8926	 2.5761
 7.8807	 2.5997
 7.8687	 2.5536
 7.8568	 2.5158
 7.8449	 2.4837
 7.8330	 2.4792
 7.8212	 2.4783
 7.8094	 2.4986
 7.7977	 2.5076
 7.7860	 2.4549
 7.7743	 2.3447
 7.7627	 2.3912
 7.7511	 2.4885
 7.7395	 2.4260
 7.7280	 2.4149
 7.7165	 2.4387
 7.7050	 2.4697
 7.6936	 2.4258
 7.6822	 2.4624
 7.6708	 2.4659
 7.6595	 2.3783
 7.6482	 2.2851
 7.6369	 2.2735
 7.6257	 2.3200
 7.6145	 2.3690
 7.6033	 2.3248
 7.5922	 2.3246
 7.5811	 2.3129
 7.5700	 2.3280
 7.5590	 2.3615
 7.5480	 2.3333
 7.5370	 2.3117
 7.5261	 2.3485
 7.5152	 2.3902
 7.5043	 2.3364
 7.4935	 2.2699
 7.4826	 2.3517
 7.4718	 2.4822
 7.4611	 2.4291
 7.4504	 2.3462
 7.4397	 2.2731
 7.4290	 2.2688
 7.4184	 2.3306
 7.4078	 2.3434
 7.3972	 2.3565
 7.3867	 2.4019
 7.3762	 2.3633
 7.3657	 2.3072
 7.3553	 2.3398
 7.3449	 2.4749
 7.3345	 2.6085
 7.3241	 2.6911
 7.3138	 2.6987
 7.3035	 2.6560
 7.2932	 2.5877
 7.2830	 2.5983
 7.2727	 2.6447
 7.2626	 2.7256
 7.2524	 2.7397
 7.2423	 2.7418
 7.2322	 2.8060
 7.2221	 2.9375
 7.2120	 3.0947
 7.2020	 3.1249
 7.1921	 3.0988
 7.1821	 3.1278
 7.1722	 3.1114
 7.1623	 3.2385
 7.1524	 3.3244
 7.1425	 3.2939
 7.1327	 3.2008
 7.1229	 3.1197
 7.1131	 3.1014
 7.1034	 3.1453
 7.0937	 3.1412
 7.0840	 3.1421
 7.0743	 3.0784
 7.0647	 3.1294
 7.0551	 3.1729
 7.0455	 3.1731
 7.0359	 3.1785
 7.0264	 3.1063
 7.0169	 3.0612
 7.0074	 3.0633
 6.9979	 3.0745
 6.9885	 3.0313
 6.9791	 3.0235
 6.9697	 3.0380
 6.9604	 3.0578
 6.9510	 3.0198
 6.9417	 3.0205
 6.9324	 3.0152
 6.9232	 2.9678
 6.9140	 3.0959
 6.9047	 3.0957
 6.8956	 3.0696
 6.8864	 3.1737
 6.8773	 3.2163
 6.8682	 3.2638
 6.8591	 3.2498
 6.8500	 3.1605
 6.8410	 3.1317
 6.8320	 3.2006
 6.8230	 3.2835
 6.8140	 3.2459
 6.8051	 3.2627
 6.7962	 3.4020
 6.7873	 3.4633
 6.7784	 3.4266
 6.7695	 3.4056
 6.7607	 3.4465
 6.7519	 3.4541
 6.7431	 3.4314
 6.7344	 3.5063
 6.7256	 3.5347
 6.7169	 3.4817
 6.7082	 3.5561
 6.6996	 3.6218
 6.6909	 3.6008
 6.6823	 3.6070
 6.6737	 3.6407
 6.6651	 3.6553
 6.6566	 3.6960
 6.6480	 3.7389
 6.6395	 3.7759
 6.6310	 3.6844
 6.6226	 3.6270
 6.6141	 3.7201
 6.6057	 3.7753
 6.5973	 3.7479
 6.5889	 3.6780
 6.5805	 3.6681
 6.5722	 3.7318
 6.5639	 3.6942
 6.5556	 3.5958
 6.5473	 3.5555
 6.5390	 3.4937
 6.5308	 3.4803
 6.5226	 3.5140
 6.5144	 3.4976
 6.5062	 3.4515
 6.4981	 3.4337
 6.4900	 3.5207
 6.4818	 3.4511
 6.4737	 3.3419
 6.4657	 3.2504
 6.4576	 3.1389
 6.4496	 3.0308
 6.4416	 2.9631
 6.4336	 2.9653
 6.4256	 2.8306
 6.4177	 2.6908
 6.4097	 2.5585
 6.4018	 2.3402
 6.3939	 2.2466
 6.3860	 2.2410
 6.3782	 2.1609
 6.3704	 2.1544
 6.3625	 2.1136
 6.3547	 2.0017
 6.3470	 1.8748
 6.3392	 1.8608
 6.3315	 1.8760
 6.3237	 1.8542
 6.3160	 1.7752
 6.3083	 1.7156
 6.3007	 1.6652
 6.2930	 1.6824
 6.2854	 1.7528
 6.2778	 1.7872
 6.2702	 1.8207
 6.2626	 1.7917
 6.2551	 1.6798
 6.2476	 1.6713
 6.2400	 1.7317
 6.2325	 1.6462
 6.2251	 1.5489
 6.2176	 1.5177
 6.2101	 1.5637
 6.2027	 1.6051
 6.1953	 1.4719
 6.1879	 1.3888
 6.1805	 1.5148
 6.1732	 1.5754
 6.1658	 1.5625
 6.1585	 1.5783
 6.1512	 1.5745
 6.1439	 1.5811
 6.1367	 1.5837
 6.1294	 1.5371
 6.1222	 1.3994
 6.1149	 1.4089
 6.1077	 1.5568
 6.1006	 1.6764
 6.0934	 1.6044
 6.0862	 1.4548
 6.0791	 1.4646
 6.0720	 1.5501
 6.0649	 1.5299
 6.0578	 1.4979
 6.0507	 1.5211
 6.0437	 1.5099
 6.0366	 1.4469
 6.0296	 1.4343
 6.0226	 1.4720
 6.0156	 1.4853
 6.0087	 1.4694
 6.0017	 1.5075
 5.9948	 1.6261
 5.9878	 1.7028
 5.9809	 1.6786
 5.9740	 1.6370
 5.9672	 1.5842
 5.9603	 1.6272
 5.9535	 1.7373
 5.9466	 1.7914
 5.9398	 1.8222
 5.9330	 1.8202
 5.9262	 1.8075
 5.9195	 1.8483
 5.9127	 1.9722
 5.9060	 2.0076
 5.8993	 1.9601
 5.8926	 1.9696
 5.8859	 2.0424
 5.8792	 2.1098
 5.8726	 2.2149
 5.8659	 2.3228
 5.8593	 2.2790
 5.8527	 2.2453
 5.8461	 2.3471
 5.8395	 2.4039
 5.8329	 2.4390
 5.8264	 2.5168
 5.8198	 2.6231
 5.8133	 2.6616
 5.8068	 2.6759
 5.8003	 2.7633
 5.7938	 2.7896
 5.7874	 2.7759
 5.7809	 2.8182
 5.7745	 2.9144
 5.7680	 2.9464
 5.7616	 2.9845
 5.7552	 3.0625
 5.7489	 3.0620
 5.7425	 2.9838
 5.7361	 2.9817
 5.7298	 3.1017
 5.7235	 3.2653
 5.7172	 3.2496
 5.7109	 3.1544
 5.7046	 3.1010
 5.6983	 3.1187
 5.6921	 3.1544
 5.6858	 3.2277
 5.6796	 3.3410
 5.6734	 3.3882
 5.6672	 3.3152
 5.6610	 3.1932
 5.6548	 3.1672
 5.6487	 3.2199
 5.6425	 3.3471
 5.6364	 3.3889
 5.6303	 3.3894
 5.6242	 3.3306
 5.6181	 3.3342
 5.6120	 3.4236
 5.6059	 3.4162
 5.5999	 3.3410
 5.5938	 3.4044
 5.5878	 3.3992
 5.5818	 3.3867
 5.5758	 3.3645
 5.5698	 3.3266
 5.5638	 3.2717
 5.5578	 3.2708
 5.5519	 3.2569
 5.5460	 3.2187
 5.5400	 3.2570
 5.5341	 3.2899
 5.5282	 3.1820
 5.5223	 3.2173
 5.5164	 3.3596
 5.5106	 3.4485
 5.5047	 3.4954
 5.4989	 3.5021
 5.4931	 3.5128
 5.4873	 3.5543
 5.4815	 3.6097
 5.4757	 3.6393
 5.4699	 3.7023
 5.4641	 3.7733
 5.4584	 3.8065
 5.4527	 3.8845
 5.4469	 4.0553
 5.4412	 4.1359
 5.4355	 4.0925
 5.4298	 4.0878
 5.4241	 4.2403
 5.4185	 4.3293
 5.4128	 4.3545
 5.4072	 4.3071
 5.4015	 4.2915
 5.3959	 4.3321
 5.3903	 4.4305
 5.3847	 4.4704
 5.3791	 4.5199
 5.3735	 4.5569
 5.3680	 4.5977
 5.3624	 4.6159
 5.3569	 4.5869
 5.3514	 4.6108
 5.3458	 4.6527
 5.3403	 4.6966
 5.3348	 4.6785
 5.3294	 4.6589
 5.3239	 4.7660
 5.3184	 4.8533
 5.3130	 4.8404
 5.3075	 4.9344
 5.3021	 4.9270
 5.2967	 4.8333
 5.2913	 4.7992
 5.2859	 4.8993
 5.2805	 4.9820
 5.2751	 5.0390
 5.2698	 5.0863
 5.2644	 5.2101
 5.2591	 5.2779
 5.2538	 5.2314
 5.2485	 5.1500
 5.2431	 5.1013
 5.2378	 5.1225
 5.2326	 5.2188
 5.2273	 5.3049
 5.2220	 5.3776
 5.2168	 5.3542
 5.2115	 5.3377
 5.2063	 5.4006
 5.2011	 5.4424
 5.1959	 5.4234
 5.1907	 5.4069
 5.1855	 5.3951
 5.1803	 5.4592
 5.1751	 5.4508
 5.1700	 5.4156
 5.1648	 5.4193
 5.1597	 5.4808
 5.1545	 5.5305
 5.1494	 5.5249
 5.1443	 5.5896
 5.1392	 5.6052
 5.1341	 5.5790
 5.1291	 5.5974
 5.1240	 5.6207
 5.1189	 5.6719
 5.1139	 5.6505
 5.1088	 5.6121
 5.1038	 5.5994
 5.0988	 5.5624
 5.0938	 5.6322
 5.0888	 5.6988
 5.0838	 5.6812
 5.0788	 5.7053
 5.0738	 5.7795
 5.0689	 5.8010
 5.0639	 5.7643
 5.0590	 5.7785
 5.0541	 5.8099
 5.0491	 5.7809
 5.0442	 5.7781
 5.0393	 5.7912
 5.0344	 5.8331
 5.0296	 5.8704
 5.0247	 5.9500
 5.0198	 5.9749
 5.0150	 5.9532
 5.0101	 5.9593
 5.0053	 5.9604
 5.0004	 6.0248
 4.9956	 6.0902
 4.9908	 5.9833
 4.9860	 5.8916
 4.9812	 5.9250
 4.9765	 5.9158
 4.9717	 5.9568
 4.9669	 6.0920
 4.9622	 6.0810
 4.9574	 6.1065
 4.9527	 6.1515
 4.9480	 6.1121
 4.9432	 6.0828
 4.9385	 6.1107
 4.9338	 6.1443
 4.9291	 6.1359
 4.9245	 6.1945
 4.9198	 6.1955
 4.9151	 6.1904
 4.9105	 6.1770
 4.9058	 6.1745
 4.9012	 6.2397
 4.8966	 6.2920
 4.8919	 6.2913
 4.8873	 6.2509
 4.8827	 6.3082
 4.8781	 6.3223
 4.8736	 6.3531
 4.8690	 6.3548
 4.8644	 6.3612
 4.8599	 6.4095
 4.8553	 6.4234
 4.8508	 6.4173
 4.8462	 6.3876
 4.8417	 6.3457
 4.8372	 6.2885
 4.8327	 6.3668
 4.8282	 6.4670
 4.8237	 6.5114
 4.8192	 6.4946
 4.8147	 6.4651
 4.8103	 6.5413
 4.8058	 6.5902
 4.8014	 6.5905
 4.7969	 6.5704
 4.7925	 6.5453
 4.7881	 6.5377
 4.7836	 6.5213
 4.7792	 6.5685
 4.7748	 6.6592
 4.7704	 6.7283
 4.7660	 6.7433
 4.7617	 6.6787
 4.7573	 6.6556
 4.7530	 6.6747
 4.7486	 6.6427
 4.7443	 6.6089
 4.7399	 6.6027
 4.7356	 6.6292
 4.7313	 6.7344
 4.7270	 6.8414
 4.7226	 6.7768
 4.7184	 6.5993
 4.7141	 6.5984
 4.7098	 6.6790
 4.7055	 6.7115
 4.7012	 6.7185
 4.6970	 6.6937
 4.6927	 6.7603
 4.6885	 6.7613
 4.6842	 6.7117
 4.6800	 6.7310
 4.6758	 6.7413
 4.6716	 6.6798
 4.6674	 6.6730
 4.6632	 6.7105
 4.6590	 6.7212
 4.6548	 6.7570
 4.6506	 6.7770
 4.6465	 6.7705
 4.6423	 6.8076
 4.6382	 6.8723
 4.6340	 6.9087
 4.6299	 6.9106
 4.6258	 6.9220
 4.6216	 6.9481
 4.6175	 6.9609
 4.6134	 6.9193
 4.6093	 6.9226
 4.6052	 7.0036
 4.6011	 6.9987
 4.5971	 6.8754
 4.5930	 6.9222
 4.5889	 7.0126
 4.5849	 7.0388
 4.5808	 7.0466
 4.5768	 7.0907
 4.5727	 7.1138
 4.5687	 7.0480
 4.5647	 7.0776
 4.5607	 7.1180
 4.5567	 7.1670
 4.5526	 7.1667
 4.5487	 7.1157
 4.5447	 7.0740
 4.5407	 7.0512
 4.5367	 7.0866
 4.5328	 7.0823
 4.5288	 7.0784
 4.5248	 7.1104
 4.5209	 7.1401
 4.5170	 7.1563
 4.5130	 7.1680
 4.5091	 7.1919
 4.5052	 7.1273
 4.5013	 7.1563
 4.4974	 7.2469
 4.4935	 7.1849
 4.4896	 7.1607
 4.4857	 7.0892
 4.4818	 7.0284
 4.4779	 7.0696
 4.4741	 7.2093
 4.4702	 7.2839
 4.4664	 7.1711
 4.4625	 7.1478
 4.4587	 7.1124
 4.4549	 7.1618
 4.4510	 7.2203
 4.4472	 7.2338
 4.4434	 7.2633
 4.4396	 7.2462
 4.4358	 7.2860
 4.4320	 7.4207
 4.4282	 7.4020
 4.4245	 7.3310
 4.4207	 7.4224
 4.4169	 7.5016
 4.4132	 7.4461
 4.4094	 7.3585
 4.4057	 7.3244
 4.4019	 7.3273
 4.3982	 7.2448
 4.3945	 7.3157
 4.3907	 7.4921
 4.3870	 7.4870
 4.3833	 7.2853
 4.3796	 7.2951
 4.3759	 7.3645
 4.3722	 7.4687
 4.3685	 7.6152
 4.3649	 7.6470
 4.3612	 7.5407
 4.3575	 7.4887
 4.3539	 7.5140
 4.3502	 7.5550
 4.3466	 7.5468
 4.3429	 7.5155
 4.3393	 7.4557
 4.3357	 7.5208
 4.3320	 7.5614
 4.3284	 7.5142
 4.3248	 7.5921
 4.3212	 7.6796
 4.3176	 7.6303
 4.3140	 7.5558
 4.3105	 7.5453
 4.3069	 7.5234
 4.3033	 7.5020
 4.2997	 7.5093
 4.2962	 7.5838
 4.2926	 7.6694
 4.2890	 7.5824
 4.2855	 7.4378
 4.2820	 7.3356
 4.2784	 7.3761
 4.2749	 7.4042
 4.2714	 7.3598
 4.2679	 7.4356
 4.2644	 7.5069
 4.2609	 7.4803
 4.2574	 7.5160
 4.2539	 7.4938
 4.2504	 7.5548
 4.2469	 7.6380
 4.2434	 7.7043
 4.2400	 7.7479
 4.2365	 7.7694
 4.2330	 7.6887
 4.2296	 7.6211
 4.2261	 7.6270
 4.2227	 7.7468
 4.2193	 7.7463
 4.2158	 7.7255
 4.2124	 7.7843
 4.2090	 7.8010
 4.2056	 7.7942
 4.2022	 7.7856
 4.1988	 7.7141
 4.1954	 7.7463
 4.1920	 7.7074
 4.1886	 7.7579
 4.1852	 7.8523
 4.1818	 7.7027
 4.1785	 7.6670
 4.1751	 7.7878
 4.1717	 7.6931
 4.1684	 7.7308
 4.1650	 7.7532
 4.1617	 7.6773
 4.1584	 7.7394
 4.1550	 7.7318
 4.1517	 7.7521
 4.1484	 7.8639
 4.1451	 7.8991
 4.1418	 7.8075
 4.1384	 7.6727
 4.1351	 7.7174
 4.1319	 7.7902
 4.1286	 7.7370
 4.1253	 7.7395
 4.1220	 7.8721
 4.1187	 7.8050
 4.1155	 7.7024
 4.1122	 7.7464
 4.1089	 7.7663
 4.1057	 7.7705
 4.1024	 7.6454
 4.0992	 7.4445
 4.0959	 7.4113
 4.0927	 7.4509
 4.0895	 7.4769
 4.0863	 7.5651
 4.0830	 7.6341
 4.0798	 7.5192
 4.0766	 7.4654
 4.0734	 7.5330
 4.0702	 7.5556
 4.0670	 7.6146
 4.0639	 7.4555
 4.0607	 7.2914
 4.0575	 7.2989
 4.0543	 7.2946
 4.0511	 7.2286
 4.0480	 7.2392
 4.0448	 7.2058
 4.0417	 6.9951
 4.0385	 6.8368
 4.0354	 6.9104
 4.0323	 7.0541
 4.0291	 7.0578
 4.0260	 6.9126
 4.0229	 6.8231
 4.0197	 6.8684
 4.0166	 6.9172
 4.0135	 6.8677
 4.0104	 6.7215
 4.0073	 6.6527
 4.0042	 6.6625
 4.0011	 6.7340
 3.9981	 6.7277
 3.9950	 6.7393
 3.9919	 6.7679
 3.9888	 6.7889
 3.9857	 6.9953
 3.9827	 7.0732
 3.9796	 6.9907
 3.9766	 6.9914
 3.9735	 6.9450
 3.9705	 6.9685
 3.9675	 7.0359
 3.9644	 6.9188
 3.9614	 6.8288
 3.9584	 6.8794
 3.9554	 6.9569
 3.9523	 7.0515
 3.9493	 7.1112
 3.9463	 7.1167
 3.9433	 7.0677
 3.9403	 7.0412
 3.9373	 7.1034
 3.9343	 7.0443
 3.9314	 7.0880
 3.9284	 7.0604
 3.9254	 7.0521
 3.9224	 7.1394
 3.9195	 7.1803
 3.9165	 7.1540
 3.9136	 7.0425
 3.9106	 7.0142
 3.9077	 7.0279
 3.9047	 7.1040
 3.9018	 7.2051
 3.8988	 7.2257
 3.8959	 7.0802
 3.8930	 6.9647
 3.8901	 7.0314
 3.8872	 7.1327
 3.8842	 7.1129
 3.8813	 7.0958
 3.8784	 7.2005
 3.8755	 7.1975
 3.8726	 7.0973
 3.8697	 7.0796
 3.8669	 7.0318
 3.8640	 7.0783
 3.8611	 7.0892
 3.8582	 7.0249
 3.8554	 6.8884
 3.8525	 6.9399
 3.8496	 6.9539
 3.8468	 6.9003
 3.8439	 7.0186
 3.8411	 7.0597
 3.8382	 7.0577
 3.8354	 7.0437
 3.8326	 6.9600
 3.8297	 6.9345
 3.8269	 7.0676
 3.8241	 7.1086
 3.8213	 6.9835
 3.8185	 6.9653
 3.8157	 6.9924
 3.8128	 6.9196
 3.8100	 6.8514
 3.8072	 7.0181
 3.8045	 7.0915
 3.8017	 7.1576
 3.7989	 7.2068
 3.7961	 7.1654
 3.7933	 7.0194
 3.7906	 6.9050
 3.7878	 6.9647
 3.7850	 6.8985
 3.7822	 6.8528
 3.7795	 6.9872
 3.7767	 7.0947
 3.7740	 7.1132
 3.7713	 7.1286
 3.7685	 7.1151
 3.7658	 6.9235
 3.7630	 6.8586
 3.7603	 6.9457
 3.7576	 7.1865
 3.7549	 7.1868
 3.7521	 7.1547
 3.7494	 7.1345
 3.7467	 6.9222
 3.7440	 6.7636
 3.7413	 6.7988
 3.7386	 6.9114
 3.7359	 6.8658
 3.7332	 6.7422
 3.7306	 6.7914
 3.7279	 6.9457
 3.7252	 6.9041
 3.7225	 6.6346
 3.7199	 6.5190
 3.7172	 6.5210
 3.7145	 6.5318
 3.7119	 6.5598
 3.7092	 6.6044
 3.7066	 6.6033
 3.7039	 6.5903
 3.7013	 6.5915
 3.6986	 6.4870
 3.6960	 6.5002
 3.6934	 6.5522
 3.6907	 6.6271
 3.6881	 6.5285
 3.6855	 6.5308
 3.6829	 6.5630
 3.6803	 6.4689
 3.6776	 6.3006
 3.6750	 6.3395
 3.6724	 6.3330
 3.6698	 6.2130
 3.6672	 6.2858
 3.6646	 6.3807
 3.6620	 6.2783
 3.6595	 6.1701
 3.6569	 6.1034
 3.6543	 6.0301
 3.6517	 6.1300
 3.6492	 6.2151
 3.6466	 6.1223
 3.6440	 5.9197
 3.6415	 5.7371
 3.6389	 5.8415
 3.6364	 6.0024
 3.6338	 5.8912
 3.6313	 5.7830
 3.6287	 5.7906
 3.6262	 5.8369
 3.6237	 5.8897
 3.6211	 5.8351
 3.6186	 6.0209
 3.6161	 6.1473
 3.6136	 5.9157
 3.6111	 5.7833
 3.6085	 5.8090
 3.6060	 5.8394
 3.6035	 5.6716
 3.6010	 5.5380
 3.5985	 5.6608
 3.5960	 5.7119
 3.5935	 5.6855
 3.5910	 5.5776
 3.5886	 5.5811
 3.5861	 5.5644
 3.5836	 5.4418
 3.5811	 5.5463
 3.5787	 5.7354
 3.5762	 5.4907
 3.5737	 5.3288
 3.5713	 5.4512
 3.5688	 5.4420
 3.5663	 5.3294
 3.5639	 5.1996
 3.5614	 5.2050
 3.5590	 5.3782
 3.5566	 5.3419
 3.5541	 5.2105
 3.5517	 5.2996
 3.5493	 5.3143
 3.5468	 5.2114
 3.5444	 5.2443
 3.5420	 5.2176
 3.5396	 5.1042
 3.5372	 5.1035
 3.5347	 5.1992
 3.5323	 5.1777
 3.5299	 5.1423
 3.5275	 5.0301
 3.5251	 4.8107
 3.5227	 4.7893
 3.5203	 4.9772
 3.5180	 4.9910
 3.5156	 5.0077
 3.5132	 4.9370
 3.5108	 4.9297
 3.5084	 4.7853
 3.5061	 4.6510
 3.5037	 4.7011
 3.5013	 4.7984
 3.4990	 4.7939
 3.4966	 4.4958
 3.4943	 4.3752
 3.4919	 4.6302
 3.4895	 4.7439
 3.4872	 4.7700
 3.4849	 4.6021
 3.4825	 4.2774
 3.4802	 4.3886
 3.4778	 4.5498
 3.4755	 4.5367
 3.4732	 4.5610
 3.4709	 4.6513
 3.4685	 4.7476
 3.4662	 4.7526
 3.4639	 4.6482
 3.4616	 4.5508
 3.4593	 4.5467
 3.4570	 4.4368
 3.4547	 4.3222
 3.4524	 4.3468
 3.4501	 4.3777
 3.4478	 4.3165
 3.4455	 4.2146
 3.4432	 4.2069
 3.4409	 4.2506
 3.4386	 4.2783
 3.4364	 4.3966
 3.4341	 4.3428
 3.4318	 4.2611
 3.4295	 4.2525
 3.4273	 4.2832
 3.4250	 4.3421
 3.4228	 4.1452
 3.4205	 4.0652
 3.4182	 4.3432
 3.4160	 4.4677
 3.4137	 4.3990
 3.4115	 4.1713
 3.4093	 4.1273
 3.4070	 4.0233
 3.4048	 4.0383
 3.4025	 4.0053
 3.4003	 3.9609
 3.3981	 3.9252
 3.3958	 3.9901
 3.3936	 4.0336
 3.3914	 3.8801
 3.3892	 3.8642
 3.3870	 4.1409
 3.3848	 4.0605
 3.3826	 4.1483
 3.3804	 4.1051
 3.3782	 3.8518
 3.3760	 3.7840
 3.3738	 3.8464
 3.3716	 3.9227
 3.3694	 3.8187
 3.3672	 3.8731
 3.3650	 4.1268
 3.3628	 4.1955
 3.3606	 4.1825
 3.3585	 3.9763
 3.3563	 3.7561
 3.3541	 3.8276
 3.3520	 4.1076
 3.3498	 4.0347
 3.3476	 3.7898
 3.3455	 3.5601
 3.3433	 3.6195
 3.3411	 3.6188
 3.3390	 3.5764
 3.3369	 3.7319
 3.3347	 4.0065
 3.3326	 4.0117
 3.3304	 3.7654
 3.3283	 3.5368
 3.3262	 3.6706
 3.3240	 3.7460
 3.3219	 3.6383
 3.3198	 3.6387
 3.3176	 3.8240
 3.3155	 3.7784
 3.3134	 3.5804
 3.3113	 3.4452
 3.3092	 3.2980
 3.3071	 3.4040
 3.3049	 3.5080
 3.3028	 3.5542
 3.3007	 3.5883
 3.2986	 3.7401
 3.2965	 3.8138
 3.2944	 3.8178
 3.2924	 3.8787
 3.2903	 3.8058
 3.2882	 3.7004
 3.2861	 3.4788
 3.2840	 3.2090
 3.2819	 3.2768
 3.2799	 3.3018
 3.2778	 3.3759
 3.2757	 3.5549
 3.2736	 3.6063
 3.2716	 3.7137
 3.2695	 3.6963
 3.2675	 3.3600
 3.2654	 2.9737
 3.2634	 2.9669
 3.2613	 3.0263
 3.2593	 3.0837
 3.2572	 3.2450
 3.2552	 3.5329
 3.2531	 3.4706
 3.2511	 3.1288
 3.2490	 2.8733
 3.2470	 3.0371
 3.2450	 3.2297
 3.2429	 3.2685
 3.2409	 3.1651
 3.2389	 3.1425
 3.2369	 3.1165
 3.2348	 3.2087
 3.2328	 3.2332
 3.2308	 3.2708
 3.2288	 3.2880
 3.2268	 3.3460
 3.2248	 3.4325
 3.2228	 3.4038
 3.2208	 3.1309
 3.2188	 2.9834
 3.2168	 2.9684
 3.2148	 2.7736
 3.2128	 2.7510
 3.2108	 2.8902
 3.2088	 2.9899
 3.2068	 3.0339
 3.2049	 3.1054
 3.2029	 3.2138
 3.2009	 3.0785
 3.1989	 2.8335
 3.1970	 2.8391
 3.1950	 2.8903
 3.1930	 2.7795
 3.1911	 2.7893
 3.1891	 2.7948
 3.1871	 2.8491
 3.1852	 2.8524
 3.1832	 2.8834
 3.1813	 2.9328
 3.1793	 2.8640
 3.1774	 2.8642
 3.1754	 2.8239
 3.1735	 2.7701
 3.1715	 2.7160
 3.1696	 2.5442
 3.1677	 2.5520
 3.1657	 2.5722
 3.1638	 2.6776
 3.1619	 2.8193
 3.1599	 2.7337
 3.1580	 2.6998
 3.1561	 2.8197
 3.1542	 2.9049
 3.1523	 2.8783
 3.1503	 2.7330
 3.1484	 2.6341
 3.1465	 2.5374
 3.1446	 2.4927
 3.1427	 2.1874
 3.1408	 2.2097
 3.1389	 2.4365
 3.1370	 2.7603
 3.1351	 2.8658
 3.1332	 2.8321
 3.1313	 2.7418
 3.1294	 2.5994
 3.1275	 2.4240
 3.1257	 2.3341
 3.1238	 2.3785
 3.1219	 2.3961
 3.1200	 2.4878
 3.1181	 2.5560
 3.1163	 2.5487
 3.1144	 2.5481
 3.1125	 2.7359
 3.1107	 2.6537
 3.1088	 2.5762
 3.1069	 2.7050
 3.1051	 2.6835
 3.1032	 2.6189
 3.1014	 2.5969
 3.0995	 2.4445
 3.0976	 2.5258
 3.0958	 2.7695
 3.0940	 2.8455
 3.0921	 2.7117
 3.0903	 2.6718
 3.0884	 2.8073
 3.0866	 2.7464
 3.0848	 2.4917
 3.0829	 2.2094
 3.0811	 2.0673
 3.0793	 2.2673
 3.0774	 2.5851
 3.0756	 2.8295
 3.0738	 2.6267
 3.0720	 2.4994
 3.0701	 2.6642
 3.0683	 2.7501
 3.0665	 2.7003
 3.0647	 2.4247
 3.0629	 2.3836
 3.0611	 2.2448
 3.0593	 2.2196
 3.0575	 2.2912
 3.0557	 2.5107
 3.0539	 2.7494
 3.0521	 2.4807
 3.0503	 2.2018
 3.0485	 2.1753
 3.0467	 2.5465
 3.0449	 2.5268
 3.0431	 2.4232
 3.0413	 2.3486
 3.0396	 2.4456
 3.0378	 2.4824
 3.0360	 2.2174
 3.0342	 2.0631
 3.0324	 2.1902
 3.0307	 2.3809
 3.0289	 2.5052
 3.0271	 2.4950
 3.0254	 2.2808
 3.0236	 2.3892
 3.0218	 2.3092
 3.0201	 2.1954
 3.0183	 2.3096
 3.0166	 2.1444
 3.0148	 1.7733
 3.0130	 1.8255
 3.0113	 2.2729
 3.0096	 2.4819
 3.0078	 2.0725
 3.0061	 2.0036
 3.0043	 2.3493
 3.0026	 2.4383
 3.0008	 2.2966
 2.9991	 2.6035
 2.9974	 2.7976
 2.9956	 2.6897
 2.9939	 2.4418
 2.9922	 2.3180
 2.9905	 2.4328
 2.9887	 2.2751
 2.9870	 2.1683
 2.9853	 2.1248
 2.9836	 2.0407
 2.9819	 2.2269
 2.9802	 2.6086
 2.9784	 2.5435
 2.9767	 2.5135
 2.9750	 2.2767
 2.9733	 2.0743
 2.9716	 2.1824
 2.9699	 2.2191
 2.9682	 1.9515
 2.9665	 1.8536
 2.9648	 2.3759
 2.9631	 2.7807
 2.9614	 2.5942
 2.9597	 2.2777
 2.9581	 2.4639
 2.9564	 2.5598
 2.9547	 2.4723
 2.9530	 2.1811
 2.9513	 2.1364
 2.9496	 2.4629
 2.9480	 2.2915
 2.9463	 2.3140
 2.9446	 2.3024
 2.9429	 2.3813
 2.9413	 2.5763
 2.9396	 2.5298
 2.9379	 2.2558
 2.9363	 2.0537
 2.9346	 2.0524
 2.9330	 2.1402
 2.9313	 2.2465
 2.9296	 2.4805
 2.9280	 2.5074
 2.9263	 2.2848
 2.9247	 2.1680
 2.9230	 2.0265
 2.9214	 2.1765
 2.9197	 2.1607
 2.9181	 2.0904
 2.9165	 2.2809
 2.9148	 2.5624
 2.9132	 2.2468
 2.9116	 2.0284
 2.9099	 2.3824
 2.9083	 2.1633
 2.9067	 1.7985
 2.9050	 2.0212
 2.9034	 2.5942
 2.9018	 2.4665
 2.9002	 2.0352
 2.8985	 1.8269
 2.8969	 2.0436
 2.8953	 2.2723
 2.8937	 2.3197
 2.8921	 2.4439
 2.8905	 2.3402
 2.8888	 2.4051
 2.8872	 2.1727
 2.8856	 2.0022
 2.8840	 2.1015
 2.8824	 2.2224
 2.8808	 2.2246
 2.8792	 2.4191
 2.8776	 2.5572
 2.8760	 2.6370
 2.8744	 2.5866
 2.8728	 2.2490
 2.8712	 2.1702
 2.8697	 2.3587
 2.8681	 2.4635
 2.8665	 2.5849
 2.8649	 2.4645
 2.8633	 2.0841
 2.8617	 2.1948
 2.8602	 2.3223
 2.8586	 2.3524
 2.8570	 2.5737
 2.8554	 2.5907
 2.8539	 2.3621
 2.8523	 2.3740
 2.8507	 2.3040
 2.8492	 2.0461
 2.8476	 2.3443
 2.8460	 2.6491
 2.8445	 2.4588
 2.8429	 2.2052
 2.8413	 2.1185
 2.8398	 2.1532
 2.8382	 2.1331
 2.8367	 2.2290
 2.8351	 2.2149
 2.8336	 2.2068
 2.8320	 2.3257
 2.8305	 2.4049
 2.8289	 2.4444
 2.8274	 2.0343
 2.8259	 1.7294
 2.8243	 2.1633
 2.8228	 2.6295
 2.8213	 2.8170
 2.8197	 2.5713
 2.8182	 2.5636
 2.8167	 2.3040
 2.8151	 1.8823
 2.8136	 1.9155
 2.8121	 2.2291
 2.8106	 2.4532
 2.8090	 2.4456
 2.8075	 2.6383
 2.8060	 2.7568
 2.8045	 2.7483
 2.8030	 2.3543
 2.8014	 2.2511
 2.7999	 1.9795
 2.7984	 1.8876
 2.7969	 2.3441
 2.7954	 2.3123
 2.7939	 2.1694
 2.7924	 2.4565
 2.7909	 2.5501
 2.7894	 2.3298
 2.7879	 2.1388
 2.7864	 2.0207
 2.7849	 2.2213
 2.7834	 2.4511
 2.7819	 2.7429
 2.7804	 2.9124
 2.7789	 3.0623
 2.7774	 2.8413
 2.7759	 2.5418
 2.7745	 2.6690
 2.7730	 2.4546
 2.7715	 2.1734
 2.7700	 2.2395
 2.7685	 2.2813
 2.7671	 2.4477
 2.7656	 2.5508
 2.7641	 2.6067
 2.7626	 2.6881
 2.7612	 2.7493
 2.7597	 2.9581
 2.7582	 2.9832
 2.7568	 3.3442
 2.7553	 3.6548
 2.7538	 3.3486
 2.7524	 3.1106
 2.7509	 3.3724
 2.7494	 3.3669
 2.7480	 2.9963
 2.7465	 3.1525
 2.7451	 3.2513
 2.7436	 3.3846
 2.7422	 3.9219
 2.7407	 4.0876
 2.7393	 3.9008
 2.7378	 4.1718
 2.7364	 4.1379
 2.7350	 3.8930
 2.7335	 4.1192
 2.7321	 4.4903
 2.7306	 4.7317
 2.7292	 5.1791
 2.7278	 5.4883
 2.7263	 5.5961
 2.7249	 5.5686
 2.7235	 5.3510
 2.7220	 5.6261
 2.7206	 5.8741
 2.7192	 6.2541
 2.7178	 6.6765
 2.7163	 6.5000
 2.7149	 6.7278
 2.7135	 7.2395
 2.7121	 7.5286
 2.7106	 7.4524
 2.7092	 7.5479
 2.7078	 7.6452
 2.7064	 7.8169
 2.7050	 8.1568
 2.7036	 8.6353
 2.7022	 8.8015
 2.7008	 8.7781
 2.6994	 9.0499
 2.6980	 9.6232
 2.6965	10.0240
 2.6951	10.2335
 2.6938	10.6764
 2.6923	11.0162
 2.6910	11.3981
 2.6896	11.7253
 2.6882	12.2786
 2.6868	12.8968
 2.6854	13.2675
 2.6840	13.4874
 2.6826	13.6451
 2.6812	14.0582
 2.6798	14.4310
 2.6784	14.4989
 2.6771	14.6573
 2.6757	14.7547
 2.6743	15.0831
 2.6729	15.5183
 2.6715	15.8605
 2.6702	15.9646
 2.6688	16.0252
 2.6674	16.3956
 2.6660	16.4392
 2.6647	16.3019
 2.6633	16.4536
 2.6619	16.4755
 2.6606	16.3785
 2.6592	16.6152
 2.6578	16.9754
 2.6565	17.3030
 2.6551	17.3072
 2.6538	17.5031
 2.6524	17.4797
 2.6511	17.3870
 2.6497	17.5284
 2.6484	17.5569
 2.6470	17.7137
 2.6456	18.0008
 2.6443	18.0717
 2.6429	17.9051
 2.6416	17.8579
 2.6403	18.1496
 2.6389	18.5230
 2.6376	18.4570
 2.6362	18.4368
 2.6349	18.9092
 2.6336	19.1768
 2.6322	19.1400
 2.6309	19.0784
 2.6296	19.0412
 2.6282	19.1239
 2.6269	19.2958
 2.6256	19.1964
 2.6242	19.0299
 2.6229	19.1329
 2.6216	19.6858
 2.6203	20.0044
 2.6189	19.7859
 2.6176	19.8802
 2.6163	19.6288
 2.6150	19.3523
 2.6136	19.4753
 2.6123	19.7273
 2.6110	20.1615
 2.6097	20.0068
 2.6084	19.6939
 2.6071	19.5898
 2.6058	20.0496
 2.6044	20.4516
 2.6031	20.1891
 2.6018	20.2413
 2.6005	20.3381
 2.5992	20.1416
 2.5979	20.3971
 2.5966	20.5651
 2.5953	20.7161
 2.5940	20.8013
 2.5927	20.5702
 2.5914	20.4369
 2.5901	20.3910
 2.5888	20.5321
 2.5876	20.8841
 2.5863	20.6687
 2.5850	20.4696
 2.5837	20.5798
 2.5824	20.8440
 2.5811	20.7528
 2.5798	20.3674
 2.5785	20.5865
 2.5773	20.5158
 2.5760	20.6122
 2.5747	21.1628
 2.5734	21.3263
 2.5722	20.9670
 2.5709	21.0459
 2.5696	20.7148
 2.5683	20.3138
 2.5671	20.5238
 2.5658	21.0558
 2.5645	20.9227
 2.5633	20.6876
 2.5620	20.9337
 2.5607	20.9974
 2.5595	21.2656
 2.5582	21.5912
 2.5569	21.0936
 2.5557	20.2274
 2.5544	20.1965
 2.5532	20.6981
 2.5519	21.0138
 2.5507	21.1199
 2.5494	20.7099
 2.5481	20.5442
 2.5469	20.9267
 2.5456	21.2583
 2.5444	21.2145
 2.5431	21.4346
 2.5419	21.5668
 2.5406	21.3943
 2.5394	21.2776
 2.5382	20.7751
 2.5369	20.7167
 2.5357	21.0635
 2.5344	21.0877
 2.5332	21.1003
 2.5320	21.4679
 2.5307	21.3134
 2.5295	20.9681
 2.5283	20.8019
 2.5270	20.8972
 2.5258	21.1553
 2.5246	21.3845
 2.5233	21.5725
 2.5221	21.7318
 2.5209	21.6230
 2.5197	21.4585
 2.5184	21.5062
 2.5172	21.4359
 2.5160	21.1641
 2.5148	21.1367
 2.5136	21.4619
 2.5123	21.6936
 2.5111	21.5936
 2.5099	21.4596
 2.5087	21.3484
 2.5075	21.5000
 2.5063	21.5142
 2.5051	21.3891
 2.5038	21.6291
 2.5026	21.6788
 2.5014	21.5245
 2.5002	21.6987
 2.4990	21.7644
 2.4978	21.8116
 2.4966	21.7073
 2.4954	21.5055
 2.4942	21.3819
 2.4930	21.5483
 2.4918	21.8780
 2.4906	22.1075
 2.4894	21.9417
 2.4882	21.9601
 2.4870	22.2070
 2.4858	22.2782
 2.4846	21.9327
 2.4835	22.2271
 2.4823	22.6079
 2.4811	22.8167
 2.4799	22.5703
 2.4787	22.3522
 2.4775	22.5079
 2.4764	22.7397
 2.4752	22.7307
 2.4740	22.7046
 2.4728	22.8506
 2.4716	23.0294
 2.4705	22.9829
 2.4693	22.7209
 2.4681	22.6512
 2.4669	22.9170
 2.4657	22.8661
 2.4646	22.9761
 2.4634	23.2754
 2.4622	23.1808
 2.4611	23.2338
 2.4599	23.4055
 2.4587	23.6698
 2.4576	23.4969
 2.4564	23.1528
 2.4552	23.3371
 2.4541	23.6531
 2.4529	23.8517
 2.4518	23.8221
 2.4506	23.7894
 2.4494	24.0047
 2.4483	23.9012
 2.4471	23.6612
 2.4460	23.5432
 2.4448	23.6060
 2.4437	23.7139
 2.4425	23.7443
 2.4414	23.8742
 2.4402	24.1598
 2.4391	24.1784
 2.4379	24.1189
 2.4368	24.0432
 2.4356	24.2416
 2.4345	24.4572
 2.4333	24.4658
 2.4322	24.4004
 2.4311	24.5958
 2.4299	24.6040
 2.4288	23.9863
 2.4276	23.9144
 2.4265	24.2865
 2.4254	24.5175
 2.4242	24.4352
 2.4231	24.3173
 2.4220	24.3745
 2.4209	24.6080
 2.4197	24.3404
 2.4186	23.9776
 2.4175	24.4787
 2.4163	24.9555
 2.4152	24.9189
 2.4141	24.7951
 2.4130	24.7036
 2.4118	24.7261
 2.4107	25.1686
 2.4096	25.6176
 2.4085	25.4934
 2.4074	25.1990
 2.4063	24.8150
 2.4051	24.4980
 2.4040	24.6484
 2.4029	25.1050
 2.4018	25.3190
 2.4007	25.3809
 2.3996	25.0691
 2.3985	25.0185
 2.3973	24.9924
 2.3962	24.8780
 2.3951	24.6863
 2.3940	24.5532
 2.3929	24.7775
 2.3918	25.2421
 2.3907	25.2600
 2.3896	24.8132
 2.3885	24.8166
 2.3874	24.9924
 2.3863	25.2423
 2.3852	25.1998
 2.3841	25.1351
 2.3830	25.0405
 2.3819	25.3546
 2.3808	25.3934
 2.3798	25.5510
 2.3786	25.9795
 2.3776	25.8148
 2.3765	25.4970
 2.3754	25.7867
 2.3743	26.0754
 2.3732	25.3682
 2.3721	24.6861
 2.3710	25.2402
 2.3700	25.9008
 2.3689	25.7655
 2.3678	25.9531
 2.3667	25.7098
 2.3656	25.4908
 2.3645	25.4995
 2.3635	25.5664
 2.3624	25.9741
 2.3613	26.1055
 2.3603	25.7969
 2.3592	25.6622
 2.3581	25.8529
 2.3570	25.9868
 2.3560	26.4149
 2.3549	26.5496
 2.3538	26.5946
 2.3527	26.9361
 2.3517	27.0071
 2.3506	26.9388
 2.3495	26.8441
 2.3485	26.6123
 2.3474	26.6583
 2.3464	26.8868
 2.3453	27.0111
 2.3442	26.9411
 2.3432	27.1030
 2.3421	27.4892
 2.3411	27.3419
 2.3400	27.1064
 2.3390	27.1808
 2.3379	27.2816
 2.3369	27.5376
 2.3358	27.2246
 2.3347	26.7718
 2.3337	27.0598
 2.3326	27.4254
 2.3316	27.2009
 2.3306	27.0872
 2.3295	27.4360
 2.3285	27.5532
 2.3274	27.3134
 2.3264	27.2310
 2.3253	27.6043
 2.3243	27.7753
 2.3232	27.3239
 2.3222	26.8780
 2.3212	26.8306
 2.3201	26.7573
 2.3191	26.7424
 2.3180	27.0463
 2.3170	27.1196
 2.3160	26.9521
 2.3149	27.3043
 2.3139	27.2888
 2.3129	27.0620
 2.3118	27.0459
 2.3108	26.8665
 2.3098	26.3116
 2.3088	26.6164
 2.3077	27.3581
 2.3067	27.0146
 2.3057	26.6743
 2.3047	26.8422
 2.3036	27.0149
 2.3026	26.5923
 2.3016	26.1062
 2.3006	26.5191
 2.2995	27.1753
 2.2985	27.6139
 2.2975	27.2279
 2.2965	26.8206
 2.2955	27.2652
 2.2944	27.9770
 2.2934	28.3193
 2.2924	28.2846
 2.2914	27.7205
 2.2904	27.2061
 2.2894	27.2061
 2.2884	27.3164
 2.2874	27.1328
 2.2864	27.1910
 2.2854	27.7623
 2.2843	28.2622
 2.2833	28.0664
 2.2823	28.1855
 2.2813	28.8122
 2.2803	28.6245
 2.2793	28.6490
 2.2783	29.0271
 2.2773	29.1354
 2.2763	28.9825
 2.2753	28.7225
 2.2743	29.0814
 2.2733	29.1324
 2.2723	28.5346
 2.2713	28.6760
 2.2703	28.6930
 2.2694	28.7761
 2.2684	29.1205
 2.2674	29.3782
 2.2664	29.5265
 2.2654	29.7709
 2.2644	29.6015
 2.2634	29.5085
 2.2624	29.4011
 2.2614	29.0376
 2.2605	29.9778
 2.2595	30.6247
 2.2585	29.8794
 2.2575	29.6625
 2.2565	29.1387
 2.2555	28.7705
 2.2546	29.4263
 2.2536	30.1490
 2.2526	30.3606
 2.2516	29.7850
 2.2506	30.2110
 2.2497	30.5868
 2.2487	30.3404
 2.2477	30.7468
 2.2467	30.1521
 2.2458	29.4589
 2.2448	30.0449
 2.2438	30.1146
 2.2428	30.2766
 2.2419	30.8885
 2.2409	30.6051
 2.2399	30.4341
 2.2390	30.8326
 2.2380	30.9592
 2.2370	30.3513
 2.2361	30.3697
 2.2351	30.7019
 2.2342	30.9481
 2.2332	31.4826
 2.2322	31.3868
 2.2313	31.1509
 2.2303	31.0125
 2.2294	31.1207
 2.2284	31.4316
 2.2274	31.5818
 2.2265	31.1640
 2.2255	30.6807
 2.2246	30.8246
 2.2236	31.4240
 2.2227	31.9096
 2.2217	31.8440
 2.2208	31.6184
 2.2198	31.7969
 2.2189	32.0348
 2.2179	32.1926
 2.2170	32.1550
 2.2160	32.1655
 2.2151	32.3597
 2.2141	32.3930
 2.2132	32.5410
 2.2122	32.3048
 2.2113	32.0174
 2.2103	32.2725
 2.2094	32.5927
 2.2085	32.4746
 2.2075	32.3200
 2.2066	32.1017
 2.2056	32.2236
 2.2047	32.0826
 2.2038	31.9684
 2.2028	31.6455
 2.2019	31.6480
 2.2010	32.4846
 2.2000	33.3065
 2.1991	33.5210
 2.1982	32.9952
 2.1972	32.8562
 2.1963	33.3205
 2.1954	33.1976
 2.1944	33.2313
 2.1935	33.0253
 2.1926	32.0429
 2.1917	31.9414
 2.1907	32.7498
 2.1898	32.8784
 2.1889	32.7647
 2.1880	32.5043
 2.1870	32.4310
 2.1861	32.8190
 2.1852	32.9783
 2.1843	33.0043
 2.1833	32.8018
 2.1824	32.8964
 2.1815	33.4627
 2.1806	33.2350
 2.1797	32.6706
 2.1788	32.8250
 2.1778	33.2561
 2.1769	33.4210
 2.1760	33.2263
 2.1751	33.3232
 2.1742	33.4489
 2.1733	33.5236
 2.1724	34.2766
 2.1715	34.2412
 2.1706	33.6008
 2.1696	32.5783
 2.1687	32.7647
 2.1678	33.3621
 2.1669	33.0325
 2.1660	33.6643
 2.1651	34.2490
 2.1642	33.6738
 2.1633	33.2676
 2.1624	33.8012
 2.1615	33.9336
 2.1606	34.0656
 2.1597	33.4070
 2.1588	32.7548
 2.1579	32.6033
 2.1570	33.6951
 2.1561	34.6384
 2.1552	34.1266
 2.1543	33.5169
 2.1534	33.5326
 2.1525	33.8664
 2.1517	34.4920
 2.1507	33.9054
 2.1499	33.2625
 2.1490	33.7838
 2.1481	34.2402
 2.1472	33.9049
 2.1463	33.3521
 2.1454	32.8732
 2.1445	33.0812
 2.1436	33.3002
 2.1428	33.3835
 2.1419	32.8603
 2.1410	33.0546
 2.1401	33.4419
 2.1392	33.4908
 2.1383	33.4683
 2.1375	33.5641
 2.1366	33.7295
 2.1357	34.0288
 2.1348	34.2851
 2.1339	34.0165
 2.1331	33.6856
 2.1322	34.1385
 2.1313	34.1381
 2.1304	33.8871
 2.1296	33.1075
 2.1287	33.0227
 2.1278	34.1143
 2.1269	34.9892
 2.1261	34.3627
 2.1252	33.6582
 2.1243	33.5100
 2.1235	33.7703
 2.1226	33.6878
 2.1217	33.3366
 2.1208	33.4411
 2.1200	33.4067
 2.1191	34.1379
 2.1183	34.3054
 2.1174	33.8996
 2.1165	34.0341
 2.1157	33.8476
 2.1148	33.0972
 2.1139	32.7519
 2.1131	32.9230
 2.1122	33.7043
 2.1113	33.9427
 2.1105	33.2448
 2.1096	33.6462
 2.1088	34.0365
 2.1079	33.9824
 2.1071	34.3283
 2.1062	34.0760
 2.1054	33.4467
 2.1045	33.6024
 2.1036	34.2420
 2.1028	33.9141
 2.1019	33.0979
 2.1011	33.0631
 2.1002	33.0745
 2.0994	32.5296
 2.0985	32.5974
 2.0977	33.9811
 2.0968	34.0101
 2.0960	32.6600
 2.0951	32.8514
 2.0943	33.4670
 2.0934	33.1323
 2.0926	32.5590
 2.0918	32.9646
 2.0909	33.1686
 2.0901	33.5304
 2.0892	33.7369
 2.0884	33.3183
 2.0875	33.0334
 2.0867	32.5958
 2.0859	33.4535
 2.0850	33.9704
 2.0842	33.4870
 2.0833	32.6489
 2.0825	32.1407
 2.0817	32.2467
 2.0808	31.9553
 2.0800	32.0731
 2.0792	32.3314
 2.0783	32.7694
 2.0775	33.3403
 2.0767	34.4413
 2.0759	34.9943
 2.0750	33.8101
 2.0742	32.0084
 2.0734	31.2405
 2.0725	32.0873
 2.0717	32.5994
 2.0709	32.5118
 2.0701	32.2380
 2.0692	31.9245
 2.0684	32.3746
 2.0676	33.5617
 2.0667	33.4765
 2.0659	32.8860
 2.0651	32.8947
 2.0643	32.9966
 2.0635	33.2306
 2.0626	32.8731
 2.0618	32.2403
 2.0610	32.0857
 2.0602	32.3062
 2.0594	32.0602
 2.0585	32.1605
 2.0577	32.7012
 2.0569	33.7604
 2.0561	34.3756
 2.0553	34.1568
 2.0545	33.1269
 2.0537	31.0906
 2.0528	29.5691
 2.0520	30.2455
 2.0512	31.9420
 2.0504	32.7079
 2.0496	32.7379
 2.0488	33.0131
 2.0480	32.9608
 2.0472	33.1679
 2.0464	32.2012
 2.0456	31.6500
 2.0447	33.3519
 2.0439	32.9795
 2.0431	32.3147
 2.0423	32.5645
 2.0415	31.7511
 2.0407	31.0522
 2.0399	31.5975
 2.0391	32.2179
 2.0383	32.2330
 2.0375	32.5041
 2.0367	32.0418
 2.0359	31.2287
 2.0351	31.4224
 2.0343	31.5946
 2.0335	31.0438
 2.0327	30.8361
 2.0319	31.0436
 2.0311	31.0874
 2.0303	31.8463
 2.0295	31.7094
 2.0287	31.3040
 2.0280	31.2585
 2.0272	31.5558
 2.0264	31.1998
 2.0256	29.8624
 2.0248	30.2089
 2.0240	30.8675
 2.0232	30.2384
 2.0224	30.4817
 2.0216	31.5992
 2.0208	32.0307
 2.0200	32.0643
 2.0193	30.9860
 2.0185	31.4895
 2.0177	32.0924
 2.0169	31.4051
 2.0161	30.2310
 2.0153	30.0535
 2.0146	31.4852
 2.0138	31.7839
 2.0130	31.1148
 2.0122	30.5586
 2.0114	31.0191
 2.0107	31.1720
 2.0099	30.5306
 2.0091	30.2832
 2.0083	30.8523
 2.0075	30.5587
 2.0068	31.1889
 2.0060	32.0530
 2.0052	31.0704
 2.0044	30.5923
 2.0037	30.7029
 2.0029	30.6894
 2.0021	30.2841
 2.0013	30.1544
 2.0006	30.3623
 1.9998	30.5410
