Name: Basalt
Type: Rock
Class: Igneous
Subclass: Mafic
Particle Size: Solid
Sample No.: Me28
Owner: Lawrence Rowan, USGS Reston
Wavelength Range: All
Origin: K. Ata, Middle East
Collection Date: N/A
Description: Basalt, cut surface, base fragment of basalt vesselSample was Whole rock chips. Original ASTER Spectral Library name was usgs.perknic.rock.igneous.mafic.solid.me28.spectrum.txt
Measurement: Directional Hemispherical Reflectance
First Column: X
Second Column: Y
X Units: Wavelength (micrometers)
Y Units:Reflectance (percent)
First X Value: 14.0510
Last X Value:  0.4000
Number of X Values: 2231
Additional Information: rock.igneous.mafic.solid.all.me28.usgs.perknic.ancillary.txt

14.0510	 3.1724
14.0130	 3.1724
13.9750	 3.2651
13.9380	 3.0488
13.9000	 2.9664
13.8630	 2.8634
13.8260	 3.1724
13.7900	 3.1003
13.7530	 3.1106
13.7170	 3.0282
13.6800	 3.1930
13.6440	 3.2033
13.6090	 3.2754
13.5730	 3.2136
13.5380	 3.2754
13.5020	 3.2239
13.4670	 3.3166
13.4320	 3.2651
13.3980	 3.2651
13.3630	 3.2033
13.3290	 3.2651
13.2950	 3.2445
13.2610	 3.3269
13.2270	 3.3269
13.1930	 3.3681
13.1600	 3.3269
13.1260	 3.4093
13.0930	 3.3063
13.0600	 3.3269
13.0270	 3.3681
12.9950	 3.4505
12.9620	 3.3681
12.9300	 3.2754
12.8980	 3.2960
12.8660	 3.4711
12.8340	 3.4505
12.8020	 3.4299
12.7710	 3.3578
12.7390	 3.5432
12.7080	 3.5432
12.6770	 3.5329
12.6460	 3.4814
12.6160	 3.5741
12.5850	 3.6256
12.5540	 3.7286
12.5240	 3.6462
12.4940	 3.6668
12.4640	 3.6977
12.4340	 3.9140
12.4040	 3.9243
12.3750	 3.9964
12.3450	 4.0067
12.3160	 4.1715
12.2870	 4.2436
12.2580	 4.3672
12.2290	 4.4805
12.2000	 4.5835
12.1710	 4.5629
12.1430	 4.7586
12.1150	 4.7586
12.0860	 4.8204
12.0580	 4.8410
12.0300	 5.0161
12.0020	 5.1397
11.9750	 5.2015
11.9470	 5.1809
11.9200	 5.2839
11.8920	 5.3354
11.8650	 5.3972
11.8380	 5.4899
11.8110	 5.6547
11.7840	 5.6959
11.7570	 5.8607
11.7310	 5.9534
11.7040	 6.1182
11.6780	 6.2521
11.6520	 6.4890
11.6260	 6.5302
11.6000	 6.5817
11.5740	 6.6229
11.5480	 6.8289
11.5220	 7.0143
11.4970	 7.3336
11.4710	 7.3233
11.4460	 7.3542
11.4210	 7.3954
11.3960	 7.5499
11.3710	 7.7662
11.3460	 8.0237
11.3210	 8.0443
11.2970	 8.1885
11.2720	 8.3121
11.2480	 8.4254
11.2230	 8.4769
11.1990	 8.6417
11.1750	 8.7550
11.1510	 8.7859
11.1270	 8.7241
11.1030	 8.8477
11.0790	 8.9198
11.0560	 8.9919
11.0320	 9.1052
11.0090	 9.1670
10.9850	 9.1155
10.9620	 9.1979
10.9390	 9.2288
10.9160	 9.3524
10.8930	 9.3421
10.8700	 9.3215
10.8480	 9.2803
10.8250	 9.3730
10.8020	 9.3730
10.7800	 9.3318
10.7580	 9.2494
10.7350	 9.3112
10.7130	 9.2391
10.6910	 9.1361
10.6690	 9.0022
10.6470	 8.9816
10.6250	 8.8992
10.6040	 8.8580
10.5820	 8.7859
10.5600	 8.7550
10.5390	 8.6314
10.5180	 8.6314
10.4960	 8.6108
10.4750	 8.6623
10.4540	 8.7550
10.4330	 8.9095
10.4120	 8.8374
10.3910	 8.8477
10.3700	 8.8580
10.3500	 8.8477
10.3290	 8.7241
10.3090	 8.6726
10.2880	 8.5799
10.2680	 8.5593
10.2470	 8.5181
10.2270	 8.5490
10.2070	 8.5078
10.1870	 8.4563
10.1670	 8.3121
10.1470	 8.2915
10.1270	 8.3018
10.1080	 8.3842
10.0880	 8.4151
10.0680	 8.4975
10.0490	 8.4048
10.0290	 8.5181
10.0100	 8.6314
 9.9910	 8.7241
 9.9720	 8.7138
 9.9520	 8.7035
 9.9330	 8.6726
 9.9140	 8.7344
 9.8950	 8.7138
 9.8770	 8.7756
 9.8580	 8.7344
 9.8390	 8.7859
 9.8210	 8.7859
 9.8020	 8.7653
 9.7830	 8.6829
 9.7650	 8.7859
 9.7470	 8.7756
 9.7280	 8.7653
 9.7100	 8.6932
 9.6920	 8.6417
 9.6740	 8.5902
 9.6560	 8.5490
 9.6380	 8.4872
 9.6200	 8.5181
 9.6020	 8.4975
 9.5850	 8.5696
 9.5670	 8.4357
 9.5490	 8.3533
 9.5320	 8.2915
 9.5140	 8.3121
 9.4970	 8.1679
 9.4790	 8.0340
 9.4620	 8.0443
 9.4450	 8.1679
 9.4280	 8.0649
 9.4110	 7.9928
 9.3940	 7.9310
 9.3770	 7.9516
 9.3600	 7.8280
 9.3430	 7.8280
 9.3260	 7.7662
 9.3090	 7.7250
 9.2930	 7.6735
 9.2760	 7.6941
 9.2590	 7.5602
 9.2430	 7.4984
 9.2260	 7.5190
 9.2100	 7.4778
 9.1940	 7.3645
 9.1780	 7.4881
 9.1610	 7.5190
 9.1450	 7.5087
 9.1290	 7.4984
 9.1130	 7.6014
 9.0970	 7.5087
 9.0810	 7.5087
 9.0650	 7.5293
 9.0490	 7.5705
 9.0340	 7.5396
 9.0180	 7.5499
 9.0020	 7.4675
 8.9870	 7.4984
 8.9710	 7.4572
 8.9560	 7.4263
 8.9400	 7.3542
 8.9250	 7.2924
 8.9090	 7.1070
 8.8940	 7.1379
 8.8790	 7.1070
 8.8640	 7.0143
 8.8490	 6.7774
 8.8340	 6.7053
 8.8190	 6.5302
 8.8040	 6.4581
 8.7890	 6.3139
 8.7740	 6.2418
 8.7590	 6.1388
 8.7440	 6.0255
 8.7300	 5.9740
 8.7150	 6.0358
 8.7000	 5.9843
 8.6860	 6.0049
 8.6710	 5.9431
 8.6570	 5.8916
 8.6420	 5.8092
 8.6280	 5.7474
 8.6140	 5.7062
 8.5990	 5.7371
 8.5850	 5.7062
 8.5710	 5.6959
 8.5570	 5.6753
 8.5430	 5.6444
 8.5290	 5.5826
 8.5150	 5.6135
 8.5010	 5.5414
 8.4870	 5.5826
 8.4730	 5.5517
 8.4590	 5.5723
 8.4450	 5.5002
 8.4310	 5.5105
 8.4180	 5.4899
 8.4040	 5.4178
 8.3910	 5.2942
 8.3770	 5.2736
 8.3630	 5.1294
 8.3500	 4.9955
 8.3370	 4.8307
 8.3230	 4.7483
 8.3100	 4.5938
 8.2970	 4.3672
 8.2830	 4.1509
 8.2700	 3.9861
 8.2570	 3.6977
 8.2440	 3.5741
 8.2310	 3.3166
 8.2180	 3.0488
 8.2050	 2.8325
 8.1920	 2.7089
 8.1790	 2.5235
 8.1660	 2.3793
 8.1530	 2.2557
 8.1400	 2.1424
 8.1280	 2.0394
 8.1150	 1.9776
 8.1020	 1.7922
 8.0900	 1.7613
 8.0770	 1.7098
 8.0640	 1.6789
 8.0520	 1.6789
 8.0390	 1.7098
 8.0270	 1.6274
 8.0150	 1.6068
 8.0020	 1.5965
 7.9900	 1.5862
 7.9780	 1.5656
 7.9650	 1.5759
 7.9530	 1.5450
 7.9410	 1.5656
 7.9290	 1.5862
 7.9170	 1.6171
 7.9050	 1.5141
 7.8930	 1.5450
 7.8810	 1.5965
 7.8690	 1.6068
 7.8570	 1.5759
 7.8450	 1.6274
 7.8330	 1.5244
 7.8210	 1.4832
 7.8090	 1.5553
 7.7980	 1.6068
 7.7860	 1.6480
 7.7740	 1.7201
 7.7630	 1.6274
 7.7510	 1.6068
 7.7390	 1.6583
 7.7280	 1.7407
 7.7160	 1.7407
 7.7050	 1.7304
 7.6940	 1.6892
 7.6820	 1.6892
 7.6710	 1.6995
 7.6590	 1.7510
 7.6480	 1.7201
 7.6370	 1.7304
 7.6260	 1.7819
 7.6140	 1.8231
 7.6030	 1.7407
 7.5920	 1.7613
 7.5810	 1.7922
 7.5700	 1.8643
 7.5590	 1.8128
 7.5480	 1.8849
 7.5370	 1.9673
 7.5260	 1.9055
 7.5150	 1.8746
 7.5040	 1.9982
 7.4930	 1.9982
 7.4830	 1.9982
 7.4720	 2.0394
 7.4610	 2.0600
 7.4500	 2.0188
 7.4400	 2.0291
 7.4290	 1.9879
 7.4180	 2.0600
 7.4080	 2.1218
 7.3970	 2.1218
 7.3870	 2.0497
 7.3760	 2.1012
 7.3660	 2.1115
 7.3550	 2.0806
 7.3450	 2.1218
 7.3340	 2.2248
 7.3240	 2.1939
 7.3140	 2.2145
 7.3030	 2.2557
 7.2930	 2.2969
 7.2830	 2.2557
 7.2730	 2.2763
 7.2630	 2.1939
 7.2520	 2.1836
 7.2420	 2.2454
 7.2320	 2.3381
 7.2220	 2.2866
 7.2120	 2.2660
 7.2020	 2.2763
 7.1920	 2.3175
 7.1820	 2.2660
 7.1720	 2.2351
 7.1620	 2.2660
 7.1520	 2.3587
 7.1430	 2.3587
 7.1330	 2.4205
 7.1230	 2.4411
 7.1130	 2.4926
 7.1030	 2.4720
 7.0940	 2.4514
 7.0840	 2.4411
 7.0740	 2.5029
 7.0650	 2.4926
 7.0550	 2.4823
 7.0460	 2.4617
 7.0360	 2.4926
 7.0260	 2.4720
 7.0170	 2.5235
 7.0070	 2.5235
 6.9980	 2.5338
 6.9890	 2.5338
 6.9790	 2.6059
 6.9700	 2.6059
 6.9600	 2.5750
 6.9510	 2.5338
 6.9420	 2.5441
 6.9320	 2.5956
 6.9230	 2.6677
 6.9140	 2.5956
 6.9050	 2.5235
 6.8960	 2.5132
 6.8860	 2.6162
 6.8770	 2.6677
 6.8680	 2.6780
 6.8590	 2.6986
 6.8500	 2.7089
 6.8410	 2.6883
 6.8320	 2.7089
 6.8230	 2.6780
 6.8140	 2.7295
 6.8050	 2.7295
 6.7960	 2.7707
 6.7870	 2.7501
 6.7780	 2.7089
 6.7700	 2.6574
 6.7610	 2.6368
 6.7520	 2.6574
 6.7430	 2.7501
 6.7340	 2.7604
 6.7260	 2.7810
 6.7170	 2.8119
 6.7080	 2.8428
 6.7000	 2.8222
 6.6910	 2.8016
 6.6820	 2.7707
 6.6740	 2.8016
 6.6650	 2.7913
 6.6570	 2.8222
 6.6480	 2.8634
 6.6400	 2.8737
 6.6310	 2.8016
 6.6230	 2.8222
 6.6140	 2.9046
 6.6060	 2.9458
 6.5970	 2.8943
 6.5890	 2.8737
 6.5810	 2.9046
 6.5720	 2.8943
 6.5640	 2.8119
 6.5560	 2.8737
 6.5470	 2.9252
 6.5390	 2.9252
 6.5310	 2.9046
 6.5230	 2.9561
 6.5140	 2.9252
 6.5060	 2.9046
 6.4980	 2.9355
 6.4900	 2.9767
 6.4820	 2.9355
 6.4740	 2.9046
 6.4660	 2.9149
 6.4580	 2.9458
 6.4500	 2.9149
 6.4420	 2.9664
 6.4340	 2.9252
 6.4260	 2.9149
 6.4180	 2.9870
 6.4100	 3.0591
 6.4020	 3.0385
 6.3940	 2.9767
 6.3860	 2.9252
 6.3780	 2.9561
 6.3700	 2.9561
 6.3630	 2.9561
 6.3550	 2.9252
 6.3470	 2.9355
 6.3390	 2.9458
 6.3320	 2.9149
 6.3240	 2.9149
 6.3160	 2.9458
 6.3080	 2.9561
 6.3010	 2.9561
 6.2930	 2.8943
 6.2860	 2.9149
 6.2780	 3.0076
 6.2700	 3.0385
 6.2630	 2.9973
 6.2550	 2.9664
 6.2480	 2.9252
 6.2400	 2.9252
 6.2330	 2.9252
 6.2250	 2.9561
 6.2180	 2.9252
 6.2100	 2.9458
 6.2030	 2.9355
 6.1950	 2.9870
 6.1880	 2.9870
 6.1810	 2.9664
 6.1730	 2.8840
 6.1660	 2.8428
 6.1590	 2.8531
 6.1510	 2.8634
 6.1440	 2.8531
 6.1370	 2.8634
 6.1300	 2.8119
 6.1220	 2.7913
 6.1150	 2.7913
 6.1080	 2.8325
 6.1010	 2.8119
 6.0940	 2.8016
 6.0860	 2.7810
 6.0790	 2.8325
 6.0720	 2.8943
 6.0650	 2.9561
 6.0580	 2.8943
 6.0510	 2.8737
 6.0440	 2.9149
 6.0370	 2.9870
 6.0300	 2.9870
 6.0230	 2.9664
 6.0160	 2.9458
 6.0090	 2.9355
 6.0020	 2.9252
 5.9950	 2.9561
 5.9880	 2.9973
 5.9810	 3.0076
 5.9740	 3.0179
 5.9670	 3.0797
 5.9600	 3.0900
 5.9540	 3.0797
 5.9470	 3.1106
 5.9400	 3.1827
 5.9330	 3.2033
 5.9260	 3.1724
 5.9200	 3.1827
 5.9130	 3.2548
 5.9060	 3.2960
 5.8990	 3.3166
 5.8930	 3.3269
 5.8860	 3.4196
 5.8790	 3.4402
 5.8730	 3.4402
 5.8660	 3.4505
 5.8590	 3.4402
 5.8530	 3.4093
 5.8460	 3.4814
 5.8400	 3.5123
 5.8330	 3.5535
 5.8270	 3.5638
 5.8200	 3.5329
 5.8130	 3.6153
 5.8070	 3.5947
 5.8000	 3.5329
 5.7940	 3.5329
 5.7880	 3.5226
 5.7810	 3.5947
 5.7750	 3.6771
 5.7680	 3.7080
 5.7620	 3.7286
 5.7550	 3.7080
 5.7490	 3.6565
 5.7430	 3.6668
 5.7360	 3.6771
 5.7300	 3.6874
 5.7240	 3.6771
 5.7170	 3.6874
 5.7110	 3.6874
 5.7050	 3.7286
 5.6980	 3.7801
 5.6920	 3.8213
 5.6860	 3.8213
 5.6800	 3.8522
 5.6740	 3.8934
 5.6670	 3.8625
 5.6610	 3.8007
 5.6550	 3.8316
 5.6490	 3.8831
 5.6430	 3.8934
 5.6370	 3.8831
 5.6300	 3.9037
 5.6240	 3.9140
 5.6180	 3.9037
 5.6120	 3.8728
 5.6060	 3.9243
 5.6000	 3.8934
 5.5940	 3.9037
 5.5880	 3.9552
 5.5820	 3.9346
 5.5760	 3.9037
 5.5700	 3.9552
 5.5640	 3.9655
 5.5580	 3.9758
 5.5520	 3.9964
 5.5460	 4.0170
 5.5400	 4.0273
 5.5340	 4.0479
 5.5280	 4.0788
 5.5230	 4.0788
 5.5170	 4.0891
 5.5110	 4.0994
 5.5050	 4.0994
 5.4990	 4.1303
 5.4930	 4.1509
 5.4870	 4.1303
 5.4820	 4.1406
 5.4760	 4.1921
 5.4700	 4.1715
 5.4640	 4.1921
 5.4590	 4.2436
 5.4530	 4.2539
 5.4470	 4.2333
 5.4410	 4.2539
 5.4360	 4.2333
 5.4300	 4.2024
 5.4240	 4.2539
 5.4190	 4.3363
 5.4130	 4.3466
 5.4070	 4.3157
 5.4020	 4.3054
 5.3960	 4.3054
 5.3900	 4.3054
 5.3850	 4.3466
 5.3790	 4.3775
 5.3740	 4.4084
 5.3680	 4.4290
 5.3630	 4.4393
 5.3570	 4.4290
 5.3520	 4.4702
 5.3460	 4.4805
 5.3410	 4.4599
 5.3350	 4.4290
 5.3300	 4.4496
 5.3240	 4.5114
 5.3190	 4.5011
 5.3130	 4.5011
 5.3080	 4.5114
 5.3020	 4.5320
 5.2970	 4.5629
 5.2910	 4.5217
 5.2860	 4.5423
 5.2810	 4.5732
 5.2750	 4.5835
 5.2700	 4.5835
 5.2650	 4.6453
 5.2590	 4.7071
 5.2540	 4.7174
 5.2490	 4.6659
 5.2430	 4.6762
 5.2380	 4.7277
 5.2330	 4.7277
 5.2270	 4.7483
 5.2220	 4.7586
 5.2170	 4.7380
 5.2120	 4.7174
 5.2060	 4.7380
 5.2010	 4.7895
 5.1960	 4.7998
 5.1910	 4.8307
 5.1860	 4.8616
 5.1800	 4.9028
 5.1750	 4.9234
 5.1700	 4.9234
 5.1650	 4.9131
 5.1600	 4.9131
 5.1550	 4.9852
 5.1500	 5.0573
 5.1450	 5.0470
 5.1390	 5.0161
 5.1340	 5.0264
 5.1290	 5.0161
 5.1240	 5.0264
 5.1190	 5.0161
 5.1140	 4.9852
 5.1090	 5.0367
 5.1040	 5.1191
 5.0990	 5.1500
 5.0940	 5.1706
 5.0890	 5.1603
 5.0840	 5.1397
 5.0790	 5.1912
 5.0740	 5.1706
 5.0690	 5.1809
 5.0640	 5.2427
 5.0590	 5.2633
 5.0540	 5.3148
 5.0490	 5.3663
 5.0440	 5.3560
 5.0400	 5.3354
 5.0350	 5.3457
 5.0300	 5.3560
 5.0250	 5.3766
 5.0200	 5.3972
 5.0150	 5.4075
 5.0100	 5.3766
 5.0050	 5.3972
 5.0010	 5.4590
 4.9960	 5.4899
 4.9910	 5.4693
 4.9860	 5.4796
 4.9810	 5.5208
 4.9770	 5.5311
 4.9720	 5.5517
 4.9670	 5.5826
 4.9620	 5.6135
 4.9580	 5.5929
 4.9530	 5.5929
 4.9480	 5.6032
 4.9430	 5.6547
 4.9390	 5.7165
 4.9340	 5.7268
 4.9290	 5.7165
 4.9250	 5.6959
 4.9200	 5.7577
 4.9150	 5.7886
 4.9110	 5.7474
 4.9060	 5.7989
 4.9010	 5.8504
 4.8970	 5.8298
 4.8920	 5.7886
 4.8880	 5.8298
 4.8830	 5.9019
 4.8780	 5.9225
 4.8740	 5.8813
 4.8690	 5.8195
 4.8650	 5.8504
 4.8600	 5.9225
 4.8560	 5.9431
 4.8510	 5.9431
 4.8460	 5.9843
 4.8420	 6.0770
 4.8370	 6.1285
 4.8330	 6.0770
 4.8280	 6.0049
 4.8240	 5.9946
 4.8190	 6.0358
 4.8150	 6.0770
 4.8100	 6.0770
 4.8060	 6.0667
 4.8020	 6.1388
 4.7970	 6.1285
 4.7930	 6.1182
 4.7880	 6.1800
 4.7840	 6.1903
 4.7790	 6.1285
 4.7750	 6.1388
 4.7710	 6.2521
 4.7660	 6.2727
 4.7620	 6.2830
 4.7580	 6.3036
 4.7530	 6.3345
 4.7490	 6.3036
 4.7440	 6.2933
 4.7400	 6.3242
 4.7360	 6.3448
 4.7310	 6.3654
 4.7270	 6.3757
 4.7230	 6.3654
 4.7190	 6.4066
 4.7140	 6.4581
 4.7100	 6.4684
 4.7060	 6.4375
 4.7010	 6.4478
 4.6970	 6.4787
 4.6930	 6.5302
 4.6890	 6.5920
 4.6840	 6.5714
 4.6800	 6.5611
 4.6760	 6.5405
 4.6720	 6.5714
 4.6680	 6.6538
 4.6630	 6.6538
 4.6590	 6.6332
 4.6550	 6.6950
 4.6510	 6.7568
 4.6470	 6.7568
 4.6430	 6.7980
 4.6380	 6.7980
 4.6340	 6.8083
 4.6300	 6.8083
 4.6260	 6.8598
 4.6220	 6.9113
 4.6180	 6.9319
 4.6140	 6.9010
 4.6100	 6.9216
 4.6050	 6.9319
 4.6010	 6.9731
 4.5970	 7.0246
 4.5930	 7.0349
 4.5890	 7.0864
 4.5850	 7.1276
 4.5810	 7.1379
 4.5770	 7.0864
 4.5730	 7.1070
 4.5690	 7.2203
 4.5650	 7.3027
 4.5610	 7.2924
 4.5570	 7.3027
 4.5530	 7.2924
 4.5490	 7.2924
 4.5450	 7.3130
 4.5410	 7.3439
 4.5370	 7.3542
 4.5330	 7.3542
 4.5290	 7.4366
 4.5250	 7.4675
 4.5210	 7.4469
 4.5170	 7.4469
 4.5130	 7.5087
 4.5090	 7.5808
 4.5050	 7.6117
 4.5020	 7.7250
 4.4980	 7.7044
 4.4940	 7.6529
 4.4900	 7.6735
 4.4860	 7.7147
 4.4820	 7.6838
 4.4780	 7.6735
 4.4740	 7.6838
 4.4700	 7.7044
 4.4670	 7.7353
 4.4630	 7.7559
 4.4590	 7.8074
 4.4550	 7.8177
 4.4510	 7.8692
 4.4470	 7.9001
 4.4440	 7.9207
 4.4400	 7.9104
 4.4360	 7.8589
 4.4320	 7.9516
 4.4280	 8.0134
 4.4250	 8.0134
 4.4210	 8.0649
 4.4170	 8.0649
 4.4130	 8.0237
 4.4100	 8.1164
 4.4060	 8.1164
 4.4020	 8.0752
 4.3980	 8.1782
 4.3950	 8.2606
 4.3910	 8.2194
 4.3870	 8.2503
 4.3840	 8.2812
 4.3800	 8.2400
 4.3760	 8.2915
 4.3720	 8.3842
 4.3690	 8.3533
 4.3650	 8.3945
 4.3610	 8.3842
 4.3580	 8.3945
 4.3540	 8.3327
 4.3500	 8.3430
 4.3470	 8.4460
 4.3430	 8.4254
 4.3400	 8.4254
 4.3360	 8.4975
 4.3320	 8.5284
 4.3290	 8.5799
 4.3250	 8.5902
 4.3210	 8.6314
 4.3180	 8.6726
 4.3140	 8.7241
 4.3110	 8.7241
 4.3070	 8.7653
 4.3040	 8.7653
 4.3000	 8.7344
 4.2960	 8.7550
 4.2930	 8.8168
 4.2890	 8.8786
 4.2860	 8.9198
 4.2820	 8.9713
 4.2790	 8.9919
 4.2750	 8.9919
 4.2720	 8.9919
 4.2680	 9.0022
 4.2650	 8.9610
 4.2610	 8.9198
 4.2580	 9.0125
 4.2540	 9.0125
 4.2510	 9.0228
 4.2470	 9.0434
 4.2440	 9.0743
 4.2400	 9.1979
 4.2370	 9.2906
 4.2330	 9.3009
 4.2300	 9.3524
 4.2260	 9.3524
 4.2230	 9.3009
 4.2190	 9.2803
 4.2160	 9.3112
 4.2130	 9.2597
 4.2090	 9.2082
 4.2060	 9.2494
 4.2020	 9.3009
 4.1990	 9.3112
 4.1960	 9.3421
 4.1920	 9.3730
 4.1890	 9.3627
 4.1850	 9.3215
 4.1820	 9.2906
 4.1790	 9.3112
 4.1750	 9.3627
 4.1720	 9.3936
 4.1690	 9.4554
 4.1650	 9.4039
 4.1620	 9.3730
 4.1590	 9.3833
 4.1550	 9.4760
 4.1520	 9.5378
 4.1490	 9.5790
 4.1450	 9.4863
 4.1420	 9.4245
 4.1390	 9.4760
 4.1350	 9.5275
 4.1320	 9.5481
 4.1290	 9.6099
 4.1260	 9.6099
 4.1220	 9.5996
 4.1190	 9.5172
 4.1160	 9.5584
 4.1120	 9.5996
 4.1090	 9.6614
 4.1060	 9.6408
 4.1030	 9.6614
 4.0990	 9.6305
 4.0960	 9.6511
 4.0930	 9.7026
 4.0900	 9.7129
 4.0860	 9.6923
 4.0830	 9.7335
 4.0800	 9.8159
 4.0770	 9.9189
 4.0740	 9.9189
 4.0700	 9.8365
 4.0670	 9.7953
 4.0640	 9.8365
 4.0610	 9.8056
 4.0580	 9.8262
 4.0550	 9.8983
 4.0510	 9.9807
 4.0480	 9.9395
 4.0450	 9.8880
 4.0420	 9.9910
 4.0390	 9.9910
 4.0360	 9.9807
 4.0320	10.0116
 4.0290	 9.9704
 4.0260	 9.9601
 4.0230	10.0425
 4.0200	10.0940
 4.0170	10.0734
 4.0140	10.0322
 4.0110	 9.9910
 4.0080	 9.9498
 4.0040	 9.9498
 4.0010	10.0219
 3.9980	10.0322
 3.9950	10.0219
 3.9920	10.0219
 3.9890	10.0528
 3.9860	 9.9807
 3.9830	 9.9910
 3.9800	10.0528
 3.9770	10.0837
 3.9740	10.0219
 3.9710	10.0013
 3.9680	10.0528
 3.9650	10.1455
 3.9620	10.2073
 3.9590	10.2279
 3.9560	10.2073
 3.9530	10.1661
 3.9500	10.1455
 3.9470	10.2382
 3.9440	10.1867
 3.9410	10.2176
 3.9380	10.2588
 3.9350	10.2382
 3.9320	10.2794
 3.9290	10.2897
 3.9260	10.1764
 3.9230	10.2382
 3.9200	10.2485
 3.9170	10.1661
 3.9140	10.1867
 3.9110	10.3618
 3.9080	10.3515
 3.9050	10.2485
 3.9020	10.2794
 3.8990	10.4030
 3.8960	10.3515
 3.8930	10.3206
 3.8900	10.3206
 3.8870	10.3309
 3.8840	10.4545
 3.8820	10.5266
 3.8790	10.3618
 3.8760	10.3515
 3.8730	10.3206
 3.8700	10.2279
 3.8670	10.2485
 3.8640	10.4339
 3.8610	10.4545
 3.8580	10.3927
 3.8560	10.3927
 3.8530	10.4030
 3.8500	10.3824
 3.8470	10.3515
 3.8440	10.3206
 3.8410	10.4339
 3.8380	10.3824
 3.8360	10.3824
 3.8330	10.4030
 3.8300	10.4236
 3.8270	10.4133
 3.8240	10.4957
 3.8220	10.5472
 3.8190	10.5472
 3.8160	10.4751
 3.8130	10.4545
 3.8100	10.4648
 3.8070	10.5266
 3.8050	10.5472
 3.8020	10.5369
 3.7990	10.4442
 3.7960	10.4442
 3.7940	10.4339
 3.7910	10.4442
 3.7880	10.5266
 3.7850	10.5369
 3.7820	10.4648
 3.7800	10.4957
 3.7770	10.4854
 3.7740	10.4854
 3.7710	10.5060
 3.7690	10.5060
 3.7660	10.4236
 3.7630	10.3721
 3.7610	10.4442
 3.7580	10.5060
 3.7550	10.4545
 3.7520	10.3927
 3.7500	10.3824
 3.7470	10.4339
 3.7440	10.5060
 3.7420	10.4442
 3.7390	10.3309
 3.7360	10.3000
 3.7330	10.2897
 3.7310	10.3309
 3.7280	10.3515
 3.7250	10.4339
 3.7230	10.4030
 3.7200	10.3412
 3.7170	10.3000
 3.7150	10.2691
 3.7120	10.2794
 3.7090	10.3309
 3.7070	10.3103
 3.7040	10.3309
 3.7020	10.3103
 3.6990	10.2176
 3.6960	10.1455
 3.6940	10.1249
 3.6910	10.1867
 3.6880	10.3206
 3.6860	10.3000
 3.6830	10.1867
 3.6800	10.1146
 3.6780	10.1970
 3.6750	10.1867
 3.6730	10.1352
 3.6700	10.1558
 3.6670	10.1970
 3.6650	10.2382
 3.6620	10.1764
 3.6600	10.0940
 3.6570	10.1249
 3.6550	10.0940
 3.6520	10.0631
 3.6490	10.0219
 3.6470	10.0322
 3.6440	10.0425
 3.6420	10.0940
 3.6390	10.0734
 3.6370	10.0734
 3.6340	10.0425
 3.6320	 9.9807
 3.6290	 9.9601
 3.6260	10.0013
 3.6240	10.0322
 3.6210	10.0013
 3.6190	 9.9807
 3.6160	10.0013
 3.6140	10.0013
 3.6110	 9.9601
 3.6090	 9.9292
 3.6060	 9.9189
 3.6040	 9.8365
 3.6010	 9.8056
 3.5990	 9.7541
 3.5960	 9.8159
 3.5940	 9.7747
 3.5910	 9.7644
 3.5890	 9.7850
 3.5860	 9.7747
 3.5840	 9.7541
 3.5810	 9.7438
 3.5790	 9.7541
 3.5760	 9.7644
 3.5740	 9.6614
 3.5710	 9.6511
 3.5690	 9.6408
 3.5670	 9.6820
 3.5640	 9.6923
 3.5620	 9.6202
 3.5590	 9.5584
 3.5570	 9.6202
 3.5540	 9.5996
 3.5520	 9.5790
 3.5490	 9.5172
 3.5470	 9.5069
 3.5450	 9.4966
 3.5420	 9.5275
 3.5400	 9.5481
 3.5370	 9.4554
 3.5350	 9.3112
 3.5330	 9.3524
 3.5300	 9.4245
 3.5280	 9.4966
 3.5250	 9.4142
 3.5230	 9.3421
 3.5210	 9.2597
 3.5180	 9.2803
 3.5160	 9.2803
 3.5130	 9.2391
 3.5110	 9.1670
 3.5090	 9.1979
 3.5060	 9.1361
 3.5040	 9.0743
 3.5020	 9.0022
 3.4990	 9.0743
 3.4970	 9.1464
 3.4940	 9.1155
 3.4920	 9.1052
 3.4900	 9.0640
 3.4870	 8.9919
 3.4850	 8.9198
 3.4830	 8.8992
 3.4800	 8.9301
 3.4780	 8.8374
 3.4760	 8.7756
 3.4730	 8.8065
 3.4710	 8.9713
 3.4690	 9.0022
 3.4660	 8.9507
 3.4640	 8.7962
 3.4620	 8.8580
 3.4600	 8.8889
 3.4570	 8.8683
 3.4550	 8.8168
 3.4530	 8.7447
 3.4500	 8.6623
 3.4480	 8.7653
 3.4460	 8.7756
 3.4430	 8.7138
 3.4410	 8.6314
 3.4390	 8.7138
 3.4370	 8.7344
 3.4340	 8.6623
 3.4320	 8.5284
 3.4300	 8.4872
 3.4280	 8.5799
 3.4250	 8.5490
 3.4230	 8.4666
 3.4210	 8.5078
 3.4180	 8.4151
 3.4160	 8.3018
 3.4140	 8.3224
 3.4120	 8.3327
 3.4090	 8.3842
 3.4070	 8.4460
 3.4050	 8.4563
 3.4030	 8.5593
 3.4010	 8.4666
 3.3980	 8.3430
 3.3960	 8.3636
 3.3940	 8.4254
 3.3920	 8.4254
 3.3890	 8.3018
 3.3870	 8.1164
 3.3850	 8.0752
 3.3830	 8.1576
 3.3810	 8.2297
 3.3780	 8.2297
 3.3760	 8.2194
 3.3740	 8.1267
 3.3720	 8.2194
 3.3700	 8.1370
 3.3670	 8.0855
 3.3650	 8.1267
 3.3630	 8.0752
 3.3610	 7.9928
 3.3590	 8.0649
 3.3570	 8.1576
 3.3540	 8.1267
 3.3520	 8.0134
 3.3500	 8.1164
 3.3480	 8.1576
 3.3460	 8.0134
 3.3440	 7.8383
 3.3410	 7.8898
 3.3390	 8.0134
 3.3370	 8.0031
 3.3350	 7.9413
 3.3330	 7.9516
 3.3310	 7.9413
 3.3290	 7.9825
 3.3260	 8.0031
 3.3240	 8.0031
 3.3220	 8.0031
 3.3200	 8.0855
 3.3180	 7.9413
 3.3160	 7.7868
 3.3140	 7.7765
 3.3120	 7.8074
 3.3090	 7.7353
 3.3070	 7.7971
 3.3050	 7.8280
 3.3030	 7.7250
 3.3010	 7.7765
 3.2990	 7.9001
 3.2970	 7.8280
 3.2950	 7.7559
 3.2930	 7.7147
 3.2910	 7.7353
 3.2880	 7.6426
 3.2860	 7.5602
 3.2840	 7.6323
 3.2820	 7.6941
 3.2800	 7.7250
 3.2780	 7.6941
 3.2760	 7.6426
 3.2740	 7.5911
 3.2720	 7.5293
 3.2700	 7.5499
 3.2680	 7.5190
 3.2660	 7.4572
 3.2640	 7.4366
 3.2620	 7.4263
 3.2590	 7.3439
 3.2570	 7.4160
 3.2550	 7.5087
 3.2530	 7.4881
 3.2510	 7.4469
 3.2490	 7.3954
 3.2470	 7.4057
 3.2450	 7.5087
 3.2430	 7.3542
 3.2410	 7.3027
 3.2390	 7.3851
 3.2370	 7.3233
 3.2350	 7.2615
 3.2330	 7.3336
 3.2310	 7.3748
 3.2290	 7.4160
 3.2270	 7.3336
 3.2250	 7.4160
 3.2230	 7.3233
 3.2210	 7.2306
 3.2190	 7.2100
 3.2170	 7.2615
 3.2150	 7.1997
 3.2130	 7.0452
 3.2110	 7.0452
 3.2090	 7.1688
 3.2070	 7.1997
 3.2050	 7.2409
 3.2030	 7.1894
 3.2010	 7.2100
 3.1990	 7.1379
 3.1970	 7.0761
 3.1950	 7.0040
 3.1930	 7.0246
 3.1910	 6.9628
 3.1890	 7.0040
 3.1870	 6.9937
 3.1850	 7.0143
 3.1830	 6.9834
 3.1820	 7.0040
 3.1800	 7.0761
 3.1780	 7.0761
 3.1760	 6.9525
 3.1740	 7.0143
 3.1720	 6.9319
 3.1700	 6.9010
 3.1680	 6.9731
 3.1660	 7.0658
 3.1640	 7.0040
 3.1620	 6.9010
 3.1600	 6.7980
 3.1580	 6.7671
 3.1560	 6.8907
 3.1540	 7.0452
 3.1520	 6.9628
 3.1510	 6.8598
 3.1490	 6.8186
 3.1470	 6.8598
 3.1450	 6.7877
 3.1430	 6.8907
 3.1410	 6.8701
 3.1390	 6.7568
 3.1370	 6.6641
 3.1350	 6.8083
 3.1330	 6.8289
 3.1320	 6.6950
 3.1300	 6.6332
 3.1280	 6.6950
 3.1260	 6.7362
 3.1240	 6.7053
 3.1220	 6.7465
 3.1200	 6.8495
 3.1180	 6.7156
 3.1170	 6.6023
 3.1150	 6.6126
 3.1130	 6.6332
 3.1110	 6.6332
 3.1090	 6.7156
 3.1070	 6.6950
 3.1050	 6.6538
 3.1030	 6.4890
 3.1020	 6.5302
 3.1000	 6.6126
 3.0980	 6.6641
 3.0960	 6.5817
 3.0940	 6.6538
 3.0920	 6.6950
 3.0910	 6.6641
 3.0890	 6.6435
 3.0870	 6.6126
 3.0850	 6.5714
 3.0830	 6.5508
 3.0810	 6.3963
 3.0790	 6.4375
 3.0780	 6.6126
 3.0760	 6.7053
 3.0740	 6.6126
 3.0720	 6.5508
 3.0700	 6.5302
 3.0690	 6.5611
 3.0670	 6.5508
 3.0650	 6.6023
 3.0630	 6.5199
 3.0610	 6.5714
 3.0600	 6.7671
 3.0580	 6.7774
 3.0560	 6.4272
 3.0540	 6.4993
 3.0520	 6.7774
 3.0510	 6.7259
 3.0490	 6.4684
 3.0470	 6.5611
 3.0450	 6.7156
 3.0430	 6.8392
 3.0420	 6.7259
 3.0400	 6.6332
 3.0380	 6.5302
 3.0360	 6.4890
 3.0340	 6.5920
 3.0330	 6.7465
 3.0310	 6.5920
 3.0290	 6.4272
 3.0270	 6.3242
 3.0260	 6.5302
 3.0240	 6.6435
 3.0220	 6.5302
 3.0200	 6.4478
 3.0190	 6.5096
 3.0170	 6.4993
 3.0150	 6.4478
 3.0130	 6.4684
 3.0120	 6.7156
 3.0100	 6.7465
 3.0080	 6.7156
 3.0060	 6.6950
 3.0050	 6.7053
 3.0030	 6.5611
 3.0010	 6.4890
 2.9990	 6.5302
 2.9980	 6.4787
 2.9960	 6.4684
 2.9940	 6.5096
 2.9920	 6.5817
 2.9910	 6.7053
 2.9890	 6.5508
 2.9870	 6.4787
 2.9860	 6.4993
 2.9840	 6.5817
 2.9820	 6.5714
 2.9800	 6.4684
 2.9790	 6.3654
 2.9770	 6.5817
 2.9750	 6.6538
 2.9740	 6.6126
 2.9720	 6.3860
 2.9700	 6.3654
 2.9680	 6.4066
 2.9670	 6.3860
 2.9650	 6.2212
 2.9630	 6.2727
 2.9620	 6.3654
 2.9600	 6.4890
 2.9580	 6.4890
 2.9570	 6.5714
 2.9550	 6.5920
 2.9530	 6.4787
 2.9520	 6.2933
 2.9500	 6.1903
 2.9480	 6.1388
 2.9470	 6.3551
 2.9450	 6.5508
 2.9430	 6.6435
 2.9420	 6.6538
 2.9400	 6.6744
 2.9380	 6.5508
 2.9370	 6.4890
 2.9350	 6.3963
 2.9330	 6.5199
 2.9320	 6.4478
 2.9300	 6.3757
 2.9280	 6.3345
 2.9270	 6.2315
 2.9250	 6.2418
 2.9230	 6.5199
 2.9220	 6.6435
 2.9200	 6.5096
 2.9180	 6.4272
 2.9170	 6.6229
 2.9150	 6.6950
 2.9130	 6.7980
 2.9120	 6.6435
 2.9100	 6.4684
 2.9090	 6.3139
 2.9070	 6.3242
 2.9050	 6.4684
 2.9040	 6.7259
 2.9020	 6.8083
 2.9000	 6.7156
 2.8990	 6.6023
 2.8970	 6.5714
 2.8960	 6.4581
 2.8940	 6.5302
 2.8920	 6.5714
 2.8910	 6.6023
 2.8890	 6.6950
 2.8870	 7.0143
 2.8860	 6.8392
 2.8840	 6.6332
 2.8830	 6.4169
 2.8810	 6.4581
 2.8790	 6.6435
 2.8780	 6.7156
 2.8760	 6.6023
 2.8750	 6.7774
 2.8730	 6.7877
 2.8710	 6.6950
 2.8700	 6.5508
 2.8680	 6.6950
 2.8670	 6.6332
 2.8650	 6.5096
 2.8640	 6.5405
 2.8620	 6.5096
 2.8600	 6.5096
 2.8590	 6.7671
 2.8570	 6.8392
 2.8560	 6.8495
 2.8540	 6.9937
 2.8530	 7.0864
 2.8510	 6.8804
 2.8490	 6.9422
 2.8480	 6.9525
 2.8460	 6.9010
 2.8450	 6.7568
 2.8430	 6.7259
 2.8420	 6.4993
 2.8400	 6.5405
 2.8380	 6.8392
 2.8370	 6.9319
 2.8350	 6.7568
 2.8340	 6.8186
 2.8320	 6.9628
 2.8310	 7.0761
 2.8290	 6.9731
 2.8280	 7.0452
 2.8260	 6.8392
 2.8250	 6.7671
 2.8230	 6.9010
 2.8210	 7.0452
 2.8200	 6.9937
 2.8180	 6.8701
 2.8170	 6.8701
 2.8150	 6.9937
 2.8140	 7.1276
 2.8120	 7.1173
 2.8110	 6.8186
 2.8090	 6.8392
 2.8080	 6.9937
 2.8060	 7.0864
 2.8050	 7.0761
 2.8030	 7.1482
 2.8020	 7.1482
 2.8000	 7.1173
 2.7990	 7.1791
 2.7970	 7.1070
 2.7960	 7.0967
 2.7940	 7.0761
 2.7930	 6.9113
 2.7910	 7.0349
 2.7900	 7.2409
 2.7880	 7.3233
 2.7870	 7.1379
 2.7850	 7.0864
 2.7840	 6.9937
 2.7820	 6.9834
 2.7810	 6.9216
 2.7790	 7.0658
 2.7780	 7.4160
 2.7760	 7.5705
 2.7750	 7.3851
 2.7730	 7.5293
 2.7720	 7.5705
 2.7700	 7.3336
 2.7690	 7.0967
 2.7670	 7.1894
 2.7660	 7.1070
 2.7640	 7.4263
 2.7630	 7.5499
 2.7610	 7.2718
 2.7600	 7.0864
 2.7580	 7.0864
 2.7570	 7.0246
 2.7560	 7.1482
 2.7540	 7.2821
 2.7530	 7.5705
 2.7510	 7.5911
 2.7500	 7.5808
 2.7480	 7.6014
 2.7470	 7.6220
 2.7450	 7.4675
 2.7440	 7.5808
 2.7420	 7.7868
 2.7410	 8.0649
 2.7400	 8.0958
 2.7380	 8.0855
 2.7370	 8.1576
 2.7350	 8.3842
 2.7340	 8.3018
 2.7320	 8.3430
 2.7310	 8.2297
 2.7290	 8.2915
 2.7280	 8.5593
 2.7270	 8.8065
 2.7250	 8.8271
 2.7240	 8.9198
 2.7220	 9.0846
 2.7210	 9.3627
 2.7190	 9.2803
 2.7180	 9.3627
 2.7170	 9.1464
 2.7150	 9.0125
 2.7140	 9.3318
 2.7120	 9.7438
 2.7110	 9.9292
 2.7090	10.1455
 2.7080	10.0631
 2.7070	10.2382
 2.7050	10.2691
 2.7040	10.2691
 2.7020	10.3206
 2.7010	10.7223
 2.7000	10.9283
 2.6980	10.9592
 2.6970	11.1034
 2.6950	11.4742
 2.6940	11.9274
 2.6930	12.0716
 2.6910	12.0922
 2.6900	12.4321
 2.6880	12.7720
 2.6870	13.0089
 2.6860	12.9780
 2.6840	13.0192
 2.6830	13.0192
 2.6810	13.2458
 2.6800	13.4621
 2.6790	13.7196
 2.6770	13.6681
 2.6760	13.8020
 2.6750	13.8020
 2.6730	13.9050
 2.6720	13.7608
 2.6700	13.8844
 2.6690	13.9359
 2.6680	14.0801
 2.6660	14.0904
 2.6650	14.3067
 2.6640	14.2861
 2.6620	14.4715
 2.6610	14.6054
 2.6590	14.6878
 2.6580	14.6878
 2.6570	14.8320
 2.6550	14.7496
 2.6540	14.7393
 2.6530	14.6054
 2.6510	14.3891
 2.6500	14.3067
 2.6490	14.7084
 2.6470	14.8938
 2.6460	15.1101
 2.6450	15.1822
 2.6430	15.0071
 2.6420	14.7805
 2.6400	14.8526
 2.6390	14.7187
 2.6380	14.8526
 2.6360	14.8526
 2.6350	14.8011
 2.6340	14.7805
 2.6320	14.8732
 2.6310	14.7702
 2.6300	14.7496
 2.6280	15.0277
 2.6270	15.2440
 2.6260	14.9453
 2.6240	14.8114
 2.6230	14.7805
 2.6220	14.7702
 2.6200	14.9247
 2.6190	15.2955
 2.6180	15.3882
 2.6170	15.1822
 2.6150	15.1616
 2.6140	15.2028
 2.6130	14.9247
 2.6110	15.0998
 2.6100	15.0483
 2.6090	15.0586
 2.6070	15.1925
 2.6060	15.3367
 2.6050	15.2440
 2.6030	15.1204
 2.6020	14.9041
 2.6010	14.8423
 2.5990	14.8217
 2.5980	15.1616
 2.5970	15.1925
 2.5960	15.1719
 2.5940	14.9350
 2.5930	15.0483
 2.5920	15.1616
 2.5900	15.2028
 2.5890	15.2543
 2.5880	15.3779
 2.5860	15.1925
 2.5850	14.9350
 2.5840	14.6363
 2.5830	14.9865
 2.5810	15.2749
 2.5800	15.0380
 2.5790	15.0689
 2.5770	15.3676
 2.5760	15.2749
 2.5750	15.1822
 2.5740	15.1204
 2.5720	15.2440
 2.5710	15.1410
 2.5700	15.0895
 2.5690	14.9556
 2.5670	15.0174
 2.5660	15.1925
 2.5650	15.4191
 2.5630	15.4294
 2.5620	15.1410
 2.5610	15.0380
 2.5600	15.3058
 2.5580	15.2028
 2.5570	15.2955
 2.5560	15.2131
 2.5550	15.2543
 2.5530	15.3676
 2.5520	15.4706
 2.5510	15.4397
 2.5500	15.2028
 2.5480	15.2646
 2.5470	15.3985
 2.5460	15.2440
 2.5450	15.2440
 2.5430	14.9968
 2.5420	14.7496
 2.5410	14.8629
 2.5400	15.0071
 2.5380	15.0895
 2.5370	15.3161
 2.5360	15.3264
 2.5350	15.3367
 2.5330	15.0277
 2.5320	14.9453
 2.5310	15.5015
 2.5300	15.8517
 2.5280	15.5839
 2.5270	15.5324
 2.5260	15.2646
 2.5250	15.0792
 2.5240	14.9865
 2.5220	15.2749
 2.5210	15.3367
 2.5200	15.4088
 2.5190	15.6457
 2.5170	15.6148
 2.5160	15.1204
 2.5150	15.0483
 2.5140	15.2852
 2.5130	15.2852
 2.5110	15.2955
 2.5100	15.5324
 2.5090	15.5427
 2.5080	15.3058
 2.5060	15.2440
 2.5050	15.5221
 2.5040	15.4706
 2.5030	15.2852
 2.5020	15.3882
 2.5000	15.6354
 2.4960	15.4749
 2.4920	16.2272
 2.4880	15.7142
 2.4840	14.9671
 2.4800	15.6559
 2.4760	16.1080
 2.4720	15.9248
 2.4680	16.1730
 2.4640	15.6741
 2.4600	15.6446
 2.4560	15.9882
 2.4520	16.0789
 2.4480	16.1759
 2.4440	16.0571
 2.4400	15.8721
 2.4360	16.0045
 2.4320	16.0512
 2.4280	16.2003
 2.4240	16.6746
 2.4200	16.2709
 2.4160	16.5428
 2.4120	16.5317
 2.4080	16.5919
 2.4040	16.2545
 2.4000	16.8576
 2.3960	16.4734
 2.3920	16.6051
 2.3880	16.7087
 2.3840	16.8849
 2.3800	16.6656
 2.3760	16.3476
 2.3720	16.9316
 2.3680	17.0470
 2.3640	17.0672
 2.3600	16.7717
 2.3560	16.9858
 2.3520	16.9466
 2.3480	16.9979
 2.3440	16.9807
 2.3400	17.0042
 2.3360	17.1167
 2.3320	16.9487
 2.3280	17.2257
 2.3240	17.5662
 2.3200	17.0063
 2.3160	16.9222
 2.3120	17.0260
 2.3080	17.2652
 2.3040	17.0505
 2.3000	17.4856
 2.2960	17.4824
 2.2920	17.3835
 2.2880	17.4568
 2.2840	17.1402
 2.2800	17.2687
 2.2760	17.3821
 2.2720	17.4801
 2.2680	17.5000
 2.2640	17.3521
 2.2600	17.5141
 2.2560	17.5724
 2.2520	17.4306
 2.2480	17.4352
 2.2440	17.5366
 2.2400	17.5558
 2.2360	17.4536
 2.2320	17.4531
 2.2280	17.5814
 2.2240	17.5894
 2.2200	17.6158
 2.2160	17.6771
 2.2120	17.6993
 2.2080	17.7530
 2.2040	17.8469
 2.2000	17.7827
 2.1960	17.8852
 2.1920	17.9994
 2.1880	18.1256
 2.1840	18.0662
 2.1800	18.0559
 2.1760	18.2221
 2.1720	18.3396
 2.1680	18.3620
 2.1640	18.3733
 2.1600	18.4170
 2.1560	18.4297
 2.1520	18.4501
 2.1480	18.5718
 2.1440	18.6072
 2.1400	18.5445
 2.1360	18.4817
 2.1320	18.5663
 2.1280	18.7150
 2.1240	18.5599
 2.1200	18.5319
 2.1160	18.4983
 2.1120	18.5416
 2.1080	18.4651
 2.1040	18.3718
 2.1000	18.3844
 2.0960	18.5141
 2.0920	18.5187
 2.0880	18.5206
 2.0840	18.5661
 2.0800	18.6418
 2.0760	18.7105
 2.0720	18.7562
 2.0680	18.6960
 2.0640	18.7127
 2.0600	18.7818
 2.0560	18.8535
 2.0520	18.8761
 2.0480	18.8956
 2.0440	18.9027
 2.0400	18.9529
 2.0360	18.9382
 2.0320	18.9121
 2.0280	18.9716
 2.0240	19.0149
 2.0200	18.9811
 2.0160	18.9278
 2.0120	19.0090
 2.0080	19.0311
 2.0040	19.0074
 2.0000	19.0095
 1.9960	18.9516
 1.9920	18.9589
 1.9880	19.0176
 1.9840	19.0110
 1.9800	18.9458
 1.9760	18.9224
 1.9720	18.9310
 1.9680	18.9644
 1.9640	18.9591
 1.9600	18.9569
 1.9560	18.9077
 1.9520	18.8263
 1.9480	18.8483
 1.9440	18.8148
 1.9400	18.7914
 1.9360	18.7717
 1.9320	18.6492
 1.9280	18.5992
 1.9240	18.4711
 1.9200	18.3239
 1.9160	18.3904
 1.9120	18.4695
 1.9080	18.4376
 1.9040	18.4934
 1.9000	18.6796
 1.8960	18.9385
 1.8920	19.1369
 1.8880	19.3155
 1.8840	19.4992
 1.8800	19.6426
 1.8760	19.7820
 1.8720	19.8589
 1.8680	19.9220
 1.8640	19.9800
 1.8600	20.0079
 1.8560	19.9959
 1.8520	20.0008
 1.8480	20.0802
 1.8440	20.1169
 1.8400	20.1551
 1.8360	20.2047
 1.8320	20.1556
 1.8280	20.1450
 1.8240	20.1734
 1.8200	20.1980
 1.8160	20.2283
 1.8120	20.2307
 1.8080	20.2539
 1.8040	20.2732
 1.8000	20.3122
 1.7960	20.3687
 1.7920	20.3617
 1.7880	20.3787
 1.7840	20.4281
 1.7800	20.4611
 1.7760	20.4722
 1.7720	20.4767
 1.7680	20.4681
 1.7640	20.4423
 1.7600	20.4889
 1.7560	20.4998
 1.7520	20.5117
 1.7480	20.4887
 1.7440	20.5061
 1.7400	20.5273
 1.7360	20.5014
 1.7320	20.5526
 1.7280	20.5935
 1.7240	20.5789
 1.7200	20.5741
 1.7160	20.6042
 1.7120	20.5972
 1.7080	20.5877
 1.7040	20.6006
 1.7000	20.5716
 1.6960	20.6262
 1.6920	20.6775
 1.6880	20.6665
 1.6840	20.6447
 1.6800	20.6181
 1.6760	20.6295
 1.6720	20.6188
 1.6680	20.5988
 1.6640	20.6427
 1.6600	20.6225
 1.6560	20.5849
 1.6520	20.6255
 1.6480	20.6288
 1.6440	20.6234
 1.6400	20.6200
 1.6360	20.6088
 1.6320	20.5729
 1.6280	20.5831
 1.6240	20.5550
 1.6200	20.5810
 1.6160	20.5938
 1.6120	20.5624
 1.6080	20.5164
 1.6040	20.5128
 1.6000	20.5166
 1.5960	20.5179
 1.5920	20.5018
 1.5880	20.4701
 1.5840	20.4805
 1.5800	20.4301
 1.5760	20.4288
 1.5720	20.3832
 1.5680	20.4198
 1.5640	20.3900
 1.5600	20.3733
 1.5560	20.3050
 1.5520	20.3156
 1.5480	20.2962
 1.5440	20.2726
 1.5400	20.2665
 1.5360	20.2318
 1.5320	20.2081
 1.5280	20.1809
 1.5240	20.1543
 1.5200	20.1444
 1.5160	20.1051
 1.5120	20.0662
 1.5080	20.0808
 1.5040	20.0379
 1.5000	20.0187
 1.4960	20.0100
 1.4920	19.9435
 1.4880	19.9179
 1.4840	19.9004
 1.4800	19.8915
 1.4760	19.8220
 1.4720	19.8252
 1.4680	19.8164
 1.4640	19.7404
 1.4600	19.7144
 1.4560	19.7264
 1.4520	19.7052
 1.4480	19.6765
 1.4440	19.6483
 1.4400	19.5691
 1.4360	19.5944
 1.4320	19.5376
 1.4280	19.4676
 1.4240	19.4210
 1.4200	19.4434
 1.4160	19.3776
 1.4120	19.3869
 1.4080	19.3744
 1.4040	19.4410
 1.4000	19.4197
 1.3960	19.3926
 1.3920	19.4083
 1.3880	19.4501
 1.3840	19.5004
 1.3800	19.4951
 1.3760	19.3887
 1.3720	19.3895
 1.3680	19.4702
 1.3640	19.5178
 1.3600	19.4507
 1.3560	19.3220
 1.3520	19.2864
 1.3480	19.3011
 1.3440	19.3349
 1.3400	19.3923
 1.3360	19.3757
 1.3320	19.3556
 1.3280	19.2917
 1.3240	19.2628
 1.3200	19.2966
 1.3160	19.2541
 1.3120	19.2548
 1.3080	19.2232
 1.3040	19.2103
 1.3000	19.2628
 1.2960	19.2049
 1.2920	19.2314
 1.2880	19.2806
 1.2840	19.1768
 1.2800	19.2045
 1.2760	19.2110
 1.2720	19.2201
 1.2680	19.1573
 1.2640	19.1866
 1.2600	19.2379
 1.2560	19.1781
 1.2520	19.1736
 1.2480	19.2028
 1.2440	19.2039
 1.2400	19.1655
 1.2360	19.1638
 1.2320	19.1823
 1.2280	19.1792
 1.2240	19.2231
 1.2200	19.1926
 1.2160	19.1546
 1.2120	19.1666
 1.2080	19.1956
 1.2040	19.1453
 1.2000	19.1752
 1.1960	19.1891
 1.1920	19.1959
 1.1880	19.1348
 1.1840	19.1396
 1.1800	19.1658
 1.1760	19.1594
 1.1720	19.1871
 1.1680	19.1981
 1.1640	19.1730
 1.1600	19.1271
 1.1560	19.1523
 1.1520	19.1572
 1.1480	19.1461
 1.1440	19.1175
 1.1400	19.1043
 1.1360	19.1067
 1.1320	19.0986
 1.1280	19.0262
 1.1240	19.0629
 1.1200	19.0427
 1.1160	19.0238
 1.1120	18.9987
 1.1080	18.9241
 1.1040	18.9680
 1.1000	18.9524
 1.0960	18.9520
 1.0920	18.9203
 1.0880	18.8706
 1.0840	18.8537
 1.0800	18.9128
 1.0760	18.8573
 1.0720	18.8488
 1.0680	18.8693
 1.0640	18.8518
 1.0600	18.8433
 1.0560	18.9101
 1.0520	18.9200
 1.0480	18.9057
 1.0440	18.9076
 1.0400	18.9320
 1.0360	18.9395
 1.0320	18.9616
 1.0280	18.9854
 1.0240	19.0188
 1.0200	19.0676
 1.0160	19.0775
 1.0120	19.0986
 1.0080	19.1320
 1.0040	19.1487
 1.0000	19.2041
 0.9960	19.2310
 0.9920	19.2942
 0.9880	19.3597
 0.9840	19.3745
 0.9800	19.4214
 0.9760	19.4509
 0.9720	19.5188
 0.9680	19.5201
 0.9640	19.6013
 0.9600	19.6483
 0.9560	19.6816
 0.9520	19.7327
 0.9480	19.7910
 0.9440	19.8549
 0.9400	19.8629
 0.9360	19.9207
 0.9320	20.0018
 0.9280	20.0649
 0.9240	20.2099
 0.9200	20.3299
 0.9160	20.3960
 0.9120	20.4462
 0.9080	20.5994
 0.9040	20.7189
 0.9000	20.7811
 0.8960	20.7680
 0.8920	20.7964
 0.8880	20.8687
 0.8840	20.8490
 0.8800	20.9331
 0.8760	21.1032
 0.8720	21.0620
 0.8680	21.0068
 0.8640	20.9120
 0.8600	20.9779
 0.8560	21.2022
 0.8520	21.5252
 0.8480	21.5512
 0.8440	21.4729
 0.8400	21.4929
 0.8360	21.6015
 0.8320	21.6301
 0.8280	21.7280
 0.8240	21.7536
 0.8200	21.7704
 0.8160	21.7545
 0.8120	21.7873
 0.8080	21.8478
 0.8040	21.8267
 0.8000	21.8686
 0.7960	21.8895
 0.7920	21.8973
 0.7880	21.9218
 0.7840	21.9746
 0.7800	22.0032
 0.7760	22.0330
 0.7720	22.0635
 0.7680	22.0632
 0.7640	22.0930
 0.7600	22.1159
 0.7560	22.0869
 0.7520	22.0984
 0.7480	22.0893
 0.7440	22.1180
 0.7400	22.0559
 0.7360	22.0757
 0.7320	22.0697
 0.7280	22.0455
 0.7240	22.0290
 0.7200	22.0394
 0.7160	22.0083
 0.7120	21.9728
 0.7080	21.9626
 0.7040	21.9147
 0.7000	21.8770
 0.6960	21.8173
 0.6920	21.8037
 0.6880	21.7837
 0.6840	21.7329
 0.6800	21.6999
 0.6760	21.6920
 0.6720	21.6507
 0.6680	21.5920
 0.6640	21.5781
 0.6600	21.5660
 0.6560	21.5055
 0.6520	21.4647
 0.6480	21.4043
 0.6440	21.3923
 0.6400	21.3920
 0.6360	21.3551
 0.6320	21.3223
 0.6280	21.3008
 0.6240	21.2958
 0.6200	21.2521
 0.6160	21.1890
 0.6120	21.1523
 0.6080	21.0913
 0.6040	21.0287
 0.6000	20.9468
 0.5960	20.8920
 0.5920	20.8141
 0.5880	20.6731
 0.5840	20.5318
 0.5800	20.4343
 0.5760	20.3025
 0.5720	20.1621
 0.5680	19.9877
 0.5640	19.8475
 0.5600	19.7186
 0.5560	19.5930
 0.5520	19.4739
 0.5480	19.3479
 0.5440	19.2355
 0.5400	19.1338
 0.5360	19.0464
 0.5320	18.9502
 0.5280	18.8580
 0.5240	18.7820
 0.5200	18.7090
 0.5160	18.6335
 0.5120	18.5460
 0.5080	18.4791
 0.5040	18.4202
 0.5000	18.3582
 0.4960	18.2717
 0.4920	18.1974
 0.4880	18.1168
 0.4840	18.0453
 0.4800	18.0055
 0.4760	18.0164
 0.4720	18.0211
 0.4680	17.9804
 0.4640	17.9158
 0.4600	17.8646
 0.4560	17.7991
 0.4520	17.7103
 0.4480	17.6045
 0.4440	17.5171
 0.4400	17.4353
 0.4360	17.3304
 0.4320	17.2517
 0.4280	17.1787
 0.4240	17.0995
 0.4200	17.0280
 0.4160	16.9498
 0.4120	16.8779
 0.4080	16.8119
 0.4040	16.7503
 0.4000	16.6797
