Name: Chlorite Schist
Type: rock
Class: Metamorphic
Subclass: Schist
Particle Size: Fine
Sample No.: schist7
Owner: JHU
Wavelength Range: All
Origin: Sample No. 395, The Hunt and Salisbury Collection at the U.S.Geological Survey, Denver, Co.
Collection Date: N/A
Description: This is a coarse-grained greenish schistose rock containing red garnet porphyroblasts.  Microscopically there are granulated grains of actinolite and tremolite with somewhat lesser amounts of chlorite.  This latter mineral is apparently secondary to the amphiboles and their granulation.  It often occurs as an alteration around the garnet crystals in addition to its association with the amphiboles.  Particle size was 0-75 Micrometer. Original ASTER Spectral Library name was jhu.becknic.rock.metamorphic.schist.fine.schist7.spectrum.txt
Measurement: Directional (10 Degree) Hemispherical Reflectance
First Column: X
Second Column: Y
X Units: Wavelength (micrometers)
Y Units:Reflectance (percent)
First X Value: 14.9830
Last X Value:  0.4000
Number of X Values: 2868
Additional Information: rock.metamorphic.schist.fine.all.schist7.jhu.becknic.ancillary.txt

14.9830	 1.4157
14.9400	 1.3463
14.8970	 1.3271
14.8540	 1.3465
14.8120	 1.3880
14.7700	 1.4394
14.7280	 1.4955
14.6860	 1.5571
14.6450	 1.6257
14.6030	 1.7013
14.5620	 1.7792
14.5210	 1.8517
14.4810	 1.9111
14.4410	 1.9509
14.4000	 1.9684
14.3610	 1.9646
14.3210	 1.9457
14.2810	 1.9194
14.2420	 1.8955
14.2030	 1.8822
14.1640	 1.8843
14.1260	 1.9038
14.0870	 1.9379
14.0490	 1.9814
14.0110	 2.0281
13.9730	 2.0717
13.9360	 2.1074
13.8990	 2.1335
13.8610	 2.1508
13.8240	 2.1626
13.7880	 2.1744
13.7510	 2.1913
13.7150	 2.2178
13.6790	 2.2564
13.6430	 2.3073
13.6070	 2.3691
13.5710	 2.4387
13.5360	 2.5131
13.5000	 2.5896
13.4650	 2.6658
13.4300	 2.7402
13.3960	 2.8115
13.3610	 2.8790
13.3270	 2.9417
13.2930	 2.9988
13.2590	 3.0502
13.2250	 3.0954
13.1910	 3.1352
13.1580	 3.1703
13.1240	 3.2025
13.0910	 3.2335
13.0580	 3.2645
13.0260	 3.2955
12.9930	 3.3263
12.9600	 3.3547
12.9280	 3.3789
12.8960	 3.3969
12.8640	 3.4087
12.8320	 3.4154
12.8000	 3.4187
12.7690	 3.4215
12.7370	 3.4267
12.7060	 3.4352
12.6750	 3.4476
12.6440	 3.4618
12.6140	 3.4760
12.5830	 3.4873
12.5520	 3.4940
12.5220	 3.4959
12.4920	 3.4935
12.4620	 3.4892
12.4320	 3.4847
12.4020	 3.4817
12.3730	 3.4810
12.3430	 3.4828
12.3140	 3.4864
12.2850	 3.4916
12.2560	 3.4975
12.2270	 3.5037
12.1980	 3.5098
12.1690	 3.5158
12.1410	 3.5219
12.1130	 3.5281
12.0840	 3.5352
12.0560	 3.5435
12.0280	 3.5537
12.0000	 3.5657
11.9730	 3.5797
11.9450	 3.5951
11.9180	 3.6107
11.8900	 3.6256
11.8630	 3.6389
11.8360	 3.6505
11.8090	 3.6598
11.7820	 3.6673
11.7550	 3.6737
11.7290	 3.6792
11.7020	 3.6841
11.6760	 3.6886
11.6500	 3.6915
11.6240	 3.6924
11.5980	 3.6912
11.5720	 3.6879
11.5460	 3.6832
11.5200	 3.6789
11.4950	 3.6768
11.4690	 3.6782
11.4440	 3.6834
11.4190	 3.6924
11.3940	 3.7040
11.3690	 3.7173
11.3440	 3.7306
11.3190	 3.7426
11.2940	 3.7531
11.2700	 3.7609
11.2450	 3.7651
11.2210	 3.7647
11.1970	 3.7587
11.1730	 3.7474
11.1490	 3.7313
11.1250	 3.7121
11.1010	 3.6927
11.0770	 3.6751
11.0540	 3.6621
11.0300	 3.6550
11.0070	 3.6541
10.9830	 3.6593
10.9600	 3.6692
10.9370	 3.6834
10.9140	 3.7014
10.8910	 3.7235
10.8680	 3.7507
10.8460	 3.7841
10.8230	 3.8248
10.8000	 3.8738
10.7780	 3.9304
10.7550	 3.9937
10.7330	 4.0612
10.7110	 4.1310
10.6890	 4.2011
10.6670	 4.2703
10.6450	 4.3378
10.6230	 4.4041
10.6020	 4.4685
10.5800	 4.5305
10.5580	 4.5888
10.5370	 4.6414
10.5160	 4.6854
10.4940	 4.7195
10.4730	 4.7422
10.4520	 4.7534
10.4310	 4.7534
10.4100	 4.7432
10.3890	 4.7242
10.3680	 4.6972
10.3480	 4.6643
10.3270	 4.6271
10.3060	 4.5888
10.2860	 4.5530
10.2660	 4.5229
10.2450	 4.5014
10.2250	 4.4898
10.2050	 4.4879
10.1850	 4.4938
10.1650	 4.5045
10.1450	 4.5170
10.1250	 4.5286
10.1060	 4.5379
10.0860	 4.5443
10.0660	 4.5485
10.0470	 4.5509
10.0270	 4.5509
10.0080	 4.5476
 9.9887	 4.5400
 9.9695	 4.5270
 9.9504	 4.5085
 9.9313	 4.4865
 9.9123	 4.4635
 9.8934	 4.4431
 9.8746	 4.4287
 9.8558	 4.4225
 9.8371	 4.4259
 9.8185	 4.4379
 9.7999	 4.4569
 9.7814	 4.4801
 9.7630	 4.5045
 9.7447	 4.5279
 9.7264	 4.5480
 9.7082	 4.5642
 9.6900	 4.5762
 9.6719	 4.5855
 9.6539	 4.5928
 9.6360	 4.6004
 9.6181	 4.6108
 9.6003	 4.6257
 9.5825	 4.6477
 9.5649	 4.6781
 9.5472	 4.7167
 9.5297	 4.7619
 9.5122	 4.8102
 9.4948	 4.8566
 9.4774	 4.8952
 9.4601	 4.9203
 9.4429	 4.9262
 9.4257	 4.9097
 9.4086	 4.8689
 9.3916	 4.8043
 9.3746	 4.7195
 9.3577	 4.6200
 9.3408	 4.5135
 9.3240	 4.4083
 9.3073	 4.3134
 9.2906	 4.2355
 9.2740	 4.1793
 9.2574	 4.1469
 9.2409	 4.1367
 9.2245	 4.1452
 9.2081	 4.1672
 9.1918	 4.1973
 9.1755	 4.2307
 9.1593	 4.2641
 9.1431	 4.2954
 9.1270	 4.3240
 9.1110	 4.3503
 9.0950	 4.3749
 9.0791	 4.3984
 9.0632	 4.4211
 9.0474	 4.4429
 9.0316	 4.4630
 9.0159	 4.4798
 9.0003	 4.4910
 8.9847	 4.4938
 8.9691	 4.4858
 8.9536	 4.4642
 8.9382	 4.4282
 8.9228	 4.3773
 8.9075	 4.3124
 8.8922	 4.2359
 8.8770	 4.1511
 8.8618	 4.0616
 8.8467	 3.9714
 8.8316	 3.8833
 8.8166	 3.7997
 8.8016	 3.7199
 8.7867	 3.6422
 8.7718	 3.5634
 8.7570	 3.4805
 8.7422	 3.3926
 8.7275	 3.3024
 8.7129	 3.2152
 8.6982	 3.1380
 8.6837	 3.0769
 8.6692	 3.0338
 8.6547	 3.0054
 8.6403	 2.9836
 8.6259	 2.9578
 8.6116	 2.9180
 8.5973	 2.8584
 8.5830	 2.7790
 8.5688	 2.6850
 8.5547	 2.5848
 8.5406	 2.4863
 8.5266	 2.3961
 8.5126	 2.3161
 8.4986	 2.2460
 8.4847	 2.1827
 8.4708	 2.1240
 8.4570	 2.0681
 8.4432	 2.0153
 8.4295	 1.9672
 8.4158	 1.9260
 8.4022	 1.8936
 8.3886	 1.8720
 8.3750	 1.8616
 8.3615	 1.8623
 8.3481	 1.8734
 8.3347	 1.8936
 8.3213	 1.9215
 8.3079	 1.9563
 8.2946	 1.9973
 8.2814	 2.0447
 8.2682	 2.0984
 8.2550	 2.1583
 8.2419	 2.2242
 8.2288	 2.2950
 8.2158	 2.3705
 8.2028	 2.4496
 8.1898	 2.5320
 8.1769	 2.6178
 8.1640	 2.7068
 8.1512	 2.7992
 8.1384	 2.8948
 8.1256	 2.9929
 8.1129	 3.0931
 8.1002	 3.1956
 8.0876	 3.3005
 8.0750	 3.4083
 8.0624	 3.5196
 8.0499	 3.6344
 8.0374	 3.7523
 8.0250	 3.8729
 8.0126	 3.9956
 8.0002	 4.1196
 7.9879	 4.2456
 7.9756	 4.3735
 7.9634	 4.5031
 7.9512	 4.6340
 7.9390	 4.7654
 7.9268	 4.8969
 7.9147	 5.0276
 7.9027	 5.1586
 7.8906	 5.2900
 7.8786	 5.4231
 7.8667	 5.5578
 7.8548	 5.6940
 7.8429	 5.8309
 7.8310	 5.9680
 7.8192	 6.1051
 7.8075	 6.2425
 7.7957	 6.3812
 7.7840	 6.5212
 7.7723	 6.6623
 7.7607	 6.8032
 7.7491	 6.9425
 7.7375	 7.0784
 7.7260	 7.2103
 7.7145	 7.3387
 7.7031	 7.4644
 7.6916	 7.5895
 7.6802	 7.7145
 7.6689	 7.8400
 7.6575	 7.9658
 7.6462	 8.0906
 7.6350	 8.2135
 7.6238	 8.3345
 7.6126	 8.4541
 7.6014	 8.5730
 7.5903	 8.6926
 7.5792	 8.8138
 7.5681	 8.9377
 7.5571	 9.0634
 7.5461	 9.1903
 7.5351	 9.3175
 7.5242	 9.4433
 7.5133	 9.5666
 7.5024	 9.6874
 7.4916	 9.8054
 7.4807	 9.9209
 7.4700	10.0350
 7.4592	10.1490
 7.4485	10.2620
 7.4378	10.3760
 7.4272	10.4890
 7.4165	10.6040
 7.4059	10.7190
 7.3954	10.8350
 7.3848	10.9540
 7.3743	11.0760
 7.3639	11.2000
 7.3534	11.3250
 7.3430	11.4500
 7.3326	11.5720
 7.3222	11.6910
 7.3119	11.8060
 7.3016	11.9170
 7.2914	12.0250
 7.2811	12.1310
 7.2709	12.2370
 7.2607	12.3430
 7.2506	12.4480
 7.2404	12.5520
 7.2303	12.6530
 7.2203	12.7520
 7.2102	12.8460
 7.2002	12.9360
 7.1902	13.0240
 7.1803	13.1090
 7.1703	13.1950
 7.1604	13.2820
 7.1506	13.3720
 7.1407	13.4660
 7.1309	13.5620
 7.1211	13.6600
 7.1113	13.7560
 7.1016	13.8500
 7.0919	13.9400
 7.0822	14.0260
 7.0725	14.1120
 7.0629	14.1990
 7.0533	14.2910
 7.0437	14.3890
 7.0341	14.4930
 7.0246	14.5990
 7.0151	14.7060
 7.0056	14.8090
 6.9962	14.9080
 6.9867	15.0040
 6.9773	15.1010
 6.9679	15.2000
 6.9586	15.3060
 6.9493	15.4180
 6.9400	15.5330
 6.9307	15.6460
 6.9214	15.7550
 6.9122	15.8550
 6.9030	15.9460
 6.8938	16.0300
 6.8847	16.1120
 6.8755	16.1970
 6.8664	16.2880
 6.8573	16.3850
 6.8483	16.4900
 6.8393	16.5960
 6.8302	16.7000
 6.8213	16.7990
 6.8123	16.8910
 6.8034	16.9780
 6.7944	17.0640
 6.7855	17.1510
 6.7767	17.2410
 6.7678	17.3310
 6.7590	17.4180
 6.7502	17.4980
 6.7414	17.5680
 6.7327	17.6280
 6.7239	17.6790
 6.7152	17.7230
 6.7065	17.7610
 6.6979	17.7940
 6.6892	17.8180
 6.6806	17.8310
 6.6720	17.8280
 6.6634	17.8110
 6.6549	17.7820
 6.6464	17.7450
 6.6378	17.7060
 6.6294	17.6670
 6.6209	17.6290
 6.6124	17.5870
 6.6040	17.5380
 6.5956	17.4800
 6.5872	17.4140
 6.5789	17.3460
 6.5705	17.2800
 6.5622	17.2180
 6.5539	17.1580
 6.5456	17.0950
 6.5374	17.0210
 6.5292	16.9310
 6.5209	16.8240
 6.5128	16.7080
 6.5046	16.5920
 6.4964	16.4870
 6.4883	16.4010
 6.4802	16.3340
 6.4721	16.2790
 6.4640	16.2250
 6.4560	16.1600
 6.4480	16.0780
 6.4399	15.9780
 6.4320	15.8680
 6.4240	15.7600
 6.4160	15.6650
 6.4081	15.5880
 6.4002	15.5300
 6.3923	15.4840
 6.3844	15.4440
 6.3766	15.4020
 6.3687	15.3570
 6.3609	15.3130
 6.3531	15.2750
 6.3454	15.2490
 6.3376	15.2390
 6.3299	15.2450
 6.3221	15.2640
 6.3144	15.2900
 6.3068	15.3180
 6.2991	15.3460
 6.2914	15.3710
 6.2838	15.3940
 6.2762	15.4170
 6.2686	15.4390
 6.2611	15.4630
 6.2535	15.4870
 6.2460	15.5090
 6.2385	15.5310
 6.2310	15.5480
 6.2235	15.5590
 6.2160	15.5640
 6.2086	15.5630
 6.2011	15.5570
 6.1937	15.5490
 6.1863	15.5400
 6.1790	15.5340
 6.1716	15.5310
 6.1643	15.5300
 6.1570	15.5270
 6.1496	15.5200
 6.1424	15.5090
 6.1351	15.4940
 6.1278	15.4790
 6.1206	15.4690
 6.1134	15.4660
 6.1062	15.4720
 6.0990	15.4830
 6.0918	15.4940
 6.0847	15.5000
 6.0776	15.5020
 6.0704	15.5000
 6.0633	15.5050
 6.0563	15.5220
 6.0492	15.5580
 6.0421	15.6140
 6.0351	15.6830
 6.0281	15.7560
 6.0211	15.8220
 6.0141	15.8740
 6.0071	15.9090
 6.0002	15.9270
 5.9932	15.9340
 5.9863	15.9350
 5.9794	15.9330
 5.9725	15.9310
 5.9657	15.9310
 5.9588	15.9340
 5.9520	15.9440
 5.9451	15.9620
 5.9383	15.9900
 5.9315	16.0240
 5.9247	16.0600
 5.9180	16.0920
 5.9112	16.1170
 5.9045	16.1370
 5.8978	16.1570
 5.8911	16.1860
 5.8844	16.2320
 5.8777	16.2970
 5.8711	16.3790
 5.8644	16.4680
 5.8578	16.5530
 5.8512	16.6270
 5.8446	16.6850
 5.8380	16.7300
 5.8314	16.7680
 5.8249	16.8090
 5.8184	16.8550
 5.8118	16.9090
 5.8053	16.9670
 5.7988	17.0240
 5.7923	17.0740
 5.7859	17.1190
 5.7794	17.1600
 5.7730	17.2040
 5.7666	17.2570
 5.7602	17.3220
 5.7538	17.3980
 5.7474	17.4830
 5.7410	17.5700
 5.7347	17.6560
 5.7283	17.7390
 5.7220	17.8200
 5.7157	17.9000
 5.7094	17.9810
 5.7031	18.0650
 5.6969	18.1490
 5.6906	18.2300
 5.6844	18.3050
 5.6782	18.3720
 5.6719	18.4300
 5.6657	18.4830
 5.6596	18.5360
 5.6534	18.5930
 5.6472	18.6600
 5.6411	18.7390
 5.6349	18.8290
 5.6288	18.9280
 5.6227	19.0310
 5.6166	19.1330
 5.6106	19.2310
 5.6045	19.3250
 5.5984	19.4160
 5.5924	19.5080
 5.5864	19.6050
 5.5804	19.7100
 5.5744	19.8250
 5.5684	19.9490
 5.5624	20.0810
 5.5564	20.2200
 5.5505	20.3620
 5.5445	20.5070
 5.5386	20.6530
 5.5327	20.7990
 5.5268	20.9450
 5.5209	21.0870
 5.5151	21.2270
 5.5092	21.3620
 5.5033	21.4930
 5.4975	21.6190
 5.4917	21.7430
 5.4859	21.8660
 5.4801	21.9900
 5.4743	22.1170
 5.4685	22.2470
 5.4628	22.3750
 5.4570	22.5000
 5.4513	22.6140
 5.4455	22.7140
 5.4398	22.7990
 5.4341	22.8690
 5.4284	22.9270
 5.4228	22.9750
 5.4171	23.0170
 5.4114	23.0520
 5.4058	23.0820
 5.4002	23.1050
 5.3945	23.1180
 5.3889	23.1200
 5.3833	23.1110
 5.3778	23.0900
 5.3722	23.0590
 5.3666	23.0210
 5.3611	22.9800
 5.3555	22.9400
 5.3500	22.9050
 5.3445	22.8790
 5.3390	22.8630
 5.3335	22.8560
 5.3280	22.8550
 5.3225	22.8570
 5.3171	22.8600
 5.3116	22.8610
 5.3062	22.8610
 5.3008	22.8600
 5.2954	22.8590
 5.2900	22.8590
 5.2846	22.8610
 5.2792	22.8660
 5.2738	22.8720
 5.2684	22.8790
 5.2631	22.8870
 5.2578	22.8970
 5.2524	22.9090
 5.2471	22.9230
 5.2418	22.9410
 5.2365	22.9620
 5.2312	22.9880
 5.2260	23.0190
 5.2207	23.0570
 5.2154	23.1030
 5.2102	23.1590
 5.2050	23.2250
 5.1998	23.3020
 5.1945	23.3880
 5.1893	23.4810
 5.1842	23.5790
 5.1790	23.6810
 5.1738	23.7870
 5.1686	23.8950
 5.1635	24.0070
 5.1584	24.1230
 5.1532	24.2430
 5.1481	24.3670
 5.1430	24.4920
 5.1379	24.6170
 5.1328	24.7390
 5.1277	24.8560
 5.1227	24.9660
 5.1176	25.0680
 5.1126	25.1610
 5.1075	25.2470
 5.1025	25.3250
 5.0975	25.3960
 5.0925	25.4620
 5.0875	25.5220
 5.0825	25.5790
 5.0775	25.6330
 5.0726	25.6860
 5.0676	25.7370
 5.0627	25.7870
 5.0577	25.8360
 5.0528	25.8810
 5.0479	25.9220
 5.0430	25.9590
 5.0380	25.9920
 5.0332	26.0230
 5.0283	26.0540
 5.0234	26.0860
 5.0185	26.1200
 5.0137	26.1560
 5.0088	26.1920
 5.0040	26.2250
 4.9992	26.2520
 4.9944	26.2720
 4.9896	26.2820
 4.9848	26.2820
 4.9800	26.2720
 4.9752	26.2540
 4.9704	26.2310
 4.9657	26.2050
 4.9609	26.1820
 4.9562	26.1650
 4.9514	26.1580
 4.9467	26.1660
 4.9420	26.1910
 4.9373	26.2340
 4.9326	26.2970
 4.9279	26.3790
 4.9232	26.4800
 4.9186	26.5970
 4.9139	26.7280
 4.9092	26.8680
 4.9046	27.0140
 4.9000	27.1640
 4.8953	27.3120
 4.8907	27.4590
 4.8861	27.6030
 4.8815	27.7440
 4.8769	27.8870
 4.8723	28.0340
 4.8678	28.1910
 4.8632	28.3620
 4.8586	28.5520
 4.8541	28.7620
 4.8495	28.9900
 4.8450	29.2340
 4.8405	29.4870
 4.8360	29.7430
 4.8315	29.9970
 4.8270	30.2440
 4.8225	30.4810
 4.8180	30.7080
 4.8135	30.9260
 4.8090	31.1360
 4.8046	31.3410
 4.8001	31.5440
 4.7957	31.7480
 4.7913	31.9560
 4.7868	32.1720
 4.7824	32.3990
 4.7780	32.6410
 4.7736	32.8990
 4.7692	33.1750
 4.7648	33.4670
 4.7605	33.7760
 4.7561	34.0970
 4.7517	34.4250
 4.7474	34.7570
 4.7431	35.0890
 4.7387	35.4170
 4.7344	35.7370
 4.7301	36.0480
 4.7258	36.3490
 4.7215	36.6370
 4.7172	36.9130
 4.7129	37.1780
 4.7086	37.4300
 4.7043	37.6730
 4.7000	37.9060
 4.6958	38.1300
 4.6915	38.3480
 4.6873	38.5600
 4.6831	38.7660
 4.6788	38.9650
 4.6746	39.1590
 4.6704	39.3460
 4.6662	39.5250
 4.6620	39.6950
 4.6578	39.8580
 4.6536	40.0130
 4.6495	40.1610
 4.6453	40.3060
 4.6411	40.4490
 4.6370	40.5930
 4.6328	40.7400
 4.6287	40.8950
 4.6246	41.0590
 4.6205	41.2360
 4.6163	41.4290
 4.6122	41.6390
 4.6081	41.8680
 4.6040	42.1160
 4.6000	42.3820
 4.5959	42.6640
 4.5918	42.9600
 4.5877	43.2660
 4.5837	43.5790
 4.5796	43.8960
 4.5756	44.2120
 4.5716	44.5240
 4.5675	44.8310
 4.5635	45.1320
 4.5595	45.4270
 4.5555	45.7180
 4.5515	46.0030
 4.5475	46.2840
 4.5435	46.5600
 4.5395	46.8300
 4.5356	47.0930
 4.5316	47.3490
 4.5276	47.5990
 4.5237	47.8420
 4.5197	48.0820
 4.5158	48.3190
 4.5119	48.5520
 4.5080	48.7830
 4.5040	49.0080
 4.5001	49.2270
 4.4962	49.4400
 4.4923	49.6450
 4.4884	49.8440
 4.4846	50.0370
 4.4807	50.2260
 4.4768	50.4110
 4.4730	50.5940
 4.4691	50.7750
 4.4652	50.9540
 4.4614	51.1290
 4.4576	51.3000
 4.4537	51.4670
 4.4499	51.6270
 4.4461	51.7810
 4.4423	51.9290
 4.4385	52.0710
 4.4347	52.2060
 4.4309	52.3360
 4.4271	52.4610
 4.4233	52.5810
 4.4196	52.6960
 4.4158	52.8070
 4.4120	52.9130
 4.4083	53.0160
 4.4045	53.1150
 4.4008	53.2110
 4.3971	53.3050
 4.3934	53.3970
 4.3896	53.4860
 4.3859	53.5750
 4.3822	53.6610
 4.3785	53.7450
 4.3748	53.8270
 4.3711	53.9080
 4.3674	53.9870
 4.3638	54.0650
 4.3601	54.1410
 4.3564	54.2180
 4.3528	54.2930
 4.3491	54.3680
 4.3455	54.4410
 4.3418	54.5120
 4.3382	54.5810
 4.3346	54.6480
 4.3310	54.7130
 4.3273	54.7770
 4.3237	54.8390
 4.3201	54.9000
 4.3165	54.9600
 4.3129	55.0190
 4.3094	55.0760
 4.3058	55.1330
 4.3022	55.1890
 4.2986	55.2440
 4.2951	55.2980
 4.2915	55.3500
 4.2880	55.4020
 4.2844	55.4540
 4.2809	55.5070
 4.2774	55.5620
 4.2738	55.6170
 4.2703	55.6740
 4.2668	55.7310
 4.2633	55.7860
 4.2598	55.8390
 4.2563	55.8900
 4.2528	55.9390
 4.2493	55.9870
 4.2458	56.0340
 4.2424	56.0830
 4.2389	56.1330
 4.2354	56.1850
 4.2320	56.2380
 4.2285	56.2900
 4.2251	56.3420
 4.2216	56.3930
 4.2182	56.4410
 4.2148	56.4890
 4.2113	56.5370
 4.2079	56.5860
 4.2045	56.6360
 4.2011	56.6880
 4.1977	56.7390
 4.1943	56.7900
 4.1909	56.8380
 4.1875	56.8840
 4.1841	56.9280
 4.1808	56.9700
 4.1774	57.0120
 4.1740	57.0540
 4.1707	57.0980
 4.1673	57.1430
 4.1640	57.1890
 4.1606	57.2360
 4.1573	57.2820
 4.1540	57.3280
 4.1506	57.3720
 4.1473	57.4150
 4.1440	57.4560
 4.1407	57.4940
 4.1374	57.5300
 4.1341	57.5640
 4.1308	57.5980
 4.1275	57.6310
 4.1242	57.6640
 4.1209	57.6980
 4.1177	57.7320
 4.1144	57.7650
 4.1111	57.7970
 4.1079	57.8290
 4.1046	57.8600
 4.1014	57.8910
 4.0981	57.9220
 4.0949	57.9530
 4.0917	57.9820
 4.0884	58.0090
 4.0852	58.0330
 4.0820	58.0520
 4.0788	58.0690
 4.0756	58.0830
 4.0724	58.0960
 4.0692	58.1090
 4.0660	58.1220
 4.0628	58.1350
 4.0596	58.1490
 4.0565	58.1610
 4.0533	58.1740
 4.0501	58.1850
 4.0470	58.1940
 4.0438	58.2000
 4.0406	58.2010
 4.0375	58.1980
 4.0344	58.1900
 4.0312	58.1770
 4.0281	58.1600
 4.0250	58.1430
 4.0218	58.1270
 4.0187	58.1150
 4.0156	58.1080
 4.0125	58.1070
 4.0094	58.1110
 4.0063	58.1210
 4.0032	58.1350
 4.0001	58.1510
 3.9970	58.1690
 3.9940	58.1880
 3.9909	58.2070
 3.9878	58.2250
 3.9847	58.2430
 3.9817	58.2590
 3.9786	58.2730
 3.9756	58.2880
 3.9725	58.3040
 3.9695	58.3200
 3.9665	58.3380
 3.9634	58.3570
 3.9604	58.3740
 3.9574	58.3890
 3.9544	58.4020
 3.9513	58.4110
 3.9483	58.4180
 3.9453	58.4230
 3.9423	58.4270
 3.9393	58.4300
 3.9363	58.4310
 3.9333	58.4290
 3.9304	58.4250
 3.9274	58.4180
 3.9244	58.4100
 3.9214	58.4010
 3.9185	58.3940
 3.9155	58.3880
 3.9126	58.3840
 3.9096	58.3790
 3.9067	58.3740
 3.9037	58.3680
 3.9008	58.3610
 3.8979	58.3510
 3.8949	58.3390
 3.8920	58.3240
 3.8891	58.3060
 3.8862	58.2860
 3.8833	58.2650
 3.8804	58.2430
 3.8775	58.2220
 3.8746	58.2020
 3.8717	58.1830
 3.8688	58.1630
 3.8659	58.1400
 3.8630	58.1150
 3.8601	58.0850
 3.8573	58.0530
 3.8544	58.0190
 3.8515	57.9840
 3.8487	57.9500
 3.8458	57.9190
 3.8430	57.8910
 3.8401	57.8650
 3.8373	57.8410
 3.8344	57.8170
 3.8316	57.7930
 3.8288	57.7690
 3.8259	57.7430
 3.8231	57.7170
 3.8203	57.6890
 3.8175	57.6590
 3.8147	57.6260
 3.8119	57.5910
 3.8091	57.5540
 3.8063	57.5160
 3.8035	57.4780
 3.8007	57.4410
 3.7979	57.4060
 3.7951	57.3720
 3.7924	57.3400
 3.7896	57.3070
 3.7868	57.2730
 3.7841	57.2360
 3.7813	57.1960
 3.7785	57.1530
 3.7758	57.1070
 3.7730	57.0590
 3.7703	57.0120
 3.7676	56.9650
 3.7648	56.9200
 3.7621	56.8760
 3.7594	56.8330
 3.7566	56.7910
 3.7539	56.7460
 3.7512	56.7000
 3.7485	56.6500
 3.7458	56.5970
 3.7431	56.5410
 3.7404	56.4810
 3.7377	56.4210
 3.7350	56.3600
 3.7323	56.3000
 3.7296	56.2420
 3.7269	56.1860
 3.7242	56.1330
 3.7216	56.0820
 3.7189	56.0320
 3.7162	55.9830
 3.7136	55.9340
 3.7109	55.8850
 3.7083	55.8340
 3.7056	55.7820
 3.7030	55.7280
 3.7003	55.6730
 3.6977	55.6180
 3.6950	55.5630
 3.6924	55.5100
 3.6898	55.4600
 3.6872	55.4130
 3.6845	55.3680
 3.6819	55.3240
 3.6793	55.2790
 3.6767	55.2310
 3.6741	55.1800
 3.6715	55.1230
 3.6689	55.0620
 3.6663	54.9960
 3.6637	54.9270
 3.6611	54.8570
 3.6585	54.7860
 3.6560	54.7170
 3.6534	54.6480
 3.6508	54.5810
 3.6482	54.5120
 3.6457	54.4420
 3.6431	54.3690
 3.6406	54.2930
 3.6380	54.2130
 3.6355	54.1300
 3.6329	54.0460
 3.6304	53.9600
 3.6278	53.8750
 3.6253	53.7900
 3.6227	53.7080
 3.6202	53.6280
 3.6177	53.5510
 3.6152	53.4750
 3.6127	53.4000
 3.6101	53.3250
 3.6076	53.2470
 3.6051	53.1670
 3.6026	53.0830
 3.6001	52.9950
 3.5976	52.9030
 3.5951	52.8050
 3.5926	52.7020
 3.5901	52.5930
 3.5876	52.4800
 3.5852	52.3630
 3.5827	52.2430
 3.5802	52.1210
 3.5777	51.9990
 3.5753	51.8770
 3.5728	51.7560
 3.5704	51.6380
 3.5679	51.5240
 3.5654	51.4160
 3.5630	51.3160
 3.5605	51.2230
 3.5581	51.1370
 3.5557	51.0560
 3.5532	50.9750
 3.5508	50.8920
 3.5484	50.8050
 3.5459	50.7120
 3.5435	50.6140
 3.5411	50.5130
 3.5387	50.4090
 3.5363	50.3020
 3.5338	50.1910
 3.5314	50.0750
 3.5290	49.9550
 3.5266	49.8310
 3.5242	49.7070
 3.5218	49.5840
 3.5195	49.4650
 3.5171	49.3480
 3.5147	49.2310
 3.5123	49.1110
 3.5099	48.9880
 3.5075	48.8620
 3.5052	48.7360
 3.5028	48.6160
 3.5004	48.5070
 3.4981	48.4140
 3.4957	48.3370
 3.4934	48.2760
 3.4910	48.2250
 3.4887	48.1800
 3.4863	48.1360
 3.4840	48.0880
 3.4816	48.0330
 3.4793	47.9710
 3.4770	47.9010
 3.4746	47.8220
 3.4723	47.7370
 3.4700	47.6450
 3.4677	47.5490
 3.4653	47.4500
 3.4630	47.3490
 3.4607	47.2470
 3.4584	47.1450
 3.4561	47.0410
 3.4538	46.9350
 3.4515	46.8260
 3.4492	46.7150
 3.4469	46.6060
 3.4446	46.4990
 3.4423	46.3980
 3.4400	46.3050
 3.4378	46.2170
 3.4355	46.1330
 3.4332	46.0470
 3.4309	45.9560
 3.4287	45.8560
 3.4264	45.7450
 3.4241	45.6250
 3.4219	45.4980
 3.4196	45.3690
 3.4174	45.2430
 3.4151	45.1240
 3.4129	45.0150
 3.4106	44.9190
 3.4084	44.8350
 3.4061	44.7590
 3.4039	44.6860
 3.4017	44.6110
 3.3994	44.5290
 3.3972	44.4350
 3.3950	44.3270
 3.3928	44.2070
 3.3906	44.0790
 3.3883	43.9460
 3.3861	43.8120
 3.3839	43.6820
 3.3817	43.5560
 3.3795	43.4340
 3.3773	43.3150
 3.3751	43.1980
 3.3729	43.0810
 3.3707	42.9640
 3.3685	42.8490
 3.3663	42.7360
 3.3641	42.6260
 3.3620	42.5200
 3.3598	42.4180
 3.3576	42.3170
 3.3554	42.2150
 3.3533	42.1100
 3.3511	42.0000
 3.3489	41.8850
 3.3468	41.7650
 3.3446	41.6410
 3.3425	41.5170
 3.3403	41.3920
 3.3382	41.2660
 3.3360	41.1390
 3.3339	41.0080
 3.3317	40.8730
 3.3296	40.7320
 3.3274	40.5860
 3.3253	40.4380
 3.3232	40.2870
 3.3210	40.1360
 3.3189	39.9840
 3.3168	39.8320
 3.3147	39.6790
 3.3126	39.5230
 3.3104	39.3640
 3.3083	39.2020
 3.3062	39.0370
 3.3041	38.8690
 3.3020	38.6990
 3.2999	38.5270
 3.2978	38.3570
 3.2957	38.1880
 3.2936	38.0230
 3.2915	37.8610
 3.2894	37.7010
 3.2874	37.5430
 3.2853	37.3860
 3.2832	37.2280
 3.2811	37.0690
 3.2790	36.9110
 3.2770	36.7560
 3.2749	36.6020
 3.2728	36.4500
 3.2708	36.2990
 3.2687	36.1470
 3.2666	35.9930
 3.2646	35.8370
 3.2625	35.6780
 3.2605	35.5180
 3.2584	35.3570
 3.2564	35.1970
 3.2543	35.0370
 3.2523	34.8770
 3.2503	34.7150
 3.2482	34.5510
 3.2462	34.3860
 3.2442	34.2180
 3.2421	34.0480
 3.2401	33.8740
 3.2381	33.6970
 3.2361	33.5130
 3.2340	33.3230
 3.2320	33.1250
 3.2300	32.9210
 3.2280	32.7130
 3.2260	32.5030
 3.2240	32.2950
 3.2220	32.0880
 3.2200	31.8830
 3.2180	31.6780
 3.2160	31.4710
 3.2140	31.2620
 3.2120	31.0490
 3.2100	30.8350
 3.2080	30.6220
 3.2060	30.4130
 3.2040	30.2100
 3.2021	30.0110
 3.2001	29.8150
 3.1981	29.6200
 3.1961	29.4230
 3.1942	29.2210
 3.1922	29.0130
 3.1902	28.8010
 3.1883	28.5850
 3.1863	28.3690
 3.1844	28.1550
 3.1824	27.9450
 3.1805	27.7400
 3.1785	27.5420
 3.1766	27.3490
 3.1746	27.1600
 3.1727	26.9720
 3.1707	26.7830
 3.1688	26.5910
 3.1669	26.3950
 3.1649	26.1920
 3.1630	25.9850
 3.1611	25.7730
 3.1591	25.5580
 3.1572	25.3400
 3.1553	25.1230
 3.1534	24.9070
 3.1515	24.6970
 3.1495	24.4900
 3.1476	24.2870
 3.1457	24.0840
 3.1438	23.8790
 3.1419	23.6690
 3.1400	23.4550
 3.1381	23.2380
 3.1362	23.0210
 3.1343	22.8080
 3.1324	22.6010
 3.1305	22.3980
 3.1286	22.2000
 3.1268	22.0030
 3.1249	21.8050
 3.1230	21.6040
 3.1211	21.4000
 3.1192	21.1940
 3.1174	20.9870
 3.1155	20.7820
 3.1136	20.5800
 3.1117	20.3810
 3.1099	20.1830
 3.1080	19.9880
 3.1061	19.7940
 3.1043	19.6020
 3.1024	19.4130
 3.1006	19.2280
 3.0987	19.0470
 3.0969	18.8690
 3.0950	18.6940
 3.0932	18.5220
 3.0913	18.3490
 3.0895	18.1780
 3.0876	18.0090
 3.0858	17.8420
 3.0840	17.6780
 3.0821	17.5190
 3.0803	17.3630
 3.0785	17.2100
 3.0766	17.0580
 3.0748	16.9090
 3.0730	16.7630
 3.0712	16.6210
 3.0694	16.4840
 3.0675	16.3510
 3.0657	16.2200
 3.0639	16.0900
 3.0621	15.9600
 3.0603	15.8280
 3.0585	15.6950
 3.0567	15.5640
 3.0549	15.4380
 3.0531	15.3170
 3.0513	15.2020
 3.0495	15.0910
 3.0477	14.9810
 3.0459	14.8700
 3.0441	14.7540
 3.0423	14.6330
 3.0406	14.5050
 3.0388	14.3730
 3.0370	14.2380
 3.0352	14.1030
 3.0334	13.9690
 3.0317	13.8370
 3.0299	13.7090
 3.0281	13.5820
 3.0264	13.4560
 3.0246	13.3280
 3.0228	13.1960
 3.0211	13.0590
 3.0193	12.9150
 3.0176	12.7650
 3.0158	12.6130
 3.0140	12.4620
 3.0123	12.3140
 3.0105	12.1730
 3.0088	12.0370
 3.0070	11.9070
 3.0053	11.7800
 3.0036	11.6560
 3.0018	11.5340
 3.0001	11.4150
 2.9984	11.3040
 2.9966	11.2000
 2.9949	11.1060
 2.9932	11.0200
 2.9914	10.9410
 2.9897	10.8660
 2.9880	10.7940
 2.9863	10.7250
 2.9845	10.6590
 2.9828	10.5970
 2.9811	10.5400
 2.9794	10.4860
 2.9777	10.4330
 2.9760	10.3820
 2.9743	10.3290
 2.9726	10.2750
 2.9709	10.2230
 2.9692	10.1720
 2.9675	10.1260
 2.9658	10.0850
 2.9641	10.0500
 2.9624	10.0220
 2.9607	 9.9986
 2.9590	 9.9811
 2.9573	 9.9695
 2.9556	 9.9638
 2.9539	 9.9640
 2.9523	 9.9695
 2.9506	 9.9780
 2.9489	 9.9877
 2.9472	 9.9960
 2.9455	10.0010
 2.9439	10.0050
 2.9422	10.0070
 2.9405	10.0110
 2.9389	10.0190
 2.9372	10.0320
 2.9355	10.0480
 2.9339	10.0660
 2.9322	10.0820
 2.9306	10.0950
 2.9289	10.1040
 2.9272	10.1110
 2.9256	10.1180
 2.9239	10.1300
 2.9223	10.1520
 2.9207	10.1840
 2.9190	10.2270
 2.9174	10.2780
 2.9157	10.3340
 2.9141	10.3910
 2.9124	10.4450
 2.9108	10.4960
 2.9092	10.5460
 2.9075	10.5970
 2.9059	10.6530
 2.9043	10.7150
 2.9027	10.7840
 2.9010	10.8560
 2.8994	10.9300
 2.8978	11.0010
 2.8962	11.0650
 2.8946	11.1220
 2.8929	11.1710
 2.8913	11.2120
 2.8897	11.2470
 2.8881	11.2770
 2.8865	11.3030
 2.8849	11.3270
 2.8833	11.3470
 2.8817	11.3640
 2.8801	11.3770
 2.8785	11.3880
 2.8769	11.3960
 2.8753	11.4010
 2.8737	11.4060
 2.8721	11.4110
 2.8705	11.4160
 2.8689	11.4220
 2.8673	11.4280
 2.8658	11.4350
 2.8642	11.4430
 2.8626	11.4540
 2.8610	11.4670
 2.8594	11.4820
 2.8579	11.4990
 2.8563	11.5150
 2.8547	11.5260
 2.8531	11.5280
 2.8516	11.5190
 2.8500	11.4980
 2.8484	11.4690
 2.8469	11.4330
 2.8453	11.3960
 2.8437	11.3590
 2.8422	11.3240
 2.8406	11.2870
 2.8391	11.2460
 2.8375	11.2000
 2.8360	11.1460
 2.8344	11.0880
 2.8329	11.0270
 2.8313	10.9670
 2.8298	10.9100
 2.8282	10.8560
 2.8267	10.8070
 2.8252	10.7600
 2.8236	10.7140
 2.8221	10.6700
 2.8205	10.6260
 2.8190	10.5830
 2.8175	10.5410
 2.8159	10.5010
 2.8144	10.4630
 2.8129	10.4290
 2.8114	10.4010
 2.8098	10.3810
 2.8083	10.3700
 2.8068	10.3720
 2.8053	10.3870
 2.8038	10.4170
 2.8022	10.4630
 2.8007	10.5260
 2.7992	10.6070
 2.7977	10.7070
 2.7962	10.8270
 2.7947	10.9670
 2.7932	11.1270
 2.7917	11.3090
 2.7902	11.5130
 2.7887	11.7420
 2.7872	11.9950
 2.7857	12.2720
 2.7842	12.5710
 2.7827	12.8900
 2.7812	13.2270
 2.7797	13.5800
 2.7782	13.9440
 2.7767	14.3140
 2.7752	14.6820
 2.7738	15.0360
 2.7723	15.3640
 2.7708	15.6600
 2.7693	15.9220
 2.7678	16.1540
 2.7664	16.3650
 2.7649	16.5630
 2.7634	16.7470
 2.7619	16.9110
 2.7605	17.0430
 2.7590	17.1360
 2.7575	17.1940
 2.7561	17.2330
 2.7546	17.2820
 2.7531	17.3640
 2.7517	17.4920
 2.7502	17.6600
 2.7488	17.8470
 2.7473	18.0290
 2.7458	18.1920
 2.7444	18.3390
 2.7429	18.4950
 2.7415	18.6900
 2.7400	18.9490
 2.7386	19.2810
 2.7371	19.6720
 2.7357	20.0940
 2.7343	20.5190
 2.7328	20.9290
 2.7314	21.3240
 2.7299	21.7210
 2.7285	22.1470
 2.7271	22.6320
 2.7256	23.1990
 2.7242	23.8590
 2.7228	24.6180
 2.7213	25.4730
 2.7199	26.4240
 2.7185	27.4800
 2.7171	28.6550
 2.7156	29.9720
 2.7142	31.4530
 2.7128	33.1090
 2.7114	34.9240
 2.7100	36.8520
 2.7085	38.8150
 2.7071	40.7210
 2.7057	42.4740
 2.7043	44.0080
 2.7029	45.2920
 2.7015	46.3410
 2.7001	47.2020
 2.6987	47.9440
 2.6973	48.6330
 2.6959	49.3210
 2.6945	50.0340
 2.6931	50.7710
 2.6917	51.5170
 2.6903	52.2440
 2.6889	52.9250
 2.6875	53.5400
 2.6861	54.0770
 2.6847	54.5380
 2.6833	54.9310
 2.6819	55.2710
 2.6805	55.5720
 2.6791	55.8450
 2.6778	56.0950
 2.6764	56.3210
 2.6750	56.5190
 2.6736	56.6850
 2.6722	56.8240
 2.6709	56.9460
 2.6695	57.0690
 2.6681	57.2140
 2.6667	57.3910
 2.6654	57.6030
 2.6640	57.8380
 2.6626	58.0770
 2.6613	58.2980
 2.6599	58.4850
 2.6585	58.6320
 2.6572	58.7410
 2.6558	58.8220
 2.6545	58.8870
 2.6531	58.9460
 2.6517	59.0030
 2.6504	59.0590
 2.6490	59.1130
 2.6477	59.1670
 2.6463	59.2220
 2.6450	59.2810
 2.6436	59.3460
 2.6423	59.4170
 2.6409	59.4880
 2.6396	59.5490
 2.6382	59.5890
 2.6369	59.5990
 2.6356	59.5800
 2.6342	59.5390
 2.6329	59.4900
 2.6315	59.4520
 2.6302	59.4390
 2.6289	59.4560
 2.6275	59.4980
 2.6262	59.5490
 2.6249	59.5920
 2.6236	59.6130
 2.6222	59.6090
 2.6209	59.5870
 2.6196	59.5650
 2.6183	59.5590
 2.6169	59.5770
 2.6156	59.6160
 2.6143	59.6590
 2.6130	59.6900
 2.6117	59.6930
 2.6103	59.6670
 2.6090	59.6240
 2.6077	59.5840
 2.6064	59.5650
 2.6051	59.5770
 2.6038	59.6140
 2.6025	59.6530
 2.6012	59.6730
 2.5999	59.6550
 2.5986	59.6020
 2.5973	59.5320
 2.5960	59.4710
 2.5947	59.4460
 2.5934	59.4680
 2.5921	59.5310
 2.5908	59.6140
 2.5895	59.6930
 2.5882	59.7520
 2.5869	59.7880
 2.5856	59.8110
 2.5843	59.8340
 2.5830	59.8680
 2.5817	59.9160
 2.5805	59.9700
 2.5792	60.0190
 2.5779	60.0550
 2.5766	60.0790
 2.5753	60.0960
 2.5741	60.1170
 2.5728	60.1500
 2.5715	60.1940
 2.5702	60.2440
 2.5690	60.2890
 2.5677	60.3220
 2.5664	60.3410
 2.5651	60.3530
 2.5639	60.3700
 2.5626	60.4040
 2.5613	60.4590
 2.5601	60.5340
 2.5588	60.6170
 2.5575	60.6930
 2.5563	60.7510
 2.5550	60.7840
 2.5538	60.7950
 2.5525	60.7920
 2.5513	60.7860
 2.5500	60.7840
 2.5487	60.7920
 2.5475	60.8110
 2.5462	60.8370
 2.5450	60.8670
 2.5437	60.8980
 2.5425	60.9260
 2.5413	60.9520
 2.5400	60.9750
 2.5388	60.9940
 2.5375	61.0100
 2.5363	61.0260
 2.5350	61.0410
 2.5338	61.0570
 2.5326	61.0730
 2.5313	61.0900
 2.5301	61.1050
 2.5289	61.1170
 2.5276	61.1240
 2.5264	61.1270
 2.5252	61.1290
 2.5239	61.1330
 2.5227	61.1420
 2.5215	61.1570
 2.5202	61.1780
 2.5190	61.2030
 2.5178	61.2260
 2.5166	61.2460
 2.5154	61.2600
 2.5141	61.2690
 2.5129	61.2730
 2.5117	61.2760
 2.5105	61.2810
 2.5093	61.2870
 2.5081	61.2970
 2.5068	61.3060
 2.5056	61.3150
 2.5044	61.3220
 2.5032	61.3260
 2.5020	61.3280
 2.5008	61.3300
 2.4996	61.3330
 2.4984	61.3390
 2.4972	61.3480
 2.4960	61.3580
 2.4948	61.3680
 2.4936	61.3780
 2.4924	61.3880
 2.4912	61.3990
 2.4900	61.4150
 2.4888	61.4370
 2.4876	61.4660
 2.4864	61.5010
 2.4852	61.5410
 2.4840	61.5830
 2.4828	61.6260
 2.4816	61.6720
 2.4805	61.7220
 2.4793	61.7780
 2.4781	61.8400
 2.4769	61.9080
 2.4757	61.9780
 2.4745	62.0460
 2.4734	62.1100
 2.4722	62.1690
 2.4710	62.2240
 2.4698	62.2790
 2.4686	62.3370
 2.4675	62.3990
 2.4663	62.4670
 2.4651	62.5410
 2.4640	62.6180
 2.4628	62.6970
 2.4616	62.7760
 2.4604	62.8540
 2.4593	62.9310
 2.4581	63.0060
 2.4569	63.0790
 2.4558	63.1500
 2.4546	63.2190
 2.4535	63.2860
 2.4523	63.3510
 2.4511	63.4150
 2.4500	63.4780
 2.4488	63.5420
 2.4477	63.6040
 2.4465	63.6640
 2.4454	63.7200
 2.4442	63.7700
 2.4431	63.8140
 2.4419	63.8540
 2.4408	63.8920
 2.4396	63.9310
 2.4385	63.9700
 2.4373	64.0100
 2.4362	64.0480
 2.4350	64.0790
 2.4339	64.1010
 2.4327	64.1130
 2.4316	64.1170
 2.4305	64.1150
 2.4293	64.1120
 2.4282	64.1070
 2.4270	64.1010
 2.4259	64.0900
 2.4248	64.0720
 2.4236	64.0450
 2.4225	64.0090
 2.4214	63.9670
 2.4202	63.9190
 2.4191	63.8680
 2.4180	63.8130
 2.4169	63.7500
 2.4157	63.6780
 2.4146	63.5950
 2.4135	63.5030
 2.4124	63.4030
 2.4112	63.3000
 2.4101	63.1960
 2.4090	63.0940
 2.4079	62.9930
 2.4068	62.8930
 2.4056	62.7910
 2.4045	62.6870
 2.4034	62.5840
 2.4023	62.4830
 2.4012	62.3860
 2.4001	62.2960
 2.3990	62.2110
 2.3979	62.1320
 2.3967	62.0580
 2.3956	61.9880
 2.3945	61.9230
 2.3934	61.8660
 2.3923	61.8170
 2.3912	61.7770
 2.3901	61.7420
 2.3890	61.7090
 2.3879	61.6720
 2.3868	61.6250
 2.3857	61.5650
 2.3846	61.4900
 2.3835	61.4000
 2.3824	61.2960
 2.3813	61.1800
 2.3802	61.0520
 2.3791	60.9120
 2.3781	60.7600
 2.3770	60.5920
 2.3759	60.4050
 2.3748	60.1980
 2.3737	59.9690
 2.3726	59.7160
 2.3715	59.4420
 2.3704	59.1460
 2.3694	58.8330
 2.3683	58.5050
 2.3672	58.1660
 2.3661	57.8190
 2.3650	57.4690
 2.3640	57.1180
 2.3629	56.7680
 2.3618	56.4220
 2.3607	56.0820
 2.3597	55.7500
 2.3586	55.4290
 2.3575	55.1260
 2.3564	54.8430
 2.3554	54.5860
 2.3543	54.3570
 2.3532	54.1580
 2.3522	53.9880
 2.3511	53.8460
 2.3500	53.7290
 2.3490	53.6340
 2.3479	53.5590
 2.3468	53.5030
 2.3458	53.4650
 2.3447	53.4450
 2.3436	53.4440
 2.3426	53.4610
 2.3415	53.4960
 2.3405	53.5500
 2.3394	53.6240
 2.3384	53.7160
 2.3373	53.8250
 2.3363	53.9490
 2.3352	54.0850
 2.3342	54.2290
 2.3331	54.3760
 2.3321	54.5250
 2.3310	54.6740
 2.3300	54.8240
 2.3289	54.9750
 2.3279	55.1270
 2.3268	55.2800
 2.3258	55.4360
 2.3247	55.5920
 2.3237	55.7490
 2.3226	55.9100
 2.3216	56.0730
 2.3206	56.2390
 2.3195	56.4080
 2.3185	56.5770
 2.3175	56.7440
 2.3164	56.9080
 2.3154	57.0700
 2.3144	57.2330
 2.3133	57.3980
 2.3123	57.5670
 2.3113	57.7380
 2.3102	57.9080
 2.3092	58.0740
 2.3082	58.2330
 2.3071	58.3860
 2.3061	58.5370
 2.3051	58.6900
 2.3041	58.8500
 2.3030	59.0200
 2.3020	59.1980
 2.3010	59.3810
 2.3000	59.5680
 2.2990	59.7550
 2.2979	59.9440
 2.2969	60.1360
 2.2959	60.3320
 2.2949	60.5310
 2.2939	60.7310
 2.2929	60.9260
 2.2918	61.1130
 2.2908	61.2850
 2.2898	61.4380
 2.2888	61.5730
 2.2878	61.6880
 2.2868	61.7860
 2.2858	61.8690
 2.2848	61.9410
 2.2838	62.0020
 2.2828	62.0550
 2.2818	62.1000
 2.2808	62.1370
 2.2798	62.1630
 2.2787	62.1760
 2.2777	62.1750
 2.2767	62.1580
 2.2757	62.1240
 2.2747	62.0730
 2.2738	62.0070
 2.2728	61.9300
 2.2718	61.8440
 2.2708	61.7500
 2.2698	61.6490
 2.2688	61.5400
 2.2678	61.4230
 2.2668	61.2970
 2.2658	61.1660
 2.2648	61.0310
 2.2638	60.8970
 2.2628	60.7700
 2.2618	60.6510
 2.2609	60.5420
 2.2599	60.4420
 2.2589	60.3510
 2.2579	60.2700
 2.2569	60.2030
 2.2559	60.1540
 2.2550	60.1290
 2.2540	60.1320
 2.2530	60.1680
 2.2520	60.2370
 2.2510	60.3400
 2.2501	60.4750
 2.2491	60.6440
 2.2481	60.8450
 2.2471	61.0770
 2.2462	61.3370
 2.2452	61.6220
 2.2442	61.9230
 2.2433	62.2330
 2.2423	62.5420
 2.2413	62.8400
 2.2403	63.1200
 2.2394	63.3750
 2.2384	63.6030
 2.2374	63.8030
 2.2365	63.9790
 2.2355	64.1340
 2.2345	64.2700
 2.2336	64.3920
 2.2326	64.5000
 2.2317	64.5960
 2.2307	64.6830
 2.2297	64.7650
 2.2288	64.8460
 2.2278	64.9340
 2.2269	65.0330
 2.2259	65.1500
 2.2250	65.2860
 2.2240	65.4370
 2.2231	65.5980
 2.2221	65.7600
 2.2211	65.9170
 2.2202	66.0650
 2.2192	66.2040
 2.2183	66.3380
 2.2173	66.4700
 2.2164	66.6060
 2.2155	66.7450
 2.2145	66.8860
 2.2136	67.0240
 2.2126	67.1560
 2.2117	67.2790
 2.2107	67.3940
 2.2098	67.5000
 2.2088	67.6000
 2.2079	67.6950
 2.2070	67.7860
 2.2060	67.8730
 2.2051	67.9570
 2.2041	68.0350
 2.2032	68.1080
 2.2023	68.1750
 2.2013	68.2340
 2.2004	68.2870
 2.1995	68.3360
 2.1985	68.3820
 2.1976	68.4300
 2.1967	68.4800
 2.1957	68.5350
 2.1948	68.5930
 2.1939	68.6520
 2.1930	68.7120
 2.1920	68.7720
 2.1911	68.8320
 2.1902	68.8950
 2.1893	68.9590
 2.1883	69.0240
 2.1874	69.0900
 2.1865	69.1510
 2.1856	69.2060
 2.1846	69.2510
 2.1837	69.2880
 2.1828	69.3170
 2.1819	69.3440
 2.1810	69.3700
 2.1800	69.4000
 2.1791	69.4330
 2.1782	69.4710
 2.1773	69.5090
 2.1764	69.5450
 2.1755	69.5750
 2.1746	69.5980
 2.1736	69.6130
 2.1727	69.6220
 2.1718	69.6290
 2.1709	69.6360
 2.1700	69.6470
 2.1691	69.6640
 2.1682	69.6830
 2.1673	69.7010
 2.1664	69.7150
 2.1655	69.7190
 2.1646	69.7150
 2.1637	69.7040
 2.1628	69.6930
 2.1619	69.6870
 2.1610	69.6900
 2.1601	69.6990
 2.1592	69.7130
 2.1583	69.7270
 2.1574	69.7370
 2.1565	69.7410
 2.1556	69.7410
 2.1547	69.7400
 2.1538	69.7430
 2.1529	69.7500
 2.1520	69.7620
 2.1511	69.7750
 2.1502	69.7840
 2.1493	69.7880
 2.1484	69.7850
 2.1475	69.7770
 2.1466	69.7670
 2.1458	69.7610
 2.1449	69.7600
 2.1440	69.7640
 2.1431	69.7690
 2.1422	69.7690
 2.1413	69.7580
 2.1404	69.7350
 2.1396	69.7010
 2.1387	69.6610
 2.1378	69.6220
 2.1369	69.5910
 2.1360	69.5690
 2.1352	69.5560
 2.1343	69.5480
 2.1334	69.5390
 2.1325	69.5270
 2.1316	69.5100
 2.1308	69.4890
 2.1299	69.4690
 2.1290	69.4530
 2.1281	69.4450
 2.1273	69.4470
 2.1264	69.4560
 2.1255	69.4690
 2.1247	69.4800
 2.1238	69.4840
 2.1229	69.4780
 2.1220	69.4650
 2.1212	69.4460
 2.1203	69.4270
 2.1194	69.4140
 2.1186	69.4090
 2.1177	69.4120
 2.1168	69.4230
 2.1160	69.4400
 2.1151	69.4610
 2.1143	69.4850
 2.1134	69.5080
 2.1125	69.5270
 2.1117	69.5410
 2.1108	69.5460
 2.1100	69.5440
 2.1091	69.5380
 2.1082	69.5340
 2.1074	69.5360
 2.1065	69.5460
 2.1057	69.5630
 2.1048	69.5820
 2.1040	69.5980
 2.1031	69.6070
 2.1023	69.6090
 2.1014	69.6060
 2.1005	69.6020
 2.0997	69.6000
 2.0988	69.6000
 2.0980	69.6030
 2.0971	69.6070
 2.0963	69.6090
 2.0955	69.6110
 2.0946	69.6160
 2.0938	69.6260
 2.0929	69.6420
 2.0921	69.6660
 2.0912	69.6920
 2.0904	69.7170
 2.0895	69.7350
 2.0887	69.7420
 2.0879	69.7370
 2.0870	69.7220
 2.0862	69.6950
 2.0853	69.6680
 2.0845	69.6310
 2.0837	69.5930
 2.0828	69.5890
 2.0820	69.5400
 2.0812	69.5850
 2.0803	69.6790
 2.0795	69.5690
 2.0760	69.5690
 2.0720	69.4740
 2.0680	69.5120
 2.0640	69.7010
 2.0600	69.3600
 2.0560	69.2280
 2.0520	69.1710
 2.0480	69.0010
 2.0440	69.0380
 2.0400	68.8880
 2.0360	68.4370
 2.0320	67.9720
 2.0280	67.7140
 2.0240	67.3950
 2.0200	67.2230
 2.0160	67.0750
 2.0120	66.6330
 2.0080	66.2470
 2.0040	66.0470
 2.0000	66.0870
 1.9960	65.9280
 1.9920	65.7960
 1.9880	65.6900
 1.9840	65.6900
 1.9800	65.4010
 1.9760	65.2440
 1.9720	65.1920
 1.9680	65.1410
 1.9640	64.9460
 1.9600	65.0080
 1.9560	65.0600
 1.9520	64.8240
 1.9480	64.5890
 1.9440	64.5890
 1.9400	64.4560
 1.9360	64.5700
 1.9320	64.3990
 1.9280	64.2920
 1.9240	64.3540
 1.9200	64.2610
 1.9160	64.2090
 1.9120	64.2090
 1.9080	64.3020
 1.9040	64.3990
 1.9000	64.3640
 1.8960	64.0400
 1.8920	63.8800
 1.8880	63.8290
 1.8840	63.6300
 1.8800	63.8300
 1.8760	64.0590
 1.8720	64.1180
 1.8680	63.9420
 1.8640	63.7890
 1.8600	63.7940
 1.8560	63.6480
 1.8520	63.5490
 1.8480	63.4250
 1.8440	63.5500
 1.8400	63.8700
 1.8360	63.9300
 1.8320	63.8200
 1.8280	63.4010
 1.8240	63.0060
 1.8200	62.7540
 1.8160	62.5260
 1.8120	62.3820
 1.8080	62.5130
 1.8040	62.5680
 1.8000	62.3880
 1.7960	61.8810
 1.7920	61.8860
 1.7880	61.9340
 1.7840	62.0230
 1.7800	62.1190
 1.7760	61.5760
 1.7720	61.3910
 1.7680	61.3350
 1.7640	61.2450
 1.7600	61.0760
 1.7560	61.0290
 1.7520	60.6220
 1.7480	60.0850
 1.7440	60.2230
 1.7400	60.0470
 1.7360	60.1940
 1.7320	60.2430
 1.7280	60.2460
 1.7240	60.0660
 1.7200	59.9730
 1.7160	59.6520
 1.7120	59.7880
 1.7080	59.4360
 1.7040	59.2010
 1.7000	58.8960
 1.6960	58.8520
 1.6920	58.7180
 1.6880	58.4500
 1.6840	58.2290
 1.6800	58.2170
 1.6760	58.2610
 1.6720	58.1810
 1.6680	57.6460
 1.6640	57.3330
 1.6600	57.1980
 1.6560	56.8430
 1.6520	56.5390
 1.6480	56.6680
 1.6440	56.7870
 1.6400	56.4360
 1.6360	56.6150
 1.6320	56.7440
 1.6280	56.6580
 1.6240	56.2140
 1.6200	56.0390
 1.6160	55.6920
 1.6120	55.4720
 1.6080	55.1880
 1.6040	55.1290
 1.6000	54.9910
 1.5960	54.6870
 1.5920	54.5420
 1.5880	54.4110
 1.5840	54.3620
 1.5800	54.5280
 1.5760	54.1030
 1.5720	53.4820
 1.5680	53.0530
 1.5640	52.7750
 1.5600	52.4020
 1.5560	52.1470
 1.5520	52.1250
 1.5480	52.2800
 1.5440	51.8850
 1.5400	51.6040
 1.5360	51.9510
 1.5320	52.0680
 1.5280	51.8390
 1.5240	51.5440
 1.5200	51.3010
 1.5160	51.2250
 1.5120	51.1610
 1.5080	51.4170
 1.5040	51.2890
 1.5000	51.1330
 1.4960	50.7540
 1.4920	49.9360
 1.4880	49.6980
 1.4840	49.5350
 1.4800	49.1200
 1.4760	48.8700
 1.4720	48.7450
 1.4680	48.9110
 1.4640	48.8770
 1.4600	48.7310
 1.4560	48.6050
 1.4520	48.4970
 1.4480	48.2110
 1.4440	48.1750
 1.4400	48.0930
 1.4360	47.8950
 1.4320	47.8760
 1.4280	47.8040
 1.4240	47.4280
 1.4200	47.2140
 1.4160	46.7650
 1.4120	46.3970
 1.4080	46.1760
 1.4040	45.8020
 1.4000	44.9900
 1.3960	44.6590
 1.3920	44.3450
 1.3880	44.1490
 1.3840	44.0260
 1.3800	44.5100
 1.3760	44.8590
 1.3720	44.8480
 1.3680	44.6180
 1.3640	44.3960
 1.3600	44.2440
 1.3560	44.2690
 1.3520	44.0540
 1.3480	43.6020
 1.3440	43.4500
 1.3400	43.0290
 1.3360	42.7360
 1.3320	42.7420
 1.3280	42.7140
 1.3240	42.3970
 1.3200	42.3280
 1.3160	41.9500
 1.3120	41.7410
 1.3080	41.3840
 1.3040	41.0580
 1.3000	40.7910
 1.2960	40.6120
 1.2920	40.4310
 1.2880	40.2200
 1.2840	40.0040
 1.2800	40.0240
 1.2760	39.8330
 1.2720	39.4690
 1.2680	39.4630
 1.2640	39.2540
 1.2600	38.9800
 1.2560	38.5600
 1.2520	38.4690
 1.2480	38.2590
 1.2440	37.8250
 1.2400	37.6520
 1.2360	37.5880
 1.2320	37.4330
 1.2280	37.3570
 1.2240	37.0700
 1.2200	36.6810
 1.2160	36.5510
 1.2120	36.3840
 1.2080	36.1020
 1.2040	36.0120
 1.2000	35.9210
 1.1960	35.7250
 1.1920	35.3810
 1.1880	35.1950
 1.1840	34.9910
 1.1800	34.8780
 1.1760	34.6280
 1.1720	34.4020
 1.1680	34.3130
 1.1640	33.9650
 1.1600	33.9350
 1.1560	33.7800
 1.1520	33.6090
 1.1480	33.7150
 1.1440	33.4660
 1.1400	33.7610
 1.1360	33.4290
 1.1320	33.1800
 1.1280	33.0220
 1.1240	32.9070
 1.1200	32.7340
 1.1160	32.6660
 1.1120	32.8890
 1.1080	32.8670
 1.1040	32.6880
 1.1000	32.6130
 1.0960	32.6630
 1.0920	32.5310
 1.0880	32.4150
 1.0840	32.5460
 1.0800	32.3070
 1.0760	32.3720
 1.0720	32.1130
 1.0680	31.9350
 1.0640	31.8750
 1.0600	31.9600
 1.0560	31.7020
 1.0520	31.3930
 1.0480	31.7830
 1.0440	32.0970
 1.0400	32.1130
 1.0360	32.0390
 1.0320	32.0390
 1.0280	31.8630
 1.0240	31.9060
 1.0200	31.6340
 1.0160	31.6550
 1.0120	31.7790
 1.0080	31.5920
 1.0040	31.6340
 1.0000	31.4390
 0.9960	31.2500
 0.9920	31.0540
 0.9880	31.0470
 0.9840	31.1890
 0.9800	31.2430
 0.9760	31.0700
 0.9720	30.9390
 0.9680	31.0000
 0.9640	30.8100
 0.9600	30.7290
 0.9560	30.6590
 0.9520	30.4190
 0.9480	30.5090
 0.9440	30.2380
 0.9400	30.1990
 0.9360	30.0700
 0.9320	30.1790
 0.9280	30.0620
 0.9240	30.0720
 0.9200	29.9730
 0.9160	29.9440
 0.9120	29.9240
 0.9080	29.9630
 0.9040	29.7460
 0.9000	29.8740
 0.8960	29.7650
 0.8920	29.5860
 0.8880	29.5160
 0.8840	29.5540
 0.8800	29.5450
 0.8760	29.5130
 0.8720	29.4670
 0.8680	29.3380
 0.8640	29.3050
 0.8600	29.5080
 0.8560	29.3100
 0.8520	29.2390
 0.8480	29.4430
 0.8440	29.1140
 0.8400	29.1140
 0.8360	29.2100
 0.8320	28.9660
 0.8280	29.0380
 0.8240	28.9810
 0.8200	29.0950
 0.8160	28.6630
 0.8120	28.7500
 0.8080	28.7870
 0.8040	28.9300
 0.8000	28.8750
 0.7990	28.8750
 0.7980	28.8750
 0.7970	28.9510
 0.7960	28.8960
 0.7950	28.8960
 0.7940	28.9690
 0.7930	28.8540
 0.7920	28.8750
 0.7910	28.9480
 0.7900	28.8940
 0.7890	28.8750
 0.7880	28.7350
 0.7870	28.7560
 0.7860	28.4990
 0.7850	28.7770
 0.7840	28.9690
 0.7830	28.6780
 0.7820	28.2850
 0.7810	28.5720
 0.7800	28.8720
 0.7790	29.0340
 0.7780	28.8940
 0.7770	28.5590
 0.7760	28.4020
 0.7750	28.5510
 0.7740	28.5510
 0.7730	28.4550
 0.7720	28.4310
 0.7710	28.3370
 0.7700	28.1820
 0.7690	28.3300
 0.7680	28.4310
 0.7670	28.4590
 0.7660	28.4590
 0.7650	28.4510
 0.7640	28.5630
 0.7630	28.4380
 0.7620	28.3990
 0.7610	28.6270
 0.7600	28.3760
 0.7590	28.3130
 0.7580	28.3130
 0.7570	28.3130
 0.7560	28.2990
 0.7550	28.0910
 0.7540	28.3010
 0.7530	28.0440
 0.7520	27.8710
 0.7510	27.9680
 0.7500	27.9270
 0.7490	28.1060
 0.7480	28.1060
 0.7470	28.2990
 0.7460	27.9680
 0.7450	27.9120
 0.7440	28.2730
 0.7430	27.8860
 0.7420	28.2520
 0.7410	28.5800
 0.7400	28.2880
 0.7390	27.9940
 0.7380	27.9940
 0.7370	28.0090
 0.7360	28.0370
 0.7350	27.8150
 0.7340	27.9940
 0.7330	28.0650
 0.7320	28.2020
 0.7310	28.1730
 0.7300	28.1130
 0.7290	28.0440
 0.7280	28.2040
 0.7270	28.0860
 0.7260	28.1490
 0.7250	28.1490
 0.7240	28.0650
 0.7230	28.0650
 0.7220	28.1940
 0.7210	28.1830
 0.7200	27.9990
 0.7190	28.3180
 0.7180	28.3390
 0.7170	28.4140
 0.7160	28.1330
 0.7150	28.2990
 0.7140	28.2020
 0.7130	28.2460
 0.7120	28.4580
 0.7110	28.4050
 0.7100	28.4910
 0.7090	28.4270
 0.7080	28.5680
 0.7070	28.5370
 0.7060	28.4820
 0.7050	28.3070
 0.7040	28.3710
 0.7030	28.5010
 0.7020	28.5010
 0.7010	28.3090
 0.7000	28.4140
 0.6990	28.5090
 0.6980	28.5730
 0.6970	28.7520
 0.6960	28.7630
 0.6950	28.7070
 0.6940	28.5070
 0.6930	28.5850
 0.6920	28.5190
 0.6910	28.8070
 0.6900	28.8850
 0.6890	29.0530
 0.6880	29.0080
 0.6870	28.9080
 0.6860	28.9080
 0.6850	28.9520
 0.6840	29.0080
 0.6830	29.0080
 0.6820	28.9850
 0.6810	28.9850
 0.6800	29.2540
 0.6790	29.2760
 0.6780	29.1530
 0.6770	29.0080
 0.6760	29.3080
 0.6750	29.2760
 0.6740	29.4770
 0.6730	29.5780
 0.6720	29.3850
 0.6710	29.5230
 0.6700	29.6010
 0.6690	29.7250
 0.6680	29.6000
 0.6670	29.7010
 0.6660	29.6780
 0.6650	29.5540
 0.6640	29.5850
 0.6630	29.6620
 0.6620	29.6700
 0.6610	29.6700
 0.6600	29.7250
 0.6590	30.0450
 0.6580	30.1460
 0.6570	29.9970
 0.6560	29.9800
 0.6550	30.2040
 0.6540	30.1560
 0.6530	30.1090
 0.6520	30.0090
 0.6510	30.1620
 0.6500	30.1150
 0.6490	29.8460
 0.6480	29.9450
 0.6470	30.2030
 0.6460	30.5510
 0.6450	30.4490
 0.6440	30.8540
 0.6430	31.0070
 0.6420	30.8830
 0.6410	30.6580
 0.6400	30.8290
 0.6390	31.0840
 0.6380	30.9080
 0.6370	30.6850
 0.6360	30.5130
 0.6350	30.6850
 0.6340	30.8100
 0.6330	30.7850
 0.6320	30.7610
 0.6310	30.9830
 0.6300	31.0100
 0.6290	30.9610
 0.6280	31.0360
 0.6270	31.1360
 0.6260	31.2610
 0.6250	31.5860
 0.6240	31.7620
 0.6230	31.3860
 0.6220	31.4360
 0.6210	31.8090
 0.6200	31.6110
 0.6190	31.6880
 0.6180	31.8170
 0.6170	31.8410
 0.6160	31.9660
 0.6150	32.0160
 0.6140	31.9130
 0.6130	31.9110
 0.6120	32.0160
 0.6110	32.0670
 0.6100	32.1430
 0.6090	32.2180
 0.6080	32.1920
 0.6070	32.0900
 0.6060	31.9380
 0.6050	32.0150
 0.6040	32.0150
 0.6030	32.1690
 0.6020	32.3480
 0.6010	32.3760
 0.6000	32.4320
 0.5990	32.6150
 0.5980	32.4590
 0.5970	32.4890
 0.5960	32.6730
 0.5950	32.6400
 0.5940	32.6150
 0.5930	32.8310
 0.5920	32.9870
 0.5910	33.1670
 0.5900	32.8530
 0.5890	32.8780
 0.5880	32.9870
 0.5870	33.1390
 0.5860	32.9870
 0.5850	33.0170
 0.5840	32.9720
 0.5830	33.2350
 0.5820	33.1290
 0.5810	32.9990
 0.5800	33.1870
 0.5790	33.6560
 0.5780	33.4210
 0.5770	33.6190
 0.5760	33.6190
 0.5750	33.7500
 0.5740	33.7960
 0.5730	33.8310
 0.5720	33.7860
 0.5710	33.7960
 0.5700	33.6850
 0.5690	33.6570
 0.5680	33.8600
 0.5670	33.8680
 0.5660	34.1000
 0.5650	34.0720
 0.5640	34.0160
 0.5630	34.1280
 0.5620	34.1000
 0.5610	34.1000
 0.5600	34.5230
 0.5590	34.3260
 0.5580	34.3260
 0.5570	34.6670
 0.5560	34.5170
 0.5550	34.4660
 0.5540	34.5170
 0.5530	34.5160
 0.5520	34.4960
 0.5510	34.4750
 0.5500	34.3550
 0.5490	34.8100
 0.5480	34.6520
 0.5470	34.6260
 0.5460	34.7570
 0.5450	34.7100
 0.5440	34.8040
 0.5430	35.0640
 0.5420	34.9910
 0.5410	34.7890
 0.5400	34.8900
 0.5390	35.0780
 0.5380	35.1060
 0.5370	34.9230
 0.5360	34.7210
 0.5350	34.8960
 0.5340	34.7480
 0.5330	34.4840
 0.5320	34.3020
 0.5310	34.4750
 0.5300	34.3280
 0.5290	34.1580
 0.5280	34.6140
 0.5270	34.5880
 0.5260	34.4870
 0.5250	34.3870
 0.5240	34.4390
 0.5230	34.3610
 0.5220	34.5890
 0.5210	34.4620
 0.5200	34.3150
 0.5190	34.1880
 0.5180	34.1110
 0.5170	34.1370
 0.5160	34.2120
 0.5150	34.2900
 0.5140	34.0100
 0.5130	33.9350
 0.5120	33.7840
 0.5110	33.5590
 0.5100	33.5580
 0.5090	33.4080
 0.5080	33.9350
 0.5070	34.0890
 0.5060	33.7590
 0.5050	33.4810
 0.5040	33.4300
 0.5030	33.2510
 0.5020	33.2540
 0.5010	33.2540
 0.5000	33.0740
 0.4990	32.8290
 0.4980	32.5740
 0.4970	32.4970
 0.4960	32.4020
 0.4950	32.3730
 0.4940	32.0230
 0.4930	32.2950
 0.4920	32.4150
 0.4910	32.5350
 0.4900	32.5160
 0.4890	32.3120
 0.4880	32.0300
 0.4870	31.7900
 0.4860	31.6330
 0.4850	31.5980
 0.4840	31.7020
 0.4830	31.4660
 0.4820	31.3520
 0.4810	31.2510
 0.4800	31.3500
 0.4790	31.2930
 0.4780	31.1560
 0.4770	30.9100
 0.4760	30.5910
 0.4750	30.7510
 0.4740	30.7810
 0.4730	30.4280
 0.4720	30.3850
 0.4710	30.2190
 0.4700	30.0160
 0.4690	29.7680
 0.4680	29.8930
 0.4670	29.5050
 0.4660	29.7280
 0.4650	29.5860
 0.4640	29.6080
 0.4630	29.4250
 0.4620	29.3840
 0.4610	29.1800
 0.4600	28.7750
 0.4590	28.7750
 0.4580	28.7980
 0.4570	28.6540
 0.4560	28.5920
 0.4550	28.3250
 0.4540	28.2000
 0.4530	28.1230
 0.4520	28.0970
 0.4510	28.0180
 0.4500	28.1170
 0.4490	28.0740
 0.4480	27.8060
 0.4470	27.8250
 0.4460	27.7320
 0.4450	27.4180
 0.4440	27.5250
 0.4430	27.2040
 0.4420	27.0660
 0.4410	27.1630
 0.4400	26.7400
 0.4390	26.7760
 0.4380	26.6400
 0.4370	26.5130
 0.4360	26.4130
 0.4350	26.4490
 0.4340	26.3400
 0.4330	26.2130
 0.4320	26.0210
 0.4310	25.9680
 0.4300	26.0020
 0.4290	25.8370
 0.4280	25.7870
 0.4270	25.3560
 0.4260	25.4380
 0.4250	25.0820
 0.4240	25.1130
 0.4230	25.0990
 0.4220	25.0140
 0.4210	24.6160
 0.4200	24.7310
 0.4190	24.4350
 0.4180	24.4800
 0.4170	23.9870
 0.4160	23.9820
 0.4150	23.9730
 0.4140	24.0310
 0.4130	23.6520
 0.4120	23.2880
 0.4110	23.1160
 0.4100	23.1110
 0.4090	23.0500
 0.4080	23.0890
 0.4070	22.7850
 0.4060	22.6980
 0.4050	22.5670
 0.4040	22.2860
 0.4030	22.1800
 0.4020	22.0850
 0.4010	22.1140
 0.4000	22.1210
