Name: Gray Quartzite
Type: rock
Class: Metamorphic
Subclass: Quartzite
Particle Size: Fine
Sample No.: qrtzit5
Owner: JHU
Wavelength Range: All
Origin: Sample No. 382, The Hunt and Salisbury Collection at the U.S.Geological Survey, Denver, Co.
Collection Date: N/A
Description: This is a sample much like the previous one in composition.  It is a fine-grained slightly metamorphosed well-compacted sandstone with some secondary quartz deposition, and much more silica/chalcedony deposition.  The quartz grains, unlike the previous rock, show evidence of only weak strain and fewer fluid inclusions.  In addition there are scattered detrital green and brown tourmaline and zircon. Particle size was 0-75 Micrometer.   Original ASTER Spectral Library name was jhu.becknic.rock.metamorphic.quartzite.fine.qrtzit5.spectrum.txt
Measurement: Directional (10 Degree) Hemispherical Reflectance
First Column: X
Second Column: Y
X Units: Wavelength (micrometers)
Y Units:Reflectance (percent)
First X Value: 14.9830
Last X Value:  0.4000
Number of X Values: 2868
Additional Information: rock.metamorphic.quartzite.fine.all.qrtzit5.jhu.becknic.ancillary.txt

14.9830	 8.5301
14.9400	 8.1711
14.8970	 7.9061
14.8540	 7.7311
14.8120	 7.5947
14.7700	 7.4332
14.7280	 7.1909
14.6860	 6.8250
14.6450	 6.3348
14.6030	 5.7456
14.5620	 5.0906
14.5210	 4.4007
14.4810	 3.7145
14.4410	 3.0966
14.4000	 2.6256
14.3610	 2.3689
14.3210	 2.3708
14.2810	 2.6414
14.2420	 3.1525
14.2030	 3.8338
14.1640	 4.5949
14.1260	 5.3554
14.0870	 6.0530
14.0490	 6.6491
14.0110	 7.1322
13.9730	 7.5142
13.9360	 7.8154
13.8990	 8.0536
13.8610	 8.2443
13.8240	 8.4018
13.7880	 8.5294
13.7510	 8.6218
13.7150	 8.6743
13.6790	 8.6862
13.6430	 8.6585
13.6070	 8.5993
13.5710	 8.5225
13.5360	 8.4422
13.5000	 8.3622
13.4650	 8.2765
13.4300	 8.1746
13.3960	 8.0444
13.3610	 7.8737
13.3270	 7.6555
13.2930	 7.3901
13.2590	 7.0817
13.2250	 6.7376
13.1910	 6.3663
13.1580	 5.9803
13.1240	 5.5941
13.0910	 5.2246
13.0580	 4.8945
13.0260	 4.6271
12.9930	 4.4448
12.9600	 4.3595
12.9280	 4.3655
12.8960	 4.4348
12.8640	 4.5196
12.8320	 4.5637
12.8000	 4.5208
12.7690	 4.3733
12.7370	 4.1400
12.7060	 3.8736
12.6750	 3.6403
12.6440	 3.4982
12.6140	 3.4717
12.5830	 3.5413
12.5520	 3.6484
12.5220	 3.7145
12.4920	 3.6647
12.4620	 3.4544
12.4320	 3.0848
12.4020	 2.6052
12.3730	 2.0970
12.3430	 1.6518
12.3140	 1.3451
12.2850	 1.2215
12.2560	 1.2873
12.2270	 1.5185
12.1980	 1.8737
12.1690	 2.3104
12.1410	 2.7937
12.1130	 3.2984
12.0840	 3.8078
12.0560	 4.3119
12.0280	 4.8043
12.0000	 5.2791
11.9730	 5.7319
11.9450	 6.1608
11.9180	 6.5645
11.8900	 6.9444
11.8630	 7.3020
11.8360	 7.6394
11.8090	 7.9580
11.7820	 8.2578
11.7550	 8.5384
11.7290	 8.7984
11.7020	 9.0338
11.6760	 9.2417
11.6500	 9.4210
11.6240	 9.5721
11.5980	 9.6981
11.5720	 9.8056
11.5460	 9.9051
11.5200	10.0050
11.4950	10.1130
11.4690	10.2300
11.4440	10.3570
11.4190	10.4860
11.3940	10.6090
11.3690	10.7150
11.3440	10.8000
11.3190	10.8590
11.2940	10.8930
11.2700	10.9060
11.2450	10.9080
11.2210	10.9060
11.1970	10.9080
11.1730	10.9190
11.1490	10.9420
11.1250	10.9740
11.1010	11.0140
11.0770	11.0570
11.0540	11.0990
11.0300	11.1370
11.0070	11.1680
10.9830	11.1870
10.9600	11.1920
10.9370	11.1810
10.9140	11.1540
10.8910	11.1110
10.8680	11.0540
10.8460	10.9850
10.8230	10.9070
10.8000	10.8220
10.7780	10.7330
10.7550	10.6420
10.7330	10.5470
10.7110	10.4440
10.6890	10.3300
10.6670	10.2000
10.6450	10.0590
10.6230	 9.9138
10.6020	 9.7803
10.5800	 9.6694
10.5580	 9.5868
10.5370	 9.5278
10.5160	 9.4807
10.4940	 9.4312
10.4730	 9.3680
10.4520	 9.2886
10.4310	 9.1977
10.4100	 9.1015
10.3890	 9.0071
10.3680	 8.9178
10.3480	 8.8339
10.3270	 8.7529
10.3060	 8.6708
10.2860	 8.5853
10.2660	 8.4943
10.2450	 8.3956
10.2250	 8.2881
10.2050	 8.1728
10.1850	 8.0498
10.1650	 7.9201
10.1450	 7.7846
10.1250	 7.6461
10.1060	 7.5085
10.0860	 7.3768
10.0660	 7.2563
10.0470	 7.1535
10.0270	 7.0735
10.0080	 7.0187
 9.9887	 6.9891
 9.9695	 6.9816
 9.9504	 6.9908
 9.9313	 7.0081
 9.9123	 7.0225
 9.8934	 7.0237
 9.8746	 7.0048
 9.8558	 6.9640
 9.8371	 6.9039
 9.8185	 6.8317
 9.7999	 6.7566
 9.7814	 6.6855
 9.7630	 6.6221
 9.7447	 6.5655
 9.7264	 6.5141
 9.7082	 6.4655
 9.6900	 6.4194
 9.6719	 6.3777
 9.6539	 6.3455
 9.6360	 6.3303
 9.6181	 6.3412
 9.6003	 6.3857
 9.5825	 6.4677
 9.5649	 6.5870
 9.5472	 6.7384
 9.5297	 6.9179
 9.5122	 7.1270
 9.4948	 7.3787
 9.4774	 7.6994
 9.4601	 8.1223
 9.4429	 8.6781
 9.4257	 9.3817
 9.4086	10.2190
 9.3916	11.1480
 9.3746	12.0970
 9.3577	12.9900
 9.3408	13.7540
 9.3240	14.3430
 9.3073	14.7430
 9.2906	14.9680
 9.2740	15.0570
 9.2574	15.0530
 9.2409	14.9980
 9.2245	14.9220
 9.2081	14.8450
 9.1918	14.7740
 9.1755	14.7110
 9.1593	14.6560
 9.1431	14.6070
 9.1270	14.5620
 9.1110	14.5210
 9.0950	14.4840
 9.0791	14.4480
 9.0632	14.4120
 9.0474	14.3740
 9.0316	14.3350
 9.0159	14.2920
 9.0003	14.2450
 8.9847	14.1940
 8.9691	14.1400
 8.9536	14.0800
 8.9382	14.0140
 8.9228	13.9420
 8.9075	13.8630
 8.8922	13.7780
 8.8770	13.6850
 8.8618	13.5850
 8.8467	13.4730
 8.8316	13.3480
 8.8166	13.2090
 8.8016	13.0560
 8.7867	12.8970
 8.7718	12.7400
 8.7570	12.5860
 8.7422	12.4170
 8.7275	12.1970
 8.7129	11.8770
 8.6982	11.4150
 8.6837	10.8140
 8.6692	10.1380
 8.6547	 9.5105
 8.6403	 9.0783
 8.6259	 8.9559
 8.6116	 9.1821
 8.5973	 9.7021
 8.5830	10.3890
 8.5688	11.0890
 8.5547	11.6810
 8.5406	12.1020
 8.5266	12.3500
 8.5126	12.4630
 8.4986	12.4910
 8.4847	12.4750
 8.4708	12.4410
 8.4570	12.4000
 8.4432	12.3580
 8.4295	12.3210
 8.4158	12.2920
 8.4022	12.2770
 8.3886	12.2790
 8.3750	12.3020
 8.3615	12.3450
 8.3481	12.4120
 8.3347	12.5050
 8.3213	12.6300
 8.3079	12.7890
 8.2946	12.9870
 8.2814	13.2240
 8.2682	13.4980
 8.2550	13.8020
 8.2419	14.1220
 8.2288	14.4400
 8.2158	14.7310
 8.2028	14.9620
 8.1898	15.0990
 8.1769	15.1100
 8.1640	14.9730
 8.1512	14.6820
 8.1384	14.2520
 8.1256	13.7110
 8.1129	13.1000
 8.1002	12.4600
 8.0876	11.8260
 8.0750	11.2210
 8.0624	10.6570
 8.0499	10.1400
 8.0374	 9.6654
 8.0250	 9.2244
 8.0126	 8.8058
 8.0002	 8.3965
 7.9879	 7.9838
 7.9756	 7.5589
 7.9634	 7.1201
 7.9512	 6.6723
 7.9390	 6.2242
 7.9268	 5.7864
 7.9147	 5.3686
 7.9027	 4.9776
 7.8906	 4.6170
 7.8786	 4.2871
 7.8667	 3.9887
 7.8548	 3.7213
 7.8429	 3.4845
 7.8310	 3.2778
 7.8192	 3.0992
 7.8075	 2.9467
 7.7957	 2.8162
 7.7840	 2.7030
 7.7723	 2.6024
 7.7607	 2.5076
 7.7491	 2.4134
 7.7375	 2.3153
 7.7260	 2.2104
 7.7145	 2.0980
 7.7031	 1.9788
 7.6916	 1.8559
 7.6802	 1.7323
 7.6689	 1.6099
 7.6575	 1.4919
 7.6462	 1.3811
 7.6350	 1.2798
 7.6238	 1.1900
 7.6126	 1.1116
 7.6014	 1.0436
 7.5903	 0.9835
 7.5792	 0.9283
 7.5681	 0.8746
 7.5571	 0.8213
 7.5461	 0.7689
 7.5351	 0.7199
 7.5242	 0.6759
 7.5133	 0.6375
 7.5024	 0.6058
 7.4916	 0.5790
 7.4807	 0.5556
 7.4700	 0.5345
 7.4592	 0.5172
 7.4485	 0.5058
 7.4378	 0.5004
 7.4272	 0.5006
 7.4165	 0.5049
 7.4059	 0.5108
 7.3954	 0.5160
 7.3848	 0.5200
 7.3743	 0.5245
 7.3639	 0.5309
 7.3534	 0.5399
 7.3430	 0.5506
 7.3326	 0.5627
 7.3223	 0.5764
 7.3119	 0.5927
 7.3016	 0.6126
 7.2914	 0.6373
 7.2811	 0.6673
 7.2709	 0.7031
 7.2607	 0.7424
 7.2506	 0.7841
 7.2404	 0.8274
 7.2303	 0.8724
 7.2203	 0.9188
 7.2102	 0.9667
 7.2002	 1.0169
 7.1902	 1.0706
 7.1803	 1.1270
 7.1703	 1.1862
 7.1604	 1.2494
 7.1506	 1.3169
 7.1407	 1.3885
 7.1309	 1.4640
 7.1211	 1.5429
 7.1113	 1.6236
 7.1016	 1.7032
 7.0919	 1.7787
 7.0822	 1.8495
 7.0725	 1.9154
 7.0629	 1.9791
 7.0533	 2.0442
 7.0437	 2.1148
 7.0341	 2.1936
 7.0246	 2.2798
 7.0151	 2.3717
 7.0056	 2.4671
 6.9962	 2.5640
 6.9867	 2.6618
 6.9773	 2.7613
 6.9679	 2.8633
 6.9586	 2.9675
 6.9493	 3.0732
 6.9400	 3.1783
 6.9307	 3.2804
 6.9214	 3.3751
 6.9122	 3.4585
 6.9030	 3.5262
 6.8938	 3.5750
 6.8847	 3.6050
 6.8755	 3.6209
 6.8664	 3.6297
 6.8573	 3.6382
 6.8483	 3.6519
 6.8393	 3.6718
 6.8302	 3.6953
 6.8213	 3.7159
 6.8123	 3.7284
 6.8034	 3.7298
 6.7944	 3.7175
 6.7855	 3.6912
 6.7767	 3.6519
 6.7678	 3.6032
 6.7590	 3.5484
 6.7502	 3.4921
 6.7414	 3.4405
 6.7327	 3.3997
 6.7239	 3.3760
 6.7152	 3.3760
 6.7065	 3.4045
 6.6979	 3.4641
 6.6892	 3.5539
 6.6806	 3.6666
 6.6720	 3.7902
 6.6634	 3.9098
 6.6549	 4.0138
 6.6464	 4.0936
 6.6378	 4.1464
 6.6294	 4.1744
 6.6209	 4.1819
 6.6124	 4.1722
 6.6040	 4.1455
 6.5956	 4.1021
 6.5872	 4.0455
 6.5789	 3.9837
 6.5705	 3.9314
 6.5622	 3.9103
 6.5539	 3.9439
 6.5456	 4.0533
 6.5374	 4.2513
 6.5292	 4.5407
 6.5209	 4.9127
 6.5128	 5.3501
 6.5046	 5.8314
 6.4964	 6.3339
 6.4883	 6.8383
 6.4802	 7.3257
 6.4721	 7.7796
 6.4640	 8.1839
 6.4560	 8.5232
 6.4480	 8.7871
 6.4399	 8.9692
 6.4320	 9.0696
 6.4240	 9.0956
 6.4160	 9.0539
 6.4081	 8.9493
 6.4002	 8.7854
 6.3923	 8.5654
 6.3844	 8.2968
 6.3766	 7.9909
 6.3687	 7.6629
 6.3609	 7.3306
 6.3531	 7.0064
 6.3454	 6.6945
 6.3376	 6.3921
 6.3299	 6.0945
 6.3221	 5.7984
 6.3144	 5.5034
 6.3068	 5.2118
 6.2991	 4.9291
 6.2914	 4.6591
 6.2838	 4.4036
 6.2762	 4.1646
 6.2686	 3.9444
 6.2611	 3.7462
 6.2535	 3.5738
 6.2460	 3.4291
 6.2385	 3.3102
 6.2310	 3.2150
 6.2235	 3.1416
 6.2160	 3.0909
 6.2086	 3.0668
 6.2011	 3.0769
 6.1937	 3.1317
 6.1863	 3.2389
 6.1790	 3.4042
 6.1716	 3.6294
 6.1643	 3.9110
 6.1570	 4.2395
 6.1496	 4.6013
 6.1424	 4.9814
 6.1351	 5.3651
 6.1278	 5.7409
 6.1206	 6.1044
 6.1134	 6.4539
 6.1062	 6.7881
 6.0990	 7.1009
 6.0918	 7.3830
 6.0847	 7.6236
 6.0776	 7.8144
 6.0704	 7.9542
 6.0633	 8.0534
 6.0563	 8.1278
 6.0492	 8.1915
 6.0421	 8.2504
 6.0351	 8.3006
 6.0281	 8.3307
 6.0211	 8.3238
 6.0141	 8.2656
 6.0071	 8.1517
 6.0002	 7.9859
 5.9932	 7.7777
 5.9863	 7.5402
 5.9794	 7.2897
 5.9725	 7.0420
 5.9657	 6.8130
 5.9588	 6.6178
 5.9520	 6.4743
 5.9451	 6.3990
 5.9383	 6.4047
 5.9315	 6.4980
 5.9247	 6.6782
 5.9180	 6.9378
 5.9112	 7.2641
 5.9045	 7.6420
 5.8978	 8.0603
 5.8911	 8.5109
 5.8844	 8.9874
 5.8777	 9.4833
 5.8711	 9.9905
 5.8644	10.4980
 5.8578	10.9960
 5.8512	11.4740
 5.8446	11.9310
 5.8380	12.3710
 5.8314	12.8050
 5.8249	13.2440
 5.8184	13.6930
 5.8118	14.1480
 5.8053	14.5990
 5.7988	15.0330
 5.7923	15.4390
 5.7859	15.8150
 5.7794	16.1680
 5.7730	16.5110
 5.7666	16.8520
 5.7602	17.1940
 5.7538	17.5340
 5.7474	17.8630
 5.7410	18.1650
 5.7347	18.4280
 5.7283	18.6400
 5.7220	18.7940
 5.7157	18.8770
 5.7094	18.8750
 5.7031	18.7740
 5.6969	18.5550
 5.6906	18.2050
 5.6844	17.7160
 5.6782	17.0900
 5.6719	16.3390
 5.6657	15.4890
 5.6596	14.5770
 5.6534	13.6480
 5.6472	12.7480
 5.6411	11.9190
 5.6349	11.1910
 5.6288	10.5800
 5.6227	10.0840
 5.6166	 9.6919
 5.6106	 9.3860
 5.6045	 9.1477
 5.5984	 8.9630
 5.5924	 8.8238
 5.5864	 8.7293
 5.5804	 8.6817
 5.5744	 8.6840
 5.5684	 8.7390
 5.5624	 8.8463
 5.5564	 9.0023
 5.5505	 9.2029
 5.5445	 9.4437
 5.5386	 9.7232
 5.5327	10.0400
 5.5268	10.3920
 5.5209	10.7760
 5.5151	11.1850
 5.5092	11.6120
 5.5033	12.0450
 5.4975	12.4740
 5.4917	12.8920
 5.4859	13.2920
 5.4801	13.6670
 5.4743	14.0050
 5.4685	14.2920
 5.4628	14.5060
 5.4570	14.6210
 5.4513	14.6120
 5.4455	14.4590
 5.4398	14.1490
 5.4341	13.6840
 5.4284	13.0780
 5.4228	12.3540
 5.4171	11.5400
 5.4114	10.6710
 5.4058	 9.7800
 5.4002	 8.8993
 5.3945	 8.0610
 5.3889	 7.2949
 5.3833	 6.6249
 5.3778	 6.0651
 5.3722	 5.6206
 5.3666	 5.2869
 5.3611	 5.0522
 5.3555	 4.9000
 5.3500	 4.8147
 5.3445	 4.7820
 5.3390	 4.7889
 5.3335	 4.8230
 5.3280	 4.8746
 5.3225	 4.9378
 5.3171	 5.0091
 5.3116	 5.0894
 5.3062	 5.1844
 5.3008	 5.3023
 5.2954	 5.4515
 5.2900	 5.6379
 5.2846	 5.8664
 5.2792	 6.1409
 5.2738	 6.4632
 5.2684	 6.8366
 5.2631	 7.2669
 5.2578	 7.7619
 5.2524	 8.3288
 5.2471	 8.9708
 5.2418	 9.6843
 5.2365	10.4560
 5.2312	11.2580
 5.2260	12.0560
 5.2207	12.8100
 5.2154	13.4810
 5.2102	14.0380
 5.2050	14.4590
 5.1998	14.7430
 5.1945	14.9000
 5.1893	14.9550
 5.1842	14.9350
 5.1790	14.8690
 5.1738	14.7800
 5.1686	14.6810
 5.1635	14.5750
 5.1584	14.4660
 5.1532	14.3530
 5.1481	14.2420
 5.1430	14.1420
 5.1379	14.0630
 5.1328	14.0110
 5.1277	13.9830
 5.1227	13.9670
 5.1176	13.9420
 5.1126	13.8840
 5.1075	13.7740
 5.1025	13.5990
 5.0975	13.3640
 5.0925	13.0820
 5.0875	12.7780
 5.0825	12.4800
 5.0775	12.2130
 5.0726	11.9930
 5.0676	11.8280
 5.0627	11.7140
 5.0577	11.6400
 5.0528	11.5950
 5.0479	11.5640
 5.0430	11.5350
 5.0380	11.5020
 5.0332	11.4620
 5.0283	11.4200
 5.0234	11.3820
 5.0185	11.3600
 5.0137	11.3650
 5.0088	11.4050
 5.0040	11.4890
 4.9992	11.6250
 4.9944	11.8250
 4.9896	12.1080
 4.9848	12.4880
 4.9800	12.9780
 4.9752	13.5730
 4.9704	14.2530
 4.9657	14.9790
 4.9609	15.7020
 4.9562	16.3740
 4.9514	16.9640
 4.9467	17.4630
 4.9420	17.8880
 4.9373	18.2810
 4.9326	18.7020
 4.9279	19.2190
 4.9232	19.8940
 4.9186	20.7760
 4.9139	21.8890
 4.9092	23.2300
 4.9046	24.7660
 4.9000	26.4380
 4.8953	28.1780
 4.8907	29.9130
 4.8861	31.5810
 4.8815	33.1390
 4.8769	34.5630
 4.8723	35.8490
 4.8678	37.0030
 4.8632	38.0400
 4.8586	38.9760
 4.8541	39.8280
 4.8495	40.6080
 4.8450	41.3260
 4.8405	41.9910
 4.8360	42.6080
 4.8315	43.1830
 4.8270	43.7200
 4.8225	44.2260
 4.8180	44.7050
 4.8135	45.1610
 4.8090	45.5990
 4.8046	46.0210
 4.8001	46.4280
 4.7957	46.8190
 4.7913	47.1930
 4.7868	47.5480
 4.7824	47.8830
 4.7780	48.1980
 4.7736	48.4930
 4.7692	48.7710
 4.7648	49.0300
 4.7605	49.2730
 4.7561	49.4960
 4.7517	49.6980
 4.7474	49.8770
 4.7431	50.0320
 4.7387	50.1610
 4.7344	50.2640
 4.7301	50.3350
 4.7258	50.3630
 4.7215	50.3310
 4.7172	50.2160
 4.7129	49.9940
 4.7086	49.6500
 4.7043	49.1890
 4.7000	48.6400
 4.6958	48.0660
 4.6915	47.5460
 4.6873	47.1660
 4.6831	46.9940
 4.6788	47.0620
 4.6746	47.3600
 4.6704	47.8400
 4.6662	48.4370
 4.6620	49.0830
 4.6578	49.7300
 4.6536	50.3480
 4.6495	50.9310
 4.6453	51.4820
 4.6411	52.0050
 4.6370	52.5010
 4.6328	52.9640
 4.6287	53.3870
 4.6246	53.7630
 4.6205	54.0870
 4.6163	54.3610
 4.6122	54.5890
 4.6081	54.7780
 4.6040	54.9350
 4.6000	55.0650
 4.5959	55.1740
 4.5918	55.2630
 4.5877	55.3320
 4.5837	55.3760
 4.5796	55.3930
 4.5756	55.3770
 4.5716	55.3230
 4.5675	55.2260
 4.5635	55.0830
 4.5595	54.8890
 4.5555	54.6380
 4.5515	54.3300
 4.5475	53.9620
 4.5435	53.5380
 4.5395	53.0600
 4.5356	52.5300
 4.5316	51.9460
 4.5276	51.3060
 4.5237	50.6050
 4.5197	49.8470
 4.5158	49.0440
 4.5119	48.2210
 4.5080	47.4150
 4.5040	46.6640
 4.5001	46.0020
 4.4962	45.4460
 4.4923	44.9960
 4.4884	44.6360
 4.4846	44.3410
 4.4807	44.0960
 4.4768	43.8990
 4.4730	43.7650
 4.4691	43.7210
 4.4652	43.7860
 4.4614	43.9680
 4.4576	44.2480
 4.4537	44.5910
 4.4499	44.9540
 4.4461	45.3020
 4.4423	45.6210
 4.4385	45.9110
 4.4347	46.1880
 4.4309	46.4680
 4.4271	46.7650
 4.4233	47.0830
 4.4196	47.4210
 4.4158	47.7750
 4.4120	48.1430
 4.4083	48.5250
 4.4045	48.9240
 4.4008	49.3420
 4.3971	49.7830
 4.3934	50.2440
 4.3896	50.7210
 4.3859	51.2090
 4.3822	51.7010
 4.3785	52.1900
 4.3748	52.6700
 4.3711	53.1370
 4.3674	53.5870
 4.3638	54.0150
 4.3601	54.4180
 4.3564	54.7910
 4.3528	55.1340
 4.3491	55.4420
 4.3455	55.7170
 4.3418	55.9590
 4.3382	56.1690
 4.3346	56.3460
 4.3310	56.4900
 4.3273	56.5970
 4.3237	56.6670
 4.3201	56.6990
 4.3165	56.6990
 4.3129	56.6730
 4.3094	56.6340
 4.3058	56.5900
 4.3022	56.5510
 4.2986	56.5240
 4.2951	56.5160
 4.2915	56.5320
 4.2880	56.5780
 4.2844	56.6570
 4.2809	56.7730
 4.2774	56.9230
 4.2738	57.1020
 4.2703	57.2970
 4.2668	57.4950
 4.2633	57.6820
 4.2598	57.8420
 4.2563	57.9670
 4.2528	58.0540
 4.2493	58.1040
 4.2458	58.1240
 4.2424	58.1250
 4.2389	58.1230
 4.2354	58.1270
 4.2320	58.1460
 4.2285	58.1830
 4.2251	58.2350
 4.2216	58.2930
 4.2182	58.3490
 4.2148	58.3940
 4.2113	58.4270
 4.2079	58.4500
 4.2045	58.4710
 4.2011	58.4980
 4.1977	58.5400
 4.1943	58.6050
 4.1909	58.6970
 4.1875	58.8140
 4.1841	58.9540
 4.1808	59.1100
 4.1774	59.2730
 4.1740	59.4350
 4.1707	59.5910
 4.1673	59.7360
 4.1640	59.8710
 4.1606	60.0000
 4.1573	60.1250
 4.1540	60.2480
 4.1506	60.3730
 4.1473	60.4990
 4.1440	60.6280
 4.1407	60.7590
 4.1374	60.8930
 4.1341	61.0300
 4.1308	61.1700
 4.1275	61.3130
 4.1242	61.4610
 4.1209	61.6130
 4.1177	61.7690
 4.1144	61.9290
 4.1111	62.0890
 4.1079	62.2460
 4.1046	62.3990
 4.1014	62.5460
 4.0981	62.6880
 4.0949	62.8250
 4.0917	62.9590
 4.0884	63.0900
 4.0852	63.2170
 4.0820	63.3380
 4.0788	63.4490
 4.0756	63.5470
 4.0724	63.6300
 4.0692	63.6960
 4.0660	63.7450
 4.0628	63.7820
 4.0596	63.8070
 4.0565	63.8240
 4.0533	63.8330
 4.0501	63.8350
 4.0470	63.8280
 4.0438	63.8100
 4.0406	63.7840
 4.0375	63.7510
 4.0344	63.7140
 4.0312	63.6760
 4.0281	63.6390
 4.0250	63.6000
 4.0218	63.5610
 4.0187	63.5190
 4.0156	63.4790
 4.0125	63.4430
 4.0094	63.4120
 4.0063	63.3880
 4.0032	63.3720
 4.0001	63.3630
 3.9970	63.3580
 3.9940	63.3590
 3.9909	63.3680
 3.9878	63.3890
 3.9847	63.4220
 3.9817	63.4680
 3.9786	63.5250
 3.9756	63.5890
 3.9725	63.6570
 3.9695	63.7300
 3.9665	63.8100
 3.9634	63.8980
 3.9604	63.9950
 3.9574	64.0980
 3.9544	64.2030
 3.9513	64.3060
 3.9483	64.4020
 3.9453	64.4910
 3.9423	64.5720
 3.9393	64.6430
 3.9363	64.7030
 3.9333	64.7510
 3.9304	64.7850
 3.9274	64.8040
 3.9244	64.8100
 3.9214	64.8030
 3.9185	64.7880
 3.9155	64.7660
 3.9126	64.7370
 3.9096	64.7040
 3.9067	64.6650
 3.9037	64.6200
 3.9008	64.5660
 3.8979	64.5020
 3.8949	64.4260
 3.8920	64.3400
 3.8891	64.2490
 3.8862	64.1570
 3.8833	64.0680
 3.8804	63.9830
 3.8775	63.9020
 3.8746	63.8240
 3.8717	63.7480
 3.8688	63.6720
 3.8659	63.6000
 3.8630	63.5330
 3.8601	63.4720
 3.8573	63.4210
 3.8544	63.3790
 3.8515	63.3460
 3.8487	63.3200
 3.8458	63.2980
 3.8430	63.2800
 3.8401	63.2640
 3.8373	63.2490
 3.8344	63.2390
 3.8316	63.2360
 3.8288	63.2360
 3.8259	63.2400
 3.8231	63.2440
 3.8203	63.2460
 3.8175	63.2420
 3.8147	63.2330
 3.8119	63.2190
 3.8091	63.1990
 3.8063	63.1720
 3.8035	63.1380
 3.8007	63.0950
 3.7979	63.0440
 3.7951	62.9860
 3.7924	62.9210
 3.7896	62.8480
 3.7868	62.7690
 3.7841	62.6820
 3.7813	62.5890
 3.7785	62.4880
 3.7758	62.3820
 3.7730	62.2720
 3.7703	62.1600
 3.7676	62.0490
 3.7648	61.9410
 3.7621	61.8390
 3.7594	61.7420
 3.7566	61.6510
 3.7539	61.5620
 3.7512	61.4760
 3.7485	61.3960
 3.7458	61.3220
 3.7431	61.2590
 3.7404	61.2070
 3.7377	61.1650
 3.7350	61.1300
 3.7323	61.0980
 3.7296	61.0690
 3.7269	61.0440
 3.7242	61.0270
 3.7216	61.0210
 3.7189	61.0260
 3.7162	61.0380
 3.7136	61.0540
 3.7109	61.0700
 3.7083	61.0830
 3.7056	61.0930
 3.7030	61.1010
 3.7003	61.1110
 3.6977	61.1230
 3.6950	61.1390
 3.6924	61.1550
 3.6898	61.1720
 3.6872	61.1860
 3.6845	61.1940
 3.6819	61.1930
 3.6793	61.1830
 3.6767	61.1630
 3.6741	61.1340
 3.6715	61.1000
 3.6689	61.0640
 3.6663	61.0280
 3.6637	60.9910
 3.6611	60.9530
 3.6585	60.9090
 3.6560	60.8580
 3.6534	60.7970
 3.6508	60.7260
 3.6482	60.6500
 3.6457	60.5690
 3.6431	60.4870
 3.6406	60.4040
 3.6380	60.3210
 3.6355	60.2360
 3.6329	60.1480
 3.6304	60.0580
 3.6278	59.9670
 3.6253	59.8750
 3.6227	59.7830
 3.6202	59.6900
 3.6177	59.5950
 3.6152	59.4970
 3.6127	59.3960
 3.6101	59.2960
 3.6076	59.1960
 3.6051	59.0990
 3.6026	59.0040
 3.6001	58.9110
 3.5976	58.8180
 3.5951	58.7220
 3.5926	58.6270
 3.5901	58.5300
 3.5876	58.4330
 3.5852	58.3330
 3.5827	58.2290
 3.5802	58.1190
 3.5777	58.0020
 3.5753	57.8810
 3.5728	57.7600
 3.5704	57.6420
 3.5679	57.5280
 3.5654	57.4160
 3.5630	57.3020
 3.5605	57.1790
 3.5581	57.0450
 3.5557	56.9030
 3.5532	56.7570
 3.5508	56.6100
 3.5484	56.4650
 3.5459	56.3190
 3.5435	56.1730
 3.5411	56.0210
 3.5387	55.8640
 3.5363	55.7040
 3.5338	55.5420
 3.5314	55.3780
 3.5290	55.2160
 3.5266	55.0550
 3.5242	54.8960
 3.5218	54.7350
 3.5195	54.5720
 3.5171	54.4030
 3.5147	54.2270
 3.5123	54.0440
 3.5099	53.8630
 3.5075	53.6920
 3.5052	53.5400
 3.5028	53.4170
 3.5004	53.3280
 3.4981	53.2710
 3.4957	53.2380
 3.4934	53.2170
 3.4910	53.1990
 3.4887	53.1730
 3.4863	53.1320
 3.4840	53.0750
 3.4816	53.0010
 3.4793	52.9140
 3.4770	52.8150
 3.4746	52.7100
 3.4723	52.6020
 3.4700	52.4960
 3.4677	52.3920
 3.4653	52.2890
 3.4630	52.1840
 3.4607	52.0750
 3.4584	51.9610
 3.4561	51.8430
 3.4538	51.7260
 3.4515	51.6130
 3.4492	51.5050
 3.4469	51.4030
 3.4446	51.3050
 3.4423	51.2100
 3.4400	51.1110
 3.4378	51.0060
 3.4355	50.8890
 3.4332	50.7560
 3.4309	50.6030
 3.4287	50.4300
 3.4264	50.2390
 3.4241	50.0410
 3.4219	49.8440
 3.4196	49.6630
 3.4174	49.5090
 3.4151	49.3920
 3.4129	49.3110
 3.4106	49.2610
 3.4084	49.2350
 3.4061	49.2230
 3.4039	49.2150
 3.4017	49.2030
 3.3994	49.1800
 3.3972	49.1400
 3.3950	49.0760
 3.3928	48.9860
 3.3906	48.8710
 3.3883	48.7390
 3.3861	48.5970
 3.3839	48.4550
 3.3817	48.3200
 3.3795	48.1950
 3.3773	48.0840
 3.3751	47.9900
 3.3729	47.9140
 3.3707	47.8550
 3.3685	47.8080
 3.3663	47.7680
 3.3641	47.7270
 3.3620	47.6780
 3.3598	47.6200
 3.3576	47.5560
 3.3554	47.4900
 3.3533	47.4260
 3.3511	47.3670
 3.3489	47.3120
 3.3468	47.2560
 3.3446	47.1930
 3.3425	47.1200
 3.3403	47.0310
 3.3382	46.9270
 3.3360	46.8120
 3.3339	46.6900
 3.3317	46.5680
 3.3296	46.4500
 3.3274	46.3380
 3.3253	46.2290
 3.3232	46.1180
 3.3210	45.9980
 3.3189	45.8680
 3.3168	45.7270
 3.3147	45.5790
 3.3126	45.4310
 3.3104	45.2870
 3.3083	45.1480
 3.3062	45.0130
 3.3041	44.8790
 3.3020	44.7410
 3.2999	44.5990
 3.2978	44.4530
 3.2957	44.3050
 3.2936	44.1590
 3.2915	44.0160
 3.2894	43.8760
 3.2874	43.7350
 3.2853	43.5930
 3.2832	43.4450
 3.2811	43.2930
 3.2790	43.1390
 3.2770	42.9850
 3.2749	42.8360
 3.2728	42.6930
 3.2708	42.5540
 3.2687	42.4190
 3.2666	42.2880
 3.2646	42.1560
 3.2625	42.0240
 3.2605	41.8900
 3.2584	41.7540
 3.2564	41.6170
 3.2543	41.4780
 3.2523	41.3400
 3.2503	41.2030
 3.2482	41.0690
 3.2462	40.9360
 3.2442	40.8070
 3.2421	40.6840
 3.2401	40.5650
 3.2381	40.4500
 3.2361	40.3350
 3.2340	40.2150
 3.2320	40.0860
 3.2300	39.9470
 3.2280	39.8030
 3.2260	39.6560
 3.2240	39.5110
 3.2220	39.3670
 3.2200	39.2280
 3.2180	39.0910
 3.2160	38.9570
 3.2140	38.8270
 3.2120	38.7020
 3.2100	38.5800
 3.2080	38.4590
 3.2060	38.3370
 3.2040	38.2130
 3.2021	38.0860
 3.2001	37.9590
 3.1981	37.8310
 3.1961	37.7030
 3.1942	37.5740
 3.1922	37.4430
 3.1902	37.3070
 3.1883	37.1690
 3.1863	37.0300
 3.1844	36.8940
 3.1824	36.7640
 3.1805	36.6410
 3.1785	36.5240
 3.1766	36.4090
 3.1746	36.2910
 3.1727	36.1680
 3.1707	36.0390
 3.1688	35.9090
 3.1669	35.7800
 3.1649	35.6550
 3.1630	35.5350
 3.1611	35.4160
 3.1591	35.2950
 3.1572	35.1710
 3.1553	35.0450
 3.1534	34.9210
 3.1515	34.8010
 3.1495	34.6840
 3.1476	34.5690
 3.1457	34.4540
 3.1438	34.3340
 3.1419	34.2100
 3.1400	34.0840
 3.1381	33.9570
 3.1362	33.8320
 3.1343	33.7100
 3.1324	33.5950
 3.1305	33.4860
 3.1286	33.3840
 3.1268	33.2890
 3.1249	33.1990
 3.1230	33.1110
 3.1211	33.0250
 3.1192	32.9370
 3.1174	32.8440
 3.1155	32.7460
 3.1136	32.6420
 3.1117	32.5350
 3.1099	32.4280
 3.1080	32.3270
 3.1061	32.2390
 3.1043	32.1660
 3.1024	32.1040
 3.1006	32.0470
 3.0987	31.9840
 3.0969	31.9100
 3.0950	31.8220
 3.0932	31.7230
 3.0913	31.6230
 3.0895	31.5300
 3.0876	31.4510
 3.0858	31.3850
 3.0840	31.3260
 3.0821	31.2670
 3.0803	31.2050
 3.0785	31.1360
 3.0766	31.0620
 3.0748	30.9880
 3.0730	30.9180
 3.0712	30.8520
 3.0694	30.7880
 3.0675	30.7260
 3.0657	30.6650
 3.0639	30.6060
 3.0621	30.5510
 3.0603	30.4970
 3.0585	30.4440
 3.0567	30.3880
 3.0549	30.3280
 3.0531	30.2610
 3.0513	30.1930
 3.0495	30.1260
 3.0477	30.0610
 3.0459	30.0000
 3.0441	29.9420
 3.0423	29.8880
 3.0406	29.8310
 3.0388	29.7720
 3.0370	29.7090
 3.0352	29.6440
 3.0334	29.5800
 3.0317	29.5190
 3.0299	29.4640
 3.0281	29.4140
 3.0264	29.3680
 3.0246	29.3230
 3.0228	29.2780
 3.0211	29.2290
 3.0193	29.1780
 3.0176	29.1260
 3.0158	29.0760
 3.0140	29.0270
 3.0123	28.9800
 3.0105	28.9340
 3.0088	28.8880
 3.0070	28.8420
 3.0053	28.7950
 3.0036	28.7510
 3.0018	28.7090
 3.0001	28.6680
 2.9984	28.6260
 2.9966	28.5820
 2.9949	28.5350
 2.9932	28.4840
 2.9914	28.4330
 2.9897	28.3850
 2.9880	28.3410
 2.9863	28.3000
 2.9845	28.2590
 2.9828	28.2150
 2.9811	28.1690
 2.9794	28.1180
 2.9777	28.0630
 2.9760	28.0030
 2.9743	27.9350
 2.9726	27.8550
 2.9709	27.7640
 2.9692	27.6690
 2.9675	27.5790
 2.9658	27.5020
 2.9641	27.4450
 2.9624	27.4080
 2.9607	27.3850
 2.9590	27.3680
 2.9573	27.3500
 2.9556	27.3300
 2.9539	27.3090
 2.9523	27.2890
 2.9506	27.2720
 2.9489	27.2560
 2.9472	27.2430
 2.9455	27.2330
 2.9439	27.2220
 2.9422	27.2140
 2.9405	27.2090
 2.9389	27.2060
 2.9372	27.2050
 2.9355	27.2050
 2.9339	27.2080
 2.9322	27.2150
 2.9306	27.2220
 2.9289	27.2270
 2.9272	27.2290
 2.9256	27.2260
 2.9239	27.2160
 2.9223	27.2010
 2.9207	27.1880
 2.9190	27.1800
 2.9174	27.1790
 2.9157	27.1890
 2.9141	27.2120
 2.9124	27.2480
 2.9108	27.2940
 2.9092	27.3450
 2.9075	27.3950
 2.9059	27.4420
 2.9043	27.4850
 2.9027	27.5270
 2.9010	27.5760
 2.8994	27.6330
 2.8978	27.6980
 2.8962	27.7650
 2.8946	27.8270
 2.8929	27.8820
 2.8913	27.9280
 2.8897	27.9720
 2.8881	28.0180
 2.8865	28.0700
 2.8849	28.1300
 2.8833	28.1940
 2.8817	28.2620
 2.8801	28.3310
 2.8785	28.4030
 2.8769	28.4810
 2.8753	28.5680
 2.8737	28.6660
 2.8721	28.7710
 2.8705	28.8820
 2.8689	28.9930
 2.8673	29.0980
 2.8658	29.1960
 2.8642	29.2890
 2.8626	29.3820
 2.8610	29.4790
 2.8594	29.5860
 2.8579	29.7020
 2.8563	29.8240
 2.8547	29.9470
 2.8531	30.0670
 2.8516	30.1830
 2.8500	30.2940
 2.8484	30.4000
 2.8469	30.5010
 2.8453	30.5970
 2.8437	30.6870
 2.8422	30.7710
 2.8406	30.8520
 2.8391	30.9320
 2.8375	31.0140
 2.8360	31.1000
 2.8344	31.1940
 2.8329	31.2960
 2.8313	31.4030
 2.8298	31.5120
 2.8282	31.6170
 2.8267	31.7140
 2.8252	31.7990
 2.8236	31.8740
 2.8221	31.9430
 2.8205	32.0120
 2.8190	32.0850
 2.8175	32.1650
 2.8159	32.2490
 2.8144	32.3320
 2.8129	32.4090
 2.8114	32.4740
 2.8098	32.5270
 2.8083	32.5690
 2.8068	32.6030
 2.8053	32.6310
 2.8038	32.6550
 2.8022	32.6720
 2.8007	32.6720
 2.7992	32.6400
 2.7977	32.5640
 2.7962	32.4400
 2.7947	32.2750
 2.7932	32.0940
 2.7917	31.9330
 2.7902	31.8300
 2.7887	31.8110
 2.7872	31.8810
 2.7857	32.0250
 2.7842	32.2150
 2.7827	32.4220
 2.7812	32.6210
 2.7797	32.7990
 2.7782	32.9520
 2.7767	33.0890
 2.7752	33.2140
 2.7738	33.3340
 2.7723	33.4560
 2.7708	33.5860
 2.7693	33.7320
 2.7678	33.9000
 2.7664	34.1010
 2.7649	34.3430
 2.7634	34.6280
 2.7619	34.9530
 2.7605	35.3120
 2.7590	35.6980
 2.7575	36.1090
 2.7561	36.5460
 2.7546	37.0100
 2.7531	37.5010
 2.7517	38.0120
 2.7502	38.5230
 2.7488	39.0140
 2.7473	39.4690
 2.7458	39.8880
 2.7444	40.2790
 2.7429	40.6710
 2.7415	41.0970
 2.7400	41.5840
 2.7386	42.1460
 2.7371	42.7840
 2.7357	43.4830
 2.7343	44.2150
 2.7328	44.9490
 2.7314	45.6620
 2.7299	46.3410
 2.7285	46.9810
 2.7271	47.5960
 2.7256	48.2140
 2.7242	48.8630
 2.7228	49.5710
 2.7213	50.3460
 2.7199	51.1700
 2.7185	52.0030
 2.7171	52.7960
 2.7156	53.5120
 2.7142	54.1390
 2.7128	54.7010
 2.7114	55.2420
 2.7100	55.8060
 2.7085	56.4230
 2.7071	57.1050
 2.7057	57.8410
 2.7043	58.6030
 2.7029	59.3660
 2.7015	60.1060
 2.7001	60.8080
 2.6987	61.4550
 2.6973	62.0520
 2.6959	62.6180
 2.6945	63.1670
 2.6931	63.7080
 2.6917	64.2410
 2.6903	64.7560
 2.6889	65.2340
 2.6875	65.6590
 2.6861	66.0230
 2.6847	66.3330
 2.6833	66.6000
 2.6819	66.8350
 2.6805	67.0520
 2.6791	67.2650
 2.6778	67.4840
 2.6764	67.6980
 2.6750	67.8820
 2.6736	68.0240
 2.6722	68.1300
 2.6709	68.2140
 2.6695	68.3080
 2.6681	68.4560
 2.6667	68.6930
 2.6654	69.0100
 2.6640	69.3660
 2.6626	69.7240
 2.6613	70.0510
 2.6599	70.3150
 2.6585	70.5120
 2.6572	70.6620
 2.6558	70.7900
 2.6545	70.9110
 2.6531	71.0340
 2.6517	71.1620
 2.6504	71.2920
 2.6490	71.4120
 2.6477	71.5230
 2.6463	71.6250
 2.6450	71.7260
 2.6436	71.8310
 2.6423	71.9460
 2.6409	72.0610
 2.6396	72.1650
 2.6382	72.2430
 2.6369	72.2860
 2.6356	72.2800
 2.6342	72.2300
 2.6329	72.1620
 2.6315	72.1080
 2.6302	72.0950
 2.6289	72.1430
 2.6275	72.2490
 2.6262	72.3860
 2.6249	72.5040
 2.6236	72.5660
 2.6222	72.5710
 2.6209	72.5320
 2.6196	72.4830
 2.6183	72.4780
 2.6169	72.5420
 2.6156	72.6690
 2.6143	72.8180
 2.6130	72.9470
 2.6117	73.0170
 2.6103	73.0010
 2.6090	72.9100
 2.6077	72.8050
 2.6064	72.7440
 2.6051	72.7630
 2.6038	72.8580
 2.6025	72.9860
 2.6012	73.0820
 2.5999	73.0780
 2.5986	72.9550
 2.5973	72.7700
 2.5960	72.6120
 2.5947	72.5520
 2.5934	72.6220
 2.5921	72.7950
 2.5908	73.0060
 2.5895	73.1770
 2.5882	73.2570
 2.5869	73.2580
 2.5856	73.2290
 2.5843	73.2120
 2.5830	73.2300
 2.5817	73.2830
 2.5805	73.3490
 2.5792	73.4010
 2.5779	73.4160
 2.5766	73.3980
 2.5753	73.3740
 2.5741	73.3630
 2.5728	73.3780
 2.5715	73.4210
 2.5702	73.4810
 2.5690	73.5360
 2.5677	73.5580
 2.5664	73.5390
 2.5651	73.4950
 2.5639	73.4500
 2.5626	73.4320
 2.5613	73.4650
 2.5601	73.5500
 2.5588	73.6650
 2.5575	73.7760
 2.5563	73.8550
 2.5550	73.8920
 2.5538	73.8940
 2.5525	73.8810
 2.5513	73.8720
 2.5500	73.8800
 2.5487	73.9050
 2.5475	73.9420
 2.5462	73.9800
 2.5450	74.0170
 2.5437	74.0520
 2.5425	74.0850
 2.5413	74.1140
 2.5400	74.1390
 2.5388	74.1620
 2.5375	74.1820
 2.5363	74.2010
 2.5350	74.2240
 2.5338	74.2530
 2.5326	74.2920
 2.5313	74.3380
 2.5301	74.3870
 2.5289	74.4370
 2.5276	74.4820
 2.5264	74.5200
 2.5252	74.5500
 2.5239	74.5710
 2.5227	74.5880
 2.5215	74.6040
 2.5202	74.6230
 2.5190	74.6470
 2.5178	74.6780
 2.5166	74.7140
 2.5154	74.7510
 2.5141	74.7860
 2.5129	74.8190
 2.5117	74.8530
 2.5105	74.8870
 2.5093	74.9210
 2.5081	74.9520
 2.5068	74.9800
 2.5056	75.0020
 2.5044	75.0220
 2.5032	75.0470
 2.5020	75.0800
 2.5008	75.1230
 2.4996	75.1730
 2.4984	75.2240
 2.4972	75.2730
 2.4960	75.3190
 2.4948	75.3650
 2.4936	75.4110
 2.4924	75.4570
 2.4912	75.4990
 2.4900	75.5340
 2.4888	75.5570
 2.4876	75.5720
 2.4864	75.5830
 2.4852	75.5970
 2.4840	75.6220
 2.4828	75.6600
 2.4816	75.7110
 2.4805	75.7670
 2.4793	75.8230
 2.4781	75.8750
 2.4769	75.9220
 2.4757	75.9660
 2.4745	76.0110
 2.4734	76.0600
 2.4722	76.1140
 2.4710	76.1680
 2.4698	76.2190
 2.4686	76.2640
 2.4675	76.3000
 2.4663	76.3300
 2.4651	76.3570
 2.4640	76.3870
 2.4628	76.4210
 2.4616	76.4620
 2.4604	76.5060
 2.4593	76.5490
 2.4581	76.5900
 2.4569	76.6280
 2.4558	76.6690
 2.4546	76.7170
 2.4535	76.7770
 2.4523	76.8490
 2.4511	76.9240
 2.4500	76.9950
 2.4488	77.0570
 2.4477	77.1060
 2.4465	77.1450
 2.4454	77.1780
 2.4442	77.2110
 2.4431	77.2430
 2.4419	77.2760
 2.4408	77.3130
 2.4396	77.3580
 2.4385	77.4120
 2.4373	77.4710
 2.4362	77.5310
 2.4350	77.5880
 2.4339	77.6340
 2.4327	77.6710
 2.4316	77.7030
 2.4305	77.7390
 2.4293	77.7810
 2.4282	77.8290
 2.4270	77.8830
 2.4259	77.9400
 2.4248	77.9950
 2.4236	78.0490
 2.4225	78.1000
 2.4214	78.1520
 2.4202	78.2050
 2.4191	78.2560
 2.4180	78.3050
 2.4169	78.3500
 2.4157	78.3890
 2.4146	78.4200
 2.4135	78.4480
 2.4124	78.4790
 2.4112	78.5190
 2.4101	78.5680
 2.4090	78.6220
 2.4079	78.6770
 2.4068	78.7250
 2.4056	78.7600
 2.4045	78.7850
 2.4034	78.8050
 2.4023	78.8270
 2.4012	78.8540
 2.4001	78.8850
 2.3990	78.9200
 2.3979	78.9520
 2.3967	78.9780
 2.3956	79.0000
 2.3945	79.0210
 2.3934	79.0480
 2.3923	79.0850
 2.3912	79.1320
 2.3901	79.1850
 2.3890	79.2350
 2.3879	79.2760
 2.3868	79.3040
 2.3857	79.3200
 2.3846	79.3270
 2.3835	79.3310
 2.3824	79.3400
 2.3813	79.3570
 2.3802	79.3860
 2.3791	79.4250
 2.3781	79.4680
 2.3770	79.5070
 2.3759	79.5360
 2.3748	79.5520
 2.3737	79.5580
 2.3726	79.5630
 2.3715	79.5760
 2.3704	79.6010
 2.3694	79.6390
 2.3683	79.6850
 2.3672	79.7330
 2.3661	79.7770
 2.3650	79.8150
 2.3640	79.8470
 2.3629	79.8750
 2.3618	79.8990
 2.3607	79.9210
 2.3597	79.9410
 2.3586	79.9590
 2.3575	79.9700
 2.3564	79.9780
 2.3554	79.9810
 2.3543	79.9790
 2.3532	79.9760
 2.3522	79.9770
 2.3511	79.9860
 2.3500	80.0010
 2.3490	80.0190
 2.3479	80.0350
 2.3468	80.0450
 2.3458	80.0450
 2.3447	80.0430
 2.3436	80.0480
 2.3426	80.0640
 2.3415	80.0910
 2.3405	80.1260
 2.3394	80.1650
 2.3384	80.2010
 2.3373	80.2290
 2.3363	80.2500
 2.3352	80.2630
 2.3342	80.2670
 2.3331	80.2620
 2.3321	80.2500
 2.3310	80.2350
 2.3300	80.2210
 2.3289	80.2090
 2.3279	80.1990
 2.3268	80.1940
 2.3258	80.1930
 2.3247	80.1970
 2.3237	80.2040
 2.3226	80.2150
 2.3216	80.2280
 2.3206	80.2390
 2.3195	80.2480
 2.3185	80.2560
 2.3175	80.2630
 2.3164	80.2680
 2.3154	80.2690
 2.3144	80.2650
 2.3133	80.2580
 2.3123	80.2470
 2.3113	80.2380
 2.3102	80.2310
 2.3092	80.2240
 2.3082	80.2160
 2.3071	80.2060
 2.3061	80.1930
 2.3051	80.1780
 2.3041	80.1640
 2.3030	80.1500
 2.3020	80.1330
 2.3010	80.1140
 2.3000	80.0930
 2.2990	80.0760
 2.2979	80.0640
 2.2969	80.0600
 2.2959	80.0650
 2.2949	80.0760
 2.2939	80.0870
 2.2929	80.0980
 2.2918	80.1100
 2.2908	80.1240
 2.2898	80.1420
 2.2888	80.1650
 2.2878	80.1940
 2.2868	80.2240
 2.2858	80.2480
 2.2848	80.2660
 2.2838	80.2750
 2.2828	80.2760
 2.2818	80.2700
 2.2808	80.2610
 2.2798	80.2560
 2.2787	80.2540
 2.2777	80.2550
 2.2767	80.2580
 2.2757	80.2610
 2.2747	80.2620
 2.2738	80.2590
 2.2728	80.2530
 2.2718	80.2460
 2.2708	80.2410
 2.2698	80.2370
 2.2688	80.2360
 2.2678	80.2390
 2.2668	80.2460
 2.2658	80.2520
 2.2648	80.2540
 2.2638	80.2550
 2.2628	80.2550
 2.2618	80.2530
 2.2609	80.2510
 2.2599	80.2500
 2.2589	80.2500
 2.2579	80.2480
 2.2569	80.2420
 2.2559	80.2310
 2.2550	80.2180
 2.2540	80.2030
 2.2530	80.1890
 2.2520	80.1820
 2.2510	80.1860
 2.2501	80.2020
 2.2491	80.2300
 2.2481	80.2660
 2.2471	80.3090
 2.2462	80.3500
 2.2452	80.3810
 2.2442	80.3970
 2.2433	80.3970
 2.2423	80.3830
 2.2413	80.3620
 2.2403	80.3490
 2.2394	80.3530
 2.2384	80.3760
 2.2374	80.4120
 2.2365	80.4530
 2.2355	80.4870
 2.2345	80.5050
 2.2336	80.5080
 2.2326	80.5050
 2.2317	80.5020
 2.2307	80.5010
 2.2297	80.5040
 2.2288	80.5110
 2.2278	80.5190
 2.2269	80.5270
 2.2259	80.5400
 2.2250	80.5620
 2.2240	80.5890
 2.2231	80.6110
 2.2221	80.6240
 2.2211	80.6240
 2.2202	80.6150
 2.2192	80.5990
 2.2183	80.5830
 2.2173	80.5680
 2.2164	80.5530
 2.2155	80.5340
 2.2145	80.5160
 2.2136	80.5100
 2.2126	80.5220
 2.2117	80.5530
 2.2107	80.5950
 2.2098	80.6330
 2.2088	80.6540
 2.2079	80.6500
 2.2070	80.6310
 2.2060	80.6110
 2.2051	80.6020
 2.2041	80.6070
 2.2032	80.6270
 2.2023	80.6540
 2.2013	80.6830
 2.2004	80.7130
 2.1995	80.7430
 2.1985	80.7760
 2.1976	80.8070
 2.1967	80.8330
 2.1957	80.8530
 2.1948	80.8650
 2.1939	80.8750
 2.1930	80.8910
 2.1920	80.9140
 2.1911	80.9430
 2.1902	80.9710
 2.1893	80.9940
 2.1883	81.0100
 2.1874	81.0210
 2.1865	81.0370
 2.1856	81.0710
 2.1846	81.1240
 2.1837	81.1900
 2.1828	81.2570
 2.1819	81.3130
 2.1810	81.3480
 2.1800	81.3620
 2.1791	81.3630
 2.1782	81.3660
 2.1773	81.3770
 2.1764	81.3950
 2.1755	81.4130
 2.1746	81.4240
 2.1736	81.4200
 2.1727	81.4060
 2.1718	81.3930
 2.1709	81.3920
 2.1700	81.4100
 2.1691	81.4450
 2.1682	81.4900
 2.1673	81.5330
 2.1664	81.5650
 2.1655	81.5860
 2.1646	81.5990
 2.1637	81.6120
 2.1628	81.6290
 2.1619	81.6480
 2.1610	81.6670
 2.1601	81.6760
 2.1592	81.6700
 2.1583	81.6490
 2.1574	81.6220
 2.1565	81.5980
 2.1556	81.5860
 2.1547	81.5920
 2.1538	81.6120
 2.1529	81.6380
 2.1520	81.6590
 2.1511	81.6690
 2.1502	81.6700
 2.1493	81.6710
 2.1484	81.6780
 2.1475	81.6970
 2.1466	81.7280
 2.1458	81.7610
 2.1449	81.7860
 2.1440	81.7990
 2.1431	81.7970
 2.1422	81.7900
 2.1413	81.7860
 2.1404	81.7920
 2.1396	81.8090
 2.1387	81.8310
 2.1378	81.8490
 2.1369	81.8530
 2.1360	81.8380
 2.1352	81.8090
 2.1343	81.7720
 2.1334	81.7400
 2.1325	81.7210
 2.1316	81.7190
 2.1308	81.7310
 2.1299	81.7490
 2.1290	81.7640
 2.1281	81.7700
 2.1273	81.7670
 2.1264	81.7610
 2.1255	81.7580
 2.1247	81.7630
 2.1238	81.7740
 2.1229	81.7830
 2.1220	81.7850
 2.1212	81.7780
 2.1203	81.7620
 2.1194	81.7400
 2.1186	81.7180
 2.1177	81.7010
 2.1168	81.6890
 2.1160	81.6800
 2.1151	81.6760
 2.1143	81.6730
 2.1134	81.6660
 2.1125	81.6520
 2.1117	81.6340
 2.1108	81.6220
 2.1100	81.6210
 2.1091	81.6330
 2.1082	81.6580
 2.1074	81.6840
 2.1065	81.6970
 2.1057	81.6940
 2.1048	81.6800
 2.1040	81.6650
 2.1031	81.6570
 2.1023	81.6600
 2.1014	81.6720
 2.1005	81.6850
 2.0997	81.6920
 2.0988	81.6920
 2.0980	81.6930
 2.0971	81.6970
 2.0963	81.7070
 2.0955	81.7240
 2.0946	81.7460
 2.0938	81.7630
 2.0929	81.7630
 2.0921	81.7440
 2.0912	81.7120
 2.0904	81.6790
 2.0895	81.6590
 2.0887	81.6640
 2.0879	81.6970
 2.0870	81.7430
 2.0862	81.7840
 2.0853	81.8050
 2.0845	81.7870
 2.0837	81.7610
 2.0828	81.7200
 2.0820	81.6260
 2.0812	81.6680
 2.0803	81.5650
 2.0795	81.4890
 2.0760	81.4890
 2.0720	81.7730
 2.0680	81.7050
 2.0640	81.4210
 2.0600	81.3530
 2.0560	81.2310
 2.0520	81.1630
 2.0480	80.9610
 2.0440	80.9880
 2.0400	80.9200
 2.0360	80.8130
 2.0320	80.6670
 2.0280	80.1880
 2.0240	80.0670
 2.0200	80.0120
 2.0160	80.1330
 2.0120	80.0280
 2.0080	79.5250
 2.0040	79.2090
 2.0000	79.1440
 1.9960	78.5800
 1.9920	78.5510
 1.9880	78.1460
 1.9840	78.0540
 1.9800	77.6500
 1.9760	77.4610
 1.9720	77.3980
 1.9680	77.1520
 1.9640	76.9360
 1.9600	76.5700
 1.9560	76.2640
 1.9520	76.0180
 1.9480	75.4970
 1.9440	75.1290
 1.9400	74.7300
 1.9360	74.4180
 1.9320	74.1900
 1.9280	74.1270
 1.9240	74.1220
 1.9200	73.8420
 1.9160	73.4090
 1.9120	73.0360
 1.9080	72.8490
 1.9040	72.8920
 1.9000	73.3500
 1.8960	73.9500
 1.8920	74.6540
 1.8880	75.5720
 1.8840	76.3260
 1.8800	77.2260
 1.8760	78.0310
 1.8720	78.5160
 1.8680	79.0150
 1.8640	79.4690
 1.8600	79.8990
 1.8560	79.7670
 1.8520	79.9120
 1.8480	79.8030
 1.8440	79.9510
 1.8400	80.2310
 1.8360	80.3350
 1.8320	80.4420
 1.8280	80.2140
 1.8240	80.1540
 1.8200	80.1590
 1.8160	79.9160
 1.8120	80.0850
 1.8080	80.2010
 1.8040	79.6740
 1.8000	79.8530
 1.7960	79.4490
 1.7920	79.5750
 1.7880	79.7270
 1.7840	79.5480
 1.7800	79.8530
 1.7760	79.7270
 1.7720	79.4220
 1.7680	79.3500
 1.7640	79.1720
 1.7600	79.0920
 1.7560	79.2080
 1.7520	79.0220
 1.7480	78.9870
 1.7440	79.5300
 1.7400	79.8330
 1.7360	80.4030
 1.7320	80.4140
 1.7280	80.3620
 1.7240	80.3620
 1.7200	80.4140
 1.7160	79.9160
 1.7120	80.2490
 1.7080	79.9520
 1.7040	79.8430
 1.7000	79.8070
 1.6960	79.6380
 1.6920	79.5390
 1.6880	79.6640
 1.6840	79.6720
 1.6800	79.9850
 1.6760	80.0480
 1.6720	79.9690
 1.6680	79.9320
 1.6640	79.4590
 1.6600	79.7900
 1.6560	79.3070
 1.6520	79.2640
 1.6480	79.4500
 1.6440	80.0150
 1.6400	79.5840
 1.6360	79.4050
 1.6320	79.5930
 1.6280	79.3780
 1.6240	78.9850
 1.6200	78.7710
 1.6160	78.8810
 1.6120	78.9970
 1.6080	79.6380
 1.6040	79.5030
 1.6000	79.5660
 1.5960	79.3780
 1.5920	79.5660
 1.5880	79.5030
 1.5840	79.5660
 1.5800	79.9990
 1.5760	79.8000
 1.5720	79.6740
 1.5680	79.6030
 1.5640	79.1670
 1.5600	78.5930
 1.5560	78.4710
 1.5520	78.6270
 1.5480	78.8730
 1.5440	78.9890
 1.5400	78.8590
 1.5360	79.2370
 1.5320	79.1550
 1.5280	78.6800
 1.5240	78.3160
 1.5200	78.4280
 1.5160	78.2160
 1.5120	78.3110
 1.5080	78.6860
 1.5040	78.7890
 1.5000	78.6900
 1.4960	77.9950
 1.4920	78.8470
 1.4880	78.3310
 1.4840	78.1190
 1.4800	77.8750
 1.4760	77.6640
 1.4720	77.5150
 1.4680	78.2460
 1.4640	78.5840
 1.4600	78.4260
 1.4560	78.4540
 1.4520	77.6430
 1.4480	77.1930
 1.4440	77.2560
 1.4400	77.2990
 1.4360	77.4210
 1.4320	77.3620
 1.4280	77.4210
 1.4240	77.3280
 1.4200	77.3570
 1.4160	77.2680
 1.4120	77.2110
 1.4080	77.1780
 1.4040	77.0300
 1.4000	76.5820
 1.3960	76.9170
 1.3920	77.5810
 1.3880	77.4850
 1.3840	77.4240
 1.3800	78.0730
 1.3760	78.4780
 1.3720	78.0650
 1.3680	78.3540
 1.3640	78.5170
 1.3600	78.5380
 1.3560	78.1390
 1.3520	78.0280
 1.3480	78.2090
 1.3440	78.4440
 1.3400	78.0520
 1.3360	78.1730
 1.3320	78.1810
 1.3280	78.1240
 1.3240	78.0160
 1.3200	78.1570
 1.3160	78.0160
 1.3120	78.0440
 1.3080	78.0440
 1.3040	77.9230
 1.3000	77.9230
 1.2960	77.8340
 1.2920	77.8370
 1.2880	77.7790
 1.2840	77.7240
 1.2800	77.7000
 1.2760	77.8870
 1.2720	77.7050
 1.2680	77.7080
 1.2640	77.7480
 1.2600	78.2960
 1.2560	78.3540
 1.2520	78.3540
 1.2480	78.3830
 1.2440	77.7410
 1.2400	77.6590
 1.2360	77.9920
 1.2320	78.0530
 1.2280	78.2090
 1.2240	77.6900
 1.2200	77.4480
 1.2160	77.4790
 1.2120	77.3870
 1.2080	77.1440
 1.2040	77.0540
 1.2000	77.0540
 1.1960	76.9120
 1.1920	76.8220
 1.1880	76.6010
 1.1840	76.6310
 1.1800	76.6620
 1.1760	76.4840
 1.1720	76.4550
 1.1680	76.4550
 1.1640	76.2860
 1.1600	76.2740
 1.1560	76.2110
 1.1520	75.9160
 1.1480	76.4760
 1.1440	76.3540
 1.1400	75.9600
 1.1360	76.7870
 1.1320	76.7880
 1.1280	76.3960
 1.1240	76.8470
 1.1200	77.1270
 1.1160	77.0060
 1.1120	77.0960
 1.1080	76.9440
 1.1040	76.3400
 1.1000	76.6960
 1.0960	76.9750
 1.0920	76.1610
 1.0880	76.4310
 1.0840	76.7910
 1.0800	75.7710
 1.0760	75.9490
 1.0720	75.9920
 1.0680	75.7830
 1.0640	75.4910
 1.0600	75.7250
 1.0560	75.1690
 1.0520	75.1430
 1.0480	75.7210
 1.0440	75.8780
 1.0400	75.9020
 1.0360	76.4700
 1.0320	76.2890
 1.0280	75.8700
 1.0240	75.8980
 1.0200	75.8070
 1.0160	75.8670
 1.0120	75.1850
 1.0080	75.4180
 1.0040	75.8070
 1.0000	75.1530
 0.9960	74.9630
 0.9920	75.5200
 0.9880	75.4330
 0.9840	75.2390
 0.9800	75.5310
 0.9760	75.1440
 0.9720	74.9980
 0.9680	74.6600
 0.9640	75.0740
 0.9600	74.6600
 0.9560	74.8990
 0.9520	74.7250
 0.9480	74.7250
 0.9440	74.6350
 0.9400	74.4290
 0.9360	74.6740
 0.9320	74.5520
 0.9280	74.3870
 0.9240	74.4340
 0.9200	74.3870
 0.9160	74.3200
 0.9120	74.3520
 0.9080	74.3770
 0.9040	74.1730
 0.9000	74.2880
 0.8960	74.0520
 0.8920	74.0520
 0.8880	73.7510
 0.8840	73.7750
 0.8800	73.6760
 0.8760	73.6670
 0.8720	73.8880
 0.8680	73.5930
 0.8640	73.6740
 0.8600	73.4100
 0.8560	73.4170
 0.8520	73.1110
 0.8480	73.3910
 0.8440	72.6450
 0.8400	73.1000
 0.8360	73.4790
 0.8320	73.0200
 0.8280	72.8720
 0.8240	72.7920
 0.8200	73.4980
 0.8160	72.9930
 0.8120	73.0710
 0.8080	73.3640
 0.8040	73.2510
 0.8000	73.3510
 0.7990	73.3510
 0.7980	73.3510
 0.7970	73.4830
 0.7960	73.6080
 0.7950	73.6080
 0.7940	73.4460
 0.7930	73.1920
 0.7920	73.3510
 0.7910	73.4810
 0.7900	73.8000
 0.7890	73.5460
 0.7880	73.4210
 0.7870	73.5800
 0.7860	73.6850
 0.7850	74.0320
 0.7840	74.0290
 0.7830	73.5430
 0.7820	73.0420
 0.7810	73.3290
 0.7800	73.5430
 0.7790	73.7310
 0.7780	73.7030
 0.7770	73.4810
 0.7760	73.2970
 0.7750	73.2670
 0.7740	73.6540
 0.7730	73.7510
 0.7720	73.2020
 0.7710	73.1090
 0.7700	73.2170
 0.7690	72.8990
 0.7680	73.0090
 0.7670	73.6720
 0.7660	73.9640
 0.7650	73.2640
 0.7640	73.1260
 0.7630	73.4160
 0.7620	73.1970
 0.7610	73.7010
 0.7600	73.3260
 0.7590	73.5270
 0.7580	72.9480
 0.7570	72.7550
 0.7560	73.1940
 0.7550	73.6380
 0.7540	73.8900
 0.7530	73.2020
 0.7520	73.1680
 0.7510	72.8770
 0.7500	72.9480
 0.7490	73.0000
 0.7480	73.0000
 0.7470	72.9040
 0.7460	72.8770
 0.7450	72.8070
 0.7440	72.6420
 0.7430	72.1500
 0.7420	72.5810
 0.7410	73.7500
 0.7400	73.4590
 0.7390	72.7620
 0.7380	72.9560
 0.7370	72.7100
 0.7360	73.0030
 0.7350	72.8070
 0.7340	72.9560
 0.7330	73.2780
 0.7320	73.4000
 0.7310	73.1230
 0.7300	72.0720
 0.7290	72.2440
 0.7280	72.7210
 0.7270	72.2700
 0.7260	72.5520
 0.7250	72.8450
 0.7240	72.6950
 0.7230	72.6950
 0.7220	72.5070
 0.7210	72.5620
 0.7200	72.4850
 0.7190	73.2480
 0.7180	73.3110
 0.7170	73.3450
 0.7160	72.7990
 0.7150	72.8160
 0.7140	73.1080
 0.7130	72.5520
 0.7120	72.2190
 0.7110	72.3450
 0.7100	72.7900
 0.7090	72.2110
 0.7080	72.2370
 0.7070	71.8670
 0.7060	72.1850
 0.7050	72.5410
 0.7040	72.4330
 0.7030	72.3430
 0.7020	72.0490
 0.7010	71.8580
 0.7000	72.2630
 0.6990	73.0250
 0.6980	72.2900
 0.6970	72.6280
 0.6960	72.4740
 0.6950	72.6010
 0.6940	72.4010
 0.6930	72.5370
 0.6920	72.2480
 0.6910	72.6010
 0.6900	72.4370
 0.6890	72.5280
 0.6880	72.5010
 0.6870	72.3010
 0.6860	72.4010
 0.6850	72.5280
 0.6840	72.4010
 0.6830	72.1000
 0.6820	71.8370
 0.6810	72.1370
 0.6800	72.2270
 0.6790	72.2910
 0.6780	72.2270
 0.6770	71.9000
 0.6760	72.3010
 0.6750	72.7930
 0.6740	72.5920
 0.6730	72.6930
 0.6720	72.4370
 0.6710	72.4180
 0.6700	72.2540
 0.6690	72.3170
 0.6680	72.1530
 0.6670	71.8510
 0.6660	71.5880
 0.6650	71.4240
 0.6640	71.1370
 0.6630	71.2750
 0.6620	71.9400
 0.6610	72.0410
 0.6600	72.0160
 0.6590	72.7400
 0.6580	72.6390
 0.6570	71.8030
 0.6560	71.5880
 0.6550	71.8520
 0.6540	72.1270
 0.6530	72.3010
 0.6520	72.2010
 0.6510	71.8740
 0.6500	71.3500
 0.6490	70.8660
 0.6480	71.0650
 0.6470	71.8510
 0.6460	72.1330
 0.6450	71.9300
 0.6440	71.8300
 0.6430	71.9050
 0.6420	71.7890
 0.6410	71.2240
 0.6400	71.6650
 0.6390	72.0440
 0.6380	71.8520
 0.6370	71.3370
 0.6360	71.0510
 0.6350	71.2370
 0.6340	70.8990
 0.6330	70.5370
 0.6320	70.6760
 0.6310	71.1860
 0.6300	70.8990
 0.6290	70.9750
 0.6280	70.9130
 0.6270	70.6140
 0.6260	70.4760
 0.6250	70.8850
 0.6240	71.1240
 0.6230	71.1370
 0.6220	70.7140
 0.6210	70.3520
 0.6200	70.5460
 0.6190	71.0840
 0.6180	71.5020
 0.6170	71.4130
 0.6160	71.2230
 0.6150	71.4000
 0.6140	70.9480
 0.6130	70.2990
 0.6120	70.5930
 0.6110	70.7180
 0.6100	70.4530
 0.6090	70.5930
 0.6080	70.5310
 0.6070	70.4290
 0.6060	70.2490
 0.6050	70.2890
 0.6040	70.2890
 0.6030	70.1110
 0.6020	69.9930
 0.6010	69.7930
 0.6000	70.1670
 0.5990	69.8420
 0.5980	70.0250
 0.5970	70.3400
 0.5960	70.1160
 0.5950	69.7600
 0.5940	69.7390
 0.5930	70.4500
 0.5920	70.1200
 0.5910	69.8500
 0.5900	69.5360
 0.5890	69.6610
 0.5880	69.6020
 0.5870	69.1670
 0.5860	69.2920
 0.5850	69.8100
 0.5840	68.8960
 0.5830	69.4330
 0.5820	69.4300
 0.5810	68.9570
 0.5800	69.2490
 0.5790	69.5800
 0.5780	69.3110
 0.5770	69.1660
 0.5760	69.1660
 0.5750	69.3300
 0.5740	69.3090
 0.5730	69.1410
 0.5720	69.2010
 0.5710	69.6490
 0.5700	68.6950
 0.5690	68.1290
 0.5680	68.2310
 0.5670	68.3690
 0.5660	68.4310
 0.5650	68.4720
 0.5640	68.3510
 0.5630	68.4910
 0.5620	68.3290
 0.5610	68.0250
 0.5600	68.2700
 0.5590	67.8950
 0.5580	67.8950
 0.5570	68.2740
 0.5560	67.9650
 0.5550	67.3610
 0.5540	67.4720
 0.5530	67.1740
 0.5520	67.0450
 0.5510	66.8150
 0.5500	66.7830
 0.5490	67.2170
 0.5480	66.8820
 0.5470	66.7270
 0.5460	66.9050
 0.5450	66.7160
 0.5440	66.2950
 0.5430	66.9280
 0.5420	66.8840
 0.5410	66.7830
 0.5400	66.4820
 0.5390	66.6720
 0.5380	66.6280
 0.5370	66.1560
 0.5360	66.3580
 0.5350	66.1000
 0.5340	66.4140
 0.5330	65.9610
 0.5320	65.4800
 0.5310	65.1280
 0.5300	64.8380
 0.5290	64.6070
 0.5280	65.1300
 0.5270	64.8750
 0.5260	64.4730
 0.5250	64.3730
 0.5240	64.6810
 0.5230	64.7210
 0.5220	64.9760
 0.5210	64.9220
 0.5200	65.1450
 0.5190	64.6870
 0.5180	64.3260
 0.5170	64.1780
 0.5160	63.9230
 0.5150	63.9820
 0.5140	63.7220
 0.5130	63.4730
 0.5120	63.0600
 0.5110	63.3080
 0.5100	63.5170
 0.5090	63.2120
 0.5080	63.1710
 0.5070	63.2830
 0.5060	63.3300
 0.5050	62.7700
 0.5040	62.9750
 0.5030	63.1350
 0.5020	62.9270
 0.5010	63.1380
 0.5000	63.1890
 0.4990	62.3660
 0.4980	62.1660
 0.4970	62.4190
 0.4960	62.2140
 0.4950	62.2660
 0.4940	61.7620
 0.4930	61.7120
 0.4920	61.9670
 0.4910	62.1220
 0.4900	61.4600
 0.4890	61.6610
 0.4880	61.9140
 0.4870	61.6100
 0.4860	61.4070
 0.4850	61.3530
 0.4840	61.6600
 0.4830	61.7110
 0.4820	61.1540
 0.4810	60.6480
 0.4800	60.9910
 0.4790	61.0920
 0.4780	61.0380
 0.4770	60.6920
 0.4760	60.7890
 0.4750	60.6900
 0.4740	61.3990
 0.4730	60.8870
 0.4720	60.5830
 0.4710	60.4350
 0.4700	60.5370
 0.4690	59.9920
 0.4680	59.9800
 0.4670	59.9870
 0.4660	60.1370
 0.4650	59.8380
 0.4640	60.1290
 0.4630	59.8730
 0.4620	59.6110
 0.4610	59.6720
 0.4600	59.5320
 0.4590	61.2870
 0.4580	61.1790
 0.4570	61.1240
 0.4560	60.9150
 0.4550	60.7660
 0.4540	60.5080
 0.4530	60.4170
 0.4520	60.5080
 0.4510	60.0050
 0.4500	60.2490
 0.4490	60.7060
 0.4480	60.4520
 0.4470	60.2950
 0.4460	60.3800
 0.4450	59.8590
 0.4440	59.6560
 0.4430	59.1280
 0.4420	59.6270
 0.4410	59.6940
 0.4400	59.3750
 0.4390	59.1590
 0.4380	59.3510
 0.4370	58.8810
 0.4360	59.0940
 0.4350	59.1900
 0.4340	59.0810
 0.4330	58.6110
 0.4320	58.3440
 0.4310	58.4860
 0.4300	58.0550
 0.4290	58.2960
 0.4280	57.9440
 0.4270	57.5150
 0.4260	57.7460
 0.4250	57.3300
 0.4240	57.3170
 0.4230	57.6630
 0.4220	57.2160
 0.4210	57.0900
 0.4200	57.2060
 0.4190	56.8640
 0.4180	56.5760
 0.4170	56.4910
 0.4160	56.5900
 0.4150	56.5510
 0.4140	56.4140
 0.4130	56.1250
 0.4120	56.1240
 0.4110	55.9040
 0.4100	55.5840
 0.4090	55.7190
 0.4080	56.0620
 0.4070	56.0000
 0.4060	55.7640
 0.4050	55.3590
 0.4040	55.3830
 0.4030	55.2760
 0.4020	54.8940
 0.4010	54.9100
 0.4000	55.0230
