Name: Mica Dacite Porphyry
Type: Rock
Class: Igneous
Subclass: Intermediate
Particle Size: Solid
Sample No.: Ward27
Owner: JPL
Wavelength Range: All
Origin: Ward's Collection of American Rocks.  Sample locality - Ward, Boulder County, Colorado.
Collection Date: N/A
Description: A gray porphyritic rock with phenocrysts of both glassy andmilky plagioclase, black mica and quartz in a medium gray cryptocrystallinegroundmass.  The biotite shows some alteration to chlorite.Geologic age - Tertiary (Eocene).Collected by:  Ward's Natural Science Original ASTER Spectral Library name was jpl.nicolet.rock.igneous.intermediate.solid.ward27.spectrum.txt
Measurement: Hemispherical reflectance
First Column: X
Second Column: Y
X Units: Wavelength (micrometers)
Y Units:Reflectance (percent)
First X Value: 15.3871
Last X Value:  1.9998
Number of X Values: 2257
Additional Information: none

15.3871	 5.1242
15.3416	 4.7230
15.2964	 4.3379
15.2514	 4.2809
15.2066	 4.3493
15.1622	 4.2168
15.1180	 3.9178
15.0740	 3.7134
15.0303	 3.7818
14.9869	 3.9904
14.9437	 3.9943
14.9008	 3.8163
14.8581	 3.7737
14.8156	 3.6968
14.7734	 3.7301
14.7314	 3.8479
14.6897	 3.9577
14.6482	 4.1144
14.6069	 4.3560
14.5659	 4.4684
14.5251	 4.4032
14.4845	 4.2818
14.4442	 4.4074
14.4041	 4.6669
14.3642	 4.7204
14.3245	 4.3436
14.2850	 4.0719
14.2458	 4.1093
14.2068	 4.1718
14.1679	 4.0800
14.1293	 4.1334
14.0909	 4.3121
14.0528	 4.3719
14.0148	 4.3033
13.9770	 4.2843
13.9394	 4.5190
13.9021	 4.7150
13.8649	 4.8707
13.8279	 4.8655
13.7911	 4.7787
13.7546	 4.8089
13.7182	 4.7675
13.6820	 4.7318
13.6460	 4.8848
13.6101	 5.0349
13.5745	 4.8750
13.5391	 4.7513
13.5038	 5.0819
13.4687	 5.2293
13.4339	 5.2145
13.3991	 5.3428
13.3646	 5.3472
13.3302	 5.3372
13.2961	 5.2475
13.2621	 5.0982
13.2282	 5.1787
13.1946	 5.2785
13.1611	 5.4186
13.1278	 5.4923
13.0946	 5.4035
13.0616	 5.5264
13.0288	 5.5237
12.9962	 5.4695
12.9637	 5.6168
12.9313	 5.9190
12.8992	 6.1613
12.8672	 6.3226
12.8353	 6.3987
12.8036	 6.4130
12.7721	 6.2667
12.7407	 6.0030
12.7095	 5.7577
12.6784	 5.6837
12.6475	 5.7203
12.6167	 5.5640
12.5861	 5.5666
12.5556	 5.7476
12.5253	 5.7915
12.4951	 5.6697
12.4651	 5.4931
12.4352	 5.1992
12.4054	 4.8532
12.3758	 4.6992
12.3463	 4.5952
12.3170	 4.4391
12.2878	 4.3587
12.2588	 4.6044
12.2299	 4.9271
12.2011	 5.0073
12.1725	 5.1389
12.1439	 5.2336
12.1156	 5.2757
12.0873	 5.2209
12.0592	 5.3066
12.0312	 5.5446
12.0034	 5.6166
11.9757	 5.4924
11.9481	 5.6512
11.9206	 5.8564
11.8933	 5.8446
11.8661	 5.8466
11.8390	 6.0167
11.8120	 6.0801
11.7852	 6.0985
11.7584	 6.1812
11.7318	 6.2328
11.7053	 6.3769
11.6790	 6.4582
11.6527	 6.3852
11.6266	 6.3983
11.6006	 6.5616
11.5747	 6.5912
11.5489	 6.6471
11.5233	 6.7463
11.4977	 6.8343
11.4723	 7.0426
11.4469	 7.1158
11.4217	 7.0402
11.3966	 7.1025
11.3716	 7.3058
11.3468	 7.4776
11.3220	 7.4700
11.2973	 7.5615
11.2728	 7.7126
11.2483	 7.6308
11.2240	 7.5383
11.1997	 7.5841
11.1756	 7.7004
11.1515	 7.6845
11.1276	 7.7523
11.1038	 7.8422
11.0801	 7.8129
11.0564	 7.9312
11.0329	 8.1174
11.0095	 8.2578
10.9862	 8.2812
10.9629	 8.4152
10.9398	 8.4453
10.9168	 8.3514
10.8938	 8.4648
10.8710	 8.4693
10.8483	 8.6628
10.8256	 8.7590
10.8031	 8.7953
10.7806	 8.9238
10.7582	 9.0128
10.7360	 9.2732
10.7138	 9.3389
10.6917	 9.2177
10.6697	 9.2853
10.6478	 9.5992
10.6260	 9.7796
10.6042	 9.8077
10.5826	 9.8813
10.5610	 9.9978
10.5396	10.0084
10.5182	10.0959
10.4969	10.2729
10.4757	10.5096
10.4546	10.6160
10.4335	10.7121
10.4126	10.8507
10.3917	10.8669
10.3709	10.8578
10.3502	11.0778
10.3296	11.3659
10.3091	11.5404
10.2886	11.6539
10.2683	11.9670
10.2480	12.2591
10.2277	12.2357
10.2076	12.2783
10.1876	12.4483
10.1676	12.8213
10.1477	13.0863
10.1279	13.1296
10.1081	13.2222
10.0885	13.3180
10.0689	13.4503
10.0494	13.7767
10.0299	14.0841
10.0106	14.1591
 9.9913	14.1462
 9.9720	14.4308
 9.9529	14.5853
 9.9338	14.5764
 9.9148	14.7431
 9.8959	14.8825
 9.8771	15.0431
 9.8583	15.2048
 9.8396	15.1866
 9.8210	15.0955
 9.8024	14.9878
 9.7839	15.0386
 9.7655	15.2378
 9.7471	15.3570
 9.7288	15.4596
 9.7106	15.6436
 9.6925	15.7167
 9.6744	15.8101
 9.6564	15.8700
 9.6384	15.9899
 9.6205	16.0626
 9.6027	16.0321
 9.5850	15.8940
 9.5673	15.7371
 9.5497	15.7595
 9.5321	15.7683
 9.5146	15.5774
 9.4972	15.3342
 9.4798	15.0985
 9.4625	15.1362
 9.4453	15.2968
 9.4281	15.3009
 9.4110	15.3200
 9.3940	15.4662
 9.3770	15.6342
 9.3600	15.9540
 9.3432	16.1025
 9.3264	16.0371
 9.3096	16.0235
 9.2930	16.0788
 9.2763	16.0733
 9.2598	15.8079
 9.2432	15.7182
 9.2268	15.7246
 9.2104	15.7017
 9.1941	15.6508
 9.1778	15.5572
 9.1616	15.6015
 9.1454	15.7779
 9.1293	15.7745
 9.1133	15.5275
 9.0973	15.3873
 9.0814	15.4022
 9.0655	15.4279
 9.0497	15.4244
 9.0339	15.2473
 9.0182	15.2195
 9.0025	15.2636
 8.9870	15.3113
 8.9714	15.2548
 8.9559	15.2247
 8.9405	15.3378
 8.9251	15.3258
 8.9097	15.2023
 8.8945	15.1118
 8.8792	15.2123
 8.8641	15.2791
 8.8489	15.3226
 8.8338	15.3472
 8.8188	15.4306
 8.8039	15.5915
 8.7889	15.7131
 8.7741	15.7892
 8.7592	15.7140
 8.7445	15.7479
 8.7297	15.6559
 8.7151	15.4900
 8.7005	15.3544
 8.6859	15.3295
 8.6714	15.0430
 8.6569	14.5544
 8.6425	14.1907
 8.6281	14.0931
 8.6137	14.4026
 8.5994	14.9805
 8.5852	15.5406
 8.5710	15.8786
 8.5569	16.1193
 8.5428	16.3288
 8.5287	16.3767
 8.5147	16.4309
 8.5008	16.6045
 8.4869	16.6279
 8.4730	16.6849
 8.4592	16.7015
 8.4454	16.6331
 8.4316	16.6200
 8.4180	16.6672
 8.4043	16.4967
 8.3907	16.3762
 8.3772	16.3359
 8.3637	16.3199
 8.3502	16.2179
 8.3368	16.0686
 8.3234	16.1326
 8.3100	16.1201
 8.2967	15.8464
 8.2835	15.5287
 8.2703	15.3519
 8.2571	15.3007
 8.2440	15.1115
 8.2309	14.8326
 8.2179	14.5553
 8.2049	14.3321
 8.1919	14.0082
 8.1790	13.7350
 8.1661	13.2983
 8.1532	12.5731
 8.1404	11.9790
 8.1277	11.5572
 8.1150	11.1284
 8.1023	10.4873
 8.0897	 9.8158
 8.0770	 9.2658
 8.0645	 8.8127
 8.0520	 8.3033
 8.0395	 7.9611
 8.0270	 7.6869
 8.0146	 7.4210
 8.0023	 7.1789
 7.9899	 6.8779
 7.9776	 6.5668
 7.9654	 6.2256
 7.9532	 5.8226
 7.9410	 5.4986
 7.9288	 5.3072
 7.9167	 5.1779
 7.9047	 4.9805
 7.8926	 4.6270
 7.8807	 4.5563
 7.8687	 4.5851
 7.8568	 4.4288
 7.8449	 4.2952
 7.8330	 4.1806
 7.8212	 4.0288
 7.8094	 3.8939
 7.7977	 3.8762
 7.7860	 3.9692
 7.7743	 3.9270
 7.7627	 3.8372
 7.7511	 3.8472
 7.7395	 3.9007
 7.7280	 3.8197
 7.7165	 3.7243
 7.7050	 3.6789
 7.6936	 3.6568
 7.6822	 3.6855
 7.6708	 3.6764
 7.6595	 3.5687
 7.6482	 3.3557
 7.6369	 3.3133
 7.6257	 3.2802
 7.6145	 3.1573
 7.6033	 3.1542
 7.5922	 3.0838
 7.5811	 3.1275
 7.5700	 3.2632
 7.5590	 3.2398
 7.5480	 3.2142
 7.5370	 3.2689
 7.5261	 3.2272
 7.5152	 3.2100
 7.5043	 3.2309
 7.4935	 3.1090
 7.4826	 3.1035
 7.4718	 3.0905
 7.4611	 3.0979
 7.4504	 3.2461
 7.4397	 3.3362
 7.4290	 3.2701
 7.4184	 3.2188
 7.4078	 3.2455
 7.3972	 3.2329
 7.3867	 3.2412
 7.3762	 3.1641
 7.3657	 3.1063
 7.3553	 3.0713
 7.3449	 3.0931
 7.3345	 3.0700
 7.3241	 3.0571
 7.3138	 3.0832
 7.3035	 3.1429
 7.2932	 3.1971
 7.2830	 3.2065
 7.2727	 3.0915
 7.2626	 3.1140
 7.2524	 3.2520
 7.2423	 3.2454
 7.2322	 3.2080
 7.2221	 3.2505
 7.2120	 3.4682
 7.2020	 3.5644
 7.1921	 3.4884
 7.1821	 3.4066
 7.1722	 3.4622
 7.1623	 3.4849
 7.1524	 3.5354
 7.1425	 3.5741
 7.1327	 3.6656
 7.1229	 3.7226
 7.1131	 3.7307
 7.1034	 3.6804
 7.0937	 3.7067
 7.0840	 3.8549
 7.0743	 3.9993
 7.0647	 3.9930
 7.0551	 3.9904
 7.0455	 3.8479
 7.0359	 3.8396
 7.0264	 3.9023
 7.0169	 3.7784
 7.0074	 3.6873
 6.9979	 3.7466
 6.9885	 3.8110
 6.9791	 3.7887
 6.9697	 3.8670
 6.9604	 3.9285
 6.9510	 3.8155
 6.9417	 3.7100
 6.9324	 3.7856
 6.9232	 3.9464
 6.9140	 3.9620
 6.9047	 3.8910
 6.8956	 3.8835
 6.8864	 3.8425
 6.8773	 3.8409
 6.8682	 3.9160
 6.8591	 3.8511
 6.8500	 3.7977
 6.8410	 3.8965
 6.8320	 3.9871
 6.8230	 4.0295
 6.8140	 3.9959
 6.8051	 3.9566
 6.7962	 4.0615
 6.7873	 4.1242
 6.7784	 4.2681
 6.7695	 4.3479
 6.7607	 4.3098
 6.7519	 4.2352
 6.7431	 4.2323
 6.7344	 4.3059
 6.7256	 4.3747
 6.7169	 4.4285
 6.7082	 4.4731
 6.6996	 4.4856
 6.6909	 4.5248
 6.6823	 4.6184
 6.6737	 4.6677
 6.6651	 4.6675
 6.6566	 4.6019
 6.6480	 4.6338
 6.6395	 4.7178
 6.6310	 4.7508
 6.6226	 4.6559
 6.6141	 4.6526
 6.6057	 4.7371
 6.5973	 4.6731
 6.5889	 4.5788
 6.5805	 4.6378
 6.5722	 4.6816
 6.5639	 4.6893
 6.5556	 4.6376
 6.5473	 4.5928
 6.5390	 4.5650
 6.5308	 4.5655
 6.5226	 4.6781
 6.5144	 4.7776
 6.5062	 4.7872
 6.4981	 4.7850
 6.4900	 4.7872
 6.4818	 4.7792
 6.4737	 4.7000
 6.4657	 4.6142
 6.4576	 4.5627
 6.4496	 4.5749
 6.4416	 4.5466
 6.4336	 4.5740
 6.4256	 4.5975
 6.4177	 4.4900
 6.4097	 4.3417
 6.4018	 4.2118
 6.3939	 4.1972
 6.3860	 4.1982
 6.3782	 4.1017
 6.3704	 4.0496
 6.3625	 4.0281
 6.3547	 4.0153
 6.3470	 4.0029
 6.3392	 4.0181
 6.3315	 3.9594
 6.3237	 3.9092
 6.3160	 3.9132
 6.3083	 3.9811
 6.3007	 3.9002
 6.2930	 3.7824
 6.2854	 3.7689
 6.2778	 3.7966
 6.2702	 3.8849
 6.2626	 3.8502
 6.2551	 3.7465
 6.2476	 3.7514
 6.2400	 3.6784
 6.2325	 3.7009
 6.2251	 3.7288
 6.2176	 3.6592
 6.2101	 3.6326
 6.2027	 3.7143
 6.1953	 3.7156
 6.1879	 3.6286
 6.1805	 3.5462
 6.1732	 3.5359
 6.1658	 3.5568
 6.1585	 3.6068
 6.1512	 3.6359
 6.1439	 3.7278
 6.1367	 3.7274
 6.1294	 3.6376
 6.1222	 3.5879
 6.1149	 3.6499
 6.1077	 3.7076
 6.1006	 3.6847
 6.0934	 3.6858
 6.0862	 3.6462
 6.0791	 3.6694
 6.0720	 3.7511
 6.0649	 3.7046
 6.0578	 3.7150
 6.0507	 3.8325
 6.0437	 3.7856
 6.0366	 3.6816
 6.0296	 3.7579
 6.0226	 3.8449
 6.0156	 3.7622
 6.0087	 3.6879
 6.0017	 3.6925
 5.9948	 3.6965
 5.9878	 3.7048
 5.9809	 3.7289
 5.9740	 3.7974
 5.9672	 3.7675
 5.9603	 3.5888
 5.9535	 3.5278
 5.9466	 3.6791
 5.9398	 3.8635
 5.9330	 3.8738
 5.9262	 3.7668
 5.9195	 3.6985
 5.9127	 3.6853
 5.9060	 3.7681
 5.8993	 4.0095
 5.8926	 3.9968
 5.8859	 3.8426
 5.8792	 3.9226
 5.8726	 3.9142
 5.8659	 3.8681
 5.8593	 3.8581
 5.8527	 3.8823
 5.8461	 3.8454
 5.8395	 3.8619
 5.8329	 3.9604
 5.8264	 4.0901
 5.8198	 4.0377
 5.8133	 3.9512
 5.8068	 3.9388
 5.8003	 3.9179
 5.7938	 3.9544
 5.7874	 3.9797
 5.7809	 3.9656
 5.7745	 4.0647
 5.7680	 4.1050
 5.7616	 4.0215
 5.7552	 3.9599
 5.7489	 4.0059
 5.7425	 4.0336
 5.7361	 4.0551
 5.7298	 4.1087
 5.7235	 4.0700
 5.7172	 4.1009
 5.7109	 4.1522
 5.7046	 4.1074
 5.6983	 4.0691
 5.6921	 4.1084
 5.6858	 4.1312
 5.6796	 4.1018
 5.6734	 4.1392
 5.6672	 4.2224
 5.6610	 4.2128
 5.6548	 4.1275
 5.6487	 4.0939
 5.6425	 4.1606
 5.6364	 4.2115
 5.6303	 4.1453
 5.6242	 4.1833
 5.6181	 4.2413
 5.6120	 4.1399
 5.6059	 4.1313
 5.5999	 4.2666
 5.5938	 4.2968
 5.5878	 4.2041
 5.5818	 4.0770
 5.5758	 4.0606
 5.5698	 4.1080
 5.5638	 4.1694
 5.5578	 4.1996
 5.5519	 4.2339
 5.5460	 4.2594
 5.5400	 4.2901
 5.5341	 4.2787
 5.5282	 4.1865
 5.5223	 4.1135
 5.5164	 4.1699
 5.5106	 4.3201
 5.5047	 4.4630
 5.4989	 4.4550
 5.4931	 4.4540
 5.4873	 4.4715
 5.4815	 4.5011
 5.4757	 4.4990
 5.4699	 4.4375
 5.4641	 4.4906
 5.4584	 4.5571
 5.4527	 4.5366
 5.4469	 4.5259
 5.4412	 4.4743
 5.4355	 4.4581
 5.4298	 4.5989
 5.4241	 4.7343
 5.4185	 4.6424
 5.4128	 4.5554
 5.4072	 4.5975
 5.4015	 4.6092
 5.3959	 4.5139
 5.3903	 4.4601
 5.3847	 4.5152
 5.3791	 4.5466
 5.3735	 4.4464
 5.3680	 4.3920
 5.3624	 4.4912
 5.3569	 4.5605
 5.3514	 4.5987
 5.3458	 4.5675
 5.3403	 4.4928
 5.3348	 4.5338
 5.3294	 4.6167
 5.3239	 4.5242
 5.3184	 4.4431
 5.3130	 4.5076
 5.3075	 4.5893
 5.3021	 4.5695
 5.2967	 4.5388
 5.2913	 4.5191
 5.2859	 4.4363
 5.2805	 4.4937
 5.2751	 4.7289
 5.2698	 4.8445
 5.2644	 4.7774
 5.2591	 4.7124
 5.2538	 4.7603
 5.2485	 4.7107
 5.2431	 4.7292
 5.2378	 4.8665
 5.2326	 4.8317
 5.2273	 4.8335
 5.2220	 4.8668
 5.2168	 4.8777
 5.2115	 4.9416
 5.2063	 5.0411
 5.2011	 5.0673
 5.1959	 5.0212
 5.1907	 4.9444
 5.1855	 4.8921
 5.1803	 4.9107
 5.1751	 4.9313
 5.1700	 4.9348
 5.1648	 4.9326
 5.1597	 5.0045
 5.1545	 5.0748
 5.1494	 5.0505
 5.1443	 5.0683
 5.1392	 5.1478
 5.1341	 5.1190
 5.1291	 5.0761
 5.1240	 5.0880
 5.1189	 5.0900
 5.1139	 5.0014
 5.1088	 4.9405
 5.1038	 5.0174
 5.0988	 5.0656
 5.0938	 5.0154
 5.0888	 5.0111
 5.0838	 5.0439
 5.0788	 5.0158
 5.0738	 5.0868
 5.0689	 5.1575
 5.0639	 5.1799
 5.0590	 5.1963
 5.0541	 5.2521
 5.0491	 5.1814
 5.0442	 5.0688
 5.0393	 5.1232
 5.0344	 5.2001
 5.0296	 5.1415
 5.0247	 5.0504
 5.0198	 5.0633
 5.0150	 5.1894
 5.0101	 5.2415
 5.0053	 5.2701
 5.0004	 5.2405
 4.9956	 5.2018
 4.9908	 5.2053
 4.9860	 5.2329
 4.9812	 5.2614
 4.9765	 5.3256
 4.9717	 5.3235
 4.9669	 5.2845
 4.9622	 5.3291
 4.9574	 5.4041
 4.9527	 5.3851
 4.9480	 5.3393
 4.9432	 5.3905
 4.9385	 5.3956
 4.9338	 5.4481
 4.9291	 5.5161
 4.9245	 5.5280
 4.9198	 5.5350
 4.9151	 5.5537
 4.9105	 5.5884
 4.9058	 5.6008
 4.9012	 5.6599
 4.8966	 5.7966
 4.8919	 5.8223
 4.8873	 5.8046
 4.8827	 5.8204
 4.8781	 5.8561
 4.8736	 5.9055
 4.8690	 5.9422
 4.8644	 5.9079
 4.8599	 5.8031
 4.8553	 5.8449
 4.8508	 6.0018
 4.8462	 6.1448
 4.8417	 6.1257
 4.8372	 6.0365
 4.8327	 6.0796
 4.8282	 6.1589
 4.8237	 6.1646
 4.8192	 6.0639
 4.8147	 6.0609
 4.8103	 6.0865
 4.8058	 6.0953
 4.8014	 6.1645
 4.7969	 6.1991
 4.7925	 6.2538
 4.7881	 6.2607
 4.7836	 6.2634
 4.7792	 6.3164
 4.7748	 6.2893
 4.7704	 6.2761
 4.7660	 6.2969
 4.7617	 6.2785
 4.7573	 6.1884
 4.7530	 6.2577
 4.7486	 6.3398
 4.7443	 6.3476
 4.7399	 6.3175
 4.7356	 6.3549
 4.7313	 6.3992
 4.7270	 6.3823
 4.7226	 6.4253
 4.7184	 6.4581
 4.7141	 6.4057
 4.7098	 6.4670
 4.7055	 6.4421
 4.7012	 6.4073
 4.6970	 6.5325
 4.6927	 6.5759
 4.6885	 6.5673
 4.6842	 6.5153
 4.6800	 6.4921
 4.6758	 6.4568
 4.6716	 6.5686
 4.6674	 6.6591
 4.6632	 6.6761
 4.6590	 6.6605
 4.6548	 6.6423
 4.6506	 6.6237
 4.6465	 6.5969
 4.6423	 6.6961
 4.6382	 6.7945
 4.6340	 6.8645
 4.6299	 6.9164
 4.6258	 6.8168
 4.6216	 6.7466
 4.6175	 6.8128
 4.6134	 6.9337
 4.6093	 7.0276
 4.6052	 7.1146
 4.6011	 7.0915
 4.5971	 7.0836
 4.5930	 7.1273
 4.5889	 7.2196
 4.5849	 7.2207
 4.5808	 7.2286
 4.5768	 7.3065
 4.5727	 7.3811
 4.5687	 7.4057
 4.5647	 7.3047
 4.5607	 7.2604
 4.5567	 7.2992
 4.5526	 7.3512
 4.5487	 7.4266
 4.5447	 7.4001
 4.5407	 7.4031
 4.5367	 7.4429
 4.5328	 7.4932
 4.5288	 7.5023
 4.5248	 7.4431
 4.5209	 7.4663
 4.5170	 7.5135
 4.5130	 7.4860
 4.5091	 7.5077
 4.5052	 7.5564
 4.5013	 7.5465
 4.4974	 7.5281
 4.4935	 7.5265
 4.4896	 7.5073
 4.4857	 7.6086
 4.4818	 7.6407
 4.4779	 7.5712
 4.4741	 7.5783
 4.4702	 7.6332
 4.4664	 7.7183
 4.4625	 7.7469
 4.4587	 7.7530
 4.4549	 7.8516
 4.4510	 7.9184
 4.4472	 7.8741
 4.4434	 7.9097
 4.4396	 7.9618
 4.4358	 7.9302
 4.4320	 7.9285
 4.4282	 8.0218
 4.4245	 8.1005
 4.4207	 8.1111
 4.4169	 8.1201
 4.4132	 8.0642
 4.4094	 8.0327
 4.4057	 8.0820
 4.4019	 8.1774
 4.3982	 8.2101
 4.3945	 8.2750
 4.3907	 8.3957
 4.3870	 8.4834
 4.3833	 8.4525
 4.3796	 8.4756
 4.3759	 8.6143
 4.3722	 8.7062
 4.3685	 8.7590
 4.3649	 8.6982
 4.3612	 8.6812
 4.3575	 8.7243
 4.3539	 8.7295
 4.3502	 8.8590
 4.3466	 8.9799
 4.3429	 9.0685
 4.3393	 9.1196
 4.3357	 9.1400
 4.3320	 9.1367
 4.3284	 9.0975
 4.3248	 9.0384
 4.3212	 9.0120
 4.3176	 8.9877
 4.3140	 9.0722
 4.3105	 9.1439
 4.3069	 9.2616
 4.3033	 9.2767
 4.2997	 9.2015
 4.2962	 9.3036
 4.2926	 9.4518
 4.2890	 9.3457
 4.2855	 9.2946
 4.2820	 9.3517
 4.2784	 9.3875
 4.2749	 9.3418
 4.2714	 9.2534
 4.2679	 9.2946
 4.2644	 9.3714
 4.2609	 9.5049
 4.2574	 9.5240
 4.2539	 9.5614
 4.2504	 9.6681
 4.2469	 9.7103
 4.2434	 9.6460
 4.2400	 9.6082
 4.2365	 9.6059
 4.2330	 9.5212
 4.2296	 9.5329
 4.2261	 9.6911
 4.2227	 9.7186
 4.2193	 9.6653
 4.2158	 9.7182
 4.2124	 9.7389
 4.2090	 9.7509
 4.2056	 9.8827
 4.2022	 9.8376
 4.1988	 9.7577
 4.1954	 9.8775
 4.1920	 9.9105
 4.1886	 9.8500
 4.1852	 9.9830
 4.1818	10.0490
 4.1785	10.0159
 4.1751	10.0553
 4.1717	10.1764
 4.1684	10.1865
 4.1650	10.1178
 4.1617	10.2092
 4.1584	10.2552
 4.1550	10.2235
 4.1517	10.1996
 4.1484	10.1802
 4.1451	10.2997
 4.1418	10.3135
 4.1384	10.3190
 4.1351	10.2931
 4.1319	10.2619
 4.1286	10.3676
 4.1253	10.4415
 4.1220	10.4616
 4.1187	10.5336
 4.1155	10.3937
 4.1122	10.2025
 4.1089	10.2479
 4.1057	10.3065
 4.1024	10.4292
 4.0992	10.5487
 4.0959	10.5217
 4.0927	10.5219
 4.0895	10.6453
 4.0863	10.6642
 4.0830	10.5797
 4.0798	10.4814
 4.0766	10.4446
 4.0734	10.4311
 4.0702	10.4264
 4.0670	10.5314
 4.0639	10.6241
 4.0607	10.6024
 4.0575	10.4977
 4.0543	10.4571
 4.0511	10.4658
 4.0480	10.4495
 4.0448	10.3980
 4.0417	10.3825
 4.0385	10.3136
 4.0354	10.2550
 4.0323	10.2425
 4.0291	10.1079
 4.0260	10.0290
 4.0229	 9.9873
 4.0197	 9.9245
 4.0166	 9.8668
 4.0135	 9.8913
 4.0104	 9.9362
 4.0073	 9.7991
 4.0042	 9.6286
 4.0011	 9.5807
 3.9981	 9.4327
 3.9950	 9.3607
 3.9919	 9.3296
 3.9888	 9.2666
 3.9857	 9.2664
 3.9827	 9.2002
 3.9796	 9.2100
 3.9766	 9.2701
 3.9735	 9.2814
 3.9705	 9.2789
 3.9675	 9.3026
 3.9644	 9.4330
 3.9614	 9.4666
 3.9584	 9.2919
 3.9554	 9.3384
 3.9523	 9.6254
 3.9493	 9.7834
 3.9463	 9.8456
 3.9433	10.0144
 3.9403	10.1429
 3.9373	10.1801
 3.9343	10.1693
 3.9314	10.2038
 3.9284	10.2082
 3.9254	10.2676
 3.9224	10.3335
 3.9195	10.3283
 3.9165	10.3423
 3.9136	10.3833
 3.9106	10.4579
 3.9077	10.4826
 3.9047	10.3732
 3.9018	10.3301
 3.8988	10.4002
 3.8959	10.4025
 3.8930	10.3850
 3.8901	10.3478
 3.8872	10.3492
 3.8842	10.4268
 3.8813	10.5193
 3.8784	10.4405
 3.8755	10.4060
 3.8726	10.5529
 3.8697	10.5247
 3.8669	10.4080
 3.8640	10.4210
 3.8611	10.4234
 3.8582	10.3798
 3.8554	10.3558
 3.8525	10.4907
 3.8496	10.6639
 3.8468	10.7414
 3.8439	10.7492
 3.8411	10.5947
 3.8382	10.5577
 3.8354	10.6687
 3.8326	10.6772
 3.8297	10.7461
 3.8269	10.7322
 3.8241	10.7927
 3.8213	10.9200
 3.8185	10.9002
 3.8157	11.0096
 3.8128	10.9510
 3.8100	10.8558
 3.8072	11.0163
 3.8045	11.1474
 3.8017	11.2130
 3.7989	11.2391
 3.7961	11.1896
 3.7933	11.2683
 3.7906	11.2043
 3.7878	11.2421
 3.7850	11.3539
 3.7822	11.3842
 3.7795	11.3785
 3.7767	11.4764
 3.7740	11.4998
 3.7713	11.4655
 3.7685	11.3966
 3.7658	11.3392
 3.7630	11.3183
 3.7603	11.3724
 3.7576	11.4185
 3.7549	11.4168
 3.7521	11.3663
 3.7494	11.4300
 3.7467	11.3722
 3.7440	11.2455
 3.7413	11.3478
 3.7386	11.4800
 3.7359	11.3791
 3.7332	11.2858
 3.7306	11.2317
 3.7279	11.3170
 3.7252	11.5005
 3.7225	11.5245
 3.7199	11.4292
 3.7172	11.3166
 3.7145	11.1911
 3.7119	11.1998
 3.7092	11.3350
 3.7066	11.3727
 3.7039	11.4485
 3.7013	11.4941
 3.6986	11.4461
 3.6960	11.4359
 3.6934	11.4138
 3.6907	11.4462
 3.6881	11.3555
 3.6855	11.2151
 3.6829	11.1917
 3.6803	11.3202
 3.6776	11.3914
 3.6750	11.4715
 3.6724	11.4947
 3.6698	11.3920
 3.6672	11.3551
 3.6646	11.4170
 3.6620	11.3767
 3.6595	11.2654
 3.6569	11.2553
 3.6543	11.3944
 3.6517	11.4180
 3.6492	11.3795
 3.6466	11.3494
 3.6440	11.4981
 3.6415	11.6621
 3.6389	11.6109
 3.6364	11.4680
 3.6338	11.3192
 3.6313	11.1848
 3.6287	11.3019
 3.6262	11.4831
 3.6237	11.4082
 3.6211	11.2373
 3.6186	11.2579
 3.6161	11.3115
 3.6136	11.3302
 3.6111	11.3097
 3.6085	11.2855
 3.6060	11.1916
 3.6035	11.2613
 3.6010	11.2578
 3.5985	11.3372
 3.5960	11.3960
 3.5935	11.2608
 3.5910	11.2496
 3.5886	11.3336
 3.5861	11.3508
 3.5836	11.2352
 3.5811	11.1177
 3.5787	11.0666
 3.5762	11.0526
 3.5737	11.0725
 3.5713	10.9622
 3.5688	10.9305
 3.5663	11.0519
 3.5639	11.0906
 3.5614	11.1263
 3.5590	11.1198
 3.5566	10.9413
 3.5541	10.8479
 3.5517	10.8804
 3.5493	10.8771
 3.5468	10.8319
 3.5444	10.8835
 3.5420	10.7346
 3.5396	10.4867
 3.5372	10.4809
 3.5347	10.5552
 3.5323	10.6218
 3.5299	10.6680
 3.5275	10.6560
 3.5251	10.6360
 3.5227	10.5344
 3.5203	10.3728
 3.5180	10.2536
 3.5156	10.1855
 3.5132	10.1124
 3.5108	 9.9631
 3.5084	 9.8764
 3.5061	 9.8401
 3.5037	 9.8262
 3.5013	 9.8110
 3.4990	 9.7574
 3.4966	 9.7885
 3.4943	 9.7011
 3.4919	 9.5973
 3.4895	 9.6681
 3.4872	 9.8142
 3.4849	 9.6628
 3.4825	 9.5767
 3.4802	 9.6139
 3.4778	 9.5302
 3.4755	 9.4612
 3.4732	 9.6298
 3.4709	 9.7116
 3.4685	 9.6872
 3.4662	 9.6032
 3.4639	 9.4163
 3.4616	 9.4816
 3.4593	 9.5854
 3.4570	 9.5262
 3.4547	 9.5257
 3.4524	 9.5721
 3.4501	 9.7231
 3.4478	 9.7089
 3.4455	 9.6886
 3.4432	 9.6092
 3.4409	 9.6057
 3.4386	 9.7092
 3.4364	 9.8149
 3.4341	 9.5404
 3.4318	 9.2626
 3.4295	 9.2429
 3.4273	 9.4255
 3.4250	 9.6850
 3.4228	 9.5323
 3.4205	 9.3733
 3.4182	 9.3790
 3.4160	 9.3113
 3.4137	 9.3672
 3.4115	 9.4965
 3.4093	 9.5169
 3.4070	 9.2915
 3.4048	 9.3995
 3.4025	 9.4810
 3.4003	 9.4918
 3.3981	 9.4101
 3.3958	 9.3780
 3.3936	 9.3128
 3.3914	 9.1942
 3.3892	 9.1436
 3.3870	 9.0944
 3.3848	 9.0462
 3.3826	 9.1313
 3.3804	 9.3583
 3.3782	 9.3395
 3.3760	 9.4246
 3.3738	 9.5948
 3.3716	 9.5233
 3.3694	 9.1227
 3.3672	 9.1195
 3.3650	 9.1893
 3.3628	 9.3232
 3.3606	 9.4181
 3.3585	 9.4311
 3.3563	 9.4065
 3.3541	 9.2496
 3.3520	 9.1902
 3.3498	 9.2073
 3.3476	 9.1544
 3.3455	 9.2477
 3.3433	 9.3296
 3.3411	 9.2782
 3.3390	 9.3732
 3.3369	 9.5084
 3.3347	 9.5290
 3.3326	 9.3522
 3.3304	 9.3203
 3.3283	 9.3667
 3.3262	 9.3375
 3.3240	 9.4026
 3.3219	 9.4635
 3.3198	 9.4039
 3.3176	 9.3345
 3.3155	 9.4148
 3.3134	 9.3145
 3.3113	 9.4249
 3.3092	 9.4644
 3.3071	 9.3626
 3.3049	 9.2971
 3.3028	 9.1378
 3.3007	 8.9692
 3.2986	 9.0794
 3.2965	 9.3342
 3.2944	 9.3087
 3.2924	 9.1795
 3.2903	 8.9909
 3.2882	 8.9594
 3.2861	 9.0571
 3.2840	 9.1815
 3.2819	 9.1390
 3.2799	 8.9260
 3.2778	 8.8799
 3.2757	 8.9621
 3.2736	 9.0313
 3.2716	 9.0915
 3.2695	 9.0268
 3.2675	 9.0964
 3.2654	 9.0721
 3.2634	 8.7720
 3.2613	 8.6818
 3.2593	 8.7515
 3.2572	 8.9101
 3.2552	 8.9734
 3.2531	 8.9188
 3.2511	 8.9171
 3.2490	 8.7829
 3.2470	 8.5789
 3.2450	 8.5808
 3.2429	 8.8005
 3.2409	 8.9291
 3.2389	 8.8141
 3.2369	 8.3537
 3.2348	 8.2524
 3.2328	 8.4571
 3.2308	 8.6629
 3.2288	 8.6225
 3.2268	 8.5088
 3.2248	 8.5509
 3.2228	 8.2974
 3.2208	 8.1525
 3.2188	 8.3280
 3.2168	 8.3228
 3.2148	 8.2926
 3.2128	 8.4156
 3.2108	 8.5177
 3.2088	 8.4156
 3.2068	 8.3799
 3.2049	 8.3350
 3.2029	 8.2395
 3.2009	 8.3207
 3.1989	 8.2074
 3.1970	 8.1507
 3.1950	 8.1100
 3.1930	 8.0156
 3.1911	 7.9112
 3.1891	 7.9039
 3.1871	 7.8941
 3.1852	 7.9328
 3.1832	 8.0230
 3.1813	 7.9928
 3.1793	 7.8629
 3.1774	 7.6599
 3.1754	 7.7437
 3.1735	 8.0471
 3.1715	 7.9917
 3.1696	 7.7770
 3.1677	 7.6121
 3.1657	 7.6406
 3.1638	 7.7809
 3.1619	 7.6255
 3.1599	 7.4133
 3.1580	 7.4202
 3.1561	 7.4478
 3.1542	 7.6552
 3.1523	 7.8072
 3.1503	 7.7278
 3.1484	 7.5966
 3.1465	 7.5483
 3.1446	 7.6013
 3.1427	 7.5562
 3.1408	 7.6108
 3.1389	 7.5370
 3.1370	 7.4391
 3.1351	 7.5026
 3.1332	 7.6018
 3.1313	 7.4409
 3.1294	 7.1898
 3.1275	 7.2868
 3.1257	 7.1902
 3.1238	 6.9357
 3.1219	 7.0449
 3.1200	 6.9724
 3.1181	 7.0583
 3.1163	 7.3277
 3.1144	 7.6042
 3.1125	 7.3637
 3.1107	 6.9447
 3.1088	 6.9134
 3.1069	 7.0897
 3.1051	 6.9617
 3.1032	 6.8162
 3.1014	 6.8399
 3.0995	 7.0663
 3.0976	 7.0931
 3.0958	 7.1120
 3.0940	 6.8430
 3.0921	 6.4435
 3.0903	 6.6845
 3.0884	 7.0429
 3.0866	 7.2474
 3.0848	 7.1438
 3.0829	 6.8978
 3.0811	 6.3931
 3.0793	 6.2506
 3.0774	 6.7406
 3.0756	 6.6538
 3.0738	 6.6144
 3.0720	 6.9494
 3.0701	 7.0019
 3.0683	 6.8967
 3.0665	 6.9919
 3.0647	 7.1331
 3.0629	 6.8361
 3.0611	 6.5599
 3.0593	 6.3546
 3.0575	 6.5639
 3.0557	 6.7371
 3.0539	 6.6220
 3.0521	 6.6741
 3.0503	 6.6090
 3.0485	 6.3236
 3.0467	 6.2706
 3.0449	 6.4949
 3.0431	 6.7814
 3.0413	 6.8663
 3.0396	 6.4205
 3.0378	 6.2708
 3.0360	 6.3032
 3.0342	 6.2887
 3.0324	 6.3244
 3.0307	 6.5189
 3.0289	 6.4061
 3.0271	 6.4080
 3.0254	 6.5091
 3.0236	 6.4972
 3.0218	 6.6160
 3.0201	 6.8137
 3.0183	 6.8104
 3.0166	 6.5055
 3.0148	 6.4260
 3.0130	 6.5405
 3.0113	 6.7704
 3.0096	 6.7423
 3.0078	 6.6060
 3.0061	 6.4685
 3.0043	 6.2923
 3.0026	 6.2424
 3.0008	 6.2486
 2.9991	 6.0741
 2.9974	 6.3099
 2.9956	 6.6528
 2.9939	 6.6413
 2.9922	 6.5064
 2.9905	 6.3216
 2.9887	 6.3997
 2.9870	 6.5085
 2.9853	 6.2572
 2.9836	 6.0237
 2.9819	 6.3005
 2.9802	 6.3216
 2.9784	 6.2292
 2.9767	 6.4048
 2.9750	 6.7065
 2.9733	 6.4086
 2.9716	 5.8828
 2.9699	 6.2690
 2.9682	 6.7334
 2.9665	 6.2918
 2.9648	 5.9737
 2.9631	 5.7018
 2.9614	 5.7321
 2.9597	 6.2782
 2.9581	 6.7806
 2.9564	 6.8538
 2.9547	 6.3340
 2.9530	 5.9728
 2.9513	 6.1971
 2.9496	 6.2213
 2.9480	 5.7945
 2.9463	 5.5722
 2.9446	 5.4045
 2.9429	 5.7720
 2.9413	 6.1129
 2.9396	 6.4037
 2.9379	 6.4961
 2.9363	 6.3166
 2.9346	 6.5505
 2.9330	 6.5385
 2.9313	 6.1780
 2.9296	 6.1188
 2.9280	 6.1869
 2.9263	 6.0410
 2.9247	 6.1867
 2.9230	 6.2312
 2.9214	 5.8269
 2.9197	 5.9255
 2.9181	 6.5445
 2.9165	 6.3801
 2.9148	 5.4306
 2.9132	 5.5294
 2.9116	 6.4839
 2.9099	 6.8587
 2.9083	 6.5312
 2.9067	 6.4519
 2.9050	 6.1775
 2.9034	 6.0831
 2.9018	 6.1571
 2.9002	 6.3371
 2.8985	 6.6622
 2.8969	 6.7444
 2.8953	 7.0712
 2.8937	 6.5259
 2.8921	 6.4045
 2.8905	 6.1008
 2.8888	 5.6750
 2.8872	 5.8403
 2.8856	 6.5345
 2.8840	 6.8391
 2.8824	 6.7816
 2.8808	 6.7560
 2.8792	 6.5717
 2.8776	 6.6604
 2.8760	 6.8463
 2.8744	 6.6919
 2.8728	 6.4810
 2.8712	 6.2868
 2.8697	 6.2499
 2.8681	 6.5492
 2.8665	 7.1438
 2.8649	 7.3949
 2.8633	 7.1940
 2.8617	 6.5348
 2.8602	 6.4221
 2.8586	 6.6052
 2.8570	 6.5887
 2.8554	 6.7929
 2.8539	 7.0840
 2.8523	 6.9752
 2.8507	 6.9732
 2.8492	 6.9634
 2.8476	 6.8530
 2.8460	 6.8023
 2.8445	 6.6814
 2.8429	 6.6447
 2.8413	 6.7393
 2.8398	 6.7081
 2.8382	 6.6183
 2.8367	 6.7346
 2.8351	 7.0663
 2.8336	 7.0743
 2.8320	 6.8839
 2.8305	 6.6590
 2.8289	 6.9454
 2.8274	 7.1523
 2.8259	 6.6833
 2.8243	 6.4417
 2.8228	 6.7187
 2.8213	 6.6218
 2.8197	 6.5908
 2.8182	 6.3978
 2.8167	 6.2651
 2.8151	 6.9200
 2.8136	 7.2656
 2.8121	 7.1295
 2.8106	 7.0450
 2.8090	 7.3279
 2.8075	 6.8423
 2.8060	 6.5911
 2.8045	 6.7603
 2.8030	 7.3403
 2.8014	 7.3546
 2.7999	 7.0853
 2.7984	 7.2304
 2.7969	 6.5928
 2.7954	 5.9378
 2.7939	 5.8625
 2.7924	 6.1964
 2.7909	 6.5970
 2.7894	 6.6953
 2.7879	 7.1838
 2.7864	 7.1188
 2.7849	 6.3511
 2.7834	 6.4715
 2.7819	 7.3728
 2.7804	 7.9744
 2.7789	 7.4710
 2.7774	 6.6114
 2.7759	 6.4145
 2.7745	 6.5010
 2.7730	 6.5456
 2.7715	 6.8397
 2.7700	 6.7487
 2.7685	 6.7022
 2.7671	 6.7254
 2.7656	 6.4400
 2.7641	 6.5110
 2.7626	 6.5341
 2.7612	 6.2877
 2.7597	 6.3675
 2.7582	 6.4931
 2.7568	 6.6990
 2.7553	 6.7798
 2.7538	 6.6509
 2.7524	 6.1982
 2.7509	 6.1579
 2.7494	 6.5947
 2.7480	 6.9333
 2.7465	 7.0409
 2.7451	 7.2702
 2.7436	 7.3623
 2.7422	 7.2142
 2.7407	 7.1595
 2.7393	 7.4213
 2.7378	 7.5239
 2.7364	 7.7129
 2.7350	 7.8234
 2.7335	 7.3884
 2.7321	 7.5817
 2.7306	 7.8561
 2.7292	 7.6151
 2.7278	 8.0856
 2.7263	 8.5354
 2.7249	 8.0287
 2.7235	 7.8459
 2.7220	 8.1947
 2.7206	 8.2707
 2.7192	 8.4646
 2.7178	 8.8251
 2.7163	 9.4571
 2.7149	 9.6787
 2.7135	 9.8142
 2.7121	10.0445
 2.7106	 9.7430
 2.7092	 9.4888
 2.7078	 9.7247
 2.7064	 9.9888
 2.7050	10.0620
 2.7036	 9.9837
 2.7022	10.0955
 2.7008	10.4104
 2.6994	10.5949
 2.6980	10.8549
 2.6965	11.2614
 2.6951	11.6516
 2.6938	11.9318
 2.6923	12.1478
 2.6910	12.2779
 2.6896	12.4073
 2.6882	12.4792
 2.6868	12.8226
 2.6854	13.3810
 2.6840	13.3126
 2.6826	13.1487
 2.6812	13.2042
 2.6798	13.3029
 2.6784	13.6482
 2.6771	13.7427
 2.6757	13.8264
 2.6743	13.8307
 2.6729	13.8942
 2.6715	14.2843
 2.6702	14.4052
 2.6688	14.1544
 2.6674	13.9518
 2.6660	14.1726
 2.6647	14.6014
 2.6633	14.5234
 2.6619	14.3799
 2.6606	14.3741
 2.6592	14.4477
 2.6578	14.3445
 2.6565	14.5099
 2.6551	14.5453
 2.6538	14.4607
 2.6524	14.5339
 2.6511	14.3575
 2.6497	14.1861
 2.6484	14.2035
 2.6470	14.2867
 2.6456	14.2951
 2.6443	14.2258
 2.6429	14.3374
 2.6416	14.6208
 2.6403	14.9588
 2.6389	14.9180
 2.6376	14.9455
 2.6362	15.0339
 2.6349	14.7390
 2.6336	14.6610
 2.6322	14.6889
 2.6309	14.8808
 2.6296	14.8897
 2.6282	14.8186
 2.6269	14.4900
 2.6256	14.4649
 2.6242	14.5181
 2.6229	14.5521
 2.6216	15.2793
 2.6203	15.5434
 2.6189	15.4246
 2.6176	14.9689
 2.6163	14.4845
 2.6150	14.5392
 2.6136	14.7340
 2.6123	14.8123
 2.6110	15.0212
 2.6097	15.3572
 2.6084	15.1938
 2.6071	15.0714
 2.6058	15.0941
 2.6044	14.8788
 2.6031	14.7690
 2.6018	15.1374
 2.6005	15.1988
 2.5992	14.7758
 2.5979	14.6952
 2.5966	15.1715
 2.5953	15.6524
 2.5940	15.3395
 2.5927	15.0945
 2.5914	15.3636
 2.5901	15.4583
 2.5888	15.3287
 2.5876	15.3794
 2.5863	15.5371
 2.5850	15.6754
 2.5837	15.4134
 2.5824	15.2696
 2.5811	15.2103
 2.5798	15.2120
 2.5785	15.2341
 2.5773	15.3480
 2.5760	15.4212
 2.5747	15.4663
 2.5734	15.5829
 2.5722	15.4734
 2.5709	15.3393
 2.5696	15.2172
 2.5683	15.2223
 2.5671	15.3577
 2.5658	15.3988
 2.5645	15.4169
 2.5633	15.3864
 2.5620	15.4898
 2.5607	15.4604
 2.5595	15.2794
 2.5582	15.2085
 2.5569	15.2680
 2.5557	15.3340
 2.5544	15.2160
 2.5532	15.2672
 2.5519	15.2688
 2.5507	15.4717
 2.5494	15.4780
 2.5481	15.4658
 2.5469	15.1437
 2.5456	15.1458
 2.5444	15.3637
 2.5431	15.3695
 2.5419	15.4873
 2.5406	15.3482
 2.5394	15.2209
 2.5382	15.3371
 2.5369	15.6370
 2.5357	15.5108
 2.5344	15.1349
 2.5332	15.3083
 2.5320	15.4972
 2.5307	15.3978
 2.5295	15.5616
 2.5283	15.4775
 2.5270	15.4673
 2.5258	15.5491
 2.5246	15.2372
 2.5233	15.0689
 2.5221	15.1343
 2.5209	15.6029
 2.5197	15.7785
 2.5184	15.4774
 2.5172	15.4303
 2.5160	15.4536
 2.5148	15.3647
 2.5136	15.3176
 2.5123	15.2418
 2.5111	15.0807
 2.5099	15.2535
 2.5087	15.2705
 2.5075	15.3492
 2.5063	15.4473
 2.5051	15.4266
 2.5038	15.4223
 2.5026	15.2359
 2.5014	14.9173
 2.5002	14.8492
 2.4990	15.1129
 2.4978	15.4128
 2.4966	15.8641
 2.4954	16.1404
 2.4942	15.7103
 2.4930	15.3472
 2.4918	15.1996
 2.4906	15.2269
 2.4894	15.6114
 2.4882	15.7666
 2.4870	15.5101
 2.4858	15.7364
 2.4846	15.5074
 2.4835	15.2902
 2.4823	15.1362
 2.4811	15.2334
 2.4799	15.6735
 2.4787	15.6190
 2.4775	15.5862
 2.4764	15.6030
 2.4752	15.3595
 2.4740	15.4289
 2.4728	16.0696
 2.4716	16.0290
 2.4705	15.5201
 2.4693	15.0883
 2.4681	15.0529
 2.4669	15.5785
 2.4657	15.7681
 2.4646	15.4907
 2.4634	15.6324
 2.4622	15.9369
 2.4611	15.5717
 2.4599	15.4650
 2.4587	15.6504
 2.4576	15.5607
 2.4564	15.1372
 2.4552	15.3107
 2.4541	15.7562
 2.4529	15.7439
 2.4518	15.7367
 2.4506	15.8734
 2.4494	16.0128
 2.4483	15.9801
 2.4471	15.8146
 2.4460	15.4846
 2.4448	15.3998
 2.4437	15.4101
 2.4425	15.1223
 2.4414	15.0563
 2.4402	15.3540
 2.4391	15.8401
 2.4379	15.5039
 2.4368	15.3913
 2.4356	15.8757
 2.4345	15.7840
 2.4333	15.4337
 2.4322	15.6743
 2.4311	16.1166
 2.4299	16.0908
 2.4288	15.7291
 2.4276	15.6752
 2.4265	16.1952
 2.4254	16.3476
 2.4242	16.0833
 2.4231	16.2450
 2.4220	16.4244
 2.4209	16.2398
 2.4197	15.9471
 2.4186	15.7593
 2.4175	15.6077
 2.4163	15.5124
 2.4152	15.8855
 2.4141	16.1722
 2.4130	16.1066
 2.4118	15.9497
 2.4107	16.3073
 2.4096	16.2137
 2.4085	15.5440
 2.4074	15.4572
 2.4063	15.4239
 2.4051	15.8616
 2.4040	16.4938
 2.4029	16.5285
 2.4018	16.4239
 2.4007	16.1724
 2.3996	16.0306
 2.3985	16.0689
 2.3973	15.9146
 2.3962	15.7418
 2.3951	15.8949
 2.3940	16.0317
 2.3929	16.1215
 2.3918	16.2385
 2.3907	15.8701
 2.3896	15.8140
 2.3885	15.7956
 2.3874	15.9386
 2.3863	15.6073
 2.3852	15.5889
 2.3841	15.7380
 2.3830	15.7794
 2.3819	16.1574
 2.3808	16.0679
 2.3798	15.7016
 2.3786	15.8971
 2.3776	15.9078
 2.3765	15.9846
 2.3754	16.0811
 2.3743	15.8584
 2.3732	15.8333
 2.3721	15.7145
 2.3710	15.6517
 2.3700	15.9331
 2.3689	15.8707
 2.3678	15.4544
 2.3667	15.5150
 2.3656	15.8324
 2.3645	15.8874
 2.3635	16.1358
 2.3624	16.0778
 2.3613	15.3962
 2.3603	15.5366
 2.3592	15.9247
 2.3581	15.8429
 2.3570	15.6541
 2.3560	15.7023
 2.3549	15.3877
 2.3538	15.4987
 2.3527	15.3351
 2.3517	15.1305
 2.3506	15.3128
 2.3495	15.6619
 2.3485	16.1397
 2.3474	16.0920
 2.3464	15.6796
 2.3453	16.0628
 2.3442	15.9776
 2.3432	15.5392
 2.3421	15.0811
 2.3411	15.0672
 2.3400	15.6426
 2.3390	15.8406
 2.3379	15.9738
 2.3369	15.7574
 2.3358	15.5115
 2.3347	15.6677
 2.3337	15.7518
 2.3326	15.9168
 2.3316	16.0213
 2.3306	16.1678
 2.3295	16.3796
 2.3285	16.4687
 2.3274	16.4454
 2.3264	15.8150
 2.3253	15.7457
 2.3243	15.9739
 2.3232	16.0959
 2.3222	16.3524
 2.3212	16.3462
 2.3201	16.2424
 2.3191	16.6531
 2.3180	17.0460
 2.3170	16.4625
 2.3160	16.5092
 2.3149	16.2136
 2.3139	15.9375
 2.3129	16.4686
 2.3118	16.6156
 2.3108	16.4701
 2.3098	16.4369
 2.3088	16.6857
 2.3077	16.5204
 2.3067	16.5471
 2.3057	16.8572
 2.3047	17.0326
 2.3036	16.6341
 2.3026	16.4293
 2.3016	16.7651
 2.3006	16.9650
 2.2995	16.9408
 2.2985	17.2540
 2.2975	17.6244
 2.2965	17.4465
 2.2955	17.3624
 2.2944	17.4637
 2.2934	17.1542
 2.2924	16.9188
 2.2914	17.0049
 2.2904	17.4668
 2.2894	17.4772
 2.2884	17.2566
 2.2874	16.9192
 2.2864	16.7561
 2.2854	16.8883
 2.2843	16.7822
 2.2833	16.8688
 2.2823	17.3014
 2.2813	17.2266
 2.2803	16.9175
 2.2793	17.2857
 2.2783	17.5943
 2.2773	17.3178
 2.2763	16.6483
 2.2753	16.7758
 2.2743	17.4412
 2.2733	17.2109
 2.2723	16.5850
 2.2713	16.6837
 2.2703	17.2663
 2.2694	17.3604
 2.2684	17.1316
 2.2674	16.8555
 2.2664	16.8681
 2.2654	17.1645
 2.2644	17.0684
 2.2634	16.3635
 2.2624	16.6346
 2.2614	16.9872
 2.2605	16.8743
 2.2595	16.9721
 2.2585	17.1835
 2.2575	16.9768
 2.2565	16.8538
 2.2555	16.9842
 2.2546	17.1156
 2.2536	17.1386
 2.2526	16.9982
 2.2516	16.6812
 2.2506	16.1989
 2.2497	16.3009
 2.2487	16.7170
 2.2477	16.8823
 2.2467	16.9065
 2.2458	17.0548
 2.2448	17.4380
 2.2438	17.0757
 2.2428	16.6168
 2.2419	16.7694
 2.2409	17.0627
 2.2399	17.1884
 2.2390	17.5004
 2.2380	17.5409
 2.2370	17.1597
 2.2361	16.7420
 2.2351	17.1297
 2.2342	17.1659
 2.2332	16.9267
 2.2322	16.8062
 2.2313	16.8646
 2.2303	16.5428
 2.2294	16.5955
 2.2284	17.0161
 2.2274	16.7498
 2.2265	16.4340
 2.2255	16.6187
 2.2246	16.9764
 2.2236	17.0814
 2.2227	16.9477
 2.2217	16.7874
 2.2208	16.8381
 2.2198	16.5712
 2.2189	16.6139
 2.2179	16.8728
 2.2170	16.8205
 2.2160	16.3029
 2.2151	16.1364
 2.2141	16.4420
 2.2132	16.5623
 2.2122	16.5534
 2.2113	16.6433
 2.2103	16.5642
 2.2094	16.3757
 2.2085	16.4480
 2.2075	16.5543
 2.2066	16.5547
 2.2056	16.5889
 2.2047	17.1628
 2.2038	17.8695
 2.2028	17.4042
 2.2019	16.6860
 2.2010	16.6972
 2.2000	16.5774
 2.1991	16.1512
 2.1982	16.6079
 2.1972	17.0689
 2.1963	17.2720
 2.1954	17.6523
 2.1944	17.8036
 2.1935	17.3539
 2.1926	17.0152
 2.1917	16.7178
 2.1907	16.7785
 2.1898	17.3691
 2.1889	17.2617
 2.1880	17.2802
 2.1870	17.2147
 2.1861	17.0586
 2.1852	17.4557
 2.1843	18.0810
 2.1833	18.5883
 2.1824	18.4214
 2.1815	17.8262
 2.1806	17.2676
 2.1797	17.0126
 2.1788	17.3205
 2.1778	17.8559
 2.1769	18.1709
 2.1760	18.0742
 2.1751	17.8473
 2.1742	17.7620
 2.1733	17.9566
 2.1724	18.1810
 2.1715	18.1052
 2.1706	17.7111
 2.1696	17.8206
 2.1687	18.1978
 2.1678	18.2340
 2.1669	17.9324
 2.1660	17.6749
 2.1651	17.3208
 2.1642	17.4202
 2.1633	17.9649
 2.1624	17.8571
 2.1615	17.9813
 2.1606	18.3672
 2.1597	18.3678
 2.1588	18.4443
 2.1579	18.4286
 2.1570	18.1770
 2.1561	18.0180
 2.1552	18.5266
 2.1543	18.6423
 2.1534	18.4005
 2.1525	18.2487
 2.1517	18.4452
 2.1507	18.4671
 2.1499	18.3353
 2.1490	18.0711
 2.1481	18.0150
 2.1472	18.1372
 2.1463	18.0103
 2.1454	17.9274
 2.1445	18.1718
 2.1436	18.4536
 2.1428	18.1318
 2.1419	17.9997
 2.1410	18.5447
 2.1401	18.3538
 2.1392	18.2871
 2.1383	18.8782
 2.1375	19.0058
 2.1366	18.4520
 2.1357	18.3193
 2.1348	18.9454
 2.1339	18.5690
 2.1331	17.8376
 2.1322	17.6399
 2.1313	17.9487
 2.1304	17.8264
 2.1296	18.0487
 2.1287	18.2424
 2.1278	17.7235
 2.1269	17.2392
 2.1261	18.0090
 2.1252	18.5698
 2.1243	18.0717
 2.1235	17.6205
 2.1226	18.3546
 2.1217	18.4919
 2.1208	18.1998
 2.1200	17.7187
 2.1191	17.9696
 2.1183	18.6705
 2.1174	18.1705
 2.1165	18.0717
 2.1157	18.1125
 2.1148	18.1531
 2.1139	18.9166
 2.1131	18.9494
 2.1122	18.6967
 2.1113	18.7638
 2.1105	18.6461
 2.1096	18.5048
 2.1088	18.2571
 2.1079	18.0373
 2.1071	18.0533
 2.1062	18.3375
 2.1054	18.4178
 2.1045	18.4993
 2.1036	18.4080
 2.1028	18.1454
 2.1019	18.6749
 2.1011	18.8636
 2.1002	17.6868
 2.0994	17.7488
 2.0985	18.5291
 2.0977	18.4168
 2.0968	18.4445
 2.0960	19.1147
 2.0951	18.9802
 2.0943	17.9635
 2.0934	17.7020
 2.0926	18.7780
 2.0918	18.7181
 2.0909	18.4427
 2.0901	18.5447
 2.0892	17.4860
 2.0884	17.2550
 2.0875	17.8908
 2.0867	18.6472
 2.0859	18.2020
 2.0850	17.6354
 2.0842	18.3745
 2.0833	18.9359
 2.0825	18.6945
 2.0817	18.7137
 2.0808	18.3900
 2.0800	18.2414
 2.0792	18.2463
 2.0783	18.2291
 2.0775	18.2079
 2.0767	17.8011
 2.0759	18.0132
 2.0750	18.0322
 2.0742	18.0112
 2.0734	18.4917
 2.0725	18.7142
 2.0717	18.6630
 2.0709	19.7521
 2.0701	20.0663
 2.0692	19.0948
 2.0684	18.4608
 2.0676	18.1425
 2.0667	18.5577
 2.0659	18.5755
 2.0651	18.4536
 2.0643	18.3373
 2.0635	18.4365
 2.0626	18.9313
 2.0618	18.2788
 2.0610	18.6686
 2.0602	19.6510
 2.0594	18.9612
 2.0585	18.0160
 2.0577	17.8850
 2.0569	18.1464
 2.0561	18.0781
 2.0553	16.9522
 2.0545	17.2786
 2.0537	18.6009
 2.0528	19.2185
 2.0520	18.9623
 2.0512	18.2537
 2.0504	17.3263
 2.0496	17.3570
 2.0488	17.4519
 2.0480	18.0195
 2.0472	18.5964
 2.0464	18.8507
 2.0456	19.1589
 2.0447	18.1603
 2.0439	18.3054
 2.0431	18.7068
 2.0423	18.3040
 2.0415	18.0677
 2.0407	18.4695
 2.0399	18.2957
 2.0391	18.4148
 2.0383	18.3951
 2.0375	18.4684
 2.0367	18.7511
 2.0359	18.7104
 2.0351	18.3296
 2.0343	18.1393
 2.0335	17.7182
 2.0327	17.5625
 2.0319	18.2324
 2.0311	18.8298
 2.0303	19.2969
 2.0295	19.5088
 2.0287	18.9964
 2.0280	18.6627
 2.0272	18.1458
 2.0264	17.8304
 2.0256	18.3320
 2.0248	18.0454
 2.0240	17.7100
 2.0232	17.7211
 2.0224	17.5452
 2.0216	18.0943
 2.0208	18.1785
 2.0200	18.4453
 2.0193	17.9577
 2.0185	17.6659
 2.0177	17.6832
 2.0169	18.7829
 2.0161	19.0838
 2.0153	18.3761
 2.0146	18.3196
 2.0138	18.4974
 2.0130	17.9190
 2.0122	17.8863
 2.0114	18.1850
 2.0107	17.9938
 2.0099	18.4625
 2.0091	18.5483
 2.0083	18.5444
 2.0075	18.6626
 2.0068	18.5820
 2.0060	18.7496
 2.0052	19.6642
 2.0044	18.9354
 2.0037	17.9831
 2.0029	18.0738
 2.0021	18.2155
 2.0013	18.0904
 2.0006	17.3069
 1.9998	17.3718
