Name: Phosphorite
Type: Rock
Class: Sedimentary
Subclass: Shale
Particle Size: Solid
Sample No.: Phop02a
Owner: USGS
Wavelength Range: All
Origin: Southeastern Idaho
Collection Date: N/A
Description: Phosphate ore from lower part of Meade PeakMember, Phosphoria Formation, unaltered (no chemicalweathering). Sample was Whole rock chips. Original ASTER Spectral Library name was usgs.perknic.rock.sedimentary.shale.solid.phop02a.spectrum.txt
Measurement: Directional Hemispherical Reflectance
First Column: X
Second Column: Y
X Units: Wavelength (micrometers)
Y Units:Reflectance (percent)
First X Value: 14.0510
Last X Value:  0.4000
Number of X Values: 2231
Additional Information: none

14.0510	 1.3081
14.0130	 1.3081
13.9750	 1.5862
13.9380	 1.5038
13.9000	 1.4214
13.8630	 1.3493
13.8260	 1.5759
13.7900	 1.6274
13.7530	 1.7304
13.7170	 1.6686
13.6800	 1.6892
13.6440	 1.5450
13.6090	 1.5759
13.5730	 1.5759
13.5380	 1.6274
13.5020	 1.6377
13.4670	 1.7613
13.4320	 1.8128
13.3980	 1.8540
13.3630	 1.7098
13.3290	 1.7201
13.2950	 1.7819
13.2610	 1.8128
13.2270	 1.7098
13.1930	 1.9467
13.1600	 2.0188
13.1260	 1.9982
13.0930	 1.8746
13.0600	 1.8952
13.0270	 1.9467
12.9950	 1.9776
12.9620	 1.8437
12.9300	 1.9776
12.8980	 1.9673
12.8660	 2.0188
12.8340	 1.9879
12.8020	 1.9673
12.7710	 1.9467
12.7390	 2.0085
12.7080	 1.9364
12.6770	 1.9261
12.6460	 1.8128
12.6160	 1.8231
12.5850	 1.8746
12.5540	 1.9158
12.5240	 1.8437
12.4940	 1.9261
12.4640	 1.9364
12.4340	 1.9570
12.4040	 1.8231
12.3750	 1.8128
12.3450	 1.7819
12.3160	 1.8025
12.2870	 1.6583
12.2580	 1.7510
12.2290	 1.7407
12.2000	 1.7613
12.1710	 1.7098
12.1430	 1.8025
12.1150	 1.8437
12.0860	 1.9467
12.0580	 1.9982
12.0300	 2.0188
12.0020	 1.9982
11.9750	 2.0806
11.9470	 1.9776
11.9200	 2.0188
11.8920	 2.0703
11.8650	 2.0806
11.8380	 2.0291
11.8110	 2.1218
11.7840	 2.1733
11.7570	 2.2969
11.7310	 2.2660
11.7040	 2.1939
11.6780	 2.1218
11.6520	 2.2557
11.6260	 2.2454
11.6000	 2.2042
11.5740	 2.1012
11.5480	 1.9879
11.5220	 1.8643
11.4970	 2.0188
11.4710	 2.0909
11.4460	 2.1630
11.4210	 2.1424
11.3960	 2.2042
11.3710	 2.2248
11.3460	 2.2866
11.3210	 2.2969
11.2970	 2.3587
11.2720	 2.3278
11.2480	 2.4102
11.2230	 2.4308
11.1990	 2.5956
11.1750	 2.5441
11.1510	 2.5750
11.1270	 2.5647
11.1030	 2.5956
11.0790	 2.4926
11.0560	 2.5235
11.0320	 2.5544
11.0090	 2.6059
10.9850	 2.5132
10.9620	 2.5132
10.9390	 2.5235
10.9160	 2.6265
10.8930	 2.6368
10.8700	 2.7089
10.8480	 2.6677
10.8250	 2.7192
10.8020	 2.6677
10.7800	 2.6780
10.7580	 2.7604
10.7350	 2.8222
10.7130	 2.8222
10.6910	 2.9355
10.6690	 2.9355
10.6470	 2.8943
10.6250	 2.8325
10.6040	 2.9149
10.5820	 2.8840
10.5600	 2.8840
10.5390	 2.9149
10.5180	 2.9870
10.4960	 3.0179
10.4750	 3.1003
10.4540	 2.9870
10.4330	 2.9561
10.4120	 2.8840
10.3910	 2.9252
10.3700	 2.8428
10.3500	 2.7707
10.3290	 2.7295
10.3090	 2.7810
10.2880	 2.8222
10.2680	 2.9767
10.2470	 3.1415
10.2270	 3.3269
10.2070	 3.3784
10.1870	 3.3681
10.1670	 3.3475
10.1470	 3.4196
10.1270	 3.5020
10.1080	 3.5432
10.0880	 3.4917
10.0680	 3.5226
10.0490	 3.5535
10.0290	 3.7183
10.0100	 3.7904
 9.9910	 3.8110
 9.9720	 3.7904
 9.9520	 3.9140
 9.9330	 4.0067
 9.9140	 4.0479
 9.8950	 4.0376
 9.8770	 4.1612
 9.8580	 4.2642
 9.8390	 4.3775
 9.8210	 4.3981
 9.8020	 4.5011
 9.7830	 4.5423
 9.7650	 4.7483
 9.7470	 5.0264
 9.7280	 5.2736
 9.7100	 5.3869
 9.6920	 5.5929
 9.6740	 5.7680
 9.6560	 5.9122
 9.6380	 6.0461
 9.6200	 6.2521
 9.6020	 6.4169
 9.5850	 6.6435
 9.5670	 6.6744
 9.5490	 6.6126
 9.5320	 6.5199
 9.5140	 6.5508
 9.4970	 6.4787
 9.4790	 6.4478
 9.4620	 6.2933
 9.4450	 6.2727
 9.4280	 6.2624
 9.4110	 6.2830
 9.3940	 6.2109
 9.3770	 6.1800
 9.3600	 6.0873
 9.3430	 6.1594
 9.3260	 6.1079
 9.3090	 6.1800
 9.2930	 6.1800
 9.2760	 6.1903
 9.2590	 6.0152
 9.2430	 5.8813
 9.2260	 5.6959
 9.2100	 5.4487
 9.1940	 5.0779
 9.1780	 4.9749
 9.1610	 5.0264
 9.1450	 5.2633
 9.1290	 5.4075
 9.1130	 5.5620
 9.0970	 5.5002
 9.0810	 5.5414
 9.0650	 5.6444
 9.0490	 5.6650
 9.0340	 5.5929
 9.0180	 5.5826
 9.0020	 5.5723
 8.9870	 5.5723
 8.9710	 5.5208
 8.9560	 5.5723
 8.9400	 5.5002
 8.9250	 5.4178
 8.9090	 5.3354
 8.8940	 5.3148
 8.8790	 5.0882
 8.8640	 4.8101
 8.8490	 4.5629
 8.8340	 4.3981
 8.8190	 4.1200
 8.8040	 3.8213
 8.7890	 3.5226
 8.7740	 3.2857
 8.7590	 3.0694
 8.7440	 3.0179
 8.7300	 2.8943
 8.7150	 2.7398
 8.7000	 2.6162
 8.6860	 2.6368
 8.6710	 2.5544
 8.6570	 2.4102
 8.6420	 2.1939
 8.6280	 2.0909
 8.6140	 2.0703
 8.5990	 2.1321
 8.5850	 2.1733
 8.5710	 2.3278
 8.5570	 2.3484
 8.5430	 2.2969
 8.5290	 2.2969
 8.5150	 2.3690
 8.5010	 2.3175
 8.4870	 2.3793
 8.4730	 2.3793
 8.4590	 2.4102
 8.4450	 2.4308
 8.4310	 2.3793
 8.4180	 2.3381
 8.4040	 2.3072
 8.3910	 2.2454
 8.3770	 2.2969
 8.3630	 2.3587
 8.3500	 2.4308
 8.3370	 2.4617
 8.3230	 2.5338
 8.3100	 2.5235
 8.2970	 2.5029
 8.2830	 2.4926
 8.2700	 2.5750
 8.2570	 2.5544
 8.2440	 2.6162
 8.2310	 2.6265
 8.2180	 2.6265
 8.2050	 2.5750
 8.1920	 2.6162
 8.1790	 2.5853
 8.1660	 2.6059
 8.1530	 2.5132
 8.1400	 2.4617
 8.1280	 2.3484
 8.1150	 2.3072
 8.1020	 2.3484
 8.0900	 2.3793
 8.0770	 2.3278
 8.0640	 2.2145
 8.0520	 2.0600
 8.0390	 2.0085
 8.0270	 1.9467
 8.0150	 1.8540
 8.0020	 1.7716
 7.9900	 1.8746
 7.9780	 1.8746
 7.9650	 1.8025
 7.9530	 1.7098
 7.9410	 1.7304
 7.9290	 1.6068
 7.9170	 1.5347
 7.9050	 1.5244
 7.8930	 1.6274
 7.8810	 1.5244
 7.8690	 1.5553
 7.8570	 1.5759
 7.8450	 1.5656
 7.8330	 1.5244
 7.8210	 1.5347
 7.8090	 1.5244
 7.7980	 1.5244
 7.7860	 1.4317
 7.7740	 1.4832
 7.7630	 1.5141
 7.7510	 1.5450
 7.7390	 1.5141
 7.7280	 1.5450
 7.7160	 1.4523
 7.7050	 1.4626
 7.6940	 1.5244
 7.6820	 1.6068
 7.6710	 1.5347
 7.6590	 1.5347
 7.6480	 1.5038
 7.6370	 1.5038
 7.6260	 1.4832
 7.6140	 1.4935
 7.6030	 1.4832
 7.5920	 1.5965
 7.5810	 1.5862
 7.5700	 1.5656
 7.5590	 1.5759
 7.5480	 1.5450
 7.5370	 1.4626
 7.5260	 1.4832
 7.5150	 1.5347
 7.5040	 1.5450
 7.4930	 1.5347
 7.4830	 1.5553
 7.4720	 1.4935
 7.4610	 1.4935
 7.4500	 1.5141
 7.4400	 1.4935
 7.4290	 1.3905
 7.4180	 1.3493
 7.4080	 1.4111
 7.3970	 1.4729
 7.3870	 1.4317
 7.3760	 1.4008
 7.3660	 1.3905
 7.3550	 1.4317
 7.3450	 1.4420
 7.3340	 1.4832
 7.3240	 1.4523
 7.3140	 1.4729
 7.3030	 1.3905
 7.2930	 1.2978
 7.2830	 1.2154
 7.2730	 1.2360
 7.2630	 1.2566
 7.2520	 1.3390
 7.2420	 1.3699
 7.2320	 1.3390
 7.2220	 1.2566
 7.2120	 1.2360
 7.2020	 1.1639
 7.1920	 1.1433
 7.1820	 1.1536
 7.1720	 1.2257
 7.1620	 1.1845
 7.1520	 1.1536
 7.1430	 1.1124
 7.1330	 1.1639
 7.1230	 1.1742
 7.1130	 1.1742
 7.1030	 1.1021
 7.0940	 1.1021
 7.0840	 1.0300
 7.0740	 0.9682
 7.0650	 0.9888
 7.0550	 1.0712
 7.0460	 1.0609
 7.0360	 1.0815
 7.0260	 1.0712
 7.0170	 1.0609
 7.0070	 1.0094
 6.9980	 0.9476
 6.9890	 0.9373
 6.9790	 0.9682
 6.9700	 0.8549
 6.9600	 0.8343
 6.9510	 0.8858
 6.9420	 0.9270
 6.9320	 0.8961
 6.9230	 0.9579
 6.9140	 0.9785
 6.9050	 0.9991
 6.8960	 0.9682
 6.8860	 0.9785
 6.8770	 0.9785
 6.8680	 0.9579
 6.8590	 0.9373
 6.8500	 0.9373
 6.8410	 0.8755
 6.8320	 0.9991
 6.8230	 1.0712
 6.8140	 1.1021
 6.8050	 1.1227
 6.7960	 1.0300
 6.7870	 0.9785
 6.7780	 1.0300
 6.7700	 1.1021
 6.7610	 1.1227
 6.7520	 1.0918
 6.7430	 1.1330
 6.7340	 1.1742
 6.7260	 1.2154
 6.7170	 1.2257
 6.7080	 1.2257
 6.7000	 1.1742
 6.6910	 1.1639
 6.6820	 1.1948
 6.6740	 1.2875
 6.6650	 1.3081
 6.6570	 1.2978
 6.6480	 1.3390
 6.6400	 1.3905
 6.6310	 1.4008
 6.6230	 1.3596
 6.6140	 1.3596
 6.6060	 1.4729
 6.5970	 1.5141
 6.5890	 1.4935
 6.5810	 1.4523
 6.5720	 1.4832
 6.5640	 1.4935
 6.5560	 1.5038
 6.5470	 1.5553
 6.5390	 1.5347
 6.5310	 1.4935
 6.5230	 1.5862
 6.5140	 1.6068
 6.5060	 1.6274
 6.4980	 1.6171
 6.4900	 1.6171
 6.4820	 1.5553
 6.4740	 1.6171
 6.4660	 1.6274
 6.4580	 1.6171
 6.4500	 1.5759
 6.4420	 1.6789
 6.4340	 1.6995
 6.4260	 1.6583
 6.4180	 1.6480
 6.4100	 1.6583
 6.4020	 1.5759
 6.3940	 1.5759
 6.3860	 1.5759
 6.3780	 1.6068
 6.3700	 1.6583
 6.3630	 1.6686
 6.3550	 1.5553
 6.3470	 1.4935
 6.3390	 1.5347
 6.3320	 1.6068
 6.3240	 1.6068
 6.3160	 1.6068
 6.3080	 1.5862
 6.3010	 1.5862
 6.2930	 1.5759
 6.2860	 1.5965
 6.2780	 1.5965
 6.2700	 1.6274
 6.2630	 1.6274
 6.2550	 1.5553
 6.2480	 1.5759
 6.2400	 1.6583
 6.2330	 1.6068
 6.2250	 1.5862
 6.2180	 1.5965
 6.2100	 1.5862
 6.2030	 1.5553
 6.1950	 1.5759
 6.1880	 1.5347
 6.1810	 1.5347
 6.1730	 1.5347
 6.1660	 1.5862
 6.1590	 1.5965
 6.1510	 1.5347
 6.1440	 1.4626
 6.1370	 1.5141
 6.1300	 1.5347
 6.1220	 1.5759
 6.1150	 1.6583
 6.1080	 1.7098
 6.1010	 1.6480
 6.0940	 1.6274
 6.0860	 1.6377
 6.0790	 1.6480
 6.0720	 1.5759
 6.0650	 1.6377
 6.0580	 1.7304
 6.0510	 1.7922
 6.0440	 1.8231
 6.0370	 1.7922
 6.0300	 1.7407
 6.0230	 1.7201
 6.0160	 1.8128
 6.0090	 1.9467
 6.0020	 1.9158
 5.9950	 1.8643
 5.9880	 1.9055
 5.9810	 1.9673
 5.9740	 1.9364
 5.9670	 2.0085
 5.9600	 2.0394
 5.9540	 2.0909
 5.9470	 2.1630
 5.9400	 2.2351
 5.9330	 2.2969
 5.9260	 2.3072
 5.9200	 2.2969
 5.9130	 2.3690
 5.9060	 2.4205
 5.8990	 2.4823
 5.8930	 2.5235
 5.8860	 2.6265
 5.8790	 2.7604
 5.8730	 2.8325
 5.8660	 2.8737
 5.8590	 2.9458
 5.8530	 3.0076
 5.8460	 3.0900
 5.8400	 3.1209
 5.8330	 3.1827
 5.8270	 3.3166
 5.8200	 3.5123
 5.8130	 3.6256
 5.8070	 3.6977
 5.8000	 3.7595
 5.7940	 3.9140
 5.7880	 4.0479
 5.7810	 4.1612
 5.7750	 4.2333
 5.7680	 4.3672
 5.7620	 4.5217
 5.7550	 4.6247
 5.7490	 4.7174
 5.7430	 4.9234
 5.7360	 5.0676
 5.7300	 5.1603
 5.7240	 5.1500
 5.7170	 5.2118
 5.7110	 5.2839
 5.7050	 5.3045
 5.6980	 5.3045
 5.6920	 5.2839
 5.6860	 5.1912
 5.6800	 5.1397
 5.6740	 5.0985
 5.6670	 5.1294
 5.6610	 5.2118
 5.6550	 5.3354
 5.6490	 5.4796
 5.6430	 5.5723
 5.6370	 5.6547
 5.6300	 5.6959
 5.6240	 5.6341
 5.6180	 5.6341
 5.6120	 5.6753
 5.6060	 5.6444
 5.6000	 5.6135
 5.5940	 5.6959
 5.5880	 5.7474
 5.5820	 5.7783
 5.5760	 5.9328
 5.5700	 6.1388
 5.5640	 6.2521
 5.5580	 6.4272
 5.5520	 6.5817
 5.5460	 6.7053
 5.5400	 6.8495
 5.5340	 6.9422
 5.5280	 7.0246
 5.5230	 7.1894
 5.5170	 7.3439
 5.5110	 7.4263
 5.5050	 7.4778
 5.4990	 7.5499
 5.4930	 7.6632
 5.4870	 7.7662
 5.4820	 7.8898
 5.4760	 7.9722
 5.4700	 8.0134
 5.4640	 8.0752
 5.4590	 8.1370
 5.4530	 8.2503
 5.4470	 8.2812
 5.4410	 8.3018
 5.4360	 8.3018
 5.4300	 8.2812
 5.4240	 8.2606
 5.4190	 8.2709
 5.4130	 8.2400
 5.4070	 8.1679
 5.4020	 8.0237
 5.3960	 7.9619
 5.3900	 7.9516
 5.3850	 7.8486
 5.3790	 7.6838
 5.3740	 7.6014
 5.3680	 7.5911
 5.3630	 7.5499
 5.3570	 7.5087
 5.3520	 7.5087
 5.3460	 7.4984
 5.3410	 7.5293
 5.3350	 7.5705
 5.3300	 7.6323
 5.3240	 7.5911
 5.3190	 7.5808
 5.3130	 7.6220
 5.3080	 7.6838
 5.3020	 7.7456
 5.2970	 7.7971
 5.2910	 7.8177
 5.2860	 7.8692
 5.2810	 7.9516
 5.2750	 8.0340
 5.2700	 8.0958
 5.2650	 8.1370
 5.2590	 8.1988
 5.2540	 8.3430
 5.2490	 8.4048
 5.2430	 8.4872
 5.2380	 8.5387
 5.2330	 8.6932
 5.2270	 8.8271
 5.2220	 8.8271
 5.2170	 8.8786
 5.2120	 8.9301
 5.2060	 8.9095
 5.2010	 8.8889
 5.1960	 8.8889
 5.1910	 8.7962
 5.1860	 8.6829
 5.1800	 8.6623
 5.1750	 8.6829
 5.1700	 8.7653
 5.1650	 8.8477
 5.1600	 8.9198
 5.1550	 8.9507
 5.1500	 8.9610
 5.1450	 9.0125
 5.1390	 9.0022
 5.1340	 8.9919
 5.1290	 8.9610
 5.1240	 8.8271
 5.1190	 8.7756
 5.1140	 8.7653
 5.1090	 8.7447
 5.1040	 8.6932
 5.0990	 8.6108
 5.0940	 8.4563
 5.0890	 8.2194
 5.0840	 8.0546
 5.0790	 7.9207
 5.0740	 7.7559
 5.0690	 7.5293
 5.0640	 7.3336
 5.0590	 7.1585
 5.0540	 6.8804
 5.0490	 6.6229
 5.0440	 6.3448
 5.0400	 6.0152
 5.0350	 5.7165
 5.0300	 5.3869
 5.0250	 5.0573
 5.0200	 4.7998
 5.0150	 4.5938
 5.0100	 4.5114
 5.0050	 4.4393
 5.0010	 4.4908
 4.9960	 4.5938
 4.9910	 4.6350
 4.9860	 4.6556
 4.9810	 4.6453
 4.9770	 4.6659
 4.9720	 4.6556
 4.9670	 4.7277
 4.9620	 4.8616
 4.9580	 4.9955
 4.9530	 5.2221
 4.9480	 5.3457
 4.9430	 5.3972
 4.9390	 5.4899
 4.9340	 5.6444
 4.9290	 5.8195
 4.9250	 5.8710
 4.9200	 5.8710
 4.9150	 5.9843
 4.9110	 6.1594
 4.9060	 6.2727
 4.9010	 6.3139
 4.8970	 6.3345
 4.8920	 6.3757
 4.8880	 6.3448
 4.8830	 6.3139
 4.8780	 6.3242
 4.8740	 6.2933
 4.8690	 6.2727
 4.8650	 6.3242
 4.8600	 6.3963
 4.8560	 6.4684
 4.8510	 6.4993
 4.8460	 6.4375
 4.8420	 6.3757
 4.8370	 6.3242
 4.8330	 6.2727
 4.8280	 6.2418
 4.8240	 6.2418
 4.8190	 6.1594
 4.8150	 6.0770
 4.8100	 6.0461
 4.8060	 5.9637
 4.8020	 5.8813
 4.7970	 5.9019
 4.7930	 5.9328
 4.7880	 5.9843
 4.7840	 6.1594
 4.7790	 6.3036
 4.7750	 6.3242
 4.7710	 6.3757
 4.7660	 6.4478
 4.7620	 6.6023
 4.7580	 6.7053
 4.7530	 6.7156
 4.7490	 6.8495
 4.7440	 6.9628
 4.7400	 7.0143
 4.7360	 7.1276
 4.7310	 7.1997
 4.7270	 7.1688
 4.7230	 7.2306
 4.7190	 7.2203
 4.7140	 7.1379
 4.7100	 7.1894
 4.7060	 7.2306
 4.7010	 7.1173
 4.6970	 7.0967
 4.6930	 7.1070
 4.6890	 7.1688
 4.6840	 7.2203
 4.6800	 7.2512
 4.6760	 7.2409
 4.6720	 7.2718
 4.6680	 7.2718
 4.6630	 7.2100
 4.6590	 7.1997
 4.6550	 7.2512
 4.6510	 7.3439
 4.6470	 7.3336
 4.6430	 7.3336
 4.6380	 7.4057
 4.6340	 7.4675
 4.6300	 7.5190
 4.6260	 7.5087
 4.6220	 7.5087
 4.6180	 7.5602
 4.6140	 7.6941
 4.6100	 7.8589
 4.6050	 7.9722
 4.6010	 8.0649
 4.5970	 8.2091
 4.5930	 8.3636
 4.5890	 8.4872
 4.5850	 8.5593
 4.5810	 8.5593
 4.5770	 8.6108
 4.5730	 8.7653
 4.5690	 8.8580
 4.5650	 8.8889
 4.5610	 8.9198
 4.5570	 8.9919
 4.5530	 9.1155
 4.5490	 9.2288
 4.5450	 9.2391
 4.5410	 9.3730
 4.5370	 9.5378
 4.5330	 9.6202
 4.5290	 9.6820
 4.5250	 9.7747
 4.5210	 9.9189
 4.5170	10.0940
 4.5130	10.2073
 4.5090	10.3206
 4.5050	10.3618
 4.5020	10.4648
 4.4980	10.5781
 4.4940	10.6296
 4.4900	10.6090
 4.4860	10.6399
 4.4820	10.6399
 4.4780	10.6811
 4.4740	10.7841
 4.4700	10.8871
 4.4670	10.9592
 4.4630	11.0313
 4.4590	11.0519
 4.4550	11.0004
 4.4510	11.0519
 4.4470	11.1652
 4.4440	11.1755
 4.4400	11.1446
 4.4360	11.1858
 4.4320	11.2167
 4.4280	11.2270
 4.4250	11.3506
 4.4210	11.4227
 4.4170	11.3918
 4.4130	11.4021
 4.4100	11.4330
 4.4060	11.4330
 4.4020	11.4021
 4.3980	11.4021
 4.3950	11.3300
 4.3910	11.2373
 4.3870	11.2888
 4.3840	11.3403
 4.3800	11.3403
 4.3760	11.4021
 4.3720	11.4639
 4.3690	11.4639
 4.3650	11.4742
 4.3610	11.5154
 4.3580	11.5051
 4.3540	11.4639
 4.3500	11.3403
 4.3470	11.2476
 4.3430	11.2682
 4.3400	11.2064
 4.3360	11.0622
 4.3320	10.9901
 4.3290	10.9283
 4.3250	10.7944
 4.3210	10.6605
 4.3180	10.4133
 4.3140	10.1043
 4.3110	 9.8880
 4.3070	 9.7335
 4.3040	 9.4863
 4.3000	 9.1979
 4.2960	 8.9095
 4.2930	 8.5696
 4.2890	 8.1679
 4.2860	 7.7662
 4.2820	 7.5190
 4.2790	 7.2821
 4.2750	 6.9525
 4.2720	 6.6641
 4.2680	 6.4993
 4.2650	 6.4581
 4.2610	 6.5508
 4.2580	 6.6950
 4.2540	 6.9319
 4.2510	 7.2306
 4.2470	 7.4675
 4.2440	 7.7250
 4.2400	 7.9516
 4.2370	 8.4254
 4.2330	 8.9095
 4.2300	 9.2288
 4.2260	 9.5893
 4.2230	10.0013
 4.2190	10.3618
 4.2160	10.6811
 4.2130	10.9180
 4.2090	11.1652
 4.2060	11.4021
 4.2020	11.5566
 4.1990	11.7317
 4.1960	11.9068
 4.1920	12.0819
 4.1890	12.2158
 4.1850	12.2982
 4.1820	12.4527
 4.1790	12.5557
 4.1750	12.6690
 4.1720	12.7514
 4.1690	12.7823
 4.1650	12.8029
 4.1620	12.8029
 4.1590	12.8029
 4.1550	12.9162
 4.1520	12.9574
 4.1490	13.0398
 4.1450	13.1634
 4.1420	13.2561
 4.1390	13.2046
 4.1350	13.0913
 4.1320	13.1119
 4.1290	13.1222
 4.1260	13.0398
 4.1220	13.1428
 4.1190	13.2355
 4.1160	13.1325
 4.1120	12.9986
 4.1090	13.0913
 4.1060	13.1840
 4.1030	13.1222
 4.0990	13.0913
 4.0960	13.1222
 4.0930	12.9986
 4.0900	12.9368
 4.0860	12.8956
 4.0830	12.8544
 4.0800	12.8338
 4.0770	12.7308
 4.0740	12.6381
 4.0700	12.6278
 4.0670	12.6381
 4.0640	12.6484
 4.0610	12.5969
 4.0580	12.4424
 4.0550	12.2364
 4.0510	12.1437
 4.0480	12.1231
 4.0450	12.1025
 4.0420	11.9789
 4.0390	11.8862
 4.0360	11.7935
 4.0320	11.7626
 4.0290	11.7317
 4.0260	11.6081
 4.0230	11.3403
 4.0200	11.2064
 4.0170	11.1343
 4.0140	11.0931
 4.0110	11.1137
 4.0080	11.1961
 4.0040	11.2888
 4.0010	11.3609
 3.9980	11.4845
 3.9950	11.5978
 3.9920	11.5566
 3.9890	11.4536
 3.9860	11.4948
 3.9830	11.5154
 3.9800	11.2579
 3.9770	11.0519
 3.9740	11.0313
 3.9710	11.0519
 3.9680	11.1034
 3.9650	11.1549
 3.9620	11.3094
 3.9590	11.5772
 3.9560	11.6390
 3.9530	11.6699
 3.9500	11.7008
 3.9470	11.7729
 3.9440	11.7832
 3.9410	11.8038
 3.9380	11.7626
 3.9350	11.8553
 3.9320	11.8759
 3.9290	11.9377
 3.9260	12.0304
 3.9230	12.1746
 3.9200	12.1540
 3.9170	12.1437
 3.9140	12.1952
 3.9110	12.1952
 3.9080	12.1540
 3.9050	12.2055
 3.9020	12.1849
 3.8990	12.2673
 3.8960	12.3394
 3.8930	12.3703
 3.8900	12.3497
 3.8870	12.3497
 3.8840	12.3703
 3.8820	12.4012
 3.8790	12.4012
 3.8760	12.3909
 3.8730	12.2982
 3.8700	12.3394
 3.8670	12.3806
 3.8640	12.3085
 3.8610	12.2055
 3.8580	12.1952
 3.8560	12.2879
 3.8530	12.4115
 3.8500	12.4012
 3.8470	12.4321
 3.8440	12.4321
 3.8410	12.4527
 3.8380	12.3600
 3.8360	12.2467
 3.8330	12.1849
 3.8300	12.1952
 3.8270	12.1437
 3.8240	12.1128
 3.8220	12.1437
 3.8190	12.1952
 3.8160	12.1437
 3.8130	12.0304
 3.8100	12.0304
 3.8070	12.1231
 3.8050	12.1746
 3.8020	12.1952
 3.7990	12.1540
 3.7960	12.0922
 3.7940	12.0201
 3.7910	12.1025
 3.7880	12.0716
 3.7850	11.9377
 3.7820	11.8553
 3.7800	11.7729
 3.7770	11.7420
 3.7740	11.8244
 3.7710	11.8553
 3.7690	11.8553
 3.7660	11.7935
 3.7630	11.7523
 3.7610	11.8038
 3.7580	11.7626
 3.7550	11.6905
 3.7520	11.6081
 3.7500	11.5257
 3.7470	11.5257
 3.7440	11.5669
 3.7420	11.6390
 3.7390	11.5978
 3.7360	11.6081
 3.7330	11.5051
 3.7310	11.4227
 3.7280	11.3918
 3.7250	11.4639
 3.7230	11.4536
 3.7200	11.4433
 3.7170	11.4021
 3.7150	11.4021
 3.7120	11.4124
 3.7090	11.3300
 3.7070	11.0931
 3.7040	11.0519
 3.7020	11.1137
 3.6990	10.9386
 3.6960	10.8253
 3.6940	10.9798
 3.6910	11.0622
 3.6880	10.9798
 3.6860	10.8356
 3.6830	10.8047
 3.6800	10.7532
 3.6780	10.7326
 3.6750	10.6605
 3.6730	10.6708
 3.6700	10.6296
 3.6670	10.6811
 3.6650	10.6502
 3.6620	10.5678
 3.6600	10.5781
 3.6570	10.6193
 3.6550	10.4957
 3.6520	10.3000
 3.6490	10.2588
 3.6470	10.3309
 3.6440	10.2691
 3.6420	10.1764
 3.6390	10.1352
 3.6370	10.1558
 3.6340	10.2073
 3.6320	10.1043
 3.6290	10.0219
 3.6260	10.1249
 3.6240	10.0219
 3.6210	 9.8983
 3.6190	 9.8880
 3.6160	 9.8468
 3.6140	 9.7335
 3.6110	 9.7747
 3.6090	 9.7438
 3.6060	 9.7644
 3.6040	 9.7438
 3.6010	 9.6511
 3.5990	 9.5790
 3.5960	 9.5584
 3.5940	 9.5893
 3.5910	 9.5893
 3.5890	 9.4348
 3.5860	 9.3421
 3.5840	 9.2803
 3.5810	 9.1670
 3.5790	 9.1258
 3.5760	 9.2597
 3.5740	 9.2185
 3.5710	 9.0228
 3.5690	 8.9816
 3.5670	 9.1258
 3.5640	 9.0537
 3.5620	 8.9301
 3.5590	 8.7962
 3.5570	 8.7344
 3.5540	 8.7344
 3.5520	 8.7653
 3.5490	 8.7035
 3.5470	 8.6314
 3.5450	 8.6829
 3.5420	 8.6726
 3.5400	 8.6932
 3.5370	 8.5490
 3.5350	 8.3842
 3.5330	 8.3739
 3.5300	 8.3224
 3.5280	 8.3018
 3.5250	 8.3224
 3.5230	 8.3224
 3.5210	 8.3636
 3.5180	 8.3739
 3.5160	 8.2915
 3.5130	 8.2606
 3.5110	 8.1576
 3.5090	 8.0752
 3.5060	 8.0855
 3.5040	 8.1679
 3.5020	 8.1061
 3.4990	 8.0340
 3.4970	 7.9928
 3.4940	 7.9413
 3.4920	 7.8280
 3.4900	 7.8692
 3.4870	 7.8692
 3.4850	 7.8177
 3.4830	 7.7353
 3.4800	 7.6838
 3.4780	 7.6117
 3.4760	 7.6117
 3.4730	 7.5190
 3.4710	 7.4263
 3.4690	 7.3851
 3.4660	 7.3748
 3.4640	 7.3851
 3.4620	 7.4366
 3.4600	 7.2924
 3.4570	 7.2203
 3.4550	 7.2821
 3.4530	 7.1791
 3.4500	 7.1791
 3.4480	 7.2203
 3.4460	 7.0967
 3.4430	 7.0658
 3.4410	 7.0967
 3.4390	 7.1173
 3.4370	 7.0864
 3.4340	 6.9937
 3.4320	 6.9525
 3.4300	 7.0040
 3.4280	 6.9216
 3.4250	 6.9525
 3.4230	 6.9628
 3.4210	 6.9525
 3.4180	 6.9422
 3.4160	 6.9628
 3.4140	 6.9010
 3.4120	 6.8598
 3.4090	 6.8289
 3.4070	 6.8598
 3.4050	 6.8598
 3.4030	 6.7465
 3.4010	 6.6229
 3.3980	 6.7053
 3.3960	 6.6435
 3.3940	 6.5199
 3.3920	 6.5096
 3.3890	 6.5508
 3.3870	 6.5508
 3.3850	 6.5920
 3.3830	 6.5302
 3.3810	 6.5508
 3.3780	 6.6332
 3.3760	 6.4890
 3.3740	 6.3242
 3.3720	 6.2830
 3.3700	 6.2521
 3.3670	 6.3345
 3.3650	 6.2315
 3.3630	 6.2212
 3.3610	 6.2315
 3.3590	 6.2212
 3.3570	 6.1182
 3.3540	 6.0976
 3.3520	 6.1285
 3.3500	 6.1491
 3.3480	 6.0976
 3.3460	 6.0770
 3.3440	 6.0255
 3.3410	 6.0358
 3.3390	 5.9946
 3.3370	 5.9740
 3.3350	 5.8607
 3.3330	 5.7989
 3.3310	 5.7165
 3.3290	 5.7783
 3.3260	 5.9946
 3.3240	 5.9740
 3.3220	 5.7577
 3.3200	 5.5414
 3.3180	 5.6650
 3.3160	 5.7886
 3.3140	 5.6856
 3.3120	 5.5826
 3.3090	 5.5826
 3.3070	 5.6238
 3.3050	 5.6341
 3.3030	 5.5723
 3.3010	 5.4075
 3.2990	 5.3354
 3.2970	 5.2839
 3.2950	 5.2530
 3.2930	 5.3766
 3.2910	 5.4075
 3.2880	 5.3766
 3.2860	 5.3663
 3.2840	 5.2530
 3.2820	 5.4178
 3.2800	 5.4178
 3.2780	 5.2942
 3.2760	 5.2839
 3.2740	 5.3560
 3.2720	 5.2324
 3.2700	 5.1397
 3.2680	 5.1603
 3.2660	 5.1706
 3.2640	 5.1294
 3.2620	 5.0882
 3.2590	 5.0882
 3.2570	 5.0985
 3.2550	 5.0573
 3.2530	 5.1191
 3.2510	 5.1088
 3.2490	 4.9646
 3.2470	 4.8513
 3.2450	 4.9131
 3.2430	 4.8616
 3.2410	 4.8719
 3.2390	 4.9646
 3.2370	 4.9852
 3.2350	 4.8822
 3.2330	 4.7792
 3.2310	 4.7483
 3.2290	 4.7483
 3.2270	 4.7689
 3.2250	 4.7895
 3.2230	 4.7483
 3.2210	 4.8307
 3.2190	 4.9234
 3.2170	 4.9131
 3.2150	 4.7586
 3.2130	 4.6968
 3.2110	 4.6659
 3.2090	 4.7071
 3.2070	 4.6247
 3.2050	 4.6144
 3.2030	 4.5114
 3.2010	 4.5217
 3.1990	 4.6247
 3.1970	 4.6453
 3.1950	 4.5320
 3.1930	 4.5217
 3.1910	 4.5938
 3.1890	 4.5217
 3.1870	 4.3363
 3.1850	 4.4187
 3.1830	 4.3981
 3.1820	 4.3981
 3.1800	 4.4702
 3.1780	 4.5320
 3.1760	 4.5114
 3.1740	 4.3981
 3.1720	 4.3363
 3.1700	 4.4599
 3.1680	 4.4393
 3.1660	 4.3466
 3.1640	 4.3260
 3.1620	 4.3981
 3.1600	 4.1921
 3.1580	 3.9655
 3.1560	 3.9655
 3.1540	 4.0067
 3.1520	 4.1303
 3.1510	 4.2951
 3.1490	 4.3157
 3.1470	 4.2127
 3.1450	 4.2333
 3.1430	 4.2539
 3.1410	 4.0994
 3.1390	 3.9861
 3.1370	 3.9964
 3.1350	 4.0479
 3.1330	 3.9449
 3.1320	 4.0067
 3.1300	 4.0170
 3.1280	 4.0170
 3.1260	 3.9449
 3.1240	 3.8831
 3.1220	 3.8316
 3.1200	 3.9449
 3.1180	 4.0067
 3.1170	 3.9655
 3.1150	 3.8419
 3.1130	 3.9346
 3.1110	 4.0067
 3.1090	 3.8831
 3.1070	 3.7389
 3.1050	 3.7595
 3.1030	 3.9346
 3.1020	 3.9449
 3.1000	 3.8007
 3.0980	 3.7904
 3.0960	 3.6977
 3.0940	 3.7492
 3.0920	 3.9449
 3.0910	 3.8934
 3.0890	 3.8522
 3.0870	 3.9449
 3.0850	 3.8934
 3.0830	 3.6668
 3.0810	 3.5020
 3.0790	 3.6565
 3.0780	 3.7080
 3.0760	 3.8213
 3.0740	 3.8213
 3.0720	 3.7904
 3.0700	 3.7286
 3.0690	 3.6771
 3.0670	 3.5844
 3.0650	 3.6256
 3.0630	 3.5947
 3.0610	 3.7286
 3.0600	 3.8110
 3.0580	 3.8316
 3.0560	 3.6668
 3.0540	 3.5020
 3.0520	 3.5947
 3.0510	 3.7183
 3.0490	 3.5947
 3.0470	 3.5844
 3.0450	 3.5741
 3.0430	 3.5741
 3.0420	 3.6153
 3.0400	 3.5535
 3.0380	 3.5020
 3.0360	 3.6359
 3.0340	 3.8728
 3.0330	 3.9243
 3.0310	 3.7080
 3.0290	 3.6462
 3.0270	 3.6153
 3.0260	 3.4917
 3.0240	 3.3681
 3.0220	 3.3990
 3.0200	 3.5226
 3.0190	 3.6153
 3.0170	 3.5329
 3.0150	 3.6977
 3.0130	 3.5947
 3.0120	 3.3269
 3.0100	 3.3681
 3.0080	 3.5020
 3.0060	 3.5226
 3.0050	 3.5226
 3.0030	 3.4711
 3.0010	 3.5844
 2.9990	 3.7183
 2.9980	 3.7492
 2.9960	 3.5844
 2.9940	 3.5535
 2.9920	 3.3063
 2.9910	 3.2857
 2.9890	 3.4505
 2.9870	 3.7286
 2.9860	 3.7904
 2.9840	 3.5947
 2.9820	 3.4917
 2.9800	 3.7080
 2.9790	 3.6977
 2.9770	 3.5123
 2.9750	 3.4814
 2.9740	 3.7595
 2.9720	 3.7492
 2.9700	 3.5638
 2.9680	 3.5947
 2.9670	 3.6668
 2.9650	 3.6565
 2.9630	 3.7183
 2.9620	 3.4917
 2.9600	 3.4814
 2.9580	 3.7389
 2.9570	 3.8316
 2.9550	 3.7698
 2.9530	 3.6668
 2.9520	 3.5432
 2.9500	 3.5844
 2.9480	 3.5741
 2.9470	 3.7904
 2.9450	 3.6977
 2.9430	 3.5535
 2.9420	 3.4402
 2.9400	 3.5844
 2.9380	 3.5741
 2.9370	 3.5638
 2.9350	 3.6153
 2.9330	 3.6462
 2.9320	 3.5741
 2.9300	 3.6256
 2.9280	 3.6153
 2.9270	 3.6050
 2.9250	 3.6977
 2.9230	 3.7595
 2.9220	 3.4711
 2.9200	 3.3887
 2.9180	 3.4608
 2.9170	 3.7698
 2.9150	 3.8728
 2.9130	 3.8110
 2.9120	 3.7080
 2.9100	 3.7698
 2.9090	 3.7080
 2.9070	 3.8419
 2.9050	 3.8625
 2.9040	 3.8110
 2.9020	 3.6359
 2.9000	 3.5020
 2.8990	 3.4093
 2.8970	 3.5123
 2.8960	 3.8419
 2.8940	 3.9140
 2.8920	 3.7080
 2.8910	 3.7904
 2.8890	 3.9346
 2.8870	 3.8522
 2.8860	 3.6462
 2.8840	 3.6771
 2.8830	 3.7080
 2.8810	 3.8934
 2.8790	 3.9037
 2.8780	 3.9758
 2.8760	 3.9449
 2.8750	 4.0891
 2.8730	 4.0891
 2.8710	 3.8110
 2.8700	 3.7801
 2.8680	 4.0273
 2.8670	 3.8728
 2.8650	 3.8831
 2.8640	 4.0582
 2.8620	 4.1097
 2.8600	 4.0891
 2.8590	 4.0067
 2.8570	 4.0170
 2.8560	 4.0582
 2.8540	 4.0273
 2.8530	 4.0788
 2.8510	 3.9964
 2.8490	 4.0891
 2.8480	 4.1303
 2.8460	 3.9964
 2.8450	 3.8419
 2.8430	 3.7492
 2.8420	 4.0376
 2.8400	 4.2333
 2.8380	 4.0994
 2.8370	 3.9964
 2.8350	 3.9449
 2.8340	 3.9655
 2.8320	 3.8934
 2.8310	 4.0685
 2.8290	 4.0788
 2.8280	 4.0582
 2.8260	 3.9964
 2.8250	 3.9655
 2.8230	 3.8522
 2.8210	 3.9449
 2.8200	 3.9655
 2.8180	 3.9037
 2.8170	 3.7492
 2.8150	 3.8419
 2.8140	 3.9964
 2.8120	 4.2951
 2.8110	 4.2539
 2.8090	 3.9346
 2.8080	 3.9758
 2.8060	 4.3775
 2.8050	 4.2539
 2.8030	 4.4496
 2.8020	 4.5423
 2.8000	 4.3981
 2.7990	 4.3363
 2.7970	 4.3260
 2.7960	 4.1921
 2.7940	 4.1921
 2.7930	 4.3466
 2.7910	 4.3569
 2.7900	 4.2642
 2.7880	 4.2127
 2.7870	 4.1612
 2.7850	 4.3775
 2.7840	 4.4393
 2.7820	 4.5732
 2.7810	 4.8925
 2.7790	 4.8822
 2.7780	 4.6350
 2.7760	 4.3775
 2.7750	 4.3672
 2.7730	 4.4393
 2.7720	 4.6556
 2.7700	 4.7895
 2.7690	 4.7277
 2.7670	 4.8925
 2.7660	 4.9131
 2.7640	 5.0985
 2.7630	 5.0264
 2.7610	 5.0676
 2.7600	 4.9131
 2.7580	 5.0367
 2.7570	 5.2633
 2.7560	 5.4487
 2.7540	 5.4178
 2.7530	 5.4590
 2.7510	 5.5414
 2.7500	 5.8401
 2.7480	 5.9637
 2.7470	 6.2727
 2.7450	 6.3242
 2.7440	 6.3757
 2.7420	 6.5611
 2.7410	 6.9216
 2.7400	 7.1997
 2.7380	 7.4881
 2.7370	 7.5293
 2.7350	 7.8692
 2.7340	 8.1988
 2.7320	 8.3842
 2.7310	 8.6211
 2.7290	 8.9816
 2.7280	 9.5172
 2.7270	10.3000
 2.7250	10.6296
 2.7240	11.0004
 2.7220	11.3403
 2.7210	11.8553
 2.7190	12.4115
 2.7180	12.8647
 2.7170	13.4827
 2.7150	14.1213
 2.7140	14.4612
 2.7120	14.8217
 2.7110	14.9350
 2.7090	15.1719
 2.7080	15.6148
 2.7070	15.9959
 2.7050	16.6345
 2.7040	17.2628
 2.7020	17.6645
 2.7010	17.8499
 2.7000	17.9117
 2.6980	18.6327
 2.6970	19.3640
 2.6950	19.8790
 2.6940	20.6618
 2.6930	21.4652
 2.6910	21.5476
 2.6900	21.8772
 2.6880	22.3098
 2.6870	23.0205
 2.6860	23.7003
 2.6840	24.4110
 2.6830	24.7818
 2.6810	25.0393
 2.6800	25.2865
 2.6790	25.5131
 2.6770	25.9766
 2.6760	26.1929
 2.6750	26.0796
 2.6730	26.3474
 2.6720	26.8212
 2.6700	27.2641
 2.6690	27.2847
 2.6680	27.4392
 2.6660	27.7997
 2.6650	27.9233
 2.6640	27.8306
 2.6620	28.1396
 2.6610	28.1911
 2.6590	28.5928
 2.6580	28.7370
 2.6570	28.8709
 2.6550	29.1387
 2.6540	29.3138
 2.6530	29.2726
 2.6510	29.2314
 2.6500	29.4374
 2.6490	29.7567
 2.6470	29.7979
 2.6460	29.7773
 2.6450	29.9215
 2.6430	30.4777
 2.6420	30.5601
 2.6400	30.6837
 2.6390	30.7249
 2.6380	30.5704
 2.6360	30.4468
 2.6350	30.4983
 2.6340	30.7455
 2.6320	31.1266
 2.6310	31.3326
 2.6300	31.6107
 2.6280	31.5592
 2.6270	31.4047
 2.6260	31.5283
 2.6240	31.6622
 2.6230	31.4047
 2.6220	31.6004
 2.6200	31.9815
 2.6190	32.0124
 2.6180	31.9712
 2.6170	31.9712
 2.6150	32.1257
 2.6140	32.3214
 2.6130	32.2493
 2.6110	32.2390
 2.6100	32.3317
 2.6090	32.3935
 2.6070	32.3935
 2.6060	32.8158
 2.6050	32.8570
 2.6030	32.6922
 2.6020	32.8055
 2.6010	32.9703
 2.5990	32.6716
 2.5980	32.2596
 2.5970	32.5274
 2.5960	33.0527
 2.5940	33.0836
 2.5930	33.0939
 2.5920	33.1763
 2.5900	33.0321
 2.5890	32.7849
 2.5880	32.8776
 2.5860	33.2793
 2.5850	33.3205
 2.5840	33.2896
 2.5830	33.5780
 2.5810	33.4441
 2.5800	33.2896
 2.5790	33.1557
 2.5770	33.1351
 2.5760	33.1454
 2.5750	33.4441
 2.5740	33.5471
 2.5720	33.5265
 2.5710	33.1454
 2.5700	33.1866
 2.5690	33.5986
 2.5670	33.5677
 2.5660	33.5574
 2.5650	33.9385
 2.5630	33.8458
 2.5620	33.7016
 2.5610	33.4956
 2.5600	33.2690
 2.5580	33.2896
 2.5570	33.1351
 2.5560	33.3102
 2.5550	33.6089
 2.5530	33.5574
 2.5520	33.3926
 2.5510	33.2072
 2.5500	33.3617
 2.5480	33.1145
 2.5470	32.8158
 2.5460	32.9394
 2.5450	33.2484
 2.5430	33.5162
 2.5420	33.5162
 2.5410	33.5059
 2.5400	33.5162
 2.5380	33.3514
 2.5370	33.4338
 2.5360	33.4132
 2.5350	33.5162
 2.5330	33.2381
 2.5320	33.1660
 2.5310	33.2587
 2.5300	33.3720
 2.5280	33.4338
 2.5270	33.5368
 2.5260	33.6398
 2.5250	33.5883
 2.5240	33.2278
 2.5220	33.5883
 2.5210	33.7222
 2.5200	33.4647
 2.5190	33.3514
 2.5170	33.3720
 2.5160	33.4441
 2.5150	33.7016
 2.5140	33.6604
 2.5130	34.0003
 2.5110	34.0312
 2.5100	33.5780
 2.5090	33.3720
 2.5080	33.6192
 2.5060	34.0312
 2.5050	34.1754
 2.5040	34.3814
 2.5030	34.6389
 2.5020	34.0312
 2.5000	33.7016
 2.4960	33.3262
 2.4920	32.7498
 2.4880	33.2061
 2.4840	33.5633
 2.4800	34.1969
 2.4760	33.7394
 2.4720	34.3663
 2.4680	35.4580
 2.4640	34.4488
 2.4600	34.7578
 2.4560	35.4661
 2.4520	35.6239
 2.4480	35.8382
 2.4440	36.1059
 2.4400	36.5149
 2.4360	36.6639
 2.4320	36.6857
 2.4280	37.2660
 2.4240	37.1986
 2.4200	37.3568
 2.4160	38.0565
 2.4120	38.3156
 2.4080	38.4760
 2.4040	38.7496
 2.4000	38.9596
 2.3960	39.2576
 2.3920	39.1246
 2.3880	39.7596
 2.3840	39.9946
 2.3800	39.9186
 2.3760	40.1420
 2.3720	40.4147
 2.3680	40.5113
 2.3640	40.7506
 2.3600	41.0459
 2.3560	41.4471
 2.3520	41.6420
 2.3480	41.8503
 2.3440	42.1993
 2.3400	42.4346
 2.3360	42.5741
 2.3320	43.0593
 2.3280	42.9926
 2.3240	43.3469
 2.3200	43.7920
 2.3160	44.1214
 2.3120	44.2410
 2.3080	44.3237
 2.3040	44.1466
 2.3000	44.4807
 2.2960	44.5858
 2.2920	44.4398
 2.2880	44.4084
 2.2840	44.3357
 2.2800	44.6957
 2.2760	44.6054
 2.2720	44.5709
 2.2680	44.4970
 2.2640	44.4255
 2.2600	44.4106
 2.2560	44.4259
 2.2520	44.2413
 2.2480	44.4966
 2.2440	44.3826
 2.2400	44.2232
 2.2360	44.4897
 2.2320	44.5732
 2.2280	44.5010
 2.2240	44.3506
 2.2200	44.3577
 2.2160	44.6958
 2.2120	44.6712
 2.2080	44.6732
 2.2040	44.8183
 2.2000	44.9392
 2.1960	45.0670
 2.1920	45.2892
 2.1880	45.2902
 2.1840	45.3688
 2.1800	45.5912
 2.1760	45.7917
 2.1720	45.6722
 2.1680	45.6664
 2.1640	45.6778
 2.1600	45.6651
 2.1560	45.5807
 2.1520	45.3630
 2.1480	45.3194
 2.1440	45.3115
 2.1400	45.0827
 2.1360	44.9291
 2.1320	44.7265
 2.1280	44.6645
 2.1240	44.4766
 2.1200	44.2524
 2.1160	43.9846
 2.1120	43.8419
 2.1080	43.7581
 2.1040	43.5870
 2.1000	43.4590
 2.0960	43.5216
 2.0920	43.4331
 2.0880	43.4013
 2.0840	43.3426
 2.0800	43.2598
 2.0760	43.1974
 2.0720	43.0870
 2.0680	42.9782
 2.0640	42.9374
 2.0600	42.8034
 2.0560	42.7094
 2.0520	42.5728
 2.0480	42.4076
 2.0440	42.2144
 2.0400	42.0229
 2.0360	41.8216
 2.0320	41.6458
 2.0280	41.4646
 2.0240	41.2655
 2.0200	41.0293
 2.0160	40.8116
 2.0120	40.6106
 2.0080	40.3826
 2.0040	40.2107
 2.0000	40.0231
 1.9960	39.8104
 1.9920	39.5832
 1.9880	39.3795
 1.9840	39.1851
 1.9800	38.9184
 1.9760	38.6585
 1.9720	38.4445
 1.9680	38.2633
 1.9640	38.0204
 1.9600	37.7489
 1.9560	37.5420
 1.9520	37.3038
 1.9480	37.1400
 1.9440	37.0036
 1.9400	36.7804
 1.9360	36.6923
 1.9320	36.5991
 1.9280	36.5779
 1.9240	36.6769
 1.9200	36.7315
 1.9160	37.1031
 1.9120	37.7748
 1.9080	38.5747
 1.9040	39.4647
 1.9000	40.6103
 1.8960	41.8606
 1.8920	42.9528
 1.8880	44.0516
 1.8840	45.0341
 1.8800	45.7660
 1.8760	46.3021
 1.8720	46.6432
 1.8680	46.9094
 1.8640	47.1765
 1.8600	47.3654
 1.8560	47.5511
 1.8520	47.6514
 1.8480	47.6826
 1.8440	47.6160
 1.8400	47.4853
 1.8360	47.4122
 1.8320	47.3798
 1.8280	47.3634
 1.8240	47.3387
 1.8200	47.3309
 1.8160	47.2948
 1.8120	47.2470
 1.8080	47.2141
 1.8040	47.2002
 1.8000	47.1701
 1.7960	47.1142
 1.7920	47.0559
 1.7880	47.0924
 1.7840	47.2409
 1.7800	47.2822
 1.7760	47.2119
 1.7720	47.1143
 1.7680	47.0160
 1.7640	46.9626
 1.7600	46.9238
 1.7560	46.9207
 1.7520	46.8899
 1.7480	46.8883
 1.7440	46.9447
 1.7400	46.9414
 1.7360	46.8359
 1.7320	46.8123
 1.7280	46.8380
 1.7240	46.7987
 1.7200	46.7204
 1.7160	46.6701
 1.7120	46.6129
 1.7080	46.5652
 1.7040	46.5405
 1.7000	46.4736
 1.6960	46.4291
 1.6920	46.3390
 1.6880	46.2812
 1.6840	46.2155
 1.6800	46.1493
 1.6760	46.0600
 1.6720	45.9154
 1.6680	45.8770
 1.6640	45.8804
 1.6600	45.7969
 1.6560	45.7098
 1.6520	45.7039
 1.6480	45.7076
 1.6440	45.6536
 1.6400	45.5846
 1.6360	45.5331
 1.6320	45.5038
 1.6280	45.3645
 1.6240	45.3020
 1.6200	45.2455
 1.6160	45.1914
 1.6120	45.1380
 1.6080	45.0821
 1.6040	44.9722
 1.6000	44.8784
 1.5960	44.7642
 1.5920	44.7439
 1.5880	44.6358
 1.5840	44.5444
 1.5800	44.4389
 1.5760	44.3277
 1.5720	44.2588
 1.5680	44.2050
 1.5640	44.0512
 1.5600	43.8892
 1.5560	43.8763
 1.5520	43.7874
 1.5480	43.6756
 1.5440	43.5614
 1.5400	43.4504
 1.5360	43.3986
 1.5320	43.2576
 1.5280	43.1000
 1.5240	43.0560
 1.5200	42.9324
 1.5160	42.7288
 1.5120	42.6236
 1.5080	42.5242
 1.5040	42.3956
 1.5000	42.2695
 1.4960	42.2047
 1.4920	42.0362
 1.4880	41.8796
 1.4840	41.7113
 1.4800	41.5963
 1.4760	41.4620
 1.4720	41.3652
 1.4680	41.1337
 1.4640	41.0817
 1.4600	41.0590
 1.4560	40.9209
 1.4520	40.8351
 1.4480	40.6907
 1.4440	40.5649
 1.4400	40.4717
 1.4360	40.3568
 1.4320	40.2426
 1.4280	40.2319
 1.4240	40.0738
 1.4200	40.0526
 1.4160	40.0758
 1.4120	40.2012
 1.4080	40.2967
 1.4040	40.4471
 1.4000	40.6356
 1.3960	40.8545
 1.3920	40.9520
 1.3880	41.1079
 1.3840	41.1137
 1.3800	41.0585
 1.3760	41.0232
 1.3720	41.1148
 1.3680	41.1582
 1.3640	40.9813
 1.3600	40.6738
 1.3560	40.5349
 1.3520	40.5534
 1.3480	40.6741
 1.3440	40.7545
 1.3400	40.7719
 1.3360	40.6718
 1.3320	40.5073
 1.3280	40.3559
 1.3240	40.3384
 1.3200	40.2208
 1.3160	40.1425
 1.3120	40.0288
 1.3080	40.0291
 1.3040	39.9748
 1.3000	39.8437
 1.2960	39.6942
 1.2920	39.6028
 1.2880	39.5360
 1.2840	39.4360
 1.2800	39.3571
 1.2760	39.2223
 1.2720	39.1873
 1.2680	39.0540
 1.2640	38.9428
 1.2600	38.8276
 1.2560	38.8011
 1.2520	38.6575
 1.2480	38.5062
 1.2440	38.3818
 1.2400	38.3469
 1.2360	38.2285
 1.2320	38.0544
 1.2280	37.9406
 1.2240	37.8015
 1.2200	37.7434
 1.2160	37.6669
 1.2120	37.5317
 1.2080	37.3539
 1.2040	37.1918
 1.2000	37.1385
 1.1960	37.0072
 1.1920	36.8849
 1.1880	36.7403
 1.1840	36.5406
 1.1800	36.4532
 1.1760	36.3363
 1.1720	36.1897
 1.1680	36.0629
 1.1640	35.9361
 1.1600	35.8018
 1.1560	35.6844
 1.1520	35.6045
 1.1480	35.4578
 1.1440	35.2582
 1.1400	35.1181
 1.1360	35.0772
 1.1320	34.9268
 1.1280	34.6824
 1.1240	34.5674
 1.1200	34.4868
 1.1160	34.3343
 1.1120	34.2008
 1.1080	34.0640
 1.1040	33.8721
 1.1000	33.7899
 1.0960	33.6487
 1.0920	33.5270
 1.0880	33.3287
 1.0840	33.1888
 1.0800	33.0483
 1.0760	32.9178
 1.0720	32.7366
 1.0680	32.6103
 1.0640	32.5396
 1.0600	32.3987
 1.0560	32.1927
 1.0520	32.0670
 1.0480	31.9257
 1.0440	31.8085
 1.0400	31.6502
 1.0360	31.5396
 1.0320	31.3790
 1.0280	31.2472
 1.0240	31.0823
 1.0200	30.9826
 1.0160	30.8078
 1.0120	30.7020
 1.0080	30.5483
 1.0040	30.4060
 1.0000	30.3010
 0.9960	30.1716
 0.9920	29.9708
 0.9880	29.8597
 0.9840	29.6681
 0.9800	29.5558
 0.9760	29.5210
 0.9720	29.4241
 0.9680	29.2488
 0.9640	29.1024
 0.9600	28.9348
 0.9560	28.8616
 0.9520	28.7480
 0.9480	28.5990
 0.9440	28.4920
 0.9400	28.3422
 0.9360	28.1711
 0.9320	28.0075
 0.9280	27.7928
 0.9240	27.7098
 0.9200	27.6364
 0.9160	27.7371
 0.9120	27.6868
 0.9080	27.6037
 0.9040	27.5063
 0.9000	27.2434
 0.8960	27.0524
 0.8920	27.0758
 0.8880	26.9669
 0.8840	26.8560
 0.8800	26.7217
 0.8760	26.4345
 0.8720	26.2837
 0.8680	26.1361
 0.8640	26.0365
 0.8600	25.8128
 0.8560	25.7991
 0.8520	25.9768
 0.8480	25.8578
 0.8440	25.6776
 0.8400	25.3941
 0.8360	25.3140
 0.8320	25.1611
 0.8280	24.9797
 0.8240	24.7694
 0.8200	24.4648
 0.8160	24.3032
 0.8120	24.0549
 0.8080	23.8513
 0.8040	23.6239
 0.8000	23.3289
 0.7960	23.1148
 0.7920	22.8962
 0.7880	22.6441
 0.7840	22.3518
 0.7800	22.1648
 0.7760	21.9078
 0.7720	21.6424
 0.7680	21.4353
 0.7640	21.1161
 0.7600	20.8738
 0.7560	20.6568
 0.7520	20.3577
 0.7480	20.0650
 0.7440	19.8226
 0.7400	19.5342
 0.7360	19.2791
 0.7320	19.0272
 0.7280	18.7976
 0.7240	18.5584
 0.7200	18.3029
 0.7160	18.0370
 0.7120	17.7739
 0.7080	17.5264
 0.7040	17.2736
 0.7000	17.0049
 0.6960	16.7778
 0.6920	16.5469
 0.6880	16.3064
 0.6840	16.0896
 0.6800	15.8774
 0.6760	15.6572
 0.6720	15.4348
 0.6680	15.2160
 0.6640	15.0044
 0.6600	14.7924
 0.6560	14.5696
 0.6520	14.3677
 0.6480	14.1616
 0.6440	13.9617
 0.6400	13.7821
 0.6360	13.6031
 0.6320	13.4287
 0.6280	13.2463
 0.6240	13.0509
 0.6200	12.8802
 0.6160	12.6997
 0.6120	12.5261
 0.6080	12.3552
 0.6040	12.1949
 0.6000	12.0309
 0.5960	11.8715
 0.5920	11.7088
 0.5880	11.5486
 0.5840	11.3852
 0.5800	11.2358
 0.5760	11.0718
 0.5720	10.9226
 0.5680	10.7630
 0.5640	10.6045
 0.5600	10.4512
 0.5560	10.2838
 0.5520	10.1336
 0.5480	 9.9890
 0.5440	 9.8327
 0.5400	 9.6872
 0.5360	 9.5401
 0.5320	 9.3795
 0.5280	 9.2436
 0.5240	 9.1156
 0.5200	 8.9786
 0.5160	 8.8524
 0.5120	 8.7269
 0.5080	 8.6075
 0.5040	 8.4943
 0.5000	 8.3675
 0.4960	 8.2321
 0.4920	 8.1016
 0.4880	 7.9798
 0.4840	 7.8729
 0.4800	 7.7956
 0.4760	 7.7389
 0.4720	 7.6665
 0.4680	 7.6030
 0.4640	 7.5468
 0.4600	 7.4785
 0.4560	 7.3884
 0.4520	 7.2830
 0.4480	 7.1558
 0.4440	 7.0328
 0.4400	 6.9314
 0.4360	 6.8270
 0.4320	 6.7089
 0.4280	 6.5980
 0.4240	 6.4927
 0.4200	 6.3932
 0.4160	 6.3177
 0.4120	 6.2304
 0.4080	 6.1402
 0.4040	 6.0559
 0.4000	 5.9619
